2 0.1792353515625 0 0.13927734375 0.0817275390625 0.1382568359375 0.0942822265625 0.1077763671875 0.09613671875 0.0996220703125 0.100896484375 0.0932197265625 0.1548603515625 0.130490234375 0.2339951171875 0.14316015625 0.258732421875 0.1398671875 0.4125361328125 0.141400390625 0.5542666015625 0.1697099609375 0.5622216796875 0.192830078125 0.5630849609375 0.2085537109375 0.5608330078125 0.235201171875 0.5646083984375 0.2570517578125 0.5587177734375 0.2807685546875 0.5568232421875 0.326228515625 0.5523974609375 0.357423828125 0.555494140625 0.3750625 0.5555283203125 0.3919111328125 0.5511376953125 0.43840625 0.553830078125 0.4549462890625 0.5513115234375 0.496787109375 0.5505478515625 0.511146484375 0.54710546875 0.5676064453125 0.5460380859375 0.5860107421875 0.542146484375 0.6508466796875 0.5410263671875 0.702974609375 0.540857421875 0.747615234375 0.57006640625 0.801279296875 0.5668037109375 0.8381865234375 0.563302734375 0.856955078125 0.5609248046875 0.8624501953125 0.55827734375 0.8847705078125 0.5565712890625 0.8984814453125 0.55233984375 0.92655859375 0.5518349609375 0.9377587890625 0.547765625 0.954958984375 0.552224609375 0.9695712890625 0.5475078125 0.9813310546875 0.5499638671875 1 0.5491826171875 1 0 0.1792353515625 0
3 0.5982763671875 0.4791201171875 0.5977275390625 0.5430986328125 0.7044599609375 0.543564453125 0.7721875 0.5928603515625 0.81116015625 0.630666015625 0.8161845703125 0.6318720703125 0.815400390625 0.6088681640625 0.8192607421875 0.6032626953125 0.8219609375 0.6039697265625 0.8257255859375 0.6017265625 0.7701376953125 0.5094560546875 0.701849609375 0.476951171875 0.5995361328125 0.4783046875 0.5982763671875 0.4791201171875
9 0.3407724609375 0.17046484375 0.341900390625 0.131228515625 0.1844248046875 0.13431640625 0.182771484375 0.1722021484375 0.3407724609375 0.17046484375
9 0.3340048828125 0.3284228515625 0.3352890625 0.2784638671875 0.1756083984375 0.280287109375 0.173771484375 0.3307314453125 0.3340048828125 0.3284228515625
9 0.2868583984375 0.5078994140625 0.2876767578125 0.4282763671875 0.1973447265625 0.428056640625 0.19640234375 0.5103359375 0.2868583984375 0.5078994140625
9 0.42367578125 0.5063359375 0.422419921875 0.4283203125 0.3304404296875 0.42784765625 0.331423828125 0.507693359375 0.42367578125 0.5063359375
9 0.55843359375 0.505681640625 0.55834765625 0.42812109375 0.468296875 0.428177734375 0.4706630859375 0.50811328125 0.55843359375 0.505681640625
9 0.4924189453125 0.3522646484375 0.4922431640625 0.2791826171875 0.40020703125 0.278103515625 0.3995009765625 0.352287109375 0.4924189453125 0.3522646484375
9 0.659990234375 0.35083203125 0.65846484375 0.2870849609375 0.5754453125 0.2847490234375 0.577326171875 0.3488447265625 0.659990234375 0.35083203125
9 0.4913857421875 0.201423828125 0.490681640625 0.1387529296875 0.4074814453125 0.137171875 0.4041015625 0.2008251953125 0.4913857421875 0.201423828125
9 0.6603505859375 0.2096982421875 0.659888671875 0.1431162109375 0.5730732421875 0.1373818359375 0.5742744140625 0.2046494140625 0.6603505859375 0.2096982421875
9 0.7558232421875 0.1879580078125 0.8302744140625 0.192625 0.8324453125 0.1565107421875 0.7356494140625 0.1475595703125 0.737025390625 0.204486328125 0.7558232421875 0.1879580078125
9 0.9395673828125 0.2014150390625 0.9375966796875 0.165390625 0.868791015625 0.158029296875 0.8690224609375 0.1954306640625 0.9395673828125 0.2014150390625
9 0.7606201171875 0.334974609375 0.8389853515625 0.3401044921875 0.8379423828125 0.29119140625 0.7415654296875 0.2854521484375 0.740697265625 0.348591796875 0.7606201171875 0.334974609375
9 0.9484150390625 0.34421484375 0.946130859375 0.296111328125 0.876388671875 0.2939541015625 0.8788134765625 0.342392578125 0.9484150390625 0.34421484375
9 1 0.1107080078125 0.9996533203125 0.05441796875 0.9591298828125 0.04975 0.9638984375 0.10497265625 1 0.1107080078125
9 0.92875390625 0.50554296875 0.925458984375 0.432779296875 0.849234375 0.4302373046875 0.850990234375 0.50587890625 0.92875390625 0.50554296875
9 0.7942099609375 0.5061015625 0.7912001953125 0.43012109375 0.7094189453125 0.4279892578125 0.710818359375 0.50641796875 0.7942099609375 0.5061015625
9 0.604828125 0.0702802734375 0.6035908203125 0.0078251953125 0.543080078125 0.0041513671875 0.5438505859375 0.066669921875 0.604828125 0.0702802734375
9 0.68726953125 0.07834765625 0.6866533203125 0.01080859375 0.6168369140625 0.008134765625 0.6181953125 0.0733076171875 0.68726953125 0.07834765625
9 0.9440185546875 0.1023662109375 0.9379951171875 0.045333984375 0.8664951171875 0.0356376953125 0.871759765625 0.0958623046875 0.9440185546875 0.1023662109375
8 0.1266435546875 0.5761396484375 0.1247978515625 0.5860166015625 0.1237275390625 0.59772265625 0.1174853515625 0.608447265625 0.11779296875 0.6177392578125 0.121841796875 0.625623046875 0.1266396484375 0.6298876953125 0.14359765625 0.63327734375 0.146716796875 0.6463740234375 0.148080078125 0.65121484375 0.1531689453125 0.6494501953125 0.150982421875 0.6189765625 0.1462353515625 0.616412109375 0.1462021484375 0.6087021484375 0.14893359375 0.60616015625 0.235849609375 0.603623046875 0.2398212890625 0.6072177734375 0.240916015625 0.64834765625 0.266091796875 0.64690625 0.265869140625 0.618908203125 0.262794921875 0.614501953125 0.2640263671875 0.6102294921875 0.2700341796875 0.6069716796875 0.34692578125 0.605095703125 0.357263671875 0.6080869140625 0.358091796875 0.6146865234375 0.3525615234375 0.6192880859375 0.3547919921875 0.6501806640625 0.4993701171875 0.6488916015625 0.58312890625 0.6455341796875 0.7177373046875 0.6388642578125 0.8070869140625 0.63216796875 0.8157802734375 0.6326259765625 0.8137265625 0.6271533203125 0.8099091796875 0.626314453125 0.7949638671875 0.6167099609375 0.7729287109375 0.5965078125 0.75238671875 0.57941015625 0.734453125 0.568353515625 0.718623046875 0.5549541015625 0.7039951171875 0.5453486328125 0.664146484375 0.544216796875 0.645412109375 0.544359375 0.5919921875 0.5446005859375 0.567552734375 0.548119140625 0.5141142578125 0.5488916015625 0.4974833984375 0.5524052734375 0.453251953125 0.5536376953125 0.439423828125 0.5556044921875 0.41215234375 0.5536416015625 0.3963759765625 0.5532646484375 0.374046875 0.5573984375 0.3557509765625 0.5574033203125 0.333583984375 0.5552060546875 0.30819140625 0.55712109375 0.264908203125 0.56023828125 0.236693359375 0.566287109375 0.213361328125 0.563826171875 0.188791015625 0.5656162109375 0.1686923828125 0.5643310546875 0.154298828125 0.5582236328125 0.14589453125 0.55527734375 0.1365869140625 0.559984375 0.1316982421875 0.56506640625 0.1266435546875 0.5761396484375
8 0.8654296875 0.5993876953125 0.8741416015625 0.611921875 0.8832333984375 0.61959375 0.902974609375 0.620587890625 0.9997568359375 0.6160888671875 1 0.55023046875 0.9816142578125 0.551099609375 0.970576171875 0.5488310546875 0.9637666015625 0.5503271484375 0.95506640625 0.5531953125 0.9389921875 0.54927734375 0.928701171875 0.55248828125 0.91391015625 0.55262109375 0.8999443359375 0.5535498046875 0.886865234375 0.5574169921875 0.871248046875 0.5589677734375 0.8642587890625 0.5591005859375 0.8574130859375 0.5618134765625 0.8469169921875 0.563091796875 0.8392705078125 0.5638671875 0.83670703125 0.565591796875 0.8390673828125 0.5708935546875 0.848353515625 0.5820966796875 0.8654296875 0.5993876953125
4 0.011994140625 0.392140625 0.000119140625 0.392357421875 0 0.5741064453125 0.01162890625 0.5757509765625 0.0199931640625 0.581234375 0.0253896484375 0.5880703125 0.0353642578125 0.596556640625 0.0394248046875 0.6043193359375 0.0380400390625 0.6256728515625 0.041857421875 0.6691025390625 0.0432734375 0.67734375 0.0684306640625 0.676693359375 0.0704873046875 0.6824150390625 0.0764482421875 0.6843193359375 0.082126953125 0.6847744140625 0.0820546875 0.6757998046875 0.0935087890625 0.675408203125 0.0993583984375 0.6610595703125 0.11425390625 0.6131884765625 0.1229326171875 0.5964697265625 0.1242568359375 0.57994921875 0.1299384765625 0.5639521484375 0.1395439453125 0.5549814453125 0.138869140625 0.48119921875 0.137765625 0.4139443359375 0.019916015625 0.4151943359375 0.011994140625 0.392140625
4 0.1539296875 0.6493642578125 0.15597265625 0.683833984375 0.15840234375 0.6889296875 0.16126953125 0.696880859375 0.16350390625 0.7024423828125 0.166568359375 0.7046533203125 0.173171875 0.7032841796875 0.1755244140625 0.6990673828125 0.176802734375 0.6893388671875 0.2239541015625 0.6894111328125 0.2288125 0.697904296875 0.232482421875 0.701365234375 0.241791015625 0.6997880859375 0.244490234375 0.6965068359375 0.24637109375 0.6900830078125 0.2479716796875 0.6792861328125 0.24577734375 0.65010546875 0.240787109375 0.6501884765625 0.2390556640625 0.6076513671875 0.2354287109375 0.6042412109375 0.1499638671875 0.6070537109375 0.1471640625 0.6089990234375 0.14682421875 0.61583203125 0.1520419921875 0.61846484375 0.1539296875 0.6493642578125
4 0.2671982421875 0.647857421875 0.26859375 0.6862666015625 0.27326953125 0.6898125 0.2731083984375 0.6992890625 0.274916015625 0.70381640625 0.280078125 0.704697265625 0.2848515625 0.7026728515625 0.286423828125 0.6932861328125 0.33501953125 0.6917041015625 0.3352724609375 0.6968974609375 0.3383857421875 0.700927734375 0.344224609375 0.702134765625 0.3480712890625 0.699158203125 0.3494267578125 0.689583984375 0.355876953125 0.684634765625 0.351541015625 0.6184306640625 0.357126953125 0.6137568359375 0.35736328125 0.60870703125 0.347318359375 0.606244140625 0.2711044921875 0.607728515625 0.2656689453125 0.610509765625 0.2641162109375 0.61419921875 0.2668564453125 0.618046875 0.2671982421875 0.647857421875
1 0 0.6745205078125 0.0151865234375 0.6680263671875 0.020560546875 0.6734892578125 0.0275517578125 0.680419921875 0.0334521484375 0.6798330078125 0.038458984375 0.676392578125 0.03958203125 0.6705009765625 0.03825 0.64630078125 0.03746875 0.621638671875 0.0383359375 0.6066142578125 0.034251953125 0.5981103515625 0.0262333984375 0.5909892578125 0.0205205078125 0.5831611328125 0.0118076171875 0.57721875 0.0002509765625 0.5751376953125 0 0.5748115234375 0 0.6745205078125
6 0.837984375 0.571033203125 0.836130859375 0.5654169921875 0.8062236328125 0.5677939453125 0.827056640625 0.601841796875 0.8222490234375 0.6051884765625 0.8198662109375 0.6048369140625 0.8166123046875 0.6091826171875 0.8171435546875 0.63363671875 0.3555888671875 0.6519169921875 0.356482421875 0.685353515625 0.3503701171875 0.690619140625 0.3488203125 0.70125 0.34552734375 0.7033369140625 0.3390537109375 0.702759765625 0.3341611328125 0.6985771484375 0.3326943359375 0.6929130859375 0.287025390625 0.6954052734375 0.2864443359375 0.7035634765625 0.2813525390625 0.7064853515625 0.2741767578125 0.7057998046875 0.27271875 0.7016630859375 0.27198046875 0.6916611328125 0.267197265625 0.6874091796875 0.2653525390625 0.64834765625 0.2475283203125 0.6499638671875 0.2493955078125 0.672767578125 0.2472900390625 0.6934267578125 0.2423974609375 0.7012705078125 0.2316240234375 0.7028037109375 0.2287548828125 0.7009912109375 0.22287890625 0.6908623046875 0.1786259765625 0.690783203125 0.17703125 0.7005244140625 0.1740205078125 0.7054287109375 0.1639541015625 0.7052314453125 0.1591728515625 0.6979775390625 0.1543330078125 0.6845576171875 0.152421875 0.650421875 0.1462646484375 0.653462890625 0.148125 0.6840712890625 0.1507958984375 0.6927080078125 0.1491708984375 0.7038447265625 0.1354833984375 0.70470703125 0.134630859375 0.7025625 0.1330791015625 0.697927734375 0.1326640625 0.69268359375 0.13419921875 0.6876162109375 0.130919921875 0.652986328125 0.12910546875 0.645568359375 0.12803515625 0.632783203125 0.1265576171875 0.631572265625 0.121046875 0.626154296875 0.1167236328125 0.6177822265625 0.117328125 0.61041015625 0.1147646484375 0.6144580078125 0.0971923828125 0.67087890625 0.0939453125 0.6759609375 0.0827626953125 0.6770009765625 0.083076171875 0.6855244140625 0.0779921875 0.6855634765625 0.07060546875 0.68359765625 0.0676640625 0.6779814453125 0.0435 0.678138671875 0.0390302734375 0.6771083984375 0.0337392578125 0.6809755859375 0.027552734375 0.6812470703125 0.025837890625 0.6794013671875 0.015216796875 0.669501953125 0.000134765625 0.6759462890625 0 1 1 0.9992607421875 0.999896484375 0.61719140625 0.9041103515625 0.62223828125 0.8834951171875 0.621595703125 0.871693359375 0.612494140625 0.86338671875 0.599484375 0.837984375 0.571033203125
0 1 0.1991611328125 0.757642578125 0.179015625 0.73458984375 0.1980986328125 0.7351474609375 0.2091337890625 0.7590341796875 0.18706640625 1 0.2082353515625 1 0.1991611328125
0 1 0.3370048828125 0.759326171875 0.3290224609375 0.738951171875 0.3394033203125 0.739416015625 0.3527685546875 0.7612158203125 0.3352158203125 1 0.3478623046875 1 0.3370048828125
0 0.3595322265625 0.3291357421875 0.3602216796875 0.31933203125 0.1519169921875 0.3197578125 0.15130859375 0.3210078125 0.1516845703125 0.3321884765625 0.3595322265625 0.3291357421875
0 0.16043359375 0.162833984375 0.15953515625 0.172962890625 0.3631865234375 0.169958984375 0.3635380859375 0.16184765625 0.16043359375 0.162833984375