9 0.0148388671875 0.3765390625 0.0037021484375 0.45212890625 0.0661572265625 0.4547529296875 0.0741953125 0.3771572265625 0.0148388671875 0.3765390625
9 0.1393193359375 0.308474609375 0.1432109375 0.271115234375 0.099365234375 0.27085546875 0.0957333984375 0.3076962890625 0.1393193359375 0.308474609375
9 0.1982314453125 0.308359375 0.2000107421875 0.271205078125 0.15440234375 0.2698701171875 0.151732421875 0.3081376953125 0.1982314453125 0.308359375
9 0.2647333984375 0.38186328125 0.3317099609375 0.3828154296875 0.3329794921875 0.29076171875 0.2720341796875 0.2898095703125 0.2647333984375 0.38186328125
0 0.190724609375 0.4487529296875 0.190724609375 0.436427734375 0.1127158203125 0.4348056640625 0.112390625 0.4469697265625 0.190724609375 0.4487529296875
9 0.1913291015625 0.4481533203125 0.1922841796875 0.413783203125 0.169751953125 0.4139736328125 0.1676513671875 0.4471982421875 0.1913291015625 0.4481533203125
9 0 0.601107421875 0.0477685546875 0.602140625 0.05370703125 0.5184814453125 0 0.516931640625 0 0.601107421875
0 0.178564453125 0.6011513671875 0.1789931640625 0.5839814453125 0.084775390625 0.582908203125 0.083916015625 0.60029296875 0.178564453125 0.6011513671875
9 0 0.759666015625 0.03133984375 0.7593388671875 0.0395009765625 0.6692373046875 0 0.668583984375 0 0.759666015625
9 0.168740234375 0.737998046875 0.17041796875 0.70228515625 0.1452509765625 0.701326171875 0.1433330078125 0.73895703125 0.168740234375 0.737998046875
9 0 0.93173828125 0.0173994140625 0.9326083984375 0.024359375 0.834591796875 0 0.8331416015625 0 0.93173828125
9 0.158787109375 0.9038671875 0.160943359375 0.865787109375 0.13531640625 0.866265625 0.1343583984375 0.9029091796875 0.158787109375 0.9038671875
0 0.1573662109375 0.941873046875 0.1573662109375 0.92328125 0.06971875 0.91962890625 0.0690546875 0.936228515625 0.1573662109375 0.941873046875
0 0.166828125 0.7664560546875 0.167390625 0.750728515625 0.0803251953125 0.7456728515625 0.0786396484375 0.761962890625 0.166828125 0.7664560546875
9 0.330216796875 0.527876953125 0.330509765625 0.4243544921875 0.2642314453125 0.423474609375 0.2583662109375 0.5264111328125 0.330216796875 0.527876953125
9 0.3234716796875 0.689759765625 0.3240576171875 0.5730400390625 0.253380859375 0.574212890625 0.2486884765625 0.68770703125 0.3234716796875 0.689759765625
9 0.318486328125 0.86219921875 0.3202451171875 0.73844140625 0.2463427734375 0.736681640625 0.2428232421875 0.8592666015625 0.318486328125 0.86219921875
9 0.3137939453125 1 0.314966796875 0.925544921875 0.2384248046875 0.92378515625 0.2363720703125 1 0.3137939453125 1
9 0.4027607421875 0.4182099609375 0.402208984375 0.4526005859375 0.4307158203125 0.4524169921875 0.43034765625 0.4189453125 0.4027607421875 0.4182099609375
9 0.4573818359375 0.3146689453125 0.4570146484375 0.2753125 0.410853515625 0.274576171875 0.4104853515625 0.3139326171875 0.4573818359375 0.3146689453125
9 0.515408203125 0.317021484375 0.5143232421875 0.2770546875 0.4676650390625 0.2759697265625 0.469111328125 0.31557421875 0.515408203125 0.317021484375
9 0.7165693359375 0.32689453125 0.7108955078125 0.28882421875 0.6561689453125 0.286810546875 0.6594638671875 0.3234169921875 0.7165693359375 0.32689453125
9 0.832107421875 0.327587890625 0.834078125 0.3361279296875 0.859041015625 0.335470703125 0.851376953125 0.301748046875 0.8137138671875 0.3002158203125 0.8183125 0.328025390625 0.832107421875 0.327587890625
9 0.9054638671875 0.3398505859375 0.8973623046875 0.3059091796875 0.861888671875 0.3045947265625 0.86845703125 0.33744140625 0.9054638671875 0.3398505859375
9 0.590814453125 0.464234375 0.5848701171875 0.3891669921875 0.52803515625 0.3883271484375 0.531955078125 0.46201953125 0.590814453125 0.464234375
9 0.600517578125 0.6146376953125 0.595455078125 0.5317802734375 0.5363095703125 0.5309814453125 0.539240234375 0.6133056640625 0.600517578125 0.6146376953125
9 0.6058681640625 0.777580078125 0.603373046875 0.6879814453125 0.5412216796875 0.6873017578125 0.5430361328125 0.7780341796875 0.6058681640625 0.777580078125
9 0.7834169921875 0.7734736328125 0.7774052734375 0.68791796875 0.70919140625 0.6865302734375 0.7147412109375 0.774861328125 0.7834169921875 0.7734736328125
9 0.951544921875 0.76602734375 0.9463251953125 0.6839453125 0.8967431640625 0.6853681640625 0.9043349609375 0.768400390625 0.951544921875 0.76602734375
9 0.939330078125 0.6167236328125 0.926203125 0.539912109375 0.8789990234375 0.539912109375 0.8887744140625 0.6167236328125 0.939330078125 0.6167236328125
9 0.9141923828125 0.473994140625 0.90190234375 0.405283203125 0.8566533203125 0.404724609375 0.8664296875 0.47259765625 0.9141923828125 0.473994140625
9 0.6816943359375 0.394255859375 0.68635546875 0.4661162109375 0.75471875 0.4688349609375 0.7450087890625 0.3969755859375 0.6816943359375 0.394255859375
9 0.696369140625 0.530826171875 0.7028828125 0.6157685546875 0.771 0.6152255859375 0.765029296875 0.533810546875 0.696369140625 0.530826171875
9 0.611896484375 0.94997265625 0.609462890625 0.853587890625 0.5439892578125 0.854318359375 0.5444755859375 0.9509462890625 0.611896484375 0.94997265625
9 0.79171484375 0.9398720703125 0.7881142578125 0.8488173828125 0.7189228515625 0.84933203125 0.721494140625 0.942701171875 0.79171484375 0.9398720703125
9 0.96576171875 0.9232890625 0.962244140625 0.836181640625 0.9111162109375 0.839427734375 0.915173828125 0.9276181640625 0.96576171875 0.9232890625
9 0.4024404296875 0.55828515625 0.401900390625 0.5944775390625 0.432150390625 0.594748046875 0.4316103515625 0.559365234375 0.4024404296875 0.55828515625
9 0.4008203125 0.7087275390625 0.4005498046875 0.748431640625 0.43269140625 0.747890625 0.431880859375 0.7079169921875 0.4008203125 0.7087275390625
9 0.400279296875 0.870244140625 0.3989296875 0.911568359375 0.43080078125 0.9112978515625 0.43080078125 0.8715947265625 0.400279296875 0.870244140625
0 0.489951171875 0.95019140625 0.48887109375 0.9337158203125 0.3986591796875 0.9329052734375 0.3986591796875 0.949921875 0.489951171875 0.95019140625
0 0.490220703125 0.7751708984375 0.4894111328125 0.75896484375 0.40108984375 0.7576142578125 0.40108984375 0.7738203125 0.490220703125 0.7751708984375
0 0.48725 0.6090625 0.486169921875 0.5944775390625 0.4016298828125 0.5925869140625 0.40209375 0.6072431640625 0.48725 0.6090625
0 0.482373046875 0.4548779296875 0.482373046875 0.442818359375 0.402138671875 0.4410498046875 0.402138671875 0.4534306640625 0.482373046875 0.4548779296875
7 0.109451171875 0 0.118333984375 0.0958095703125 0.1281689453125 0.18495703125 0.1399072265625 0.28520703125 0.144666015625 0.335015625 0.144666015625 0.342947265625 0.1246787109375 0.3432646484375 0.119603515625 0.34675390625 0.119603515625 0.3511953125 0.1253134765625 0.3908515625 0.13070703125 0.394341796875 0.138955078125 0.395927734375 0.1583076171875 0.394658203125 0.161796875 0.394658203125 0.1656044921875 0.4124248046875 0.1836875 0.482537109375 0.2369853515625 0.6674931640625 0.2392060546875 0.6674931640625 0.238572265625 0.66400390625 0.215412109375 0.587546875 0.16909375 0.4213076171875 0.1640185546875 0.394341796875 0.17036328125 0.389900390625 0.1716318359375 0.387044921875 0.169728515625 0.3689619140625 0.1665556640625 0.349609375 0.161796875 0.34516796875 0.1545009765625 0.3419951171875 0.1503759765625 0.341677734375 0.14530078125 0.304876953125 0.127216796875 0.143396484375 0.112306640625 0 0.109451171875 0
8 0.0933427734375 1 0.0960400390625 0.9546982421875 0.0924384765625 0.9090791015625 0.0960400390625 0.8919716796875 0.1043779296875 0.87824609375 0.114494140625 0.872728515625 0.13288671875 0.8731875 0.1466806640625 0.8603134765625 0.151279296875 0.8511171875 0.155876953125 0.8414609375 0.16783203125 0.83962109375 0.186224609375 0.8488173828125 0.2041572265625 0.8488173828125 0.2335859375 0.8478984375 0.2156533203125 0.8442197265625 0.20645703125 0.837322265625 0.1972607421875 0.827666015625 0.192662109375 0.8152509765625 0.1899033203125 0.8083544921875 0.1973046875 0.79125390625 0.225375 0.7875927734375 0.236765625 0.783931640625 0.248970703125 0.7774228515625 0.2469365234375 0.7652177734375 0.2143447265625 0.77670703125 0.2135654296875 0.771640625 0.2260361328125 0.763845703125 0.241625 0.7568310546875 0.2731923828125 0.7416318359375 0.3004716796875 0.7350068359375 0.312943359375 0.7279921875 0.31683984375 0.7240947265625 0.31683984375 0.7209775390625 0.310994140625 0.717859375 0.3008623046875 0.723705078125 0.2946259765625 0.7256533203125 0.2918984375 0.7240947265625 0.2856630859375 0.7217568359375 0.2790380859375 0.7291611328125 0.2763095703125 0.7279921875 0.2720224609375 0.722146484375 0.2778681640625 0.7077265625 0.2790380859375 0.69759375 0.274361328125 0.6948662109375 0.2661767578125 0.7081162109375 0.2613056640625 0.7159111328125 0.2509775390625 0.720197265625 0.2435732421875 0.717859375 0.2342197265625 0.7116240234375 0.2283740234375 0.7057783203125 0.2260361328125 0.6956455078125 0.2275947265625 0.6855126953125 0.237337890625 0.6703134765625 0.2501982421875 0.644203125 0.25682421875 0.6336806640625 0.2579931640625 0.6286142578125 0.2517578125 0.628224609375 0.2447421875 0.6270556640625 0.244158203125 0.6219892578125 0.23967578125 0.6149736328125 0.23967578125 0.6126357421875 0.2334404296875 0.6106875 0.219021484375 0.618091796875 0.210447265625 0.607958984375 0.203822265625 0.6091279296875 0.2049912109375 0.6040615234375 0.2034326171875 0.59860546875 0.18628515625 0.6118564453125 0.178490234375 0.6126357421875 0.181998046875 0.5966572265625 0.192130859375 0.584576171875 0.1979765625 0.57522265625 0.2034326171875 0.57015625 0.2108369140625 0.559244140625 0.2108369140625 0.5549580078125 0.1983662109375 0.5565166015625 0.20616015625 0.55028125 0.2123955078125 0.540927734375 0.215513671875 0.525728515625 0.2217490234375 0.5144267578125 0.2248671875 0.49494140625 0.2217490234375 0.49143359375 0.2143447265625 0.50507421875 0.210447265625 0.5101396484375 0.201484375 0.5093603515625 0.1940791015625 0.502345703125 0.192130859375 0.4902646484375 0.1851162109375 0.4735068359375 0.17459375 0.4668818359375 0.1722548828125 0.4583076171875 0.160953125 0.45791796875 0.156666015625 0.450513671875 0.1640712890625 0.43609375 0.171865234375 0.4325859375 0.178490234375 0.42946875 0.17966015625 0.42440234375 0.1671884765625 0.4197255859375 0.181998046875 0.4127109375 0.1788798828125 0.4056962890625 0.17264453125 0.4056962890625 0.1671884765625 0.406865234375 0.1621220703125 0.402578125 0.1605634765625 0.39751171875 0.155107421875 0.398291015625 0.156666015625 0.4053056640625 0.1523798828125 0.413490234375 0.150041015625 0.4053056640625 0.1438056640625 0.4021884765625 0.13601171875 0.4088134765625 0.13250390625 0.4045263671875 0.1270478515625 0.4045263671875 0.1177919921875 0.4037470703125 0.1110693359375 0.4006298828125 0.104833984375 0.3990703125 0.0978193359375 0.404916015625 0.099767578125 0.4247919921875 0.098208984375 0.4380419921875 0.1001572265625 0.441939453125 0.0935322265625 0.453630859375 0.093921875 0.4657119140625 0.0900244140625 0.4649326171875 0.0826201171875 0.4594765625 0.074435546875 0.45441015625 0.0709287109375 0.4473955078125 0.0717080078125 0.438431640625 0.0724873046875 0.4154384765625 0.0732666015625 0.4045263671875 0.066251953125 0.400240234375 0.05884765625 0.415828125 0.05533984375 0.42089453125 0.054560546875 0.431806640625 0.0572880859375 0.4442783203125 0.0541708984375 0.450513671875 0.0448173828125 0.4466162109375 0.0374130859375 0.44466796875 0.031177734375 0.44466796875 0.0288388671875 0.455189453125 0.029228515625 0.46454296875 0.0331259765625 0.4719482421875 0.04208984375 0.4801318359375 0.0463759765625 0.489095703125 0.0432587890625 0.495720703125 0.0370234375 0.4996181640625 0.0323466796875 0.49805859375 0.0288388671875 0.4887060546875 0.0222138671875 0.4844189453125 0.0128603515625 0.4816904296875 0.00857421875 0.478962890625 0.0046767578125 0.469609375 0.0035078125 0.46142578125 0.00155859375 0.453630859375 0 0.4528515625 0 0.4735068359375 0.0003896484375 0.5939296875 0 0.7777822265625 0.00046875 0.889171875 0.009369140625 0.886126953125 0.0220185546875 0.878162109375 0.0428662109375 0.865279296875 0.0480185546875 0.8605947265625 0.050595703125 0.861296875 0.0517666015625 0.8678564453125 0.05434375 0.8701982421875 0.0627763671875 0.8704326171875 0.06137109375 0.8762890625 0.0496591796875 0.891513671875 0.0428662109375 0.9006494140625 0.0327939453125 0.90931640625 0.0210810546875 0.918451171875 0.009837890625 0.9243076171875 0.00608984375 0.926416015625 0.0018740234375 0.9292265625 0.0046845703125 0.9289921875 0.0117119140625 0.9280556640625 0.0220185546875 0.925244140625 0.0391181640625 0.9172802734375 0.053171875 0.9018203125 0.0674609375 0.878162109375 0.070271484375 0.88940625 0.0696171875 0.90344921875 0.07059765625 0.90913671875 0.0696171875 0.9124697265625 0.069224609375 0.9181572265625 0.07059765625 0.92482421875 0.072166015625 0.9371787109375 0.071185546875 0.9411015625 0.0678515625 0.9536513671875 0.0696171875 0.9612998046875 0.0696171875 0.9714970703125 0.0698125 0.9767919921875 0.0713818359375 0.979341796875 0.0713818359375 0.9854208984375 0.07059765625 0.988166015625 0.0698125 0.9916962890625 0.0700087890625 0.9956181640625 0.0713818359375 0.9973828125 0.071185546875 1 0.0933427734375 1
8 1 0 0.7901416015625 0.0008310546875 0.787052734375 0.0075224609375 0.773669921875 0.010611328125 0.766462890625 0.0167880859375 0.7680068359375 0.0281123046875 0.7752138671875 0.0337744140625 0.7855087890625 0.0317158203125 0.7968330078125 0.026568359375 0.8071279296875 0.0348037109375 0.814849609375 0.044583984375 0.8256591796875 0.0589970703125 0.8246298828125 0.0739248046875 0.8189677734375 0.072380859375 0.8143349609375 0.0651748046875 0.8107314453125 0.0512763671875 0.8071279296875 0.0497314453125 0.79734765625 0.05076171875 0.7891123046875 0.0523056640625 0.780361328125 0.053849609375 0.780361328125 0.065689453125 0.79323046875 0.088337890625 0.7855087890625 0.095544921875 0.7726396484375 0.0903974609375 0.7587421875 0.0801025390625 0.7494765625 0.07804296875 0.7402109375 0.0754697265625 0.734548828125 0.08030078125 0.738666015625 0.0869931640625 0.74484375 0.0947138671875 0.7530791015625 0.0983173828125 0.772125 0.1019208984375 0.7968330078125 0.1050087890625 0.805583984375 0.10809765625 0.8189677734375 0.1153037109375 0.8328662109375 0.1225107421875 0.8385283203125 0.136923828125 0.8462490234375 0.1523662109375 0.8411015625 0.157513671875 0.83441015625 0.16317578125 0.8302919921875 0.1729560546875 0.8302919921875 0.187369140625 0.8338955078125 0.20023828125 0.846763671875 0.217224609375 0.8544853515625 0.2270048828125 0.8441904296875 0.2254609375 0.833380859375 0.2203134765625 0.82051171875 0.20898828125 0.814849609375 0.19972265625 0.8107314453125 0.189427734375 0.805583984375 0.1868544921875 0.798892578125 0.1883984375 0.7968330078125 0.1971494140625 0.8024951171875 0.2084736328125 0.810216796875 0.2167099609375 0.8210263671875 0.2259755859375 0.830806640625 0.2336962890625 0.8302919921875 0.2398740234375 0.81587890625 0.2486240234375 0.78859765625 0.24605078125 0.7819052734375 0.2429619140625 0.77469921875 0.2372998046875 0.7674921875 0.2347265625 0.761830078125 0.237814453125 0.7613154296875 0.242447265625 0.7674921875 0.2522275390625 0.775728515625 0.2594345703125 0.79323046875 0.2650966796875 0.7922001953125 0.26869921875 0.7855087890625 0.27796484375 0.784994140625 0.2820830078125 0.7855087890625 0.286201171875 0.79271484375 0.2898046875 0.807642578125 0.284142578125 0.8282333984375 0.274876953125 0.8441904296875 0.2558310546875 0.855 0.2475947265625 0.8555146484375 0.257375 0.855 0.265611328125 0.856029296875 0.2764208984375 0.8591181640625 0.283626953125 0.8647802734375 0.2887744140625 0.8688984375 0.292892578125 0.867869140625 0.297525390625 0.8673544921875 0.30112890625 0.87353125 0.30576171875 0.88485546875 0.3098798828125 0.906474609375 0.31039453125 0.9224326171875 0.31039453125 0.9579501953125 0.3088505859375 0.9615537109375 0.3119384765625 0.96773046875 0.312453125 0.9775107421875 0.3083349609375 0.984716796875 0.31039453125 0.9924384765625 0.312453125 1 0.312453125 1 0
8 0 0.16526953125 0.001892578125 0.161484375 0.00725390625 0.1611689453125 0.0059921875 0.16873828125 0.006623046875 0.171892578125 0.0107236328125 0.1734697265625 0.0135625 0.171892578125 0.0082001953125 0.180408203125 0.0110390625 0.184193359375 0.016400390625 0.1807236328125 0.017662109375 0.1788310546875 0.0296474609375 0.18230078125 0.03185546875 0.180408203125 0.0331171875 0.17630859375 0.0406865234375 0.17630859375 0.04636328125 0.17630859375 0.046994140625 0.1725234375 0.0406865234375 0.1684228515625 0.0321708984375 0.1624306640625 0.0331171875 0.1599072265625 0.0381630859375 0.1558076171875 0.0444716796875 0.15296875 0.0485712890625 0.15170703125 0.052671875 0.1545458984375 0.0589794921875 0.1592763671875 0.06497265625 0.1599072265625 0.070333984375 0.1573837890625 0.066548828125 0.15423046875 0.0611875 0.1513916015625 0.0570869140625 0.1488681640625 0.0586640625 0.1447685546875 0.0637109375 0.1403525390625 0.0722265625 0.131521484375 0.07348828125 0.1248984375 0.0693876953125 0.123005859375 0.067810546875 0.1280517578125 0.0558251953125 0.1368828125 0.047625 0.142560546875 0.04541796875 0.142560546875 0.0432099609375 0.134044921875 0.039740234375 0.134044921875 0.0387939453125 0.1422451171875 0.0387939453125 0.148552734375 0.033748046875 0.1507607421875 0.0290166015625 0.148552734375 0.02680859375 0.1441376953125 0.0271240234375 0.135306640625 0.0271240234375 0.1267900390625 0.0309091796875 0.1207978515625 0.0400556640625 0.1198515625 0.0419482421875 0.1129130859375 0.0466787109375 0.1148056640625 0.050779296875 0.116697265625 0.0548798828125 0.1170126953125 0.05393359375 0.1129130859375 0.052041015625 0.11007421875 0.0551953125 0.10408203125 0.0627646484375 0.0999814453125 0.065603515625 0.094935546875 0.0627646484375 0.0927275390625 0.058033203125 0.09304296875 0.04636328125 0.0968271484375 0.0438408203125 0.0961962890625 0.0400556640625 0.0920966796875 0.0369013671875 0.093673828125 0.032486328125 0.09651171875 0.03185546875 0.09651171875 0.0264931640625 0.092412109375 0.0246015625 0.086103515625 0.0264931640625 0.0807421875 0.0334326171875 0.07348828125 0.0328017578125 0.0693876953125 0.029962890625 0.069072265625 0.0264931640625 0.0712802734375 0.018923828125 0.0772724609375 0.01482421875 0.0797958984375 0.0132470703125 0.0797958984375 0.0126162109375 0.0738037109375 0.011669921875 0.067810546875 0.008515625 0.069072265625 0.0069384765625 0.0725419921875 0.001892578125 0.0750654296875 0 0.07948046875 0 0.16526953125
8 0.009376953125 0.051576171875 0.018494140625 0.04532421875 0.02474609375 0.0372490234375 0.0372490234375 0.036728515625 0.04115625 0.0372490234375 0.0458447265625 0.039072265625 0.0484501953125 0.03620703125 0.05444140625 0.0377705078125 0.0554833984375 0.03464453125 0.0557431640625 0.0315185546875 0.0698095703125 0.027611328125 0.0846572265625 0.0224013671875 0.082833984375 0.0200576171875 0.0781455078125 0.019275390625 0.0632978515625 0.022662109375 0.051576171875 0.021099609375 0.04610546875 0.01562890625 0.04454296875 0.0114609375 0.0359462890625 0.006251953125 0.0359189453125 0.00235546875 0.0406298828125 0.0026494140625 0.0463662109375 0.002083984375 0.0505341796875 0.0046884765625 0.056525390625 0.0075537109375 0.059650390625 0.007814453125 0.062255859375 0.004427734375 0.0632978515625 0.0002607421875 0.0002607421875 0 0 0.059650390625 0.009376953125 0.051576171875
8 0.0885595703125 0 0.088775390625 0.0036630859375 0.0889912109375 0.0062490234375 0.0924384765625 0.0084033203125 0.0943779296875 0.0084033203125 0.0956708984375 0.0049560546875 0.09890234375 0.00409375 0.1025654296875 0.001939453125 0.1029970703125 0.0010771484375 0.1032119140625 0 0.0885595703125 0
2 1 0.2945791015625 0.980349609375 0.322037109375 0.9120888671875 0.3179677734375 0.9102509765625 0.2986689453125 0.916224609375 0.287181640625 0.9166845703125 0.2807490234375 0.9139267578125 0.2752353515625 0.9097919921875 0.27661328125 0.8068662109375 0.27155859375 0.7985947265625 0.266044921875 0.7912431640625 0.2655859375 0.78982421875 0.2750498046875 0.7775205078125 0.3052138671875 0.7660107421875 0.3036259765625 0.763505859375 0.285513671875 0.7641796875 0.2801201171875 0.7611455078125 0.278435546875 0.7594609375 0.2764130859375 0.7449658203125 0.2760751953125 0.7368759765625 0.291244140625 0.7392353515625 0.2919189453125 0.7409208984375 0.3010205078125 0.73316796875 0.2981552734375 0.7415947265625 0.277423828125 0.7483369140625 0.2615810546875 0.741931640625 0.26090625 0.740583984375 0.2571982421875 0.730470703125 0.258546875 0.6361533203125 0.252833984375 0.62771484375 0.2504228515625 0.622591796875 0.2525322265625 0.609935546875 0.2895986328125 0.6042099609375 0.290201171875 0.56985546875 0.29110546875 0.564431640625 0.23535546875 0.5659384765625 0.2266162109375 0.5370087890625 0.225109375 0.5361044921875 0.2407802734375 0.4226650390625 0.2381640625 0.4255693359375 0.2221201171875 0.355724609375 0.2199072265625 0.355724609375 0.2013740234375 0.3573837890625 0.1961181640625 0.3573837890625 0.1916923828125 0.355724609375 0.1875439453125 0.353234375 0.18616015625 0.3441064453125 0.190033203125 0.2732900390625 0.189666015625 0.2677490234375 0.1861396484375 0.26321484375 0.18462890625 0.2594375 0.18891015625 0.2594375 0.1921845703125 0.2609482421875 0.1939482421875 0.2627119140625 0.218380859375 0.2395478515625 0.21695703125 0.1861318359375 0.21695703125 0.18542578125 0.219310546875 0.1882490234375 0.232958984375 0.1226123046875 0.23163671875 0.06522265625 0.23195703125 0.06346484375 0.232755859375 0.0674609375 0.2501806640625 0.0764130859375 0.280234375 0.068259765625 0.28007421875 0.0613857421875 0.2776767578125 0.0281357421875 0.2837509765625 0.00016015625 0.2883876953125 0 0.9989140625 1 1 1 0.2945791015625