2 0.9271943359375 0.87721484375 0.9211875 0.7840537109375 0.920408203125 0.764556640625 0.91619921875 0.7170048828125 0.9129990234375 0.6826728515625 0.8977919921875 0.5224130859375 0.8959873046875 0.50928515625 0.88201953125 0.4933720703125 0.63983203125 0.2365361328125 0.54559375 0.1393681640625 0.51098046875 0.106279296875 0.4970751953125 0.1081337890625 0.4586796875 0.1188603515625 0.2660908203125 0.1796650390625 0.0351162109375 0.26621484375 0.03069921875 0.2966328125 0.04183984375 0.3019609375 0.03533984375 0.3615361328125 0.03312109375 0.3731630859375 0.01955859375 0.3775224609375 0.01580859375 0.4025517578125 0.01471484375 0.4254755859375 0.0259375 0.4302431640625 0.019501953125 0.5091103515625 0.0060244140625 0.5122548828125 0.00311328125 0.5412236328125 0.00287890625 0.563021484375 0.015908203125 0.5657177734375 0.015908203125 0.5693115234375 0.0096181640625 0.5688623046875 0.00018359375 0.5706591796875 0.00018359375 0.6574345703125 0.00018359375 0.876556640625 0.3725888671875 0.882033203125 0.6714521484375 0.882033203125 0.86269921875 0.8788056640625 0.9271943359375 0.87721484375
9 0.0451962890625 0.294658203125 0.0358046875 0.3721376953125 0.05987109375 0.365974609375 0.068087890625 0.2884951171875 0.0451962890625 0.294658203125
9 0.112111328125 0.3495400390625 0.1194482421875 0.26883203125 0.0751318359375 0.2829189453125 0.06896875 0.3618662109375 0.112111328125 0.3495400390625
9 0.1684599609375 0.330462890625 0.1772646484375 0.2468203125 0.1273720703125 0.2644296875 0.120328125 0.3454306640625 0.1684599609375 0.330462890625
9 0.2297236328125 0.31231640625 0.235408203125 0.2253759765625 0.184916015625 0.2410927734375 0.176890625 0.328701171875 0.2297236328125 0.31231640625
9 0.297513671875 0.2920859375 0.3012451171875 0.2051083984375 0.244591796875 0.2215234375 0.238146484375 0.310404296875 0.297513671875 0.2920859375
9 0.37017578125 0.1845673828125 0.3108505859375 0.1994853515625 0.3042587890625 0.2896875 0.3649716796875 0.273728515625 0.37017578125 0.1845673828125
9 0.44251953125 0.2522861328125 0.4428330078125 0.16328125 0.380779296875 0.1808310546875 0.3770185546875 0.2701494140625 0.44251953125 0.2522861328125
9 0.4957607421875 0.240408203125 0.495498046875 0.1473388671875 0.4559111328125 0.158087890625 0.454599609375 0.2490595703125 0.4957607421875 0.240408203125
9 0.5366875 0.25970703125 0.535474609375 0.171521484375 0.5088076171875 0.1515205078125 0.5078984375 0.2372822265625 0.5366875 0.25970703125
9 0.5769921875 0.2939501953125 0.5754765625 0.2087958984375 0.53880859375 0.1769765625 0.5394150390625 0.2630400390625 0.5769921875 0.2939501953125
9 0.61366015625 0.327587890625 0.6112353515625 0.2445546875 0.579416015625 0.2148564453125 0.57971875 0.29849609375 0.61366015625 0.327587890625
9 0.647859375 0.3566142578125 0.64396484375 0.2751103515625 0.6161474609375 0.2500751953125 0.619486328125 0.3324140625 0.647859375 0.3566142578125
9 0.67892578125 0.3833515625 0.6737783203125 0.305869140625 0.649125 0.283111328125 0.653458984375 0.3614072265625 0.67892578125 0.3833515625
9 0.7056064453125 0.4080859375 0.7015859375 0.33244921875 0.6807294921875 0.3151103515625 0.6829912109375 0.3872294921875 0.7056064453125 0.4080859375
9 0.73230078125 0.4301689453125 0.7276728515625 0.3609716796875 0.7080595703125 0.3411376953125 0.7102626953125 0.4125390625 0.73230078125 0.4301689453125
9 0.7552197265625 0.4511044921875 0.7499306640625 0.3843310546875 0.7329619140625 0.3671416015625 0.7356064453125 0.4336943359375 0.7552197265625 0.4511044921875
9 0.7756552734375 0.469744140625 0.7721845703125 0.4042568359375 0.7536728515625 0.3875966796875 0.758763671875 0.45377734375 0.7756552734375 0.469744140625
9 0.795787109375 0.4866357421875 0.7920849609375 0.4220751953125 0.7761181640625 0.4084228515625 0.7784326171875 0.471826171875 0.795787109375 0.4866357421875
9 0.7941123046875 0.425966796875 0.7961318359375 0.48808203125 0.8130498046875 0.5012119140625 0.8112822265625 0.4408642578125 0.7941123046875 0.425966796875
9 0.8314794921875 0.5184638671875 0.826564453125 0.4592021484375 0.812662109375 0.446142578125 0.81406640625 0.50315625 0.8314794921875 0.5184638671875
9 0.8441181640625 0.52843359375 0.8411689453125 0.474228515625 0.8282490234375 0.4621513671875 0.832322265625 0.5184638671875 0.8441181640625 0.52843359375
9 0.8432138671875 0.4773427734375 0.8449619140625 0.5303583984375 0.8593330078125 0.541427734375 0.856419921875 0.4882177734375 0.8432138671875 0.4773427734375
9 0.8709296875 0.554169921875 0.8700380859375 0.50233203125 0.858447265625 0.492142578125 0.8599755859375 0.5442353515625 0.8709296875 0.554169921875
9 0.883666015625 0.564486328125 0.8822646484375 0.5154501953125 0.8706748046875 0.505388671875 0.872076171875 0.554806640625 0.883666015625 0.564486328125
9 0.883666015625 0.5169794921875 0.88417578125 0.56499609375 0.8966572265625 0.5768408203125 0.8947470703125 0.5281875 0.883666015625 0.5169794921875
9 0.0290458984375 0.4218779296875 0.021150390625 0.5095810546875 0.047376953125 0.50422265625 0.053298828125 0.417365234375 0.0290458984375 0.4218779296875
9 0.10095703125 0.4901220703125 0.106033203125 0.4001630859375 0.0603486328125 0.414263671875 0.0535810546875 0.5030947265625 0.10095703125 0.4901220703125
9 0.1573583984375 0.478560546875 0.162998046875 0.3854990234375 0.111955078125 0.398189453125 0.106033203125 0.4901220703125 0.1573583984375 0.478560546875
9 0.22052734375 0.463896484375 0.22362890625 0.3685791015625 0.170330078125 0.3829609375 0.16525390625 0.4777138671875 0.22052734375 0.463896484375
9 0.2870498046875 0.4487294921875 0.2909755859375 0.34912109375 0.2328291015625 0.3653134765625 0.2276767578125 0.4629599609375 0.2870498046875 0.4487294921875
9 0.359802734375 0.432052734375 0.3634267578125 0.3312890625 0.3013251953125 0.347478515625 0.297458984375 0.44679296875 0.359802734375 0.432052734375
9 0.440916015625 0.4144931640625 0.4401279296875 0.3119541015625 0.3738720703125 0.3265458984375 0.3730830078125 0.4298740234375 0.440916015625 0.4144931640625
9 0.4959267578125 0.40478515625 0.495666015625 0.29849609375 0.4536201171875 0.30580859375 0.452314453125 0.4141865234375 0.4959267578125 0.40478515625
9 0.539017578125 0.4191484375 0.5366669921875 0.3199111328125 0.512640625 0.3005859375 0.5113349609375 0.40295703125 0.539017578125 0.4191484375
9 0.581845703125 0.448482421875 0.5768837890625 0.3502890625 0.5429345703125 0.323828125 0.5455458984375 0.4246328125 0.581845703125 0.448482421875
9 0.619916015625 0.4735400390625 0.6163203125 0.3808349609375 0.586275390625 0.357208984375 0.588072265625 0.4537666015625 0.619916015625 0.4735400390625
9 0.6548408203125 0.4962421875 0.65098828125 0.4084169921875 0.6235107421875 0.3881298828125 0.6271064453125 0.4804736328125 0.6548408203125 0.4962421875
9 0.65738671875 0.416638671875 0.6588564453125 0.499546875 0.68572265625 0.5163388671875 0.681734375 0.4342705078125 0.65738671875 0.416638671875
9 0.715025390625 0.5367314453125 0.7091650390625 0.45560546875 0.687263671875 0.440181640625 0.691890625 0.5216171875 0.715025390625 0.5367314453125
9 0.7413076171875 0.553359375 0.7352578125 0.4751142578125 0.7156962890625 0.463216796875 0.719931640625 0.5410576171875 0.7413076171875 0.553359375
9 0.76455859375 0.5691552734375 0.7600625 0.493263671875 0.740904296875 0.4811640625 0.7451396484375 0.5569892578125 0.76455859375 0.5691552734375
9 0.785244140625 0.582853515625 0.77993359375 0.5112890625 0.764837890625 0.5003876953125 0.7684716796875 0.5736279296875 0.785244140625 0.582853515625
9 0.80493359375 0.5951689453125 0.800166015625 0.526669921875 0.7843583984375 0.516130859375 0.78787109375 0.5858857421875 0.80493359375 0.5951689453125
9 0.823279296875 0.607615234375 0.820111328125 0.5426669921875 0.803591796875 0.5311259765625 0.806306640625 0.5972060546875 0.823279296875 0.607615234375
9 0.83866796875 0.6181279296875 0.8364052734375 0.5574794921875 0.8228271484375 0.546966796875 0.82508984375 0.60942578125 0.83866796875 0.6181279296875
9 0.8551875 0.6283115234375 0.8508876953125 0.5687939453125 0.83821484375 0.5611005859375 0.8395732421875 0.6201640625 0.8551875 0.6283115234375
9 0.8678603515625 0.636005859375 0.86537109375 0.5812412109375 0.8526982421875 0.571736328125 0.8560927734375 0.628990234375 0.8678603515625 0.636005859375
9 0.8818916015625 0.645736328125 0.87917578125 0.591650390625 0.8662763671875 0.5828251953125 0.8696708984375 0.6384951171875 0.8818916015625 0.645736328125
9 0.9044072265625 0.6609873046875 0.9009658203125 0.6087724609375 0.8894453125 0.6012919921875 0.8924375 0.6547041015625 0.9044072265625 0.6609873046875
9 0.880169921875 0.5945595703125 0.882712890625 0.647373046875 0.891091796875 0.652609375 0.8880986328125 0.600095703125 0.880169921875 0.5945595703125
9 0.016908203125 0.5645634765625 0.0100302734375 0.6551220703125 0.037255859375 0.65168359375 0.042126953125 0.5599775390625 0.016908203125 0.5645634765625
9 0.0905595703125 0.644232421875 0.0948583984375 0.5462216796875 0.0481455078125 0.5559658203125 0.043560546875 0.6508232421875 0.0905595703125 0.644232421875
9 0.149021484375 0.6373544921875 0.1518876953125 0.53533203125 0.1023095703125 0.5447890625 0.0974375 0.6448056640625 0.149021484375 0.6373544921875
9 0.212822265625 0.628580078125 0.214857421875 0.5242041015625 0.16048828125 0.5335078125 0.15641796875 0.636720703125 0.212822265625 0.628580078125
9 0.2846796875 0.619201171875 0.2834560546875 0.5106494140625 0.2256142578125 0.521587890625 0.2247421875 0.6274169921875 0.2846796875 0.619201171875
9 0.35862109375 0.6091005859375 0.3590830078125 0.4958759765625 0.2955390625 0.5058125 0.2939208984375 0.61695703125 0.35862109375 0.6091005859375
9 0.4423974609375 0.5953662109375 0.439646484375 0.4795390625 0.371416015625 0.4902685546875 0.3749921875 0.604169921875 0.4423974609375 0.5953662109375
9 0.4981689453125 0.5883408203125 0.494994140625 0.4695927734375 0.452765625 0.477212890625 0.454669921875 0.59373828125 0.4981689453125 0.5883408203125
9 0.5372421875 0.5944541015625 0.5359873046875 0.4815361328125 0.50888671875 0.4704951171875 0.50863671875 0.5854208984375 0.5372421875 0.5944541015625
9 0.582255859375 0.613390625 0.57963671875 0.5080556640625 0.54879296875 0.49321484375 0.548501953125 0.600005859375 0.582255859375 0.613390625
9 0.624892578125 0.6313056640625 0.620470703125 0.5315791015625 0.5923876953125 0.516763671875 0.5943779296875 0.619806640625 0.624892578125 0.6313056640625
9 0.6647646484375 0.647921875 0.658384765625 0.5519716796875 0.6305693359375 0.5387021484375 0.6351630859375 0.63848046875 0.6647646484375 0.647921875
9 0.698705078125 0.6609365234375 0.691048828125 0.5706005859375 0.66501953125 0.557330078125 0.6698681640625 0.65021875 0.698705078125 0.6609365234375
9 0.7247333984375 0.672419921875 0.718609375 0.5871875 0.6966630859375 0.5764697265625 0.7004912109375 0.6639990234375 0.7247333984375 0.672419921875
9 0.7502529296875 0.683138671875 0.7448935546875 0.6024990234375 0.723203125 0.591015625 0.727541015625 0.673951171875 0.7502529296875 0.683138671875
9 0.7484638671875 0.605650390625 0.7516533203125 0.6849150390625 0.7748857421875 0.693798828125 0.771013671875 0.6158994140625 0.7484638671875 0.605650390625
9 0.7958408203125 0.702681640625 0.7910576171875 0.6279716796875 0.773974609375 0.6184052734375 0.7760244140625 0.6949375 0.7958408203125 0.702681640625
9 0.812923828125 0.640271484375 0.7924248046875 0.6286552734375 0.796751953125 0.702681640625 0.8167958984375 0.7106533203125 0.812923828125 0.640271484375
9 0.814291015625 0.640955078125 0.817666015625 0.7106640625 0.8354736328125 0.716576171875 0.8306904296875 0.6502939453125 0.814291015625 0.640955078125
9 0.8315107421875 0.6518232421875 0.8364072265625 0.718248046875 0.8479599609375 0.7218896484375 0.8453232421875 0.6588544921875 0.8315107421875 0.6518232421875
9 0.8626513671875 0.72804296875 0.860390625 0.6662626953125 0.846076171875 0.6597333984375 0.8489638671875 0.7223916015625 0.8626513671875 0.72804296875
9 0.877970703125 0.7344462890625 0.874078125 0.6739228515625 0.861646484375 0.667267578125 0.863279296875 0.727791015625 0.877970703125 0.7344462890625
9 0.890025390625 0.7390927734375 0.8872626953125 0.680703125 0.8755849609375 0.67455078125 0.87834765625 0.7348232421875 0.890025390625 0.7390927734375
9 0.9008701171875 0.7426572265625 0.8992607421875 0.6872724609375 0.888419921875 0.6820126953125 0.89099609375 0.7399736328125 0.9008701171875 0.7426572265625
9 0.9140732421875 0.748453125 0.9112822265625 0.6934970703125 0.899904296875 0.688130859375 0.90205078125 0.74373046875 0.9140732421875 0.748453125
9 0.9171630859375 0.8328427734375 0.9148251953125 0.778912109375 0.905474609375 0.7767412109375 0.9066435546875 0.8323427734375 0.9171630859375 0.8328427734375
9 0.9053076171875 0.8323427734375 0.904806640625 0.776240234375 0.8929521484375 0.7740703125 0.8946220703125 0.8320087890625 0.9053076171875 0.8323427734375
9 0.893453125 0.83217578125 0.8921171875 0.77340234375 0.8805966796875 0.7700625 0.881765625 0.83083984375 0.893453125 0.83217578125
9 0.8805966796875 0.830171875 0.87976171875 0.7688935546875 0.8662373046875 0.7653876953125 0.8684072265625 0.829837890625 0.8805966796875 0.830171875
9 0.8528798828125 0.7628828125 0.8538818359375 0.82950390625 0.86807421875 0.8310068359375 0.865068359375 0.76421875 0.8528798828125 0.7628828125
9 0.8525458984375 0.8283349609375 0.8517109375 0.761212890625 0.8358486328125 0.757373046875 0.8365166015625 0.8263310546875 0.8525458984375 0.8283349609375
9 0.835078125 0.8255595703125 0.835078125 0.7565986328125 0.8201728515625 0.7537255859375 0.821609375 0.825201171875 0.835078125 0.8255595703125
9 0.8203515625 0.824302734375 0.8192744140625 0.7512109375 0.79987890625 0.748337890625 0.8011357421875 0.8221474609375 0.8203515625 0.824302734375
9 0.80041796875 0.8217890625 0.7988017578125 0.7458232421875 0.7781494140625 0.7400771484375 0.779765625 0.8199931640625 0.80041796875 0.8217890625
9 0.7793076171875 0.818263671875 0.7773408203125 0.7379912109375 0.7556982421875 0.734646484375 0.7580595703125 0.816689453125 0.7793076171875 0.818263671875
9 0.7570966796875 0.8167177734375 0.7546328125 0.731720703125 0.7292568359375 0.7258076171875 0.7334453125 0.8145009765625 0.7570966796875 0.8167177734375
9 0.7331982421875 0.813515625 0.7275322265625 0.721373046875 0.701169921875 0.71619921875 0.7058515625 0.81006640625 0.7331982421875 0.813515625
9 0.7026640625 0.8091279296875 0.70003515625 0.715544921875 0.6708564453125 0.7071328125 0.6726962890625 0.80387109375 0.7026640625 0.8091279296875
9 0.671908203125 0.8041337890625 0.6700673828125 0.705818359375 0.6348427734375 0.69740625 0.638259765625 0.8012421875 0.671908203125 0.8041337890625
9 0.63504296875 0.7996728515625 0.6318544921875 0.6950400390625 0.5933056640625 0.6854755859375 0.5976533203125 0.79503515625 0.63504296875 0.7996728515625
9 0.5969931640625 0.793841796875 0.59168359375 0.6808154296875 0.5495830078125 0.6701953125 0.5541337890625 0.7847392578125 0.5969931640625 0.793841796875
9 0.551986328125 0.787310546875 0.5460771484375 0.6628701171875 0.5144453125 0.659046875 0.5200068359375 0.7820966796875 0.551986328125 0.787310546875
9 0.037310546875 0.706103515625 0.0068681640625 0.7097705078125 0.0039345703125 0.803634765625 0.0347431640625 0.8058349609375 0.037310546875 0.706103515625
9 0.0891875 0.80395703125 0.08893359375 0.701810546875 0.04243359375 0.706384765625 0.041671875 0.8052275390625 0.0891875 0.80395703125
9 0.1483916015625 0.8024326171875 0.1481376953125 0.695966796875 0.096556640625 0.6997783203125 0.097826171875 0.8054814453125 0.1483916015625 0.8024326171875
9 0.212423828125 0.800908203125 0.2111533203125 0.68859765625 0.155505859375 0.6941875 0.1562685546875 0.8031943359375 0.212423828125 0.800908203125
9 0.221306640625 0.687923828125 0.22212109375 0.799390625 0.281515625 0.7961357421875 0.281515625 0.6822275390625 0.221306640625 0.687923828125
9 0.36328515625 0.7932880859375 0.3604375 0.6736845703125 0.2933134765625 0.6806005859375 0.2945341796875 0.79694921875 0.36328515625 0.7932880859375
9 0.446275390625 0.786779296875 0.4426142578125 0.664328125 0.371421875 0.6736845703125 0.37467578125 0.7932880859375 0.446275390625 0.786779296875
9 0.506890625 0.7827109375 0.5011953125 0.657412109375 0.4552255859375 0.6639208984375 0.4609208984375 0.786779296875 0.506890625 0.7827109375
9 0 0.9750458984375 0.06521484375 0.983650390625 0.060685546875 0.8926220703125 0 0.889451171875 0 0.9750458984375
9 0.1797919921875 0.99316015625 0.174357421875 0.897150390625 0.07880078125 0.89352734375 0.0810654296875 0.9854619140625 0.1797919921875 0.99316015625
9 0.3156552734375 1 0.3093154296875 0.8989619140625 0.19292578125 0.9007734375 0.1992666015625 0.9958779296875 0.3156552734375 1
9 0.4757744140625 1 0.4703955078125 0.8981787109375 0.469982421875 0.8985927734375 0.3334560546875 0.8990068359375 0.338419921875 1 0.4757744140625 1
9 0.6034287109375 0.994490234375 0.597521484375 0.8987919921875 0.5198408203125 0.900564453125 0.52456640625 1 0.6034287109375 0.994490234375
9 0.6763828125 0.9817890625 0.6716572265625 0.8946572265625 0.6090400390625 0.89701953125 0.614947265625 0.9927177734375 0.6763828125 0.9817890625
9 0.8180673828125 0.9305146484375 0.815048828125 0.8916484375 0.7818427734375 0.895798828125 0.784107421875 0.934287109375 0.8180673828125 0.9305146484375
9 0.9091865234375 0.634482421875 0.9110244140625 0.656716796875 0.931419921875 0.6541435546875 0.9305009765625 0.63191015625 0.9091865234375 0.634482421875
9 1 0.6422001953125 0.9999580078125 0.62235546875 0.986912109375 0.6234580078125 0.98893359375 0.643486328125 1 0.6422001953125
9 0.913044921875 0.6771123046875 0.916720703125 0.7112900390625 0.9345439453125 0.7090849609375 0.93344140625 0.6750908203125 0.913044921875 0.6771123046875
9 1 0.666455078125 0.9905869140625 0.6679248046875 0.9926083984375 0.6997138671875 1 0.6998974609375 1 0.666455078125
9 0.919109375 0.7401376953125 0.921681640625 0.7763369140625 0.9396884765625 0.7756015625 0.9371162109375 0.73866796875 0.919109375 0.7401376953125
9 0.9233349609375 0.805369140625 0.926275390625 0.8419345703125 0.9457529296875 0.8395458984375 0.944650390625 0.8027958984375 0.9233349609375 0.805369140625
9 1 0.7954462890625 0.9742333984375 0.7978349609375 0.9762548828125 0.8321962890625 1 0.83127734375 1 0.7954462890625
9 0.9999580078125 0.8766630859375 0.9973857421875 0.8696806640625 0.9931591796875 0.866189453125 0.9880146484375 0.8649033203125 0.9813994140625 0.8649033203125 0.9746005859375 0.8672919921875 0.9698232421875 0.870599609375 0.9667001953125 0.877765625 0.9999580078125 0.8766630859375
5 0.5332255859375 1 0.6941162109375 0.9997900390625 0.7003935546875 0.989130859375 0.69430859375 0.9894345703125 0.6918740234375 0.988826171875 0.6903525390625 0.9857841796875 0.6918740234375 0.980916015625 0.697958984375 0.9803076171875 0.70465234375 0.9815244140625 0.718953125 0.955966796875 0.735078125 0.9416669921875 0.79888671875 0.933716796875 0.8239638671875 0.932740234375 0.829337890625 0.9330654296875 0.8356884765625 0.935345703125 0.8588115234375 0.911896484375 0.863642578125 0.909310546875 0.8681845703125 0.9075439453125 0.8894248046875 0.9027783203125 0.9060341796875 0.8991953125 0.903103515625 0.877701171875 0.7044404296875 0.8825859375 0.4993037109375 0.8831875 0.0006845703125 0.8802666015625 0.0006845703125 1 0.5332255859375 1
2 1 0.6054931640625 0.9750107421875 0.606830078125 0.97141796875 0.6051943359375 0.9546904296875 0.6077333984375 0.9360205078125 0.610421875 0.9346767578125 0.6077333984375 0.926611328125 0.608779296875 0.918994140625 0.609974609375 0.9197412109375 0.6134091796875 0.907044921875 0.6143056640625 0.9074931640625 0.6199814453125 0.91301953125 0.678529296875 0.918396484375 0.7334921875 0.91929296875 0.745740234375 0.924072265625 0.825197265625 0.9281044921875 0.8779208984375 0.9042080078125 0.8788173828125 0.907044921875 0.8988310546875 0.950060546875 0.891810546875 0.9521513671875 0.8909150390625 0.95364453125 0.882251953125 0.9557353515625 0.88001171875 1 0.8767255859375 1 0.6054931640625
1 0.8651826171875 1 0.866322265625 0.99919921875 0.8665498046875 0.9935009765625 0.864955078125 0.987802734375 0.8624814453125 0.9842744140625 0.8609130859375 0.978263671875 0.8582998046875 0.9680703125 0.8567314453125 0.9615361328125 0.8512431640625 0.958138671875 0.83516015625 0.9381015625 0.8337919921875 0.9355361328125 0.828662109375 0.933142578125 0.797369140625 0.9345107421875 0.7573955078125 0.939244140625 0.7351640625 0.94258984375 0.7255595703125 0.95078125 0.7192998046875 0.9561884765625 0.7166015625 0.9608291015625 0.704513671875 0.9820888671875 0.6974990234375 0.98090234375 0.6918876953125 0.9816572265625 0.6910234375 0.98608203125 0.691671875 0.987701171875 0.692642578125 0.9886728515625 0.69480078125 0.9891044921875 0.6991181640625 0.9886728515625 0.701060546875 0.9886728515625 0.7007685546875 0.9901455078125 0.6948388671875 0.99975390625 0.7941181640625 1 0.8651826171875 1
1 1 0.8771865234375 0.956673828125 0.8801767578125 0.9538974609375 0.882490234375 0.952818359375 0.891126953125 0.9511220703125 0.89220703125 0.8892763671875 0.9028486328125 0.8688134765625 0.907861328125 0.8613173828125 0.9109990234375 0.858703125 0.9125673828125 0.8355185546875 0.936275390625 0.836041015625 0.9381923828125 0.85120703125 0.9573681640625 0.8571337890625 0.9608544921875 0.8613173828125 0.977240234375 0.863060546875 0.9843876953125 0.8641064453125 0.986130859375 0.8656298828125 0.9864541015625 0.9613369140625 0.9747978515625 0.96658984375 0.97906640625 0.9734853515625 0.97939453125 0.97923046875 0.97939453125 0.98178515625 0.9786630859375 0.979248046875 0.9573916015625 0.9810048828125 0.952318359375 0.9899814453125 0.94978125 1 0.9499765625 1 0.8771865234375
6 0.867298828125 0.9938828125 0.86779296875 1 0.9821796875 0.999486328125 0.9815205078125 0.980861328125 0.9805322265625 0.9803671875 0.9668515625 0.980037109375 0.9612470703125 0.975421875 0.9210302734375 0.9806962890625 0.8659794921875 0.987125 0.867298828125 0.9938828125
8 1 0.5162490234375 0.9998701171875 0.505318359375 0.999705078125 0.5031650390625 0.998876953125 0.5039931640625 0.997220703125 0.5038271484375 0.9952333984375 0.502833984375 0.9920859375 0.500845703125 0.9904296875 0.501177734375 0.9904296875 0.502005859375 0.9932451171875 0.506642578125 0.9968896484375 0.5087958984375 0.995564453125 0.5106181640625 0.9924169921875 0.5106181640625 0.9899326171875 0.510287109375 0.9874482421875 0.5097900390625 0.9854609375 0.509458984375 0.9834736328125 0.51012109375 0.9829765625 0.5121083984375 0.9851298828125 0.5139306640625 0.9882763671875 0.51426171875 0.988939453125 0.51426171875 0.9899326171875 0.5172431640625 0.9927490234375 0.5180712890625 0.9965576171875 0.516912109375 0.994736328125 0.52088671875 0.995564453125 0.5212177734375 0.9973857421875 0.521548828125 1 0.51923046875 1 0.5162490234375