2 0.716509765625 0.954837890625 0.7312255859375 0.9554775390625 0.8084716796875 0.9561171875 0.8754404296875 0.9576103515625 0.89021484375 0.9561171875 0.9552646484375 0.9533447265625 0.9996259765625 0.9533447265625 1 0.75285546875 0.9034267578125 0.7578271484375 0.8341787109375 0.7599580078125 0.72515625 0.7581826171875 0.716509765625 0.954837890625
2 0.71423046875 1 0.7149140625 0.9814697265625 0.7317568359375 0.551947265625 0.727205078125 0.3448251953125 0.7977626953125 0.174119140625 0.3084072265625 0.1411162109375 0.1308740234375 0.1377021484375 0.0022763671875 0.1126650390625 0 1 0.71423046875 1
5 1 0.9529609375 0.9478583984375 0.9545302734375 0.8745546875 0.9581416015625 0.8172060546875 0.9576005859375 0.715224609375 0.9565185546875 0.7149169921875 0.980041015625 0.7347119140625 0.97950390625 0.7424765625 0.98133203125 0.7501142578125 0.9874638671875 0.7564619140625 0.99348828125 0.7596884765625 0.9990830078125 0.76259375 0.993166015625 0.771845703125 0.9846669921875 0.7834765625 0.98133203125 0.793912109375 0.98133203125 0.812630859375 0.981224609375 0.82932421875 0.979826171875 0.8388984375 0.981439453125 0.8464287109375 0.9853125 0.84987109375 0.9901533203125 0.8541748046875 1 0.856015625 1 1 1 1 0.9529609375
8 1 0.2461162109375 0.9928369140625 0.234177734375 0.91294140625 0.234177734375 0.8311015625 0.2598916015625 0.7952861328125 0.2543818359375 0.7622255859375 0.2305048828125 0.778755859375 0.2038720703125 0.74477734375 0.191015625 0.7242822265625 0.1644365234375 0.6872119140625 0.082693359375 0.6548955078125 0.0370693359375 0.6406376953125 0.0513271484375 0.6140234375 0.102654296875 0.580755859375 0.17394140625 0.577904296875 0.224318359375 0.5664990234375 0.302259765625 0.5826572265625 0.3450322265625 0.542736328125 0.4077646484375 0.5598447265625 0.44578515625 0.5127744140625 0.4958583984375 0.4725986328125 0.5000869140625 0.4408798828125 0.52017578125 0.3848447265625 0.508544921875 0.3319814453125 0.474712890625 0.306607421875 0.48211328125 0.27700390625 0.52017578125 0.2389423828125 0.5413203125 0.241056640625 0.5719814453125 0.27066015625 0.6015849609375 0.269982421875 0.6313603515625 0.26473046875 0.69754296875 0.2909931640625 0.735361328125 0.338234375 0.7678017578125 0.3673408203125 0.8049375 0.4084912109375 0.828021484375 0.4516484375 0.798916015625 0.4913935546875 0.771556640625 0.5154248046875 0.753216796875 0.57740234375 0.7449951171875 0.6235693359375 0.7570107421875 0.64191015625 0.7791455078125 0.6375048828125 0.803216796875 0.6394541015625 0.819462890625 0.63003125 0.85812890625 0.6251572265625 0.876 0.627431640625 0.8824990234375 0.6124853515625 0.9669794921875 0.6069619140625 1 0.6368515625 1 0.6479853515625 0.9292978515625 0.665798828125 0.8201875 0.68212890625 0.8120224609375 0.7147880859375 0.803115234375 0.7370556640625 0.842455078125 0.7440283203125 0.8560009765625 0.7563056640625 0.8756455078125 0.77987890625 0.8913603515625 0.804876953125 0.8964716796875 0.8189677734375 0.903931640625 0.8305732421875 0.911806640625 0.8326455078125 0.9420625 0.829744140625 0.9785341796875 0.8399130859375 0.9811708984375 0.8426396484375 0.9500830078125 0.84323046875 0.919115234375 0.8596533203125 0.9055234375 0.88287109375 0.88513671875 0.9208134765625 0.873810546875 0.9698359375 0.8736005859375 0.9828681640625 0.8948017578125 0.98367578125 0.9436826171875 0.981251953125 1 0.9925634765625 1 0.993775390625 0.9586298828125 0.991755859375 0.9093447265625 0.9997138671875 0.9057724609375 1 0.8322529296875 1 0.767736328125 1 0.2461162109375
8 0 0.826791015625 0.011494140625 0.8280009765625 0.0237958984375 0.8197333984375 0.0457763671875 0.8173134765625 0.0623115234375 0.820337890625 0.076427734375 0.819330078125 0.08852734375 0.8078349609375 0.0949404296875 0.7906923828125 0.10712109375 0.7770791015625 0.1157197265625 0.758806640625 0.1135703125 0.73802734375 0.112853515625 0.71653125 0.1171533203125 0.6803466796875 0.11205078125 0.6616953125 0.09216015625 0.6537392578125 0.0901708984375 0.633185546875 0.08221484375 0.580806640625 0.0848671875 0.550970703125 0.0828779296875 0.5257763671875 0.0676279296875 0.5118525390625 0.048400390625 0.4946142578125 0.031162109375 0.474060546875 0.0205537109375 0.4561591796875 0 0.458716796875 0 0.826791015625
9 0 0.2326748046875 0.0148037109375 0.233640625 0.0318603515625 0.1528642578125 0 0.1457841796875 0 0.2326748046875
9 0.1718515625 0.26871875 0.1834365234375 0.1879423828125 0.0910751953125 0.1667021484375 0.073375 0.2481220703125 0.1718515625 0.26871875
9 0.2773828125 0.293509765625 0.2846396484375 0.21690625 0.194060546875 0.190296875 0.1816962890625 0.2706630859375 0.2773828125 0.293509765625
9 0.1483251953125 0.4229736328125 0.1586796875 0.334703125 0.0631611328125 0.3134765625 0.0458173828125 0.40148828125 0.1483251953125 0.4229736328125
9 0.2567265625 0.4479755859375 0.267099609375 0.358833984375 0.173095703125 0.3361435546875 0.157861328125 0.4262568359375 0.2567265625 0.4479755859375
9 0.121669921875 0.5960302734375 0.1348876953125 0.5004970703125 0.0282392578125 0.4800693359375 0.0126171875 0.57319921875 0.121669921875 0.5960302734375
9 0.2385263671875 0.6158427734375 0.2477822265625 0.52115234375 0.1477314453125 0.5019296875 0.1366953125 0.5983994140625 0.2385263671875 0.6158427734375
9 0 0.7693046875 0.10296875 0.7840986328125 0.112732421875 0.6805390625 0.00355078125 0.6607138671875 0 0.6929658203125 0 0.7693046875
9 0.222814453125 0.801751953125 0.231494140625 0.6975869140625 0.125470703125 0.6802265625 0.1146865234375 0.7867587890625 0.222814453125 0.801751953125
9 0.1716806640625 1 0.179119140625 0.8813125 0.0124970703125 0.8566171875 0.0020830078125 0.953615234375 0.0002978515625 0.9931875 0.0502841796875 1 0.1716806640625 1
9 0.5746630859375 1 0.578365234375 0.921986328125 0.505416015625 0.9202451171875 0.5004072265625 1 0.5746630859375 1
9 0.586421875 0.8398916015625 0.589470703125 0.76128125 0.5126015625 0.759103515625 0.5086826171875 0.83597265625 0.586421875 0.8398916015625
9 0.5933134765625 0.683294921875 0.59663671875 0.6094580078125 0.5242236328125 0.605421875 0.5208994140625 0.6792587890625 0.5933134765625 0.683294921875
9 0.598029296875 0.532962890625 0.599384765625 0.467443359375 0.5291220703125 0.4663134765625 0.531380859375 0.528669921875 0.598029296875 0.532962890625
9 0.599173828125 0.3916669921875 0.5981875 0.3311572265625 0.5334033203125 0.3278681640625 0.5324169921875 0.3919951171875 0.599173828125 0.3916669921875
1 0.759466796875 1 0.7590654296875 0.9992919921875 0.756658203125 0.9943427734375 0.7531923828125 0.99058984375 0.7426318359375 0.9817900390625 0.735177734375 0.9801337890625 0.7156103515625 0.9805478515625 0.7145869140625 1 0.759466796875 1
1 0.853796875 1 0.852255859375 0.9954287109375 0.8484033203125 0.9884931640625 0.840697265625 0.9824833984375 0.8306796875 0.9803251953125 0.8064833984375 0.981712890625 0.7838291015625 0.981712890625 0.772732421875 0.984640625 0.763177734375 0.9931171875 0.7596328125 0.999435546875 0.853796875 1
9 0.72602734375 0.8264306640625 0.7391240234375 0.8257412109375 0.739380859375 0.79772265625 0.7267841796875 0.797390625 0.72602734375 0.8264306640625
9 0.7937177734375 0.88093359375 0.794234375 0.8450673828125 0.7707529296875 0.84403515625 0.769462890625 0.88041796875 0.7937177734375 0.88093359375
9 0.724111328125 0.84815234375 0.72341796875 0.8805517578125 0.741005859375 0.880783203125 0.7407744140625 0.848615234375 0.724111328125 0.84815234375
9 0.719484375 0.9336708984375 0.7355107421875 0.9332939453125 0.7362646484375 0.9012412109375 0.720427734375 0.899732421875 0.719484375 0.9336708984375
9 0.7911318359375 0.9348017578125 0.7913203125 0.901052734375 0.76812890625 0.9016181640625 0.7671865234375 0.9353681640625 0.7911318359375 0.9348017578125
9 0.822197265625 0.9334228515625 0.822197265625 0.901369140625 0.798900390625 0.90066796875 0.798375 0.933248046875 0.822197265625 0.9334228515625
9 0.89522265625 0.9367431640625 0.8963203125 0.9046689453125 0.85765625 0.9051083984375 0.8569970703125 0.93740234375 0.89522265625 0.9367431640625
9 0.8966455078125 0.88520703125 0.8966455078125 0.85673046875 0.858677734375 0.857216796875 0.8581904296875 0.8878837890625 0.8966455078125 0.88520703125
9 0.899791015625 0.8420185546875 0.899232421875 0.81215625 0.8604384765625 0.8135517578125 0.86016015625 0.8431357421875 0.899791015625 0.8420185546875
9 0.9003486328125 0.799318359375 0.898953125 0.7666640625 0.8604384765625 0.7683388671875 0.8607177734375 0.801271484375 0.9003486328125 0.799318359375
9 0.969845703125 0.932353515625 0.96878515625 0.9021123046875 0.91519921875 0.904234375 0.9150224609375 0.93323828125 0.969845703125 0.932353515625
9 0.97214453125 0.8826591796875 0.972322265625 0.85577734375 0.9182060546875 0.858607421875 0.9178515625 0.885134765625 0.97214453125 0.8826591796875
9 0.975681640625 0.837916015625 0.975328125 0.81050390625 0.9183828125 0.81244921875 0.919443359375 0.8393310546875 0.975681640625 0.837916015625
9 0.9750263671875 0.795095703125 0.97382421875 0.7671103515625 0.9206005859375 0.7683115234375 0.9207724609375 0.79646875 0.9750263671875 0.795095703125
9 1 0.7665732421875 0.9934638671875 0.766759765625 0.993837890625 0.7925302734375 1 0.79234375 1 0.7665732421875
9 1 0.854943359375 0.9923486328125 0.854943359375 0.9923486328125 0.8803310546875 1 0.8805537109375 1 0.854943359375
9 1 0.906609375 0.9914580078125 0.9075 0.9923486328125 0.9311064453125 1 0.9311064453125 1 0.906609375