0 0.7337470703125 0.34249609375 0.9596533203125 0.340998046875 0.9668837890625 0.33810546875 0.964859375 0.286333984375 0.95820703125 0.2840205078125 0.937083984375 0.279123046875 0.9033515625 0.27726953125 0.866283203125 0.27726953125 0.743884765625 0.278775390625 0.731333984375 0.2860166015625 0.7337470703125 0.34249609375
9 0.9411611328125 0.338802734375 0.936712890625 0.2572529296875 0.7421044921875 0.258365234375 0.7439580078125 0.34102734375 0.9411611328125 0.338802734375
9 0.9604365234375 0.5089462890625 0.9552470703125 0.419982421875 0.7428466796875 0.42146484375 0.743216796875 0.5130234375 0.9604365234375 0.5089462890625
0 0.9849013671875 0.5096875 0.9819365234375 0.446671875 0.9608076171875 0.447783203125 0.8114228515625 0.4492666015625 0.736544921875 0.4488955078125 0.7372861328125 0.51339453125 0.9849013671875 0.5096875
9 0.9745224609375 0.6968818359375 0.9641435546875 0.5879013671875 0.746552734375 0.59049609375 0.7476650390625 0.7035537109375 0.9745224609375 0.6968818359375
0 1 0.7025498046875 0.9968349609375 0.6281728515625 0.9820234375 0.627529296875 0.7387685546875 0.6357197265625 0.739880859375 0.7109677734375 1 0.7025498046875
9 0.7519814453125 0.7808837890625 0.7530322265625 0.907001953125 0.9821474609375 0.89754296875 0.975841796875 0.7730009765625 0.7519814453125 0.7808837890625
0 1 0.9058798828125 0.99902734375 0.8280869140625 0.9411943359375 0.8296220703125 0.8372998046875 0.833716796875 0.7435732421875 0.837111328125 0.7451494140625 0.915935546875 1 0.9058798828125
9 0.8552119140625 1 0.8531650390625 0.9662724609375 0.7738369140625 0.9688310546875 0.7738369140625 1 0.8552119140625 1
9 0.97701953125 1 0.97497265625 0.959619140625 0.89769140625 0.964224609375 0.89769140625 1 0.97701953125 1
9 0.5239189453125 0.2664638671875 0.520431640625 0.3396904296875 0.655552734375 0.3277763671875 0.65526171875 0.2519345703125 0.5239189453125 0.2664638671875
9 0.5154921875 0.4143701171875 0.51316796875 0.498638671875 0.6546806640625 0.48643359375 0.65526171875 0.40274609375 0.5154921875 0.4143701171875
9 0.6546806640625 0.6663037109375 0.6549716796875 0.5709931640625 0.507646484375 0.580873046875 0.5056123046875 0.67240625 0.6546806640625 0.6663037109375
9 0.65671484375 0.8612841796875 0.6546806640625 0.756384765625 0.5027060546875 0.7619052734375 0.5000908203125 0.8627373046875 0.65671484375 0.8612841796875
5 0.2447275390625 0.9420009765625 0.244314453125 1 0.7202451171875 0.99955078125 0.719921875 0.9565556640625 0.724771484375 0.962375 0.72800390625 0.960435546875 0.7231552734375 0.9365126953125 0.4164736328125 0.9360263671875 0.2492724609375 0.9371806640625 0.24941015625 0.9400732421875 0.2447275390625 0.9420009765625
0 0.2031044921875 0.8706953125 0.204060546875 0.8995458984375 0.223740234375 0.9041318359375 0.261380859375 0.9050869140625 0.393498046875 0.908947265625 0.4183017578125 0.91359765625 0.4221767578125 0.907138671875 0.4221767578125 0.849263671875 0.3932392578125 0.8428037109375 0.2409033203125 0.8438720703125 0.205779296875 0.8443271484375 0.1964169921875 0.8513974609375 0.2031044921875 0.8706953125
0 0.22071875 0.6709521484375 0.2100556640625 0.6792158203125 0.2156533203125 0.69680859375 0.213787109375 0.735994140625 0.396919921875 0.7255986328125 0.423576171875 0.732529296875 0.426775390625 0.7239990234375 0.4291748046875 0.664287109375 0.401984375 0.6528251953125 0.22071875 0.6709521484375
9 0.2812294921875 0.634431640625 0.2774970703125 0.725865234375 0.400384765625 0.7168017578125 0.4203779296875 0.7250654296875 0.4259755859375 0.622169921875 0.2812294921875 0.634431640625
9 0.4049169921875 0.90873046875 0.414513671875 0.8652802734375 0.41637890625 0.78957421875 0.2681669921875 0.7965048828125 0.2647021484375 0.9057978515625 0.4049169921875 0.90873046875
9 0.29648046875 0.483544921875 0.2924072265625 0.5544072265625 0.3453505859375 0.54626171875 0.4001943359375 0.538931640625 0.4107822265625 0.537845703125 0.41594140625 0.54083203125 0.4308740234375 0.5525068359375 0.4316884765625 0.507166015625 0.4349462890625 0.4536796875 0.29648046875 0.483544921875
0 0.234849609375 0.51123828125 0.2253466796875 0.517482421875 0.2310478515625 0.534587890625 0.2283330078125 0.571240234375 0.410044921875 0.5444267578125 0.4327822265625 0.5561787109375 0.4353369140625 0.495375 0.412599609375 0.4892431640625 0.3722294921875 0.487345703125 0.2910498046875 0.5017353515625 0.234849609375 0.51123828125
0 0.2929501953125 0.3526806640625 0.254125 0.3631640625 0.245783203125 0.3676328125 0.2514443359375 0.378953125 0.2475712890625 0.415001953125 0.3619716796875 0.3914658203125 0.4215556640625 0.37567578125 0.4465810546875 0.39116796875 0.447978515625 0.337748046875 0.425986328125 0.3287890625 0.2929501953125 0.3526806640625
9 0.305962890625 0.343798828125 0.3011962890625 0.3992119140625 0.4227470703125 0.374484375 0.445091796875 0.3875927734375 0.4477724609375 0.2955361328125 0.3759736328125 0.313708984375 0.31102734375 0.3300947265625 0.305962890625 0.343798828125
9 0.175623046875 0.374900390625 0.165134765625 0.434259765625 0.2336435546875 0.4056953125 0.2425693359375 0.344328125 0.175623046875 0.374900390625
9 0.154646484375 0.5012060546875 0.146166015625 0.5685986328125 0.21512109375 0.54873828125 0.2220390625 0.4768818359375 0.154646484375 0.5012060546875
9 0.1361240234375 0.638892578125 0.1305458984375 0.7129794921875 0.1995 0.7033837890625 0.205302734375 0.6228251953125 0.1361240234375 0.638892578125
9 0.1213154296875 0.783806640625 0.1167763671875 0.864890625 0.18898828125 0.86262109375 0.19352734375 0.7776171875 0.1213154296875 0.783806640625
1 0.24423046875 1 0.243990234375 0.9420869140625 0.2486416015625 0.9398623046875 0.2489443359375 0.93076171875 0.243484375 0.9291435546875 0.24075390625 0.9183251953125 0.219875 0.9041201171875 0.20431640625 0.90017578125 0.169466796875 0.8892294921875 0.1518115234375 0.8874208984375 0.1241806640625 0.8858603515625 0.077064453125 0.8816640625 0.0282314453125 0.8767041015625 0.0082021484375 0.874796875 0 0.87460546875 0 1 0.24423046875 1
0 0.0699423828125 0.4569970703125 0.0365400390625 0.4852275390625 0.034314453125 0.523251953125 0.0771611328125 0.493017578125 0.09385546875 0.4787353515625 0.1203798828125 0.48782421875 0.12337890625 0.45287109375 0.0998583984375 0.436984375 0.0699423828125 0.4569970703125
9 0.09311328125 0.569623046875 0.0790166015625 0.5787119140625 0.075677734375 0.6132119140625 0.09812109375 0.6187763671875 0.1022021484375 0.6154375 0.1081376953125 0.562759765625 0.09311328125 0.569623046875
0 0.011685546875 0.6070908203125 0.01112890625 0.6126552734375 0.01725 0.6146953125 0.01613671875 0.64455859375 0.0730810546875 0.6130263671875 0.10312890625 0.6219296875 0.1068388671875 0.5731474609375 0.075306640625 0.5677685546875 0.041548828125 0.5885419921875 0.011685546875 0.6070908203125
0 0.0842060546875 0.708447265625 0.0595009765625 0.70409765625 0.0019140625 0.72862890625 0.002783203125 0.7695146484375 0.058798828125 0.7536240234375 0.09162890625 0.75955859375 0.093298828125 0.71003515625 0.0842060546875 0.708447265625
9 0.0597900390625 0.749341796875 0.09055859375 0.7530517578125 0.0925224609375 0.7094091796875 0.0940498046875 0.684314453125 0.0635 0.693916015625 0.0597900390625 0.749341796875
9 0.0589169921875 0.860193359375 0.0829208984375 0.8632490234375 0.083357421875 0.8169873046875 0.083138671875 0.81655078125 0.059353515625 0.8226611328125 0.0589169921875 0.860193359375
0 0 0.87412109375 0.0123046875 0.8748046875 0.029296875 0.876171875 0.0509765625 0.8787109375 0.0871181640625 0.8825 0.0871181640625 0.8503232421875 0.0478193359375 0.84854296875 0.0244072265625 0.8494765625 0.006720703125 0.851421875 0 0.8522626953125 0 0.87412109375
0 0.0310673828125 0.5494677734375 0.0077099609375 0.5458388671875 0.0009072265625 0.561939453125 0.0054423828125 0.626796875 0.008390625 0.6263427734375 0.005896484375 0.586658203125 0.0249453125 0.5900595703125 0.0310673828125 0.5494677734375
0 0 0.6996044921875 0.009205078125 0.6993486328125 0.0145751953125 0.6535771484375 0 0.652298828125 0 0.6996044921875
9 0.2705322265625 0.272791015625 0.272791015625 0.2530234375 0.2431396484375 0.2648837890625 0.242857421875 0.2860634765625 0.2705322265625 0.272791015625
9 0.4288447265625 0.2293896484375 0.4311220703125 0.1916455078125 0.3832919921875 0.20108203125 0.381990234375 0.2375234375 0.4288447265625 0.2293896484375
9 0.6390693359375 0.192326171875 0.6368408203125 0.154115234375 0.5788876953125 0.161439453125 0.5776142578125 0.163986328125 0.5795244140625 0.1983759765625 0.6390693359375 0.192326171875
9 0.8637236328125 0.180669921875 0.859005859375 0.139158203125 0.79909765625 0.1386865234375 0.7995693359375 0.180669921875 0.8637236328125 0.180669921875
9 0.1521337890625 0.3251162109375 0.1518525390625 0.33046875 0.16509375 0.326806640625 0.1667841796875 0.3180732421875 0.1521337890625 0.3251162109375
2 1 0.179029296875 0.9919541015625 0.1776201171875 0.8792021484375 0.1671962890625 0.8783564453125 0.137896484375 0.880892578125 0.1238095703125 0.878919921875 0.117048828125 0.768849609375 0.11817578125 0.76800390625 0.1649423828125 0.6738330078125 0.1697314453125 0.65495703125 0.12324609375 0.5491767578125 0.1373330078125 0.5480498046875 0.142404296875 0.5587548828125 0.1615615234375 0.557064453125 0.1922705078125 0.54410546875 0.195087890625 0.51340234375 0.202130859375 0.509458984375 0.2004404296875 0.5015703125 0.19846875 0.49508984375 0.19875 0.4897373046875 0.199876953125 0.453685546875 0.1626884765625 0.4474873046875 0.15987109375 0.361177734375 0.1855693359375 0.361177734375 0.1909228515625 0.3707568359375 0.199375 0.363712890625 0.241916015625 0.3411748046875 0.2481142578125 0.2870830078125 0.2174052734375 0.2791943359375 0.2185322265625 0.2228486328125 0.2482041015625 0.2217216796875 0.2521484375 0.229609375 0.2594736328125 0.223412109375 0.292435546875 0.214396484375 0.2966611328125 0.1794619140625 0.284546875 0.170728515625 0.2848291015625 0.138892578125 0.310748046875 0.134580078125 0.3146865234375 0.1335615234375 0.318591796875 0.134240234375 0.32130859375 0.13950390625 0.32317578125 0.1388251953125 0.333873046875 0.1188544921875 0.3491650390625 0.107818359375 0.3491650390625 0.104931640625 0.350693359375 0.0933857421875 0.3695400390625 0.0541640625 0.4081708984375 0.02580859375 0.4618134765625 0.0241103515625 0.467755859375 0.0241103515625 0.53376171875 0.0290341796875 0.5405458984375 0.0293740234375 0.5480166015625 0.007470703125 0.5449599609375 0 0.561599609375 0.004923828125 0.62653515625 0.016197265625 0.6281201171875 0.0143720703125 0.6527578125 0 0.651845703125 0 0.72327734375 0.005921875 0.723572265625 0.0057734375 0.725869140625 0.001443359375 0.728466796875 0.0018759765625 0.761552734375 0.0021650390625 0.776912109375 0.001587890625 0.79451953125 0 0.829158203125 0 0.873619140625 0.034123046875 0.876548828125 0.086111328125 0.882212890625 0.1176162109375 0.884068359375 0.16981640625 0.888658203125 0.20301953125 0.899498046875 0.2197646484375 0.9034267578125 0.241015625 0.9179775390625 0.2431640625 0.9284267578125 0.2494140625 0.9304775390625 0.2498046875 0.9401455078125 0.2451171875 0.9424892578125 0.244140625 1 1 1 1 0.179029296875