9 0.178458984375 0.3624912109375 0.1778291015625 0.3187578125 0.1510224609375 0.3158671875 0.150130859375 0.359974609375 0.178458984375 0.3624912109375
9 0.2532568359375 0.3701357421875 0.2556943359375 0.32537890625 0.23772265625 0.3214208984375 0.2352861328125 0.3683095703125 0.2532568359375 0.3701357421875
9 0.3540078125 0.2732841796875 0.3567314453125 0.18498828125 0.3353291015625 0.1986015625 0.3318271484375 0.28223046875 0.3540078125 0.2732841796875
9 0.44452734375 0.2266005859375 0.446818359375 0.134091796875 0.4184267578125 0.1502744140625 0.4161220703125 0.2371337890625 0.44452734375 0.2266005859375
9 0.5618486328125 0.1704267578125 0.559443359375 0.0704033203125 0.522462890625 0.09057421875 0.5228818359375 0.1872568359375 0.5618486328125 0.1704267578125
9 0.5647353515625 0.4032685546875 0.56088671875 0.2825673828125 0.5185517578125 0.2979560546875 0.519513671875 0.4167333984375 0.5647353515625 0.4032685546875
9 0.444322265625 0.43563671875 0.4453701171875 0.3236162109375 0.41394921875 0.3361787109375 0.41290234375 0.4429658203125 0.444322265625 0.43563671875
9 0.353203125 0.4974052734375 0.3552978515625 0.3602578125 0.3307744140625 0.370541015625 0.3296376953125 0.5015927734375 0.353203125 0.4974052734375
9 0.5668974609375 0.655068359375 0.5635869140625 0.5230986328125 0.5255107421875 0.530544921875 0.528822265625 0.6534140625 0.5668974609375 0.655068359375
9 0.7845478515625 0.6424609375 0.778849609375 0.4939765625 0.726310546875 0.503783203125 0.7308271484375 0.64530859375 0.7845478515625 0.6424609375
0 1 0.23802734375 0.6920498046875 0.3188310546875 0.6921083984375 0.350029296875 1 0.276392578125 1 0.23802734375
9 0.8611064453125 0.1847294921875 0.8518212890625 0.080154296875 0.809876953125 0.068193359375 0.8177744140625 0.173591796875 0.8611064453125 0.1847294921875
9 0.8889638671875 0.2992880859375 0.88401171875 0.2714423828125 0.8177744140625 0.2578291015625 0.82025 0.3147578125 0.8889638671875 0.2992880859375
9 0.9994951171875 0.2010888671875 0.9994951171875 0.1129775390625 0.970662109375 0.1088603515625 0.989609375 0.19944140625 0.9994951171875 0.2010888671875
9 0.1717705078125 0.456705078125 0.172638671875 0.40639453125 0.1451728515625 0.406306640625 0.144869140625 0.455837890625 0.1717705078125 0.456705078125
9 0.2516064453125 0.46234375 0.2537763671875 0.413333984375 0.2346845703125 0.412466796875 0.232515625 0.46191015625 0.2516064453125 0.46234375
9 0.093236328125 0.440744140625 0.092802734375 0.3960712890625 0.056857421875 0.3958037109375 0.058525390625 0.439443359375 0.093236328125 0.440744140625
9 0.09540625 0.548796875 0.093669921875 0.491546875 0.0326044921875 0.4933232421875 0.0324921875 0.54836328125 0.09540625 0.548796875
9 0.17101953125 0.5563857421875 0.169607421875 0.499912109375 0.1352490234375 0.4999208984375 0.1375927734375 0.55685546875 0.17101953125 0.5563857421875
9 0.25341015625 0.5563857421875 0.252939453125 0.509794921875 0.2331484375 0.5087265625 0.23363671875 0.5559150390625 0.25341015625 0.5563857421875
9 0.0775703125 0.6514091796875 0.0775703125 0.6011240234375 0.07137890625 0.5980302734375 0.0651865234375 0.5972568359375 0.0582216796875 0.5972568359375 0.0520302734375 0.5988037109375 0.04816015625 0.6034453125 0.0497080078125 0.6502490234375 0.0775703125 0.6514091796875
9 0.254025390625 0.6502490234375 0.2524775390625 0.5999638671875 0.247447265625 0.5988037109375 0.2428037109375 0.5984169921875 0.238546875 0.5991904296875 0.235056640625 0.60205859375 0.2362255859375 0.6514091796875 0.254025390625 0.6502490234375
8 0 0.5273740234375 0.01293359375 0.5435634765625 0.025994140625 0.54721875 0.046369140625 0.5534853515625 0.0557724609375 0.6720302734375 0.0683115234375 0.6850859375 0.0589072265625 0.557140625 0.0761474609375 0.549830078125 0.1048818359375 0.549830078125 0.116375 0.552962890625 0.123689453125 0.5670634765625 0.133615234375 0.5853408203125 0.1393623046875 0.6762080078125 0.1545126953125 0.6772529296875 0.1503330078125 0.6057080078125 0.15503515625 0.583251953125 0.1639169921875 0.5644521484375 0.1816796875 0.5341630859375 0.1973525390625 0.512751953125 0.2135478515625 0.49186328125 0.2177275390625 0.468884765625 0.2125029296875 0.4568740234375 0.201009765625 0.4563515625 0.19160546875 0.4610517578125 0.1832470703125 0.4694072265625 0.1586923828125 0.49590234375 0.160259765625 0.4854580078125 0.1529453125 0.47240234375 0.1529453125 0.4541240234375 0.1555576171875 0.440546875 0.1534677734375 0.424357421875 0.1456318359375 0.41182421875 0.1289140625 0.407646484375 0.1242119140625 0.3972021484375 0.1221220703125 0.3831015625 0.1137626953125 0.36795703125 0.103314453125 0.3611689453125 0.0886865234375 0.3475908203125 0.0845068359375 0.3340126953125 0.076669921875 0.3240908203125 0.0536826171875 0.3240908203125 0.0385322265625 0.3267021484375 0.0244267578125 0.3308798828125 0.00875390625 0.319390625 0.00039453125 0.313646484375 0 0.5273740234375
3 1 0.6148466796875 0.9397685546875 0.6185390625 0.8271142578125 0.6240771484375 0.69106640625 0.7280712890625 0.7027626953125 0.8019140625 0.8228046875 0.7150673828125 0.937306640625 0.717529296875 1 0.7126064453125 1 0.6148466796875
1 0.0508154296875 0.70632421875 0.0463017578125 0.70632421875 0.04146484375 0.70761328125 0.036306640625 0.7121259765625 0.0324375 0.7208271484375 0.0263115234375 0.72340625 0.017927734375 0.728884765625 0.0111572265625 0.7533798828125 0.0118017578125 0.7811611328125 0.0153486328125 0.8059775390625 0.016638671875 0.81661328125 0.0224423828125 0.8230595703125 0.0314697265625 0.8243486328125 0.0421103515625 0.8172578125 0.0433994140625 0.8050107421875 0.0772548828125 0.8227373046875 0.080478515625 0.85077734375 0.08789453125 0.8656025390625 0.1056279296875 0.869470703125 0.11530078125 0.8662470703125 0.1214267578125 0.85593359375 0.12723046875 0.8411083984375 0.23330859375 0.8452978515625 0.241369140625 0.85206640625 0.24878515625 0.8627021484375 0.2639384765625 0.8675361328125 0.2755458984375 0.8646357421875 0.28521875 0.8598017578125 0.29166796875 0.85206640625 0.29164453125 0.8402841796875 0.2926904296875 0.8287802734375 0.2958291015625 0.81727734375 0.2972236328125 0.80158984375 0.2919931640625 0.7737021484375 0.2853671875 0.7506953125 0.27525390625 0.73466015625 0.254677734375 0.713046875 0.2473544921875 0.7038095703125 0.2379384765625 0.692130859375 0.2211767578125 0.687544921875 0.186203125 0.679640625 0.1272705078125 0.6762744140625 0.0916171875 0.6760087890625 0.079033203125 0.68001171875 0.0687900390625 0.68745703125 0.0622724609375 0.6916455078125 0.0508154296875 0.70632421875
1 0.0003876953125 0.790267578125 0.0119775390625 0.793357421875 0.0102099609375 0.7519228515625 0.0162998046875 0.7285283203125 0.02455078125 0.72263671875 0.0324091796875 0.71831640625 0.0324091796875 0.71380078125 0.0333916015625 0.71105078125 0.04341015625 0.70516015625 0.0512685546875 0.704177734375 0.061046875 0.69053515625 0.06679296875 0.6860009765625 0.052880859375 0.6730009765625 0.0425986328125 0.6672578125 0.00003515625 0.662189453125 0.0003876953125 0.790267578125
8 0 0.0941298828125 0.0149140625 0.105734375 0.0448115234375 0.121744140625 0.0629638671875 0.1206767578125 0.08218359375 0.1121376953125 0.12169140625 0.10146484375 0.13130078125 0.0694443359375 0.138775390625 0.0363564453125 0.1366396484375 0.00006640625 0 0.0011337890625 0 0.0941298828125
9 0.4560498046875 0.0000576171875 0.42072265625 0 0.423802734375 0.0215205078125 0.4560498046875 0.0000576171875
2 0.37250390625 0 0.2676123046875 0.052814453125 0.2726064453125 0.130369140625 0.222658203125 0.1678154296875 0.22598828125 0.1802978515625 0.2268203125 0.188619140625 0.260119140625 0.19860546875 0.252626953125 0.2918056640625 0.2476328125 0.2926376953125 0.2318154296875 0.3084482421875 0.1951865234375 0.303455078125 0.1893583984375 0.2943017578125 0.1777041015625 0.2843154296875 0.1627197265625 0.2834833984375 0.1518974609375 0.2868125 0.1377451171875 0.299294921875 0.1369130859375 0.3117763671875 0.1044462890625 0.3084482421875 0.10361328125 0.2934697265625 0.0936240234375 0.274330078125 0.08862890625 0.2560234375 0.0836337890625 0.242708984375 0.0728115234375 0.2377158203125 0.0653193359375 0.246037109375 0.0594921875 0.2651767578125 0.0503349609375 0.273498046875 0.04533984375 0.28764453125 0.047837890625 0.2984619140625 0 0.2941220703125 0 0.6605615234375 0.0383994140625 0.66551953125 0.050146484375 0.668650390625 0.067634765625 0.6848271484375 0.0908662109375 0.674390625 0.178634765625 0.6753818359375 0.2401279296875 0.6894765625 0.2530537109375 0.7098359375 0.278904296875 0.73528515625 0.4470927734375 0.7674248046875 0.4460771484375 0.7486416015625 0.4455693359375 0.7418720703125 0.4523408203125 0.73747265625 0.4665615234375 0.7386572265625 0.47028515625 0.740857421875 0.472486328125 0.7660712890625 0.6969853515625 0.795443359375 0.688236328125 0.7266708984375 0.825126953125 0.620953125 0.9996142578125 0.6092138671875 1 0.0433349609375 0.906275390625 0 0.37250390625 0
4 0.999810546875 0.716939453125 0.8267353515625 0.720962890625 0.69551953125 0.8086728515625 0.69551953125 0.8247666015625 1 0.8513203125 0.997369140625 0.72725390625 0.999810546875 0.716939453125
4 0.46571484375 0.768779296875 0.4707939453125 0.766240234375 0.4696083984375 0.7423798828125 0.4665615234375 0.7395029296875 0.4523408203125 0.7389951171875 0.44929296875 0.740349609375 0.446923828125 0.7418720703125 0.44675390625 0.7461025390625 0.447939453125 0.7679326171875 0.46571484375 0.768779296875
6 1 0.85378515625 0.6931337890625 0.827083984375 0.693462890625 0.807353515625 0.7007001953125 0.7981455078125 0.658951171875 0.792498046875 0.47237890625 0.76748046875 0.4667412109375 0.7698017578125 0.453642578125 0.7693037109375 0.446427734375 0.76896484375 0.28001953125 0.737603515625 0.286435546875 0.748265625 0.300212890625 0.79983203125 0.298931640625 0.815205078125 0.2957275390625 0.8273759765625 0.2930947265625 0.8532958984375 0.28130859375 0.865810546875 0.261443359375 0.869333984375 0.2476650390625 0.864529296875 0.2412568359375 0.8536396484375 0.23292578125 0.8475546875 0.130291015625 0.845392578125 0.1146865234375 0.869740234375 0.105552734375 0.871642578125 0.0888076171875 0.86821875 0.0811953125 0.860990234375 0.0751064453125 0.8244697265625 0.0458017578125 0.809251953125 0.0438984375 0.8191435546875 0.0317197265625 0.8256103515625 0.0214443359375 0.823708984375 0.01459375 0.8187626953125 0.0111689453125 0.7944150390625 0.0001318359375 0.792513671875 0 1 1 1 1 0.85378515625