2 1 0.0145009765625 0.8628349609375 0.0471298828125 0.5452724609375 0.1328125 0.5139248046875 0.144361328125 0.54446484375 0.1781806640625 0.5004921875 0.189173828125 0.4280224609375 0.2299404296875 0.314884765625 0.308724609375 0.1787861328125 0.407205078125 0.095830078125 0.4717900390625 0.0944306640625 0.4750634765625 0.094166015625 0.4769150390625 0.1050107421875 0.476650390625 0.10765625 0.4819404296875 0.1092431640625 0.4922568359375 0.11224609375 0.533697265625 0.10165625 0.5331669921875 0.05665234375 0.5633466796875 0.037591796875 0.56069921875 0 0.5681123046875 0.000529296875 0.9228505859375 0.0391796875 0.926556640625 0.0391796875 0.8969072265625 0.120716796875 0.8974365234375 0.1620146484375 0.899025390625 0.2371982421875 0.9027314453125 0.2451943359375 0.8794345703125 0.2631953125 0.874669921875 0.4257939453125 0.8709638671875 0.4628564453125 0.868845703125 0.6031884765625 0.8534912109375 0.6334384765625 0.849255859375 0.6440283203125 0.843431640625 0.72084765625 0.8402548828125 0.8431533203125 0.83125390625 0.8495068359375 0.8286064453125 0.8893115234375 0.8211943359375 0.967671875 0.8153701171875 0.9745556640625 0.8116640625 1 0.811134765625 1 0.0145009765625
9 0.162845703125 0.4138427734375 0.16246875 0.3865546875 0.1505224609375 0.396111328125 0.1498935546875 0.42264453125 0.162845703125 0.4138427734375
9 0.21321875 0.3760009765625 0.2127646484375 0.3478291015625 0.1987919921875 0.3581669921875 0.198337890625 0.3866796875 0.21321875 0.3760009765625
9 0.2690673828125 0.33303515625 0.2679970703125 0.3023583984375 0.25515625 0.3122275390625 0.2547998046875 0.342427734375 0.2690673828125 0.33303515625
9 0.3355986328125 0.2852890625 0.33458203125 0.2539853515625 0.3215732421875 0.2643525390625 0.3214716796875 0.2939287109375 0.3355986328125 0.2852890625
9 0.4137939453125 0.22815625 0.412666015625 0.193419921875 0.3971025390625 0.2046982421875 0.3971025390625 0.2403369140625 0.4137939453125 0.22815625
9 0.511533203125 0.17211328125 0.509931640625 0.1509326171875 0.4969384765625 0.1347353515625 0.484123046875 0.1423896484375 0.4862587890625 0.1827919921875 0.511533203125 0.17211328125
9 0.5073818359375 0.321470703125 0.56214453125 0.306427734375 0.55843359375 0.2501513671875 0.489265625 0.2786396484375 0.4608125 0.2932626953125 0.46120703125 0.3408232421875 0.5073818359375 0.321470703125
9 0.4035205078125 0.3704326171875 0.4030888671875 0.33950390625 0.364103515625 0.3642470703125 0.36352734375 0.39445703125 0.4035205078125 0.3704326171875
9 0.317234375 0.42078125 0.3160712890625 0.3831630859375 0.2642978515625 0.4161279296875 0.263521484375 0.4547158203125 0.317234375 0.42078125
9 0.16666796875 0.5123583984375 0.165619140625 0.4820546875 0.13368359375 0.503267578125 0.1339169921875 0.53287109375 0.16666796875 0.5123583984375
9 0.1622265625 0.6480556640625 0.162470703125 0.602052734375 0.12924609375 0.6206728515625 0.12778515625 0.6618076171875 0.1622265625 0.6480556640625
9 0.2867236328125 0.589080078125 0.2875048828125 0.59559375 0.3190302734375 0.5832177734375 0.3165556640625 0.5283740234375 0.264447265625 0.556251953125 0.2654892578125 0.596765625 0.2867236328125 0.589080078125
9 0.38276953125 0.557490234375 0.3826298828125 0.547869140625 0.40940234375 0.53657421875 0.4066142578125 0.4957177734375 0.36519921875 0.514681640625 0.365478515625 0.56418359375 0.38276953125 0.557490234375
9 0.574435546875 0.490431640625 0.574435546875 0.4869697265625 0.5768037109375 0.4855126953125 0.576056640625 0.420837890625 0.509560546875 0.4417890625 0.4683876953125 0.4580029296875 0.470208984375 0.515025390625 0.574435546875 0.490431640625
9 0.4881865234375 0.7286015625 0.487634765625 0.7170126953125 0.485427734375 0.715541015625 0.4863310546875 0.709208984375 0.585919921875 0.693990234375 0.586591796875 0.61454296875 0.5234580078125 0.625732421875 0.473328125 0.63916015625 0.4739990234375 0.731140625 0.4881865234375 0.7286015625
9 0.4088046875 0.742390625 0.4083271484375 0.6597705078125 0.363673828125 0.6738583984375 0.3648671875 0.7512255859375 0.4088046875 0.742390625
9 0.3159921875 0.761349609375 0.315638671875 0.6864169921875 0.26350390625 0.700908203125 0.2626201171875 0.7712470703125 0.3159921875 0.761349609375
9 0.1599033203125 0.7901396484375 0.15975 0.7320205078125 0.1240791015625 0.7401689453125 0.1240791015625 0.7962890625 0.1599033203125 0.7901396484375
9 0.2252021484375 0.9241298828125 0.224966796875 0.851810546875 0.19222265625 0.8551083984375 0.1926943359375 0.922009765625 0.2252021484375 0.9241298828125
9 0.3167197265625 0.8770126953125 0.317087890625 0.8436640625 0.259787109375 0.848638671875 0.2605244140625 0.8779345703125 0.3167197265625 0.8770126953125
9 0.4140009765625 0.874001953125 0.4135146484375 0.846142578125 0.3657333984375 0.85019140625 0.3657333984375 0.87383984375 0.4140009765625 0.874001953125
9 0.593107421875 0.8575166015625 0.5935107421875 0.8160009765625 0.478234375 0.827689453125 0.4778310546875 0.8696083984375 0.593107421875 0.8575166015625
9 0.02941796875 0.637734375 0.0394638671875 0.637447265625 0.0552490234375 0.6396005859375 0.0561103515625 0.6124775390625 0.047212890625 0.616208984375 0.0304228515625 0.6175 0.02941796875 0.637734375
9 0 0.7561376953125 0.0260302734375 0.754369140625 0.02653515625 0.7225263671875 0 0.723537109375 0 0.7561376953125
9 0 0.8359970703125 0.0260302734375 0.83448046875 0.02577734375 0.7864638671875 0 0.786716796875 0 0.8359970703125
9 0.760818359375 0.0512666015625 0.7518193359375 0.0040908203125 0.7125498046875 0.015984375 0.7234013671875 0.0632041015625 0.760818359375 0.0512666015625
9 0.92795703125 0.0117373046875 0.923671875 0 0.8798916015625 0.00055859375 0.8862255859375 0.022169921875 0.92795703125 0.0117373046875
9 0.99926171875 0.188228515625 1 0.1062880859375 0.9602548828125 0.1151884765625 0.9817216796875 0.1926796875 0.99926171875 0.188228515625
9 0.7519111328125 0.244291015625 0.7363583984375 0.1560673828125 0.597453125 0.1960224609375 0.6041572265625 0.280759765625 0.7519111328125 0.244291015625
9 0.7810185546875 0.4466689453125 0.7684443359375 0.3452529296875 0.61396484375 0.3777822265625 0.620525390625 0.47783203125 0.7810185546875 0.4466689453125
9 0.8023369140625 0.674390625 0.7939150390625 0.55778125 0.6290419921875 0.5856376953125 0.634548828125 0.696740234375 0.8023369140625 0.674390625
1 0.472775390625 1 0.4712744140625 0.9929794921875 0.46731640625 0.9889951171875 0.4376025390625 0.98764453125 0.394044921875 0.98696875 0.32554296875 0.9857001953125 0.30286328125 0.9874443359375 0.2144775390625 0.986138671875 0.16653515625 0.9859091796875 0.12845703125 0.9826982421875 0.10368359375 0.9875146484375 0.0844150390625 1 0.472775390625 1
3 1 0.9577744140625 0.9336337890625 0.962689453125 0.8645478515625 0.9687216796875 0.690876953125 0.9743076171875 0.563056640625 0.972966796875 0.5011328125 0.970509765625 0.416443359375 0.96648828125 0.4166669921875 0.960232421875 0.4129453125 0.9559326171875 0.26258203125 0.9564521484375 0.2511240234375 0.954115234375 0.24748828125 0.952296875 0.21294921875 0.951517578125 0.2090537109375 0.9481416015625 0.1766904296875 0.946779296875 0.1126494140625 0.9441484375 0.0734189453125 0.938669921875 0.0346279296875 0.9329716796875 0.0390107421875 0.932314453125 0.0409833984375 0.9288076171875 0.0276142578125 0.9272734375 0.0004384765625 0.92530078125 0 0.9747490234375 0.0266591796875 0.9772880859375 0.0253896484375 0.980884765625 0.0266591796875 0.9863857421875 0.03596875 0.993791015625 0.0613583984375 1 0.0827275390625 0.9997158203125 0.0920908203125 0.9934404296875 0.1030048828125 0.986845703125 0.1273349609375 0.9816162109375 0.16553515625 0.98469921875 0.2341142578125 0.9856455078125 0.3039736328125 0.9865556640625 0.3259501953125 0.9850322265625 0.3712236328125 0.985828125 0.4204423828125 0.98687109375 0.4548515625 0.9877451171875 0.468072265625 0.9884794921875 0.4715615234375 0.9923359375 0.4732138671875 1 1 1 1 0.9577744140625
8 1 0.8136171875 0.975873046875 0.8136171875 0.97057421875 0.816796875 0.8905224609375 0.823685546875 0.84945703125 0.831103515625 0.8467744140625 0.8342822265625 0.7298798828125 0.841435546875 0.645853515625 0.84541015625 0.632341796875 0.8509736328125 0.5507041015625 0.86024609375 0.463767578125 0.8705791015625 0.366490234375 0.874552734375 0.264732421875 0.876671875 0.245921875 0.880646484375 0.2390126953125 0.903166015625 0.213578125 0.903166015625 0.168009765625 0.9010458984375 0.1401513671875 0.8989267578125 0.077361328125 0.8997216796875 0.0400048828125 0.89919140625 0.04016015625 0.9335107421875 0.0420048828125 0.9337587890625 0.1163134765625 0.9435615234375 0.2061669921875 0.9470400390625 0.213439453125 0.9498857421875 0.245060546875 0.951466796875 0.2611865234375 0.956525390625 0.26285546875 0.9766875 0.3917060546875 0.9807373046875 0.43469921875 0.98644140625 0.467923828125 0.9871962890625 0.472455078125 0.9919794921875 0.4734306640625 1 1 1 1 0.8136171875
6 0 1 0.0596953125 0.9999609375 0.036037109375 0.994458984375 0.026958984375 0.9881318359375 0.0242080078125 0.9820791015625 0.0258583984375 0.9774033203125 0 0.974376953125 0 1
0 0.219009765625 0.4887353515625 0.307953125 0.4352587890625 0.37551171875 0.396423828125 0.41271875 0.37389453125 0.473767578125 0.344072265625 0.531140625 0.3237490234375 0.5703623046875 0.312791015625 0.56803515625 0.3026474609375 0.562068359375 0.29850390625 0.5602451171875 0.291376953125 0.566875 0.2895537109375 0.5663779296875 0.2865703125 0.510984375 0.3024814453125 0.4492958984375 0.328171875 0.3963984375 0.35634765625 0.3236044921875 0.4014296875 0.2630888671875 0.43955078125 0.230087890625 0.459771484375 0.2142158203125 0.4700634765625 0.219009765625 0.4887353515625
0 0.0700458984375 0.6896640625 0.075587890625 0.691326171875 0.1928505859375 0.6442216796875 0.192375 0.62619921875 0.1800361328125 0.6264794921875 0.132802734375 0.646890625 0.07133984375 0.673232421875 0.0700458984375 0.6896640625
0 0.0764248046875 0.5732646484375 0.1167734375 0.5507958984375 0.176583984375 0.5132958984375 0.1949384765625 0.5011123046875 0.1931982421875 0.4868720703125 0.18576171875 0.4865556640625 0.1493681640625 0.5099736328125 0.1110771484375 0.5351318359375 0.0751591796875 0.556966796875 0.0764248046875 0.5732646484375
0 0.21369140625 0.6358134765625 0.3063857421875 0.597623046875 0.4104208984375 0.5553046875 0.5169921875 0.52485546875 0.58356640625 0.50627734375 0.5838251953125 0.4990517578125 0.576857421875 0.4941494140625 0.5750517578125 0.487181640625 0.580728515625 0.484859375 0.580986328125 0.48021484375 0.5154306640625 0.493890625 0.454275390625 0.5101474609375 0.40441796875 0.5300166015625 0.2828134765625 0.5826572265625 0.2108193359375 0.6136220703125 0.21369140625 0.6358134765625
0 0.1755380859375 0.7955595703125 0.188099609375 0.7933828125 0.186591796875 0.77294921875 0.1767109375 0.7732841796875 0.116248046875 0.7855107421875 0.0674794921875 0.79321484375 0.0683173828125 0.811638671875 0.0706796875 0.8111357421875 0.1359990234375 0.801421875 0.1755380859375 0.7955595703125
0 0.2750478515625 0.7779228515625 0.41573828125 0.7515400390625 0.5222373046875 0.73387109375 0.5929130859375 0.7222529296875 0.5926708984375 0.7154755859375 0.58444140625 0.711603515625 0.5834736328125 0.7036162109375 0.5926708984375 0.7028896484375 0.5931552734375 0.6924814453125 0.578875 0.6939345703125 0.4885595703125 0.70821484375 0.4207685546875 0.72055859375 0.3447099609375 0.737017578125 0.2490615234375 0.7580751953125 0.2091240234375 0.76703125 0.2125126953125 0.7868779296875 0.2750478515625 0.7779228515625
9 0.681158203125 0.8380615234375 0.8108564453125 0.8307646484375 0.8087734375 0.788025390625 0.6806376953125 0.798970703125 0.681158203125 0.8380615234375