9 0.3157001953125 0.5351162109375 0.3223173828125 0.2606474609375 0.1349248046875 0.2573818359375 0.1229130859375 0.5319111328125 0.3157001953125 0.5351162109375
9 0.611037109375 0.5261328125 0.6075576171875 0.2762890625 0.4419228515625 0.270025390625 0.4412275390625 0.524044921875 0.611037109375 0.5261328125
9 0.8863388671875 0.5313544921875 0.872478515625 0.2903251953125 0.7235556640625 0.280546875 0.731640625 0.528365234375 0.8863388671875 0.5313544921875
9 0.0015302734375 0 0 0.0007646484375 0 0.2172314453125 0.0481884765625 0.2149365234375 0.07505859375 0 0.0015302734375 0
9 0.1623046875 0 0.1349697265625 0.2118505859375 0.3229013671875 0.2118505859375 0.3416953125 0 0.1623046875 0
9 0.432048828125 0 0.425513671875 0.21711328125 0.6063203125 0.220744140625 0.6063203125 0 0.432048828125 0
9 0.86759765625 0.2386474609375 0.8560498046875 0.026173828125 0.70747265625 0.0123173828125 0.7151708984375 0.227099609375 0.86759765625 0.2386474609375
9 1 0.052021484375 0.9484326171875 0.044263671875 0.966728515625 0.2472890625 1 0.2490595703125 1 0.052021484375
9 1 0.2993662109375 0.972689453125 0.296818359375 0.9893935546875 0.524892578125 0.99973046875 0.525890625 1 0.2993662109375
1 0.850888671875 1 0.7709052734375 0.966609375 0.621560546875 0.9011591796875 0.54152734375 0.8772529296875 0.4865126953125 0.85746875 0.409474609375 0.8482578125 0 0.83234765625 0 1 0.850888671875 1
3 1 0.5902236328125 0.698580078125 0.5927734375 0.4512724609375 0.5927734375 0.253681640625 0.58894921875 0.0599150390625 0.587673828125 0 0.587111328125 0 0.830578125 0.04749609375 0.83148046875 0.3669267578125 0.8429091796875 0.4895 0.8563974609375 0.5457744140625 0.8752607421875 0.6261669921875 0.871869140625 0.8298828125 0.8528251953125 1 0.83753125 1 0.5902236328125
6 1 0.8402890625 0.55179296875 0.8769267578125 0.625130859375 0.8994013671875 0.7203505859375 0.9418701171875 0.8549931640625 1 1 1 1 0.8402890625
2 0 0.5854111328125 0.9985244140625 0.5863681640625 1 0 0 0.0019638671875 0 0.5854111328125
9 0 0.53312109375 0.024091796875 0.53312109375 0.0411884765625 0.25801171875 0.0015546875 0.2587890625 0 0.53312109375
9 0 0.648779296875 0.0369228515625 0.649658203125 0.0378017578125 0.589 0 0.589171875 0 0.648779296875
9 0.310029296875 0.6541845703125 0.310607421875 0.5957646484375 0.08733984375 0.5922939453125 0.0879189453125 0.65302734375 0.310029296875 0.6541845703125
9 0.5998134765625 0.648400390625 0.5969208984375 0.5928720703125 0.381751953125 0.594029296875 0.381751953125 0.6507138671875 0.5998134765625 0.648400390625
0 0.9685595703125 0.2480048828125 0.99872265625 0.2505185546875 1 0.1617060546875 0.96101953125 0.1566787109375 0.9685595703125 0.2480048828125
0 0.71552734375 0.226220703125 0.866341796875 0.23711328125 0.864666015625 0.139083984375 0.713013671875 0.126515625 0.71552734375 0.226220703125
0 0.73228515625 0.5278486328125 0.8839365234375 0.5303623046875 0.8780712890625 0.4239541015625 0.733123046875 0.4222783203125 0.73228515625 0.5278486328125
0 0.4314951171875 0.2136533203125 0.60386328125 0.22070703125 0.6040927734375 0.1198134765625 0.4381982421875 0.1114345703125 0.4314951171875 0.2136533203125
0 0.44238671875 0.5236591796875 0.6066064453125 0.5278486328125 0.6049306640625 0.41808984375 0.4440625 0.41473828125 0.44238671875 0.5236591796875
0 0 0.533818359375 0.02476953125 0.53552734375 0.028185546875 0.4142431640625 0 0.4116806640625 0 0.533818359375
0 0.12982421875 0.524423828125 0.3134580078125 0.5269853515625 0.3134580078125 0.4116806640625 0.13494921875 0.40997265625 0.12982421875 0.524423828125
0 0.1469072265625 0.2092568359375 0.3194375 0.210111328125 0.3245615234375 0.1076181640625 0.1614267578125 0.106763671875 0.1469072265625 0.2092568359375
0 0 0.2169443359375 0.0495380859375 0.21608984375 0.06149609375 0.106763671875 0.0008544921875 0.109326171875 0 0.2169443359375
0 0.989259765625 0.5265595703125 0.9993427734375 0.5265595703125 1 0.425728515625 0.9819775390625 0.425728515625 0.989259765625 0.5265595703125