2 0.001751953125 0 0 0.7668505859375 1 0.8295458984375 0.999728515625 0.0881201171875 0.802216796875 0.0486181640625 0.40871484375 0 0.31976171875 0.0009873046875 0.309740234375 0.0202490234375 0.1454951171875 0 0.001751953125 0
5 0 0.9469189453125 0.101376953125 0.9653505859375 0.3985849609375 0.99991015625 1 1 0.9994990234375 0.830931640625 0.692595703125 0.8107763671875 0.3197294921875 0.7924541015625 0.2354453125 0.7823759765625 0 0.7660595703125 0 0.9469189453125
9 0.261125 0.1302138671875 0.2677490234375 0.101103515625 0.2196376953125 0.094130859375 0.212142578125 0.1218466796875 0.261125 0.1302138671875
9 0.2280673828125 0.2821142578125 0.240341796875 0.2221279296875 0.19084765625 0.2151982421875 0.1773857421875 0.2736015625 0.2280673828125 0.2821142578125
9 0.2023056640625 0.4227587890625 0.2132353515625 0.3577978515625 0.16250390625 0.3520234375 0.15054296875 0.415541015625 0.2023056640625 0.4227587890625
9 0.18124609375 0.5758056640625 0.1901396484375 0.5033115234375 0.1374375 0.4984970703125 0.125984375 0.5675029296875 0.18124609375 0.5758056640625
9 0.16248828125 0.7372578125 0.17056640625 0.6598974609375 0.1149541015625 0.655236328125 0.1071865234375 0.7291796875 0.16248828125 0.7372578125
9 1 0.316263671875 0.9592607421875 0.3124375 0.963873046875 0.4049501953125 1 0.4070029296875 1 0.316263671875
9 0.9997998046875 0.5804794921875 1 0.4779296875 0.9669140625 0.4745283203125 0.9679794921875 0.5784267578125 0.9997998046875 0.5804794921875
9 0.947962890625 0.5763740234375 0.9469375 0.471208984375 0.8709365234375 0.465046875 0.872001953125 0.57021484375 0.947962890625 0.5763740234375
9 0.9459091796875 0.4023837890625 0.9415986328125 0.3084423828125 0.8687333984375 0.3013681640625 0.870462890625 0.3951982421875 0.9459091796875 0.4023837890625
9 0.8693974609375 0.6848955078125 0.8738701171875 0.6871318359375 0.8724189453125 0.751298828125 0.9452841796875 0.7562509765625 0.94431640625 0.6507900390625 0.8693974609375 0.6457578125 0.8693974609375 0.6848955078125
9 1 0.7586962890625 0.9996669921875 0.6530263671875 0.968357421875 0.651908203125 0.968357421875 0.7570185546875 1 0.7586962890625
9 0.84051171875 0.752720703125 0.849181640625 0.644337890625 0.766810546875 0.6389189453125 0.7635595703125 0.7494697265625 0.84051171875 0.752720703125
9 0.742966796875 0.7473017578125 0.7473017578125 0.636208984375 0.65951171875 0.6297060546875 0.65355078125 0.7418828125 0.742966796875 0.7473017578125
9 0.6379970703125 0.7403125 0.6409375 0.630353515625 0.548619140625 0.621533203125 0.5450908203125 0.73384375 0.6379970703125 0.7403125
9 0.525005859375 0.730537109375 0.5322177734375 0.619478515625 0.4406298828125 0.6122666015625 0.4312548828125 0.7254892578125 0.525005859375 0.730537109375
9 0.4147724609375 0.72895703125 0.4234658203125 0.610361328125 0.3334326171875 0.6004267578125 0.322255859375 0.7190224609375 0.4147724609375 0.72895703125
9 0.432158203125 0.5327470703125 0.4427138671875 0.42470703125 0.3557861328125 0.41415234375 0.3458505859375 0.5246748046875 0.432158203125 0.5327470703125
9 0.4501650390625 0.349576171875 0.4625830078125 0.252712890625 0.3824853515625 0.2458828125 0.3663408203125 0.3433671875 0.4501650390625 0.349576171875
9 0.5519951171875 0.3607529296875 0.5613095703125 0.2626484375 0.47996875 0.255197265625 0.4706552734375 0.349576171875 0.5519951171875 0.3607529296875
9 0.6571875 0.37371875 0.6602158203125 0.27377734375 0.5760234375 0.2652978515625 0.571177734375 0.363421875 0.6571875 0.37371875
9 0.7552470703125 0.3834951171875 0.754841796875 0.2838759765625 0.675470703125 0.276181640625 0.670611328125 0.37337109375 0.7552470703125 0.3834951171875
9 0.8500078125 0.391189453125 0.847982421875 0.2972392578125 0.773470703125 0.287115234375 0.7730654296875 0.3843056640625 0.8500078125 0.391189453125
9 0.8509326171875 0.5665537109375 0.8514833984375 0.4634931640625 0.7715703125 0.45467578125 0.7699169921875 0.5604912109375 0.8509326171875 0.5665537109375
9 0.7500771484375 0.55553125 0.7506279296875 0.4508173828125 0.667408203125 0.4442041015625 0.6652041015625 0.5516728515625 0.7500771484375 0.55553125
9 0.6436865234375 0.54765234375 0.6501748046875 0.44383203125 0.5632255859375 0.434748046875 0.555439453125 0.5405146484375 0.6436865234375 0.54765234375
9 0.5375390625 0.5375390625 0.54678125 0.4328037109375 0.457447265625 0.4251025390625 0.4474365234375 0.5321484375 0.5375390625 0.5375390625
9 0.4715771484375 0.188251953125 0.4805634765625 0.105951171875 0.4029921875 0.0988564453125 0.3906943359375 0.17879296875 0.4715771484375 0.188251953125
9 0.565703125 0.198658203125 0.574216796875 0.1158837890625 0.4952265625 0.1050048828125 0.486712890625 0.1887255859375 0.565703125 0.198658203125
9 0.6627099609375 0.2091953125 0.66580859375 0.125517578125 0.5893623046875 0.1162197265625 0.582130859375 0.2004140625 0.6627099609375 0.2091953125
9 0.7572119140625 0.22225 0.7572119140625 0.136380859375 0.681904296875 0.128115234375 0.6800673828125 0.2116884765625 0.7572119140625 0.22225
9 0.849416015625 0.231587890625 0.8474541015625 0.151513671875 0.7744443359375 0.1413076171875 0.7748369140625 0.2233447265625 0.849416015625 0.231587890625
9 0.9378486328125 0.2457626953125 0.9329111328125 0.1656142578125 0.8645380859375 0.153458984375 0.8671962890625 0.2347470703125 0.9378486328125 0.2457626953125
9 1 0.1751103515625 0.952283203125 0.1682734375 0.9549423828125 0.2488017578125 1 0.2537392578125 1 0.1751103515625
7 0.8493662109375 0.9999345703125 0.8513154296875 0.969638671875 0.85521484375 0.911294921875 0.8634638671875 0.9100947265625 0.864814453125 0.869 0.8543017578125 0.868099609375 0.8561015625 0.8261044921875 0.8662998046875 0.8226552734375 0.87019921875 0.81665625 0.8751494140625 0.7206669921875 0.8757490234375 0.68512109375 0.873349609375 0.684521484375 0.8499521484375 0.6956201171875 0.8450029296875 0.69951953125 0.838703125 0.7772099609375 0.836603515625 0.8265546875 0.8467626953125 0.826234375 0.8434296875 0.86851953125 0.8395693359375 0.869572265625 0.837814453125 0.910279296875 0.8416748046875 0.9116826171875 0.8369375 0.9997626953125 0.8493662109375 0.9999345703125
6 0 1 0.3921328125 0.9995712890625 0.265865234375 0.9861748046875 0.1221123046875 0.969171875 0 0.945470703125 0 1
7 0.60336328125 1 0.607251953125 0.880138671875 0.6095400390625 0.8771630859375 0.6132001953125 0.82062109375 0.6061083984375 0.8190185546875 0.6026767578125 0.8751962890625 0.605650390625 0.8774853515625 0.5976435546875 1 0.60336328125 1