1 0.347224609375 0.973818359375 0.557515625 0.97565234375 0.563017578125 0.9903232421875 0.5776884765625 0.9933798828125 0.6003076171875 0.9860439453125 0.6168125 0.972595703125 0.6681630859375 0.962814453125 0.6687744140625 0.9493662109375 0.6632724609375 0.9004609375 0.636375 0.8576689453125 0.61803515625 0.8509443359375 0.480123046875 0.8457109375 0.4280615234375 0.8503388671875 0.3366650390625 0.8850458984375 0.238326171875 0.902400390625 0.225021484375 0.923802734375 0.2198154296875 0.949833984375 0.22212890625 0.964294921875 0.23485546875 0.970658203125 0.27534765625 0.9683447265625 0.2932802734375 0.983384765625 0.30137890625 0.98743359375 0.3106337890625 0.9880126953125 0.3314580078125 0.98627734375 0.3441845703125 0.9758642578125 0.347224609375 0.973818359375
8 0.9479189453125 1 0.9426171875 0.994572265625 0.9288330078125 0.9712451171875 0.934134765625 0.9277724609375 0.916109375 0.9129287109375 0.7273740234375 0.91398828125 0.52402734375 0.91340234375 0.396236328125 0.9091142578125 0.3559267578125 0.9091142578125 0.293318359375 0.90396875 0.2701611328125 0.9022529296875 0.242716796875 0.898822265625 0.2178447265625 0.8962490234375 0.201548828125 0.897107421875 0.1895419921875 0.9022529296875 0.1835380859375 0.9159755859375 0.1835380859375 0.9365595703125 0.1843955078125 0.94856640625 0.1903994140625 0.97601171875 0.1749619140625 1 0.9479189453125 1
1 1 0.86510546875 0.9688095703125 0.874462890625 0.9391796875 0.8845986328125 0.9189072265625 0.8978544921875 0.9138388671875 0.9473671875 0.9177373046875 0.95711328125 0.95711328125 0.9656904296875 0.9734873046875 0.9727080078125 0.9855732421875 0.97699609375 0.988302734375 0.9789453125 0.99921875 0.980115234375 1 0.9785556640625 1 0.86510546875
9 0.1510224609375 0.55497265625 0.05177734375 0.5483671875 0.0422236328125 0.658951171875 0.144291015625 0.6646025390625 0.1510224609375 0.55497265625
9 0.3275390625 0.6678349609375 0.330916015625 0.5627822265625 0.22511328125 0.556404296875 0.218359375 0.66145703125 0.3275390625 0.6678349609375
9 0.474716796875 0.84427734375 0.615197265625 0.8482998046875 0.63785546875 0.8561953125 0.6440341796875 0.8647783203125 0.64287109375 0.5746484375 0.459849609375 0.5674326171875 0.454083984375 0.845001953125 0.474716796875 0.84427734375
9 0.7700380859375 0.693861328125 0.8803388671875 0.6928271484375 0.877513671875 0.57866015625 0.76804296875 0.5760322265625 0.7700380859375 0.693861328125
6 0 1 0.17279296875 0.9995205078125 0.187048828125 0.975708984375 0.1807998046875 0.9319912109375 0.132974609375 0.9249931640625 0 0.8929150390625 0 1
9 1 0.80526171875 0.924021484375 0.808251953125 0.92259375 0.8945400390625 0.93605078125 0.8840478515625 0.952244140625 0.878345703125 1 0.8625048828125 1 0.80526171875
9 0.6933603515625 0.2655322265625 0.697681640625 0.1685380859375 0.585802734375 0.1627763671875 0.5790810546875 0.2583291015625 0.6933603515625 0.2655322265625
9 0.55061328125 0.263248046875 0.5557451171875 0.1631826171875 0.4413115234375 0.157025390625 0.4341279296875 0.255037109375 0.55061328125 0.263248046875
9 1 0.1984658203125 0.9488837890625 0.193435546875 0.9557431640625 0.2922109375 1 0.293125 1 0.1984658203125
9 0.169419921875 0.2556611328125 0.1852392578125 0.1556416015625 0.0842001953125 0.1536005859375 0.0678701171875 0.2515791015625 0.169419921875 0.2556611328125
9 0.3472744140625 0.4680654296875 0.3482177734375 0.4557978515625 0.4218251953125 0.4520234375 0.4284306640625 0.344443359375 0.0722177734375 0.3532802734375 0.0595302734375 0.4586787109375 0.3472744140625 0.4680654296875
9 0.7679521484375 0.4644013671875 0.767326171875 0.4881845703125 1 0.4994501953125 0.9989013671875 0.3736494140625 0.695765625 0.3603896484375 0.697853515625 0.4625234375 0.7679521484375 0.4644013671875
2 0.1877392578125 0.9001650390625 0.207759765625 0.8937431640625 0.2480302734375 0.8980673828125 0.280490234375 0.8922412109375 0.33756640625 0.8815830078125 0.427376953125 0.8497861328125 0.45675390625 0.846869140625 0.4972763671875 0.8455810546875 0.526484375 0.846791015625 0.6134794921875 0.8482509765625 0.6367158203125 0.857072265625 0.6402578125 0.861794921875 0.663669921875 0.8929306640625 0.6684921875 0.9113408203125 0.9182724609375 0.9109599609375 0.9193173828125 0.8958115234375 0.92871875 0.8837978515625 0.9647607421875 0.87126171875 1 0.859248046875 0.996650390625 0.12742578125 0.70842578125 0.0895009765625 0.12620703125 0.0582490234375 0.0582490234375 0.0582490234375 0.047154296875 0.02773828125 0.001572265625 0.0237158203125 0 0.8911259765625 0.1813173828125 0.9300068359375 0.1820732421875 0.912630859375 0.1877392578125 0.9001650390625
8 0.8273623046875 0.917822265625 0.8462919921875 0.918564453125 0.8519296875 0.5718115234375 0.8573623046875 0.5598583984375 0.9019150390625 0.5489912109375 0.9410341796875 0.5576845703125 0.951900390625 0.541384765625 0.9768935546875 0.534865234375 0.9975400390625 0.5207392578125 0.975806640625 0.499005859375 0.99663671875 0.4885693359375 0.9979189453125 0.4063837890625 0.966693359375 0.412888671875 0.948478515625 0.3972763671875 0.9146513671875 0.3985771484375 0.9185537109375 0.376458984375 0.9341669921875 0.3530400390625 0.92245703125 0.323115234375 0.930263671875 0.2944921875 0.9159521484375 0.251556640625 0.8678125 0.2385458984375 0.8469951171875 0.234642578125 0.8300810546875 0.196912109375 0.804060546875 0.178697265625 0.7923505859375 0.2034169921875 0.7874462890625 0.2526689453125 0.81817578125 0.310287109375 0.781978515625 0.3104326171875 0.748587890625 0.315818359375 0.7151982421875 0.3233583984375 0.694732421875 0.344900390625 0.694732421875 0.3782900390625 0.6850390625 0.3966015625 0.691501953125 0.4278369140625 0.649494140625 0.4547646484375 0.6139501953125 0.4676904296875 0.604255859375 0.49892578125 0.58163671875 0.5312392578125 0.59025390625 0.5495498046875 0.6053330078125 0.550626953125 0.6182587890625 0.5086201171875 0.6505712890625 0.501080078125 0.660265625 0.5129287109375 0.6774990234375 0.5452421875 0.703349609375 0.5463193359375 0.7205830078125 0.538779296875 0.7205830078125 0.514005859375 0.7625908203125 0.534470703125 0.8332197265625 0.5464052734375 0.83018359375 0.7204560546875 0.8260263671875 0.9077783203125 0.8273623046875 0.917822265625
8 0.2840693359375 0.5653818359375 0.29663671875 0.523087890625 0.3178251953125 0.4860078125 0.3654990234375 0.47673828125 0.4092001953125 0.47408984375 0.4436318359375 0.4939541015625 0.4860078125 0.5005751953125 0.4992509765625 0.47144140625 0.47408984375 0.4449560546875 0.4449560546875 0.391984375 0.4409833984375 0.3535810546875 0.4145078125 0.315025390625 0.4324697265625 0.2639033203125 0.433037109375 0.231748046875 0.4078759765625 0.2092353515625 0.3787421875 0.19996484375 0.3482841796875 0.2026142578125 0.37212109375 0.1681826171875 0.336365234375 0.140373046875 0.3125283203125 0.2026142578125 0.2896435546875 0.229486328125 0.2796171875 0.2038642578125 0.2517666015625 0.2005224609375 0.213890625 0.22614453125 0.1868544921875 0.284388671875 0.1909609375 0.3305888671875 0.170427734375 0.3367490234375 0.1447607421875 0.3305888671875 0.1119072265625 0.3275087890625 0.0821337890625 0.3192958984375 0.0544140625 0.320322265625 0.056466796875 0.3367490234375 0.0852138671875 0.3552294921875 0.06570703125 0.379869140625 0.0708408203125 0.4086162109375 0.1003798828125 0.4707197265625 0.132318359375 0.482126953125 0.1285166015625 0.498857421875 0.1482880859375 0.512544921875 0.1809873046875 0.5224306640625 0.179466796875 0.5345986328125 0.1756650390625 0.5634951171875 0.18326953125 0.57490234375 0.20151953125 0.561974609375 0.21596875 0.5414423828125 0.226615234375 0.5589326171875 0.259248046875 0.5644619140625 0.2693603515625 0.9009326171875 0.294431640625 0.9026708984375 0.2840693359375 0.5653818359375