9 0.8160263671875 0.906099609375 0.8391796875 0.9185234375 0.8592275390625 0.910052734375 0.866287109375 0.820826171875 0.8442626953125 0.8278857421875 0.8253447265625 0.8230859375 0.8160263671875 0.906099609375
9 0.838369140625 0.7299345703125 0.8792080078125 0.71819921875 0.8834326171875 0.6243173828125 0.84259375 0.632296875 0.838369140625 0.7299345703125
9 0.0212802734375 0.869509765625 0.187560546875 0.845755859375 0.1831064453125 0.74083984375 0.0098974609375 0.761130859375 0.0212802734375 0.869509765625
9 0.2672373046875 0.8304140625 0.4706337890625 0.7932978515625 0.47112890625 0.698775390625 0.2647626953125 0.7284677734375 0.2672373046875 0.8304140625
9 0.5433232421875 0.7831611328125 0.6554013671875 0.753642578125 0.65678515625 0.666931640625 0.5456298828125 0.685380859375 0.5433232421875 0.7831611328125
9 0.5426884765625 0.5446318359375 0.66119921875 0.53491796875 0.66119921875 0.430005859375 0.5433359375 0.436482421875 0.5426884765625 0.5446318359375
9 0.3749599609375 0.560173828125 0.471453125 0.5504599609375 0.4688623046875 0.4461962890625 0.3710751953125 0.452671875 0.3749599609375 0.560173828125
9 0.258392578125 0.5718310546875 0.3587705078125 0.56146875 0.3542373046875 0.454615234375 0.2532119140625 0.46173828125 0.258392578125 0.5718310546875
9 0.0207236328125 0.48051953125 0.0265517578125 0.596439453125 0.1457099609375 0.584783203125 0.139234375 0.472748046875 0.0207236328125 0.48051953125
0 0 0.3755595703125 0.6055146484375 0.3534677734375 0.836490234375 0.348447265625 0.8274365234375 0.2500380859375 0.659755859375 0.2470263671875 0.39583984375 0.239458984375 0.1502724609375 0.239458984375 0.0036650390625 0.249232421875 0 0.3755595703125
2 0.5950830078125 0.9465615234375 0.6285546875 0.929515625 0.68219140625 0.927728515625 0.744171875 0.923556640625 0.8394287109375 0.91954296875 0.8894462890625 0.8980478515625 0.896939453125 0.7930087890625 0.887751953125 0.7187412109375 0.8896171875 0.620859375 0.877498046875 0.6096728515625 0.8661884765625 0.5237900390625 0.8476494140625 0.3536650390625 0.8361728515625 0.2472705078125 0.8304365234375 0.20957421875 0.816765625 0.1731044921875 0.621978515625 0.1404453125 0.4726806640625 0.1311142578125 0.281392578125 0.127615234375 0.1227626953125 0.121783203125 0.001458984375 0.1241162109375 0.0002919921875 0.9981455078125 0.528935546875 0.99921875 0.53250390625 0.90128515625 0.5950830078125 0.9465615234375
9 0.2839716796875 0.99673046875 0.4701015625 0.99673046875 0.4682060546875 0.925796875 0.283083984375 0.9661455078125 0.2839716796875 0.99673046875
8 0 0 0.0033955078125 1 0.2103349609375 0.9977236328125 0.2545126953125 0.879751953125 0.251025390625 0.76109375 0.238236328125 0.7227041015625 0.251025390625 0.6796611328125 0.29171484375 0.6063720703125 0.39678515625 0.623333984375 0.500783203125 0.567298828125 0.5103828125 0.4216083984375 0.62798046875 0.4160048828125 0.6663798828125 0.4216083984375 0.6743798828125 0.5056611328125 0.6551806640625 0.56122265625 0.5975810546875 0.6020478515625 0.58878125 0.6252626953125 0.6119814453125 0.6468759765625 0.6543798828125 0.65968359375 0.6727802734375 0.6949052734375 0.6759794921875 0.7341298828125 0.6959794921875 0.7469375 0.7199794921875 0.7341298828125 0.78877734375 0.6957060546875 0.811177734375 0.6692900390625 0.826376953125 0.7333291015625 0.8847763671875 0.7285263671875 0.89917578125 0.7381328125 0.9023759765625 0.8494013671875 0.8879755859375 0.9158427734375 0.8511767578125 0.9310517578125 0.633826171875 0.9447431640625 0.6148125 0.94887890625 0.5974521484375 0.97038671875 0.569345703125 0.9637685546875 0.5552919921875 0.967904296875 0.540412109375 0.986103515625 0.55033203125 0.999337890625 0.99685546875 1 0.999302734375 0 0 0