5 0.503060546875 1 0.5076904296875 0.912212890625 0.50330078125 0.9087626953125 0.5058095703125 0.871759765625 0.5098857421875 0.8679970703125 0.512640625 0.841388671875 0.2953662109375 0.8334326171875 0.0004794921875 0.8104541015625 0.0004130859375 0.997345703125 0.2907373046875 1 0.503060546875 1
9 0.023572265625 0.3809072265625 0.114111328125 0.389478515625 0.1275048828125 0.2544736328125 0.0461630859375 0.246734375 0.023572265625 0.3809072265625
9 0.0474970703125 0.2143974609375 0.1352353515625 0.220994140625 0.1484287109375 0.106208984375 0.0699267578125 0.0996123046875 0.0474970703125 0.2143974609375
9 0.14461328125 0.22318359375 0.2340009765625 0.23229296875 0.2436796875 0.1150078125 0.1616943359375 0.1058984375 0.14461328125 0.22318359375
9 0.126412109375 0.392650390625 0.2203173828125 0.401421875 0.2285732421875 0.2621103515625 0.1434384765625 0.25488671875 0.126412109375 0.392650390625
9 0.2439990234375 0.232908203125 0.3322216796875 0.242990234375 0.33524609375 0.12451953125 0.25559375 0.11494140625 0.2439990234375 0.232908203125
9 0.2308857421875 0.4018759765625 0.3226328125 0.4103349609375 0.326845703125 0.2734912109375 0.2425224609375 0.2637900390625 0.2308857421875 0.4018759765625
9 0.3423671875 0.2439658203125 0.42621484375 0.254603515625 0.42621484375 0.1378515625 0.3486748046875 0.1256845703125 0.3423671875 0.2439658203125
9 0.439427734375 0.2562763671875 0.5192626953125 0.2673466796875 0.51456640625 0.1529609375 0.51456640625 0.1496064453125 0.44076953125 0.1392080078125 0.439427734375 0.2562763671875
9 0.53258984375 0.2686669921875 0.6085048828125 0.279935546875 0.60006640625 0.1633955078125 0.531984375 0.15262890625 0.53258984375 0.2686669921875
9 0.625001953125 0.2835771484375 0.6957392578125 0.2930087890625 0.6831640625 0.178572265625 0.617142578125 0.16599609375 0.625001953125 0.2835771484375
9 0.70941015625 0.2961298828125 0.7733095703125 0.3067802734375 0.759701171875 0.1931796875 0.6996474609375 0.1822333984375 0.70941015625 0.2961298828125
9 0.7884404296875 0.3102724609375 0.847015625 0.3201318359375 0.8319365234375 0.20878125 0.7777119140625 0.1977626953125 0.7884404296875 0.3102724609375
9 0.864427734375 0.321984375 0.91755078125 0.33319921875 0.8992529296875 0.224001953125 0.8514423828125 0.2142626953125 0.864427734375 0.321984375
9 0.9330693359375 0.3374140625 0.974814453125 0.343458984375 0.9616142578125 0.2396181640625 0.919345703125 0.230193359375 0.9330693359375 0.3374140625
9 1 0.467345703125 0.982689453125 0.3704375 0.936384765625 0.363005859375 0.95025 0.482904296875 1 0.4872265625 1 0.467345703125
9 0.87991015625 0.474830078125 0.9374033203125 0.480958984375 0.9175576171875 0.359259765625 0.86765234375 0.351087890625 0.87991015625 0.474830078125
9 0.801625 0.4646025390625 0.8634072265625 0.4720166015625 0.8504326171875 0.3465986328125 0.7932841796875 0.3376396484375 0.801625 0.4646025390625
9 0.7202578125 0.455802734375 0.7837392578125 0.4612177734375 0.7744130859375 0.3339541015625 0.711533203125 0.324025390625 0.7202578125 0.455802734375
9 0.630650390625 0.4442001953125 0.70301953125 0.4523994140625 0.6944638671875 0.321919921875 0.6256591796875 0.310869140625 0.630650390625 0.4442001953125
9 0.5365224609375 0.4327763671875 0.613728515625 0.44182421875 0.6082998046875 0.3087001953125 0.5351494140625 0.2985498046875 0.5365224609375 0.4327763671875
9 0.4371513671875 0.4214638671875 0.520119140625 0.431224609375 0.5169814453125 0.2959658203125 0.4395908203125 0.286205078125 0.4371513671875 0.4214638671875
9 0.3348173828125 0.4121357421875 0.4199697265625 0.42133203125 0.4233759765625 0.2837265625 0.3409482421875 0.2745302734375 0.3348173828125 0.4121357421875
9 0 0.5707275390625 0.097337890625 0.580162109375 0.1098818359375 0.4230087890625 0.019404296875 0.4151708984375 0 0.5707275390625
9 0.1057041015625 0.58120703125 0.206837890625 0.5902109375 0.21433984375 0.4312412109375 0.1225322265625 0.4231943359375 0.1057041015625 0.58120703125
9 0.21559765625 0.5914072265625 0.3132021484375 0.598505859375 0.319568359375 0.4423115234375 0.2287822265625 0.4321435546875 0.21559765625 0.5914072265625
9 0.325626953125 0.5995458984375 0.4195517578125 0.6064189453125 0.42028515625 0.450662109375 0.333615234375 0.442267578125 0.325626953125 0.5995458984375
9 0.4326982421875 0.6073154296875 0.519091796875 0.6142705078125 0.519091796875 0.46051953125 0.43745703125 0.4524658203125 0.4326982421875 0.6073154296875
9 0.5355810546875 0.615470703125 0.615470703125 0.620486328125 0.6136796875 0.4693056640625 0.53773046875 0.46321484375 0.5355810546875 0.615470703125
9 0.6338876953125 0.6214716796875 0.7067529296875 0.6257197265625 0.702642578125 0.4794580078125 0.63275 0.472705078125 0.6338876953125 0.6214716796875
9 0.7259384765625 0.6281494140625 0.79320703125 0.6321982421875 0.78635546875 0.4898759765625 0.721578125 0.4830244140625 0.7259384765625 0.6281494140625
9 0.811263671875 0.633212890625 0.8728076171875 0.636833984375 0.863921875 0.49827734375 0.805998046875 0.4930107421875 0.811263671875 0.633212890625
9 0.890587890625 0.6379228515625 0.9454873046875 0.641775390625 0.93553515625 0.5056513671875 0.8832041015625 0.5008359375 0.890587890625 0.6379228515625
9 1 0.5159248046875 0.9538349609375 0.5133564453125 0.9631455078125 0.641775390625 1 0.644986328125 1 0.5159248046875
9 1 0.668322265625 0.9648740234375 0.66732421875 0.9682021484375 0.806779296875 1 0.8064462890625 1 0.668322265625
9 0.8953125 0.809109375 0.9478994140625 0.806779296875 0.944904296875 0.6659921875 0.8926494140625 0.6639951171875 0.8953125 0.809109375
9 0.815158203125 0.81025 0.8751123046875 0.80884765625 0.87160546875 0.664046875 0.8130546875 0.660541015625 0.815158203125 0.81025
9 0.72837890625 0.810634765625 0.7948388671875 0.8109326171875 0.7905703125 0.659892578125 0.727892578125 0.6569365234375 0.72837890625 0.810634765625
9 0.633990234375 0.80841015625 0.70887890625 0.8093701171875 0.7067177734375 0.6543330078125 0.6346494140625 0.6495712890625 0.633990234375 0.80841015625
9 0.5367412109375 0.67945703125 0.544615234375 0.6896279296875 0.53741796875 0.808671875 0.6111943359375 0.809943359375 0.609248046875 0.6486171875 0.5373974609375 0.6443525390625 0.5367412109375 0.67945703125
9 0.42810546875 0.80548046875 0.504693359375 0.806134765625 0.50597265625 0.6422734375 0.4329169921875 0.63821484375 0.42810546875 0.80548046875
9 0.31746875 0.8001953125 0.4091904296875 0.806916015625 0.4139345703125 0.636123046875 0.3245849609375 0.6297978515625 0.31746875 0.8001953125
9 0.2046572265625 0.7908203125 0.30329296875 0.79820703125 0.3085068359375 0.6278759765625 0.2176923828125 0.620923828125 0.2046572265625 0.7908203125
9 0.09154296875 0.7814345703125 0.1914892578125 0.7885107421875 0.19944921875 0.6186904296875 0.1065791015625 0.611615234375 0.09154296875 0.7814345703125
9 0 0.773619140625 0.08047265625 0.7810849609375 0.0916728515625 0.6093544921875 0 0.602302734375 0 0.773619140625
7 0.5140263671875 1 0.5213798828125 0.913703125 0.5291142578125 0.907732421875 0.5311826171875 0.87212890625 0.5231484375 0.86730859375 0.523998046875 0.824435546875 0.5358388671875 0.82037109375 0.5372529296875 0.8140087890625 0.5359765625 0.8073154296875 0.543580078125 0.68966796875 0.5391005859375 0.6842939453125 0.5147763671875 0.6950419921875 0.5102509765625 0.7005107421875 0.5058564453125 0.8075888671875 0.5036015625 0.8244404296875 0.5063505859375 0.826306640625 0.5142998046875 0.8259599609375 0.51083984375 0.8681640625 0.50673828125 0.871875 0.5041064453125 0.907763671875 0.5089765625 0.9116162109375 0.5037578125 0.9998232421875 0.5140263671875 1
2 1 0.1728115234375 0.8135908203125 0.1194765625 0.5368779296875 0.062736328125 0.0015986328125 0 0 0.807310546875 0.080052734375 0.8145361328125 0.3347958984375 0.8328271484375 0.511705078125 0.840685546875 0.5131630859375 0.8281015625 0.505873046875 0.827189453125 0.5022275390625 0.8244541015625 0.5049609375 0.8032978515625 0.508423828125 0.7003623046875 0.5138916015625 0.6934326171875 0.5392265625 0.6828544921875 0.5446943359375 0.6877783203125 0.539271484375 0.82174609375 0.5259775390625 0.82717578125 0.52760546875 0.841021484375 0.532943359375 0.84214453125 0.6672841796875 0.8431474609375 0.8507490234375 0.84214453125 1 0.834861328125 1 0.1728115234375
7 0.2699248046875 0.8238203125 0.2680888671875 0.8745244140625 0.2717607421875 0.87930078125 0.2644169921875 0.9998134765625 0.2710263671875 1 0.27723828125 0.87892578125 0.28165625 0.8223447265625 0.2702265625 0.81653515625 0.2699248046875 0.8238203125
5 1 0.8373369140625 0.8539892578125 0.8444853515625 0.75912890625 0.8459921875 0.5312841796875 0.843330078125 0.5256357421875 0.8422001953125 0.512400390625 0.8410693359375 0.2821123046875 0.83200390625 0.27821875 0.8776884765625 0.2727900390625 1 0.8257587890625 1 0.9059033203125 0.9919384765625 1 0.981857421875 1 0.8373369140625