2 0.078328125 0.8622216796875 0.077720703125 0.8548720703125 0.079748046875 0.83199609375 0.08450390625 0.82051171875 0.092671875 0.8091669921875 0.09314453125 0.804349609375 0.0964033203125 0.79825 0.11391796875 0.792330078125 0.133294921875 0.771671875 0.14321875 0.7684482421875 0.19285546875 0.7628203125 0.2439326171875 0.7643564453125 0.26975390625 0.7717353515625 0.28858984375 0.783720703125 0.3062236328125 0.8058203125 0.31128125 0.8114501953125 0.3169072265625 0.8151171875 0.3208720703125 0.8137236328125 0.333068359375 0.8083798828125 0.3512724609375 0.804150390625 0.3675009765625 0.8069931640625 0.373494140625 0.801462890625 0.3707490234375 0.78398828125 0.37515234375 0.77778515625 0.39766015625 0.7769404296875 0.559763671875 0.7739755859375 0.5690673828125 0.8060966796875 0.56361328125 0.8172138671875 0.576259765625 0.8232333984375 0.592314453125 0.841486328125 0.589865234375 0.8546708984375 0.59715234375 0.8534345703125 0.999828125 0.7994423828125 0.9962529296875 0.00185546875 0.0002607421875 0 0.00013671875 0.8618291015625 0.078328125 0.8622216796875
9 0.2136083984375 0.4859921875 0.2141328125 0.3532255859375 0.194568359375 0.3349140625 0.1630244140625 0.3274287109375 0.1288212890625 0.3261943359375 0.1048701171875 0.3369169921875 0.0909609375 0.35363671875 0.0873525390625 0.4798916015625 0.2136083984375 0.4859921875
9 0.5322587890625 0.50608984375 0.52767578125 0.3714873046875 0.5061533203125 0.354248046875 0.4778212890625 0.34616015625 0.4459287109375 0.34646875 0.4314326171875 0.3515458984375 0.4186201171875 0.365978515625 0.4230068359375 0.5012138671875 0.5322587890625 0.50608984375
9 0.7532451171875 0.5140556640625 0.746822265625 0.41333203125 0.7332607421875 0.3956826171875 0.7101416015625 0.38774609375 0.68998046875 0.3884951171875 0.6804189453125 0.394365234375 0.6714091796875 0.4082724609375 0.6782744140625 0.51221875 0.7532451171875 0.5140556640625
9 0.934802734375 0.529443359375 0.9228876953125 0.434609375 0.91114453125 0.4217158203125 0.8942548828125 0.4162919921875 0.883654296875 0.4169267578125 0.87558203125 0.4205615234375 0.868953125 0.431205078125 0.87744140625 0.5271826171875 0.934802734375 0.529443359375
9 0.9458193359375 0.7248955078125 0.940552734375 0.622578125 0.935751953125 0.6121591796875 0.9234404296875 0.6040498046875 0.91380859375 0.602208984375 0.8997265625 0.604427734375 0.8892919921875 0.611 0.8838798828125 0.6235517578125 0.884623046875 0.6390986328125 0.88775390625 0.730677734375 0.9458193359375 0.7248955078125
9 0.7676328125 0.7393583984375 0.7641123046875 0.6154580078125 0.7582900390625 0.6046826171875 0.7444404296875 0.5982587890625 0.73048046875 0.5956474609375 0.718720703125 0.597283203125 0.7034794921875 0.60047265625 0.6945712890625 0.6068232421875 0.687283203125 0.61575 0.6854013671875 0.622078125 0.6909765625 0.7462978515625 0.7676328125 0.7393583984375
9 0.512361328125 0.257322265625 0.511173828125 0.1508916015625 0.4965087890625 0.1285322265625 0.48195703125 0.119322265625 0.467203125 0.117666015625 0.4533525390625 0.11848046875 0.44209375 0.121740234375 0.4298134765625 0.1307880859375 0.4273984375 0.14712890625 0.4310009765625 0.2507705078125 0.512361328125 0.257322265625
8 0.37735546875 0.8875029296875 0.3901572265625 0.8820380859375 0.3960322265625 0.8774296875 0.412056640625 0.877177734375 0.434609375 0.87692578125 0.5158447265625 0.8717099609375 0.582474609375 0.864841796875 0.58733984375 0.8547958984375 0.5906123046875 0.842359375 0.5778408203125 0.826998046875 0.5686875 0.8213115234375 0.5571025390625 0.818212890625 0.5427509765625 0.81809375 0.5325546875 0.8253955078125 0.4984248046875 0.828849609375 0.46853515625 0.8240302734375 0.453193359375 0.823435546875 0.4309560546875 0.8246201171875 0.4155341796875 0.8353125 0.4000634765625 0.8361591796875 0.387833984375 0.829958984375 0.3781357421875 0.82171484375 0.363109375 0.8075419921875 0.352189453125 0.80558203125 0.330783203125 0.810220703125 0.319685546875 0.8150302734375 0.3301943359375 0.8242236328125 0.3360927734375 0.8317421875 0.3354697265625 0.8416767578125 0.34011328125 0.8486640625 0.3407001953125 0.8601279296875 0.3448076171875 0.8709970703125 0.3431220703125 0.886091796875 0.3662666015625 0.8878076171875 0.37735546875 0.8875029296875
1 0.080470703125 0.834205078125 0.0792626953125 0.8446005859375 0.078255859375 0.8534072265625 0.0799248046875 0.86265234375 0.0836845703125 0.869921875 0.09429296875 0.8756875 0.1033486328125 0.8756767578125 0.1371259765625 0.899025390625 0.1391826171875 0.9063427734375 0.1440595703125 0.9201884765625 0.1504111328125 0.9261591796875 0.1678955078125 0.928556640625 0.1802890625 0.925275390625 0.1914482421875 0.91899609375 0.19724609375 0.9116279296875 0.28876171875 0.9083896484375 0.2963583984375 0.916107421875 0.303814453125 0.920275390625 0.311380859375 0.9211640625 0.3227333984375 0.92112109375 0.32953515625 0.918142578125 0.3317763671875 0.91375390625 0.334818359375 0.90664453125 0.3412314453125 0.8895244140625 0.3436767578125 0.87109375 0.339283203125 0.8602353515625 0.33890625 0.8492841796875 0.3343916015625 0.8419111328125 0.334984375 0.8325751953125 0.3304423828125 0.82601171875 0.3229677734375 0.8190146484375 0.3085849609375 0.812583984375 0.2886416015625 0.7864736328125 0.26780078125 0.7729443359375 0.245048828125 0.7659453125 0.1923388671875 0.764375 0.1401298828125 0.7699853515625 0.13125 0.77498046875 0.114634765625 0.7934755859375 0.1050048828125 0.7960703125 0.096818359375 0.79950390625 0.0947578125 0.803505859375 0.094146484375 0.809076171875 0.0889111328125 0.8154189453125 0.0836328125 0.8233818359375 0.080470703125 0.834205078125
6 1 0.80195703125 0.587375 0.856109375 0.582185546875 0.866671875 0.42671875 0.8785556640625 0.396390625 0.8793232421875 0.3888251953125 0.8841708984375 0.3773046875 0.888921875 0.3426474609375 0.8875048828125 0.33587890625 0.907619140625 0.330923828125 0.9183603515625 0.3244130859375 0.9217900390625 0.306119140625 0.922125 0.299224609375 0.9195234375 0.28803515625 0.909697265625 0.1977666015625 0.9128076171875 0.192080078125 0.9200322265625 0.182279296875 0.9257744140625 0.1714892578125 0.9291201171875 0.15628515625 0.9291962890625 0.1483779296875 0.926537109375 0.1425146484375 0.9195947265625 0.136349609375 0.900328125 0.1032529296875 0.8766875 0.0957119140625 0.87698828125 0.08297265625 0.870833984375 0.078685546875 0.8629267578125 0 0.862609375 0 1 1 1 1 0.80195703125
9 0.0693837890625 0.815671875 0.0800361328125 0.82485546875 0.0881630859375 0.8102275390625 0.0908720703125 0.8010185546875 0.094123046875 0.79668359375 0.1120029296875 0.7896416015625 0.132591796875 0.7690546875 0.1428857421875 0.7652626953125 0.19381640625 0.759302734375 0.2425791015625 0.7625537109375 0.265876953125 0.7674296875 0.2675029296875 0.607294921875 0.267142578125 0.601533203125 0.06621484375 0.59266015625 0.0693837890625 0.815671875
9 0.38941015625 0.620296875 0.393744140625 0.77198828125 0.5671240234375 0.7725302734375 0.5654990234375 0.6219228515625 0.5075244140625 0.600251953125 0.4820595703125 0.600251953125 0.4641796875 0.5964599609375 0.4538857421875 0.5975439453125 0.40783203125 0.6094619140625 0.38941015625 0.620296875