3 1 0.881453125 0.86784765625 0.8942861328125 0.710564453125 0.8984619140625 0.4760244140625 0.900548828125 0.3424033203125 0.8949814453125 0.1642421875 0.88454296875 0.0006962890625 0.86783984375 0 1 1 1 1 0.881453125
0 1 0.065361328125 0.908728515625 0.06100390625 0.7597060546875 0.0583896484375 0.567333984375 0.061875 0.42266796875 0.07058984375 0.2762587890625 0.0854052734375 0.0732041015625 0.109806640625 0 0.1220068359375 0 0.2997890625 0.03715234375 0.295431640625 0.253279296875 0.2745166015625 0.489546875 0.2631875 0.7518623046875 0.25621484375 1 0.25447265625 1 0.065361328125
9 0.04254296875 0.538083984375 0.186951171875 0.5362861328125 0.2115185546875 0.327763671875 0.08151171875 0.3334560546875 0.04254296875 0.538083984375
9 0.2810263671875 0.5314931640625 0.4559931640625 0.5284970703125 0.4625849609375 0.313982421875 0.304994140625 0.319375 0.2810263671875 0.5314931640625
9 0.560853515625 0.527298828125 0.7382177734375 0.524302734375 0.7298291015625 0.30259765625 0.561453125 0.30559375 0.560853515625 0.527298828125
9 1 0.4326240234375 0.981650390625 0.31025 0.8198603515625 0.307826171875 0.837685546875 0.5219052734375 1 0.52070703125 1 0.4326240234375
9 1 0.57493359375 0.8408935546875 0.5813857421875 0.8525224609375 0.8246416015625 1 0.812935546875 1 0.57493359375
9 0.55701171875 0.843044921875 0.7441162109375 0.8394599609375 0.736947265625 0.5821025390625 0.5613125 0.5849697265625 0.55701171875 0.843044921875
9 0.2716953125 0.8365927734375 0.4509140625 0.841611328125 0.457255859375 0.5840283203125 0.2824482421875 0.5835361328125 0.2716953125 0.8365927734375
9 0.0064521484375 0.8215380859375 0.1691826171875 0.8344423828125 0.1863876953125 0.579234375 0.0308251953125 0.579234375 0.0064521484375 0.8215380859375
0 0.042875 0.5373916015625 0.1863974609375 0.53630078125 0.1980244140625 0.437833984375 0.060666015625 0.440578125 0.042875 0.5373916015625
0 0.2808681640625 0.5315771484375 0.4556376953125 0.5279443359375 0.458908203125 0.430203125 0.2924951171875 0.4345634765625 0.2808681640625 0.5315771484375
0 0.5602822265625 0.5275810546875 0.738685546875 0.525037109375 0.7343251953125 0.4214833984375 0.5613720703125 0.42548046875 0.5602822265625 0.5275810546875
0 1 0.4253857421875 0.9987421875 0.4186484375 0.8287626953125 0.42123828125 0.8372021484375 0.52180078125 1 0.52062890625 1 0.4253857421875
0 1 0.707228515625 0.847810546875 0.71508203125 0.8525224609375 0.8246416015625 1 0.812861328125 1 0.707228515625
0 0.55837109375 0.8433544921875 0.744345703125 0.840232421875 0.7421162109375 0.718033203125 0.559708984375 0.7202626953125 0.55837109375 0.8433544921875
0 0.2718662109375 0.836958984375 0.4514921875 0.8398720703125 0.4548896484375 0.721416015625 0.2762353515625 0.7199599609375 0.2718662109375 0.836958984375
0 0.0237880859375 0.81899609375 0.1684599609375 0.8330751953125 0.1762275390625 0.71898828125 0.028642578125 0.71219140625 0.0237880859375 0.81899609375
2 1 0.1443388671875 0.9276650390625 0.1419892578125 0.7489951171875 0.1455390625 0.499330078125 0.1573720703125 0.29226171875 0.17275390625 0.1289736328125 0.1881357421875 0.00118359375 0.207068359375 0 0.8621982421875 0.2076826171875 0.881865234375 0.4726767578125 0.893490234375 0.8632919921875 0.88823828125 1 0.8751083984375 1 0.1443388671875