9 0.497041015625 0.19655859375 0.5030244140625 0.1136904296875 0.4744345703125 0.11759765625 0.468837890625 0.20040234375 0.497041015625 0.19655859375
9 0.6138349609375 0.217484375 0.6130087890625 0.1341181640625 0.547416015625 0.1172529296875 0.5448857421875 0.19973828125 0.6138349609375 0.217484375
9 0.611357421875 0.4028984375 0.612595703125 0.3079765625 0.5386923828125 0.29229296875 0.5374541015625 0.3901044921875 0.611357421875 0.4028984375
9 0.4900439453125 0.3875458984375 0.493310546875 0.2872548828125 0.462044921875 0.290986328125 0.45997265625 0.387900390625 0.4900439453125 0.3875458984375
9 0.4529443359375 0.490248046875 0.4497431640625 0.599453125 0.484958984375 0.597853515625 0.4870048828125 0.48921484375 0.4529443359375 0.490248046875
9 0.6088984375 0.6071796875 0.608240234375 0.501638671875 0.5352197265625 0.4930908203125 0.5348916015625 0.60126171875 0.6088984375 0.6071796875
9 0.5674541015625 0.820693359375 0.564494140625 0.70693359375 0.4947626953125 0.704302734375 0.4947626953125 0.81937890625 0.5674541015625 0.820693359375
9 0.2963212890625 0.2609443359375 0.3022939453125 0.1889326171875 0.2834091796875 0.195943359375 0.2754189453125 0.26915234375 0.2963212890625 0.2609443359375
9 0.33103515625 0.2434072265625 0.3396201171875 0.1680380859375 0.3170849609375 0.1786953125 0.310505859375 0.2531083984375 0.33103515625 0.2434072265625
9 0.2024189453125 0.2377822265625 0.1954833984375 0.3067607421875 0.209701171875 0.3008681640625 0.21490234375 0.2325830078125 0.2024189453125 0.2377822265625
9 0.1743310546875 0.257193359375 0.165662109375 0.323052734375 0.1812666015625 0.3161201171875 0.18851171875 0.251470703125 0.1743310546875 0.257193359375
9 0.2264697265625 0.137630859375 0.2272958984375 0.101724609375 0.205826171875 0.113693359375 0.2025224609375 0.150837890625 0.2264697265625 0.137630859375
0 0.0291826171875 0.555177734375 0.0490673828125 0.55091796875 0.085048828125 0.5537578125 0.0888369140625 0.51353125 0.053328125 0.5092724609375 0.003701171875 0.5246025390625 0.002669921875 0.5641689453125 0.0291826171875 0.555177734375
9 0.15726171875 0.6429658203125 0.1606796875 0.5513955078125 0.1414833984375 0.558943359375 0.134017578125 0.645015625 0.15726171875 0.6429658203125
9 0.1675166015625 0.548662109375 0.1647822265625 0.640232421875 0.187341796875 0.639548828125 0.190759765625 0.5452451171875 0.1675166015625 0.548662109375
9 0.271630859375 0.6266572265625 0.275267578125 0.5259130859375 0.255525390625 0.529029296875 0.2487724609375 0.62925390625 0.271630859375 0.6266572265625
9 0.3116328125 0.6230224609375 0.31319140625 0.516046875 0.2903330078125 0.520201171875 0.2877353515625 0.6230224609375 0.3116328125 0.6230224609375
9 0.32150390625 0.4188681640625 0.3246201171875 0.3311064453125 0.301279296875 0.3395869140625 0.2981259765625 0.426138671875 0.32150390625 0.4188681640625
9 0.265916015625 0.35966796875 0.259162109375 0.44016015625 0.2835791015625 0.43029296875 0.2892763671875 0.3464453125 0.265916015625 0.35966796875
9 0.1921455078125 0.46456640625 0.2014970703125 0.37732421875 0.178962890625 0.3841689453125 0.172923828125 0.469240234375 0.1921455078125 0.46456640625
9 0.1692138671875 0.4700888671875 0.1729912109375 0.3908203125 0.1489345703125 0.3964033203125 0.1446796875 0.47478515625 0.1692138671875 0.4700888671875
9 0.3520986328125 0.059505859375 0.3488212890625 0.0329345703125 0.345544921875 0.0278388671875 0.3368056640625 0.0245634765625 0.330615234375 0.027111328125 0.3251533203125 0.0314794921875 0.3200556640625 0.0387587890625 0.3189365234375 0.0429169921875 0.318962890625 0.0773408203125 0.3520986328125 0.059505859375
9 0.4820693359375 0.0245830078125 0.4820693359375 0 0.4534765625 0.0024638671875 0.453662109375 0.027640625 0.4820693359375 0.0245830078125
9 0.545876953125 0 0.5467509765625 0.01453515625 0.618423828125 0.034193359375 0.620609375 0 0.545876953125 0
9 0.7496025390625 0.1356064453125 0.7424189453125 0.0731298828125 0.6993134765625 0.0594853515625 0.7039833984375 0.126271484375 0.7496025390625 0.1356064453125
9 0.8666572265625 0.1773701171875 0.8605302734375 0.118294921875 0.832248046875 0.1082880859375 0.8396298828125 0.1716064453125 0.8666572265625 0.1773701171875
9 0.991943359375 0.2170888671875 0.983791015625 0.159564453125 0.9497421875 0.1471015625 0.961251953125 0.2113359375 0.991943359375 0.2170888671875
9 0.7583134765625 0.2930380859375 0.7567900390625 0.1991689453125 0.69480078125 0.187716796875 0.697908203125 0.2803525390625 0.7583134765625 0.2930380859375
9 0.886736328125 0.3006484375 0.8806455078125 0.241283203125 0.8319150390625 0.2326572265625 0.8420673828125 0.298619140625 0.886736328125 0.3006484375
9 1 0.3549404296875 0.999931640625 0.28593359375 0.955048828125 0.2776318359375 0.963384765625 0.3549404296875 1 0.3549404296875
9 0.925314453125 0.4727578125 0.9187158203125 0.388529296875 0.8785380859375 0.37983203125 0.887751953125 0.46717578125 0.925314453125 0.4727578125
9 0.755267578125 0.45753515625 0.7527294921875 0.3733076171875 0.7014619140625 0.364681640625 0.7024765625 0.450431640625 0.755267578125 0.45753515625
9 0.7527294921875 0.6332294921875 0.75120703125 0.5449423828125 0.703177734375 0.5395556640625 0.7050146484375 0.629677734375 0.7527294921875 0.6332294921875
9 0.944095703125 0.6438515625 0.9400341796875 0.5631748046875 0.8913828125 0.5635703125 0.8933349609375 0.6443583984375 0.944095703125 0.6438515625
9 1 0.5748447265625 0.974037109375 0.5752978515625 0.980642578125 0.64841796875 1 0.6494326171875 1 0.5748447265625
9 0.7646640625 0.8145234375 0.7621962890625 0.724234375 0.7054755859375 0.7223203125 0.7088896484375 0.8164970703125 0.7646640625 0.8145234375
9 0.9043466796875 0.8160029296875 0.899904296875 0.725220703125 0.8475849609375 0.726701171875 0.85202734375 0.8179765625 0.9043466796875 0.8160029296875
9 1 0.7191318359375 0.97528125 0.7200498046875 0.9798740234375 0.8182958984375 1 0.81691796875 1 0.7191318359375
9 0.312642578125 0.8076083984375 0.3149990234375 0.70632421875 0.2508984375 0.71173828125 0.247841796875 0.808197265625 0.312642578125 0.8076083984375
9 0.0184638671875 0.7897177734375 0.0202109375 0.7443193359375 0.00821875 0.7438173828125 0.0079833984375 0.7888447265625 0.0184638671875 0.7897177734375
9 0.044666015625 0.7932099609375 0.0464130859375 0.7417001953125 0.0283974609375 0.7418955078125 0.0285078125 0.7927734375 0.044666015625 0.7932099609375
9 0.1564609375 0.8089248046875 0.1564609375 0.7076513671875 0.0970693359375 0.7076513671875 0.093576171875 0.8067421875 0.1564609375 0.8089248046875
8 0.1972138671875 0.897837890625 0.276611328125 0.9081015625 0.3696787109375 0.9118984375 0.5945419921875 0.91161328125 1 0.8794453125 0.9971376953125 0.40171484375 0.9919345703125 0.3982470703125 0.9841298828125 0.4025810546875 0.9789267578125 0.4112490234375 0.9754580078125 0.424251953125 0.967654296875 0.441587890625 0.963318359375 0.4589248046875 0.960716796875 0.478861328125 0.960716796875 0.502265625 0.952044921875 0.523935546875 0.9294990234375 0.5369375 0.9060849609375 0.5308701171875 0.8870078125 0.538671875 0.8800703125 0.5499404296875 0.868796875 0.5395380859375 0.8531875 0.5395380859375 0.8410478515625 0.5499404296875 0.8297744140625 0.5664091796875 0.805494140625 0.5620751953125 0.7734091796875 0.570744140625 0.7716748046875 0.5802783203125 0.7734091796875 0.5950146484375 0.7742763671875 0.6045498046875 0.7413232421875 0.611484375 0.72398046875 0.614951171875 0.6837470703125 0.631888671875 0.6822939453125 0.6391513671875 0.6822939453125 0.6500458984375 0.6881064453125 0.663119140625 0.6939189453125 0.6689296875 0.6815673828125 0.6812763671875 0.6648564453125 0.6841806640625 0.6474189453125 0.693623046875 0.64305859375 0.7161376953125 0.6517783203125 0.7263056640625 0.6670361328125 0.7466416015625 0.6830205078125 0.763345703125 0.6895595703125 0.7865869140625 0.6995205078125 0.8039892578125 0.705333984375 0.8227138671875 0.721482421875 0.8382099609375 0.72987890625 0.8498310546875 0.7285869140625 0.8562880859375 0.7130849609375 0.8485400390625 0.7046884765625 0.855642578125 0.6956455078125 0.8717841796875 0.68789453125 0.884697265625 0.6775595703125 0.889216796875 0.664640625 0.875658203125 0.65559765625 0.8653271484375 0.6484931640625 0.866619140625 0.6394501953125 0.87888671875 0.6323447265625 0.8905078125 0.6168427734375 0.88792578125 0.6065078125 0.880177734375 0.59552734375 0.88146875 0.588421875 0.8853427734375 0.574857421875 0.8827607421875 0.55225 0.87888671875 0.520720703125 0.871298828125 0.3781416015625 0.88309375 0.390146484375 0.8507529296875 0.38314453125 0.8268388671875 0.3959814453125 0.7924267578125 0.4210712890625 0.7708466796875 0.4403271484375 0.748099609375 0.4589990234375 0.7288515625 0.46425 0.709021484375 0.46425 0.697939453125 0.455498046875 0.6874404296875 0.452580078125 0.6651611328125 0.450830078125 0.6523291015625 0.441494140625 0.64824609375 0.42223828125 0.6383310546875 0.408234375 0.6371640625 0.404150390625 0.6301650390625 0.4099853515625 0.6225830078125 0.41290234375 0.615583984375 0.410568359375 0.60916796875 0.3988994140625 0.6068349609375 0.3796435546875 0.5910869140625 0.3662236328125 0.5852548828125 0.3498857421875 0.5648408203125 0.3428837890625 0.5549248046875 0.3078740234375 0.552591796875 0.2646962890625 0.5549248046875 0.2413564453125 0.57358984375 0.2361044921875 0.5980859375 0.2343544921875 0.6179169921875 0.23026953125 0.6289990234375 0.2022880859375 0.6405390625 0.1843193359375 0.624435546875 0.17440625 0.6213388671875 0.1483828125 0.630009765625 0.1143056640625 0.6405390625 0.0802275390625 0.6510673828125 0.060400390625 0.6492099609375 0.0418125 0.6386806640625 0.00467578125 0.6356865234375 0.0004580078125 0.6441171875 0.0018134765625 0.8598623046875 0.0616240234375 0.873568359375 0.1972138671875 0.897837890625
2 0.321822265625 0 0.2911533203125 0.0397421875 0.0783310546875 0.1587861328125 0.03851171875 0.1432431640625 0.001646484375 0.2113251953125 0.0012734375 0.8589189453125 0.1996787109375 0.8938798828125 0.31659765625 0.9070419921875 0.5935830078125 0.9084296875 0.6264169921875 0.9072314453125 1 0.871947265625 1 0.1009033203125 0.757205078125 0.01012109375 0.691505859375 0.0014287109375 0.4777978515625 0 0.321822265625 0
6 1 0.8822587890625 0.79048828125 0.898880859375 0.59352734375 0.9139072265625 0.3602216796875 0.913611328125 0.2757373046875 0.9107822265625 0.1414736328125 0.8905009765625 0.066134765625 0.87636328125 0 0.8623671875 0 1 1 1 1 0.8822587890625