2 1 0 0.8502294921875 0.00412109375 0.679908203125 0.0384599609375 0.5535419921875 0.04120703125 0.53900390625 0.0759482421875 0.3375458984375 0.0277265625 0.297763671875 0.10789453125 0 0.050029296875 0 1 1 1 1 0.2019248046875 1 0
9 0.0006328125 0.0322529296875 0.03098828125 0.0357314453125 0.040474609375 0.0132802734375 0.00031640625 0.0050595703125 0.0006328125 0.0322529296875
9 0.225666015625 0.0707451171875 0.229546875 0.0510439453125 0.1767119140625 0.042685546875 0.1719365234375 0.0614912109375 0.225666015625 0.0707451171875
9 0.99917578125 0.1818720703125 1 0.1442626953125 0.8066376953125 0.072412109375 0.760046875 0.083638671875 0.7578017578125 0.106091796875 0.99917578125 0.1818720703125
9 0.1666416015625 0.2421650390625 0.1776484375 0.178259765625 0.10548828125 0.1641953125 0.0889775390625 0.224125 0.1666416015625 0.2421650390625
9 0.3257265625 0.267865234375 0.3313916015625 0.2221416015625 0.2577490234375 0.2075751953125 0.246419921875 0.2528935546875 0.3257265625 0.267865234375
9 0.414255859375 0.2447470703125 0.48418359375 0.25758203125 0.4881669921875 0.237666015625 0.4177958984375 0.2257158203125 0.414255859375 0.2447470703125
9 0.8057470703125 0.3252333984375 0.8008564453125 0.2335322265625 0.6924453125 0.20541015625 0.6944833984375 0.302001953125 0.8057470703125 0.3252333984375
9 0.977037109375 0.5437099609375 0.99978515625 0.54706640625 1 0.502689453125 0.93340625 0.491501953125 0.9412373046875 0.5481845703125 0.977037109375 0.5437099609375
9 1 0.6795517578125 0.94911328125 0.6825634765625 0.9528779296875 0.7680244140625 1 0.7699072265625 1 0.6795517578125
9 0.8741181640625 1 0.8711552734375 0.8751064453125 0.6701572265625 0.87609375 0.6696630859375 1 0.8741181640625 1
9 0.8403232421875 0.7696494140625 0.8378720703125 0.6315703125 0.695298828125 0.6176806640625 0.6965244140625 0.7627041015625 0.8403232421875 0.7696494140625
9 0.821857421875 0.5327724609375 0.8178623046875 0.42854296875 0.698015625 0.4027578125 0.6987421875 0.5149775390625 0.821857421875 0.5327724609375
9 0.5461669921875 0.49719140625 0.547916015625 0.3804365234375 0.421978515625 0.3568232421875 0.4154189453125 0.4757646484375 0.5461669921875 0.49719140625
9 0.5461669921875 0.7468798828125 0.5461669921875 0.6139462890625 0.4119208984375 0.5982041015625 0.406673828125 0.7359482421875 0.5461669921875 0.7468798828125
9 0.547478515625 1 0.5466044921875 0.871943359375 0.4049248046875 0.862759765625 0.4040498046875 1 0.547478515625 1
9 0.3066513671875 0.726630859375 0.3127626953125 0.612748046875 0.194990234375 0.5955263671875 0.1849912109375 0.7121875 0.3066513671875 0.726630859375
9 0.1241201171875 0.7072587890625 0.131947265625 0.58481640625 0.01733203125 0.5663662109375 0.001677734375 0.68825 0.1241201171875 0.7072587890625
9 0.13717578125 0.4364111328125 0.148341796875 0.3706943359375 0.0586982421875 0.3572958984375 0.0452998046875 0.4226943359375 0.13717578125 0.4364111328125
9 0.309521484375 0.4653125 0.31487890625 0.39895703125 0.227091796875 0.3857685546875 0.2159638671875 0.448826171875 0.309521484375 0.4653125
0 0.9509404296875 0.7700576171875 0.9993955078125 0.7708837890625 1 0.759044921875 0.989208984375 0.7573935546875 0.9506650390625 0.757943359375 0.9509404296875 0.7700576171875
0 0.9205947265625 0.3247265625 0.91684375 0.33705078125 0.921666015625 0.3718818359375 0.9993642578125 0.3884931640625 1 0.332228515625 0.924345703125 0.3118662109375 0.9205947265625 0.3247265625