5 0.0115634765625 0.89293359375 0.0131689453125 0.9 0.017666015625 0.903533203125 0.01573828125 0.9610283203125 0.0208779296875 0.9597431640625 0.0231259765625 0.9562099609375 0.030513671875 0.95075 0.0350107421875 0.95075 0.040470703125 0.9549248046875 0.0452890625 0.9613486328125 0.0510703125 0.9645615234375 0.052998046875 0.8861884765625 0.041755859375 0.88458203125 0.013490234375 0.8868310546875 0.0115634765625 0.89293359375
5 0.1791376953125 1 0.181734375 0.990806640625 0.188814453125 0.97546484375 0.193939453125 0.9694326171875 0.203919921875 0.9636640625 0.2091123046875 0.9603603515625 0.20816796875 0.95186328125 0.2091123046875 0.9436025390625 0.212888671875 0.9365224609375 0.217373046875 0.933689453125 0.2242177734375 0.9329814453125 0.22941015625 0.9374658203125 0.2322421875 0.94855859375 0.23271484375 0.95752734375 0.235310546875 0.9631923828125 0.236962890625 0.969328125 0.2452236328125 0.971453125 0.2435693359375 0.9607265625 0.2435478515625 0.915404296875 0.2419326171875 0.907005859375 0.1498759765625 0.90862109375 0.147275390625 1 0.1791376953125 1
5 0.4403759765625 1 0.442134765625 0.909484375 0.3175283203125 0.9109501953125 0.314595703125 0.9159345703125 0.311078125 0.91974609375 0.3046279296875 0.9206259765625 0.2972978515625 0.9176943359375 0.29583203125 1 0.4403759765625 1
5 0.5111171875 1 0.5122021484375 0.9028642578125 0.4481767578125 0.9044921875 0.4468203125 1 0.5111171875 1
5 0.585451171875 1 0.5862646484375 0.9074765625 0.5320068359375 0.907205078125 0.53037890625 1 0.585451171875 1
5 0.699666015625 1 0.69939453125 0.8998798828125 0.5971171875 0.9036787109375 0.5957607421875 1 0.699666015625 1
5 0.829537109375 1 0.85056640625 0.98709765625 0.8703017578125 0.971244140625 0.903302734375 0.9466552734375 0.922390625 0.9301552734375 0.9450380859375 0.9207734375 0.9663916015625 0.9175380859375 0.9663916015625 0.8770966796875 0.7874775390625 0.8935966796875 0.7858603515625 1 0.829537109375 1
5 1 0.869099609375 0.9725830078125 0.8727060546875 0.972896484375 0.9167646484375 0.9896728515625 0.9147265625 1 0.9139423828125 1 0.869099609375
0 0 0.878423828125 0.022306640625 0.87130859375 0.05211328125 0.873423828125 0.0540361328125 0.8332333984375 0.0242294921875 0.8299638671875 0.0001923828125 0.8374638671875 0 0.878423828125
0 0.0053515625 0.770326171875 0.0348984375 0.7479912109375 0.056302734375 0.749154296875 0.0572333984375 0.708904296875 0.0304775390625 0.706578125 0.0069794921875 0.724259765625 0.0053515625 0.770326171875
0 0.0142685546875 0.6135498046875 0.01400390625 0.6661328125 0.039634765625 0.6370673828125 0.0647373046875 0.637859375 0.066322265625 0.58976953125 0.03903125 0.5879296875 0.0142685546875 0.6135498046875
0 0.023013671875 0.50553515625 0.0232724609375 0.55802734375 0.050166015625 0.5184638671875 0.0747314453125 0.5205322265625 0.076283203125 0.4804521484375 0.0478876953125 0.47570703125 0.023013671875 0.50553515625
0 0.1336494140625 0.4537451171875 0.249552734375 0.41012890625 0.273244140625 0.4196064453125 0.275228515625 0.376974609375 0.247046875 0.363798828125 0.134533203125 0.406470703125 0.1336494140625 0.4537451171875
0 0.166921875 0.525171875 0.2690634765625 0.5158310546875 0.2702685546875 0.5031767578125 0.24104296875 0.4923291015625 0.166921875 0.517337890625 0.166921875 0.525171875
0 0.1238359375 0.5857333984375 0.1473369140625 0.57940625 0.1485419921875 0.525171875 0.1244384765625 0.5330048828125 0.1238359375 0.5857333984375
0 0.1140498046875 0.72091015625 0.139072265625 0.7166953125 0.1401259765625 0.6632265625 0.114576171875 0.6695478515625 0.1140498046875 0.72091015625
0 0.154580078125 0.7104951171875 0.2338740234375 0.700189453125 0.2619267578125 0.7050556640625 0.2645029296875 0.657537109375 0.23730859375 0.6546748046875 0.165171875 0.6578232421875 0.157728515625 0.659541015625 0.154580078125 0.7104951171875
0 0.196427734375 0.812185546875 0.1943330078125 0.8237568359375 0.1860673828125 0.826134765625 0.170869140625 0.8294658203125 0.1715234375 0.842232421875 0.1809072265625 0.840595703125 0.19421875 0.8426689453125 0.195267578125 0.8520634765625 0.226771484375 0.850111328125 0.263015625 0.8506689453125 0.264130859375 0.8035517578125 0.228166015625 0.7996494140625 0.1957294921875 0.7997158203125 0.196427734375 0.812185546875
0 0.4803271484375 0.851203125 0.726876953125 0.839439453125 0.726259765625 0.7700517578125 0.714541015625 0.7651171875 0.48108984375 0.779611328125 0.4803271484375 0.851203125
0 0.4825927734375 0.6719140625 0.6335751953125 0.65887109375 0.7193427734375 0.6509658203125 0.716181640625 0.5857509765625 0.705509765625 0.57863671875 0.4829873046875 0.5999794921875 0.4825927734375 0.6719140625
0 0.48158984375 0.499587890625 0.48830859375 0.506306640625 0.7005546875 0.4786396484375 0.71162109375 0.480220703125 0.7072734375 0.422515625 0.6938359375 0.41184375 0.4780322265625 0.4371396484375 0.48158984375 0.499587890625
0 0.476927734375 0.3425380859375 0.4831064453125 0.3494892578125 0.6873935546875 0.318208984375 0.6951171875 0.318208984375 0.6916416015625 0.2749580078125 0.6808291015625 0.2521728515625 0.476927734375 0.2842255859375 0.476927734375 0.3425380859375
1 1 1 0.9998349609375 0.914904296875 0.9733193359375 0.9176953125 0.945806640625 0.9220810546875 0.92287890625 0.9318505859375 0.9037392578125 0.948796875 0.867857421875 0.977107421875 0.8507109375 0.98966796875 0.8303759765625 1 1 1
9 0.2488916015625 0.27303515625 0.2751650390625 0.2620283203125 0.2756982421875 0.2348671875 0.2487138671875 0.248181640625 0.2488916015625 0.27303515625
9 0.3861513671875 0.224173828125 0.42655078125 0.2119599609375 0.4267392578125 0.1726875 0.3861513671875 0.186404296875 0.3861513671875 0.224173828125
9 0.5715322265625 0.17778515625 0.6174033203125 0.16809765625 0.6131298828125 0.130205078125 0.5698232421875 0.138181640625 0.5715322265625 0.17778515625
9 1 0.2213740234375 0.948744140625 0.2182353515625 0.95526171875 0.25613671875 0.9663671875 0.2435830078125 1 0.245755859375 1 0.2213740234375
0 1 0.2471845703125 0.966849609375 0.2447900390625 0.9552138671875 0.257685546875 0.96516015625 0.315041015625 0.981576171875 0.2964521484375 1 0.298142578125 1 0.2471845703125
9 1 0.3665380859375 0.976513671875 0.3653876953125 0.981576171875 0.4079541015625 1 0.3927685546875 1 0.3665380859375
0 1 0.3939189453125 0.981576171875 0.4109453125 0.988248046875 0.4654775390625 1 0.455123046875 1 0.3939189453125
9 0.5143076171875 0.7754765625 0.715421875 0.76360546875 0.715072265625 0.6976142578125 0.513259765625 0.71367578125 0.5143076171875 0.7754765625
9 0.5148369140625 0.5952568359375 0.7057890625 0.576529296875 0.7116640625 0.580201171875 0.706890625 0.526220703125 0.5118994140625 0.5486201171875 0.5148369140625 0.5952568359375
9 0.5121962890625 0.431005859375 0.69469140625 0.4104052734375 0.69902734375 0.4147412109375 0.69601171875 0.3700625 0.5121962890625 0.395994140625 0.5121962890625 0.431005859375
9 0.5096640625 0.2772099609375 0.68293359375 0.2502705078125 0.6806767578125 0.22859375 0.5071357421875 0.2573955078125 0.5096640625 0.2772099609375
9 0.0764716796875 0.479791015625 0.0787646484375 0.449333984375 0.0600966796875 0.47684375 0.0764716796875 0.479791015625
9 0.066314453125 0.5888984375 0.069162109375 0.55879296875 0.0488203125 0.5880849609375 0.066314453125 0.5888984375
9 0.0376669921875 0.706373046875 0.0571982421875 0.7077685546875 0.0595234375 0.6682412109375 0.0381318359375 0.685912109375 0.0376669921875 0.706373046875
9 0.0726494140625 0.831814453125 0.099591796875 0.831029296875 0.100861328125 0.7614169921875 0.0747060546875 0.7678466796875 0.0726494140625 0.831814453125
9 0.0803203125 0.7073994140625 0.112158203125 0.6975205078125 0.1131630859375 0.6689404296875 0.12286328125 0.665876953125 0.12521875 0.6278837890625 0.0824169921875 0.6444072265625 0.0803203125 0.7073994140625
9 0.0899638671875 0.5878642578125 0.1231181640625 0.5721591796875 0.1231181640625 0.53221875 0.1326181640625 0.5289228515625 0.1326181640625 0.5035234375 0.092677734375 0.5273720703125 0.0899638671875 0.5878642578125
9 0.1010947265625 0.4164013671875 0.09726953125 0.4741435546875 0.1324248046875 0.449005859375 0.1333359375 0.405654296875 0.1428076171875 0.4025576171875 0.14371875 0.3867099609375 0.1010947265625 0.4164013671875
9 0.331177734375 0.3579287109375 0.373896484375 0.3465234375 0.3734814453125 0.28078515625 0.3320068359375 0.293642578125 0.331177734375 0.3579287109375
9 0.3871689453125 0.3425830078125 0.43175390625 0.333458984375 0.430302734375 0.2641953125 0.3869609375 0.2774677734375 0.3871689453125 0.3425830078125
9 0.3837998046875 0.48819140625 0.4315966796875 0.4770146484375 0.4313583984375 0.4080546875 0.385939453125 0.418279296875 0.3837998046875 0.48819140625
9 0.327205078125 0.4282666015625 0.3243515625 0.5015078125 0.370958984375 0.49199609375 0.3711962890625 0.4170908203125 0.327205078125 0.4282666015625
9 0.382029296875 0.64135546875 0.4314521484375 0.636810546875 0.431736328125 0.5518837890625 0.3828818359375 0.5604052734375 0.382029296875 0.64135546875
9 0.3215302734375 0.6495927734375 0.367828125 0.6450478515625 0.3681123046875 0.56409765625 0.322666015625 0.5703466796875 0.3215302734375 0.6495927734375
9 0.3794833984375 0.8081591796875 0.428392578125 0.80675390625 0.4292353515625 0.7139912109375 0.38032421875 0.71961328125 0.3794833984375 0.8081591796875
9 0.3173603515625 0.8092841796875 0.3640234375 0.8090029296875 0.3657099609375 0.7218623046875 0.319328125 0.726359375 0.3173603515625 0.8092841796875
9 0.7610400390625 0.2813271484375 0.8879736328125 0.2754423828125 0.8759248046875 0.205951171875 0.7529140625 0.208193359375 0.7610400390625 0.2813271484375
9 0.77898828125 0.4300400390625 0.910841796875 0.4255703125 0.9009443359375 0.347033203125 0.770048828125 0.3515029296875 0.77898828125 0.4300400390625
9 0.7949775390625 0.601044921875 0.931529296875 0.590513671875 0.9228134765625 0.5033525390625 0.7880771484375 0.5087998046875 0.7949775390625 0.601044921875
9 0.805658203125 0.780275390625 0.9457587890625 0.7693974609375 0.9398251953125 0.6731396484375 0.79840625 0.6807216796875 0.805658203125 0.780275390625
9 0.1758095703125 0.772990234375 0.1972646484375 0.7768642578125 0.1962626953125 0.798578125 0.22961328125 0.798478515625 0.26299609375 0.80271484375 0.2643515625 0.7610283203125 0.176390625 0.766314453125 0.1758095703125 0.772990234375
7 0.27170703125 1 0.275349609375 0.920107421875 0.288146484375 0.911576171875 0.295185546875 0.906669921875 0.3039296875 0.9038974609375 0.30286328125 0.8966455078125 0.295611328125 0.891740234375 0.304783203125 0.88448828125 0.3043564453125 0.87808984375 0.3000673828125 0.8748056640625 0.3035693359375 0.8701357421875 0.3041533203125 0.8622548828125 0.3026943359375 0.856708984375 0.2951044921875 0.8558330078125 0.2910185546875 0.8499951171875 0.2799912109375 0.8477802734375 0.2836162109375 0.836904296875 0.282779296875 0.82435546875 0.2852890625 0.811248046875 0.2825009765625 0.7989775390625 0.2850107421875 0.7875439453125 0.284173828125 0.772484375 0.272740234375 0.7616083984375 0.2653125 0.7611650390625 0.264025390625 0.8519638671875 0.2436328125 0.852607421875 0.24182421875 0.8776484375 0.240568359375 0.899998046875 0.242326171875 0.91205078125 0.2566396484375 0.913306640625 0.2654287109375 0.918580078125 0.2621640625 1 0.27170703125 1
7 0.1402822265625 1 0.145400390625 0.8821396484375 0.1716044921875 0.881443359375 0.1715205078125 0.8635537109375 0.190806640625 0.8598603515625 0.195115234375 0.8543212890625 0.1936787109375 0.843447265625 0.1799326171875 0.8413955078125 0.1713154296875 0.843037109375 0.1702900390625 0.8286748046875 0.18239453125 0.82641796875 0.1936787109375 0.8231357421875 0.195525390625 0.812671875 0.194705078125 0.8013876953125 0.19583984375 0.7771875 0.174796875 0.7738203125 0.1754814453125 0.765830078125 0.15257421875 0.7618759765625 0.1527255859375 0.7379306640625 0.23653515625 0.738806640625 0.237703125 0.7098974609375 0.1536015625 0.71194140625 0.1568974609375 0.6589677734375 0.16611328125 0.6569931640625 0.2350166015625 0.653701171875 0.27509375 0.656421875 0.3127421875 0.6290244140625 0.3131142578125 0.6232470703125 0.28608984375 0.6021865234375 0.3164697265625 0.5593193359375 0.3177744140625 0.553728515625 0.2875810546875 0.51384375 0.2693154296875 0.51701171875 0.1662646484375 0.526451171875 0.1661064453125 0.5171259765625 0.1583623046875 0.51459765625 0.149037109375 0.5158623046875 0.1410029296875 0.6612236328125 0.1353447265625 0.7598095703125 0.1023857421875 0.7616708984375 0.0990830078125 0.8709169921875 0.123125 0.87640625 0.1292021484375 0.8814267578125 0.123935546875 1 0.1402822265625 1
7 1 0.0973994140625 0.93871484375 0.095412109375 0.91833984375 0.1381484375 0.8328671875 0.1306943359375 0.82839453125 0.0914365234375 0.7429208984375 0.092927734375 0.74093359375 0.12870703125 0.6952158203125 0.132185546875 0.6460185546875 0.1411298828125 0.62812890625 0.1043564453125 0.5436650390625 0.123240234375 0.551615234375 0.1421240234375 0.553603515625 0.162001953125 0.4815498046875 0.1833701171875 0.4363291015625 0.1525595703125 0.3742119140625 0.1823759765625 0.3707646484375 0.23008203125 0.34343359375 0.236044921875 0.2852919921875 0.210701171875 0.23311328125 0.2375361328125 0.238580078125 0.2479716796875 0.2346044921875 0.2877265625 0.17694140625 0.2777880859375 0.149609375 0.3031318359375 0.1501064453125 0.3294697265625 0.13768359375 0.341892578125 0.1123388671875 0.3413955078125 0.098921875 0.367236328125 0.099916015625 0.37021875 0.070595703125 0.3975498046875 0.0363076171875 0.4596669921875 0.0165634765625 0.8821484375 0.0530048828125 0.8769423828125 0.1476552734375 0.8750498046875 0.5550234375 0.8682060546875 0.784771484375 0.85913671875 1 0.83737109375 1 0.0973994140625