2 0 0 0 0.8197890625 0.0668994140625 0.8221640625 0.124728515625 0.8292900390625 0.2932080078125 0.8439365234375 0.3727822265625 0.8510615234375 0.423853515625 0.856603515625 0.6143291015625 0.854228515625 0.879580078125 0.8538330078125 0.9528203125 0.84314453125 1 0.84195703125 1 0 0 0
9 0.1194072265625 0 0.107427734375 0.0328466796875 0.26818359375 0.0278232421875 0.276298828125 0 0.1194072265625 0
9 0.213310546875 0.271662109375 0.2403603515625 0.14723046875 0.06878515625 0.1534130859375 0.029369140625 0.2697294921875 0.213310546875 0.271662109375
9 0.0001259765625 0.4242412109375 0.0001259765625 0.5958115234375 0.1686875 0.6012177734375 0.19139453125 0.4303681640625 0.0001259765625 0.4242412109375
9 0 0.988123046875 0.08328515625 0.999744140625 0.1472021484375 1 0.153787109375 0.78559375 0.15494921875 0.7813623046875 0 0.7681923828125 0 0.988123046875
9 0.677896484375 1 0.673037109375 0.804849609375 0.4130546875 0.80059765625 0.412447265625 0.999228515625 0.677896484375 1
9 0.65851171875 0.5937099609375 0.657013671875 0.4397568359375 0.43526171875 0.4348876953125 0.42851953125 0.5862177734375 0.65851171875 0.5937099609375
9 0.6466435546875 0.23140234375 0.6472275390625 0.1558251953125 0.453759765625 0.147654296875 0.4490908203125 0.221189453125 0.6466435546875 0.23140234375
9 1 0.4674306640625 0.94475 0.4640078125 0.961484375 0.6005478515625 1 0.6005478515625 1 0.4674306640625
9 0.9992001953125 0.2570703125 0.9992001953125 0.1920849609375 0.9054912109375 0.184544921875 0.9051318359375 0.1881357421875 0.9141083984375 0.250966796875 0.9992001953125 0.2570703125
8 1 0.845861328125 0.9462265625 0.846525390625 0.8897470703125 0.8571572265625 0.73154296875 0.8578212890625 0.592005859375 0.858486328125 0.424591796875 0.8604794921875 0.3415341796875 0.8505126953125 0.25249609375 0.8438681640625 0.126248046875 0.832572265625 0.074419921875 0.825927734375 0 0.82326953125 0 0.9986875 1 0.9993525390625 1 0.845861328125
0 0.6377197265625 0.54114453125 0.361560546875 0.540345703125 0.3264423828125 0.5579052734375 0.324845703125 0.6169677734375 0.356783203125 0.5958798828125 0.405943359375 0.6025830078125 0.5712998046875 0.607052734375 0.8101201171875 0.6081884765625 0.804533203125 0.5491259765625 0.6377197265625 0.54114453125
0 1 0.553974609375 0.952681640625 0.555638671875 0.957671875 0.60221875 1 0.601109375 1 0.553974609375
0 0.7093740234375 0.2035654296875 0.5701689453125 0.1943544921875 0.415421875 0.1902099609375 0.3900908203125 0.195275390625 0.370287109375 0.205408203125 0.356009765625 0.2252119140625 0.35416796875 0.2795576171875 0.359197265625 0.2811787109375 0.3708095703125 0.2504892578125 0.4164287109375 0.2405361328125 0.7763515625 0.2521484375 0.7780107421875 0.2057001953125 0.7093740234375 0.2035654296875
0 1 0.2306220703125 0.9265654296875 0.2233212890625 0.9097509765625 0.2238984375 0.9137333984375 0.263943359375 0.97302734375 0.2706669921875 1 0.2706669921875 1 0.2306220703125
0 0.7544365234375 0 0.754015625 0.001265625 0.883599609375 0.0181357421875 1 0.0337412109375 1 0 0.7544365234375 0
9 0.8080361328125 0.6019873046875 0.9489326171875 0.6015224609375 0.9191728515625 0.344458984375 0.78901171875 0.3349755859375 0.8080361328125 0.6019873046875
9 0.776416015625 0.246875 0.9015029296875 0.257568359375 0.8749970703125 0.0739111328125 0.760140625 0.062287109375 0.776416015625 0.246875