2 1 0.744484375 0.9814296875 0.74380078125 0.9648515625 0.7516611328125 0.960919921875 0.751490234375 0.960236328125 0.7772958984375 0.8834970703125 0.779859375 0.8845224609375 0.7962646484375 0.9033232421875 0.7972900390625 0.9038359375 0.8089111328125 0.88640234375 0.8085693359375 0.886744140625 0.891310546875 1 0.8855009765625 1 0.744484375
2 0.6671318359375 1 0.6777578125 0.9957265625 0.69545703125 0.9974111328125 0.715765625 0.9911630859375 0.71521875 0.979447265625 0.7229521484375 0.9773388671875 0.742216796875 0.978744140625 0.75252734375 0.9753857421875 0.7566669921875 0.9753076171875 0.757177734375 0.946005859375 0.7724091796875 0.944912109375 0.7732685546875 0.8832294921875 0.780173828125 0.8824482421875 0.780017578125 0.866984375 0.8144658203125 0.865890625 0.8150908203125 0.8692490234375 0.8214169921875 0.8682333984375 0.8228232421875 0.86409375 0.86601953125 0.8633134765625 0.86680078125 0.9435390625 0.876185546875 0.94323828125 0.904072265625 0.931419921875 0.9029638671875 0.9271728515625 0.89114453125 0.9255107421875 0.890775390625 0.9218173828125 0.8867119140625 0.920525390625 0.8854189453125 0.88783984375 0.8857890625 0.808142578125 0.9029638671875 0.808142578125 0.90241015625 0.797986328125 0.8837568359375 0.7974326171875 0.8822802734375 0.767724609375 0.8843115234375 0.7675400390625 0.88449609375 0.7631083984375 0.8820947265625 0.7605234375 0.879509765625 0.6525185546875 0.881171875 0.652333984375 0.880802734375 0.646609375 0.8785859375 0.64383984375 0.8760009765625 0.539767578125 0.8767392578125 0.533880859375 0.8743388671875 0.5303720703125 0.8700908203125 0.4284072265625 0.8710146484375 0.427853515625 0.871568359375 0.4236064453125 0.869537109375 0.4215751953125 0.8667666015625 0.34841796875 0.90241015625 0.344724609375 0.904072265625 0.34176953125 0.8323828125 0.1990498046875 0.8325673828125 0.1964638671875 0.8292431640625 0.1896318359375 0.7877783203125 0.1091416015625 0.7850087890625 0.108587890625 0.7656171875 0.074056640625 0.687421875 0.0884599609375 0.6054970703125 0.0640849609375 0.5894296875 0.0378623046875 0.585451171875 0.0358310546875 0.5736318359375 0.041001953125 0.4707646484375 0.05965234375 0.4638349609375 0.0590986328125 0.4618037109375 0.06168359375 0.4586640625 0.062607421875 0.456447265625 0.065376953125 0.472330078125 0.086982421875 0.472330078125 0.0895673828125 0.4050771484375 0.10083203125 0.3851318359375 0.0773798828125 0.3821767578125 0.07645703125 0.370908203125 0.082181640625 0.2896484375 0.1010166015625 0.2837392578125 0.1013857421875 0.278830078125 0.1006083984375 0.2764287109375 0.104486328125 0.27051953125 0.1061484375 0.27051953125 0.1087333984375 0.285478515625 0.12269140625 0.2849248046875 0.1302626953125 0.2339521484375 0.143373046875 0.21419140625 0.1273076171875 0.2139921875 0.1252763671875 0.209744140625 0.1204755859375 0.2067890625 0.1195517578125 0.199033203125 0.1252763671875 0.1137099609375 0.148359375 0.1124169921875 0.150390625 0.127376953125 0.1627626953125 0.126453125 0.171072265625 0.0880390625 0.181783203125 0.0692021484375 0.1684873046875 0.0660625 0.161654296875 0.0634765625 0.161654296875 0.0570126953125 0.166640625 0 0.183814453125 0 0.9889833984375 0.0482734375 1 0.6671318359375 1
9 0.3271962890625 0.1210234375 0.299888671875 0.1258779296875 0.2913935546875 0.165115234375 0.319509765625 0.15925 0.3271962890625 0.1210234375
9 0.000556640625 0.2408251953125 0.019041015625 0.2365166015625 0.0250517578125 0.2022724609375 0.0069072265625 0.20726171875 0.000556640625 0.2408251953125
9 0.026185546875 0.2327744140625 0.044669921875 0.2283525390625 0.051474609375 0.19444921875 0.0327783203125 0.1996484375 0.026185546875 0.2327744140625
0 0 0.34272265625 0.02805078125 0.3366796875 0.0433525390625 0.34413671875 0.04528125 0.33346484375 0.02959375 0.325365234375 0 0.33205078125 0 0.34272265625
9 0 0.342005859375 0.0279609375 0.336109375 0.0423447265625 0.342869140625 0.0475224609375 0.3072021484375 0.0038125 0.31706640625 0 0.342005859375
9 0 0.4611142578125 0.0003447265625 0.4611142578125 0.0099814453125 0.46039453125 0.0249404296875 0.465140625 0.03198828125 0.421419921875 0.0237900390625 0.422138671875 0 0.4263095703125 0 0.4611142578125
0 0 0.4615458984375 0.0119951171875 0.4605390625 0.02882421875 0.4675859375 0.0289677734375 0.456080078125 0.0118515625 0.4496083984375 0 0.451333984375 0 0.4615458984375
9 0.0671142578125 0.46315625 0.136650390625 0.4534951171875 0.142798828125 0.38352734375 0.077654296875 0.3934814453125 0.0671142578125 0.46315625
9 0.15971875 0.257658203125 0.095806640625 0.272779296875 0.08383984375 0.336552734375 0.1510390625 0.3237978515625 0.15971875 0.257658203125
9 0.1326279296875 0.203685546875 0.15537890625 0.1980322265625 0.161033203125 0.1630556640625 0.1384140625 0.168708984375 0.1326279296875 0.203685546875
9 0.1644521484375 0.195796875 0.1874658203125 0.190142578125 0.193646484375 0.1538505859375 0.171017578125 0.159837890625 0.1644521484375 0.195796875
9 0.333185546875 0.1564462890625 0.36088671875 0.1498740234375 0.3648779296875 0.112787109375 0.33694140625 0.118068359375 0.333185546875 0.1564462890625
9 0.5314599609375 0.117572265625 0.5639580078125 0.1115244140625 0.5644326171875 0.0725068359375 0.5327646484375 0.0780810546875 0.5314599609375 0.117572265625
9 0.4867451171875 0.1259931640625 0.5184130859375 0.119826171875 0.5201923828125 0.0812822265625 0.48947265625 0.08709375 0.4867451171875 0.1259931640625
9 0.5929697265625 0.23457421875 0.6980224609375 0.21989453125 0.6989755859375 0.189392578125 0.5946865234375 0.2023564453125 0.5929697265625 0.23457421875
9 0.551025390625 0.203880859375 0.548546875 0.240673828125 0.586296875 0.2357177734375 0.588798828125 0.201462890625 0.551025390625 0.203880859375
9 0.6988564453125 0.2208310546875 0.7073623046875 0.22052734375 0.706603515625 0.1816474609375 0.69809765625 0.1827109375 0.6988564453125 0.2208310546875
0 0.702654296875 0.20776953125 0.5129541015625 0.2340439453125 0.512802734375 0.236474609375 0.51994140625 0.2436123046875 0.520548828125 0.245283203125 0.699181640625 0.22052734375 0.70753515625 0.2208310546875 0.71358984375 0.22690625 0.71358984375 0.221134765625 0.702654296875 0.20776953125
9 0.7649921875 0.2679755859375 0.8049013671875 0.3229814453125 0.80633203125 0.3224091796875 0.803900390625 0.2508955078125 0.7780087890625 0.2111513671875 0.7784384765625 0.202140625 0.77026953125 0.1912080078125 0.76427734375 0.1947451171875 0.7649921875 0.2679755859375
9 0.8619736328125 0.4046669921875 0.8594443359375 0.3413271484375 0.85473046875 0.3344296875 0.852890625 0.334544921875 0.8318515625 0.2994638671875 0.828517578125 0.299119140625 0.8305869140625 0.362708984375 0.860984375 0.4054970703125 0.8619736328125 0.4046669921875
9 0.771849609375 0.3302548828125 0.7724580078125 0.4150849609375 0.80896484375 0.4566982421875 0.8111552734375 0.458158203125 0.8098173828125 0.38062890625 0.7847490234375 0.34546484375 0.784505859375 0.3403544921875 0.776595703125 0.3306201171875 0.77221484375 0.33001171875 0.771849609375 0.3302548828125
9 0.835728515625 0.419294921875 0.8362587890625 0.4884482421875 0.8631298828125 0.518396484375 0.8669541015625 0.519033203125 0.8662099609375 0.452853515625 0.86132421875 0.4472255859375 0.8585634765625 0.446587890625 0.836578125 0.417490234375 0.835728515625 0.419294921875
9 0.7761181640625 0.57247265625 0.8147998046875 0.6000244140625 0.8159013671875 0.5994736328125 0.8142490234375 0.516728515625 0.7886455078125 0.4909892578125 0.7886455078125 0.488236328125 0.779697265625 0.4810791015625 0.77529296875 0.4819052734375 0.7761181640625 0.57247265625
9 0.8402978515625 0.6189052734375 0.8675341796875 0.6379228515625 0.872427734375 0.6386611328125 0.87150390625 0.570302734375 0.8665185546875 0.5664248046875 0.8643955078125 0.5656865234375 0.844267578125 0.545837890625 0.8401201171875 0.544966796875 0.8402978515625 0.6189052734375
9 0.8095126953125 0.6538310546875 0.7853681640625 0.641693359375 0.7790341796875 0.6424853515625 0.778375 0.7374013671875 0.7864228515625 0.740171875 0.817693359375 0.7472958984375 0.8202001953125 0.7467685546875 0.8190126953125 0.6628408203125 0.809908203125 0.6588447265625 0.8095126953125 0.6538310546875
9 0.843685546875 0.677484375 0.844212890625 0.75362890625 0.8694140625 0.7600927734375 0.874427734375 0.7600927734375 0.873240234375 0.690544921875 0.869150390625 0.6872470703125 0.86532421875 0.6864560546875 0.8650595703125 0.6834208984375 0.8485673828125 0.675505859375 0.8473798828125 0.676693359375 0.843685546875 0.677484375
9 0.5874306640625 0.555708984375 0.71057421875 0.5473095703125 0.7107333984375 0.481228515625 0.70946484375 0.4772666015625 0.698529296875 0.4783759765625 0.6990048828125 0.4831298828125 0.5885166015625 0.4904375 0.5874306640625 0.555708984375
9 0.582517578125 0.4888349609375 0.5403603515625 0.4913701171875 0.5403603515625 0.5590361328125 0.583626953125 0.5566591796875 0.582517578125 0.4888349609375
9 0.355150390625 0.5240751953125 0.3589951171875 0.5244599609375 0.35937890625 0.5206162109375 0.3684130859375 0.520423828125 0.3678369140625 0.5169638671875 0.3682216796875 0.511966796875 0.364953125 0.50677734375 0.367068359375 0.504279296875 0.3716806640625 0.5065859375 0.375140625 0.5065859375 0.382060546875 0.5188857421875 0.3851357421875 0.517732421875 0.3789853515625 0.5054326171875 0.3878271484375 0.503318359375 0.39186328125 0.5085078125 0.3924404296875 0.5173486328125 0.4328056640625 0.514849609375 0.43741796875 0.5154267578125 0.4410703125 0.5117744140625 0.43261328125 0.5027421875 0.434919921875 0.50005078125 0.441455078125 0.5012041015625 0.435880859375 0.4925556640625 0.438763671875 0.4896728515625 0.4477978515625 0.4977451171875 0.4524111328125 0.4950537109375 0.4537568359375 0.48371484375 0.355919921875 0.491978515625 0.355150390625 0.5240751953125
9 0.7094736328125 0.6508828125 0.708626953125 0.6478603515625 0.7109248046875 0.641572265625 0.7020966796875 0.6422978515625 0.70137109375 0.643990234375 0.6613447265625 0.646771484375 0.714673828125 0.6681728515625 0.7133427734375 0.6512451171875 0.7094736328125 0.6508828125
9 0.6225859375 0.650939453125 0.64291015625 0.6585830078125 0.64308984375 0.6525576171875 0.6399423828125 0.648421875 0.6225859375 0.6489609375 0.6225859375 0.650939453125
9 0.371171875 0.2841171875 0.4650556640625 0.269662109375 0.46849609375 0.197810546875 0.3798125 0.21217578125 0.371171875 0.2841171875
9 0.3608701171875 0.42689453125 0.45724609375 0.41692578125 0.46040234375 0.3359833984375 0.368181640625 0.34694921875 0.3608701171875 0.42689453125
9 0.24894140625 0.415298828125 0.2903369140625 0.4112431640625 0.3016708984375 0.41696875 0.3032216796875 0.3796328125 0.2501494140625 0.3852763671875 0.24894140625 0.415298828125
9 0.26134765625 0.27593359375 0.3035791015625 0.26973046875 0.314435546875 0.2779609375 0.315986328125 0.2524345703125 0.2614677734375 0.2623349609375 0.26134765625 0.27593359375
0 0.3035546875 0.2699453125 0.179794921875 0.2927099609375 0.179794921875 0.2942880859375 0.1845283203125 0.2973310546875 0.1845283203125 0.30240234375 0.3009560546875 0.28121484375 0.303630859375 0.2814404296875 0.317494140625 0.2911328125 0.3176435546875 0.2811025390625 0.3035546875 0.2699453125
0 0.2903310546875 0.4113388671875 0.16493359375 0.426552734375 0.164708984375 0.428017578125 0.168427734375 0.4308349609375 0.1687666015625 0.4375966796875 0.288125 0.4232841796875 0.305599609375 0.4321875 0.3057724609375 0.4199033203125 0.2903310546875 0.4113388671875
0 0.511580078125 0.553212890625 0.5118056640625 0.5612138671875 0.7118447265625 0.547916015625 0.7199599609375 0.55276171875 0.7191708984375 0.5390126953125 0.710154296875 0.5332646484375 0.6640263671875 0.53529296875 0.50326953125 0.545662109375 0.5031572265625 0.548591796875 0.511384765625 0.5529873046875 0.511580078125 0.553212890625
0 0.70638671875 0.3631396484375 0.506580078125 0.3834453125 0.5064619140625 0.385806640625 0.5133095703125 0.3912373046875 0.5137822265625 0.3970224609375 0.646810546875 0.3825009765625 0.7090205078125 0.3765986328125 0.71490625 0.382044921875 0.7151240234375 0.3729384765625 0.70638671875 0.3631396484375
5 0.8152783203125 0.86867578125 0.8216376953125 0.8675703125 0.822466796875 0.8639765625 0.860482421875 0.863837890625 0.8602060546875 0.8267939453125 0.814568359375 0.828048828125 0.8152783203125 0.86867578125
3 0.66609375 1 0.677787109375 0.9951552734375 0.6956845703125 0.9970634765625 0.715251953125 0.9908603515625 0.7143876953125 0.979400390625 0.7232041015625 0.9768291015625 0.742306640625 0.978298828125 0.7544296875 0.973890625 0.7481845703125 0.7366474609375 0.7429033203125 0.736111328125 0.7304970703125 0.7333779296875 0.728814453125 0.674716796875 0.3604306640625 0.52455859375 0.15906640625 0.53885546875 0 0.5497587890625 0 0.984359375 0.0530341796875 1 0.66609375 1
8 0 0.549533203125 0.0893134765625 0.5424462890625 0.0882607421875 0.54079296875 0.0897646484375 0.5374853515625 0.0927724609375 0.5361318359375 0.1019443359375 0.5371845703125 0.108109375 0.5362822265625 0.121943359375 0.5325234375 0.1413408203125 0.532072265625 0.161490234375 0.53402734375 0.175474609375 0.5370341796875 0.2092236328125 0.534177734375 0.2131328125 0.5283134765625 0.22982421875 0.5286142578125 0.2329814453125 0.5271103515625 0.2374921875 0.524705078125 0.2514765625 0.5221494140625 0.2710244140625 0.5209462890625 0.2869638671875 0.5227509765625 0.2992939453125 0.52485546875 0.3071123046875 0.5271103515625 0.3447041015625 0.524705078125 0.3454560546875 0.523501953125 0.344404296875 0.519142578125 0.341697265625 0.51748828125 0.338990234375 0.517939453125 0.3346298828125 0.5206455078125 0.326931640625 0.523802734375 0.325427734375 0.5221494140625 0.3234736328125 0.5189921875 0.3215185546875 0.518541015625 0.3186611328125 0.517638671875 0.3179091796875 0.510873046875 0.316556640625 0.5066630859375 0.314451171875 0.5063623046875 0.31430078125 0.511775390625 0.312947265625 0.5120751953125 0.3060302734375 0.5126767578125 0.3018203125 0.5110234375 0.300015625 0.5059111328125 0.2974599609375 0.5075654296875 0.2968583984375 0.5138798828125 0.2949580078125 0.511474609375 0.2930029296875 0.50921875 0.2937548828125 0.5065126953125 0.2895439453125 0.504408203125 0.2814248046875 0.502453125 0.2775146484375 0.50125 0.2794697265625 0.508466796875 0.2784169921875 0.51012109375 0.2770634765625 0.50921875 0.273455078125 0.5066630859375 0.27300390625 0.5051591796875 0.2680419921875 0.502904296875 0.2671396484375 0.5018515625 0.26202734375 0.5000478515625 0.26082421875 0.504408203125 0.26022265625 0.5048583984375 0.2572158203125 0.5050087890625 0.2555615234375 0.51132421875 0.2516513671875 0.51748828125 0.25075 0.5198935546875 0.24744140625 0.5194423828125 0.2420283203125 0.51688671875 0.2369814453125 0.51132421875 0.232169921875 0.510271484375 0.229162109375 0.510421875 0.227658203125 0.51012109375 0.2229970703125 0.511474609375 0.2216435546875 0.5110234375 0.2222451171875 0.5086171875 0.2235986328125 0.5066630859375 0.2266064453125 0.5047080078125 0.2287109375 0.501701171875 0.2323203125 0.4989951171875 0.2341240234375 0.4973408203125 0.233072265625 0.494484375 0.228109375 0.494484375 0.2243505859375 0.4991455078125 0.2220947265625 0.4998974609375 0.2183359375 0.50094921875 0.216380859375 0.5047080078125 0.2129228515625 0.5050087890625 0.2130732421875 0.5068134765625 0.2115693359375 0.5086171875 0.2091630859375 0.5071142578125 0.20405078125 0.5065126953125 0.20465234375 0.5045576171875 0.204201171875 0.5030546875 0.1983369140625 0.50125 0.192171875 0.4995966796875 0.1846533203125 0.500798828125 0.181044921875 0.4988447265625 0.1714208984375 0.4992958984375 0.167962890625 0.50125 0.1636025390625 0.504107421875 0.1610458984375 0.50831640625 0.15593359375 0.50951953125 0.153677734375 0.509669921875 0.1532265625 0.50365625 0.15503125 0.4989951171875 0.15533203125 0.495236328125 0.153076171875 0.4919287109375 0.1512724609375 0.4871171875 0.1491669921875 0.486515625 0.1488662109375 0.50395703125 0.14495703125 0.4971904296875 0.1422392578125 0.491646484375 0.1386298828125 0.4883388671875 0.136224609375 0.4883388671875 0.135021484375 0.491646484375 0.132013671875 0.4937509765625 0.1294580078125 0.4942021484375 0.1276533203125 0.4943525390625 0.1285556640625 0.4991640625 0.123744140625 0.5005166015625 0.120736328125 0.4979609375 0.119232421875 0.4963076171875 0.1163759765625 0.4948037109375 0.1151728515625 0.4936005859375 0.1129169921875 0.49209765625 0.1151728515625 0.490142578125 0.1180302734375 0.485181640625 0.107955078125 0.489240234375 0.1078046875 0.4874365234375 0.1114140625 0.48292578125 0.110962890625 0.4784150390625 0.107654296875 0.4790166015625 0.1035947265625 0.4862333984375 0.097279296875 0.49149609375 0.095474609375 0.4889404296875 0.0936708984375 0.4856318359375 0.0893095703125 0.4865341796875 0.08374609375 0.4853310546875 0.0801376953125 0.483076171875 0.0763779296875 0.4779638671875 0.07156640625 0.47616015625 0.068708984375 0.4785654296875 0.0678076171875 0.484279296875 0.058484375 0.48232421875 0.0487109375 0.4778134765625 0.045853515625 0.47555859375 0.0405908203125 0.4722509765625 0.0392373046875 0.469845703125 0.036380859375 0.4662373046875 0.0305166015625 0.468041015625 0.021193359375 0.481873046875 0.0177353515625 0.4832265625 0.0120205078125 0.4854814453125 0.0043525390625 0.477513671875 0 0.4739052734375 0 0.477212890625 0 0.4811220703125 0.0010439453125 0.4859326171875 0 0.4865341796875 0 0.549533203125
8 0.3612998046875 0.5242353515625 0.4731259765625 0.57000390625 0.4754697265625 0.5646142578125 0.4754697265625 0.563599609375 0.4743759765625 0.562115234375 0.4743759765625 0.5571943359375 0.4753134765625 0.5518837890625 0.4771103515625 0.548837890625 0.47890625 0.5426669921875 0.47765625 0.53962109375 0.4767197265625 0.5427451171875 0.4726572265625 0.54149609375 0.4752353515625 0.5383720703125 0.480390625 0.535013671875 0.4769541015625 0.532904296875 0.4799130859375 0.5288759765625 0.4804599609375 0.5270791015625 0.482490234375 0.5257509765625 0.484052734375 0.524345703125 0.483896484375 0.522783203125 0.482802734375 0.5212998046875 0.4789755859375 0.5210654296875 0.4745234375 0.522001953125 0.4754609375 0.5195810546875 0.4754609375 0.51731640625 0.4737421875 0.51520703125 0.4693681640625 0.51794140625 0.4651494140625 0.5206748046875 0.461244140625 0.5209091796875 0.459369140625 0.51794140625 0.459447265625 0.51559765625 0.459837890625 0.5128642578125 0.4586669921875 0.510130859375 0.4580419921875 0.5066162109375 0.4571044921875 0.5047412109375 0.4534326171875 0.5058349609375 0.45194921875 0.5042724609375 0.4547607421875 0.5006796875 0.4547607421875 0.4977119140625 0.4527294921875 0.4958701171875 0.44749609375 0.498212890625 0.438748046875 0.49048046875 0.436794921875 0.49266796875 0.4424189453125 0.5016494140625 0.434998046875 0.500478515625 0.4334365234375 0.5029775390625 0.441583984375 0.5117939453125 0.437990234375 0.51569921875 0.4327568359375 0.51515234375 0.392138671875 0.5174169921875 0.391513671875 0.508669921875 0.3876083984375 0.5036708984375 0.379484375 0.505544921875 0.3858115234375 0.5177294921875 0.381984375 0.5193701171875 0.3751884765625 0.506794921875 0.371361328125 0.507185546875 0.367142578125 0.5049990234375 0.3655029296875 0.506951171875 0.368861328125 0.5114814453125 0.368392578125 0.5171826171875 0.368861328125 0.520853515625 0.35980078125 0.521009765625 0.3596875 0.524140625 0.3612998046875 0.5242353515625
4 0.75701953125 0.9777978515625 0.8308095703125 0.9774072265625 0.8647880859375 0.96553515625 0.8648662109375 0.958818359375 0.8661943359375 0.9566318359375 0.8670537109375 0.9503046875 0.8759580078125 0.9504609375 0.8769736328125 0.9558505859375 0.8804111328125 0.9560849609375 0.8804892578125 0.9506953125 0.88111328125 0.9503046875 0.88126953125 0.9475712890625 0.8758017578125 0.9475712890625 0.8753330078125 0.943822265625 0.8664287109375 0.944056640625 0.8656474609375 0.86417578125 0.8230732421875 0.86425390625 0.8226044921875 0.8680810546875 0.81487109375 0.869251953125 0.81463671875 0.8662841796875 0.8129521484375 0.86655859375 0.78027734375 0.867271484375 0.7805146484375 0.8828349609375 0.773623046875 0.8833095703125 0.7725537109375 0.945193359375 0.7572265625 0.946380859375 0.75717578125 0.9749462890625 0.75701953125 0.9777978515625
6 1 0.8986142578125 0.886912109375 0.90401953125 0.8876171875 0.9150634765625 0.937673828125 0.9204677734375 0.956474609375 0.9272822265625 0.954359375 0.9319814453125 0.9044033203125 0.932232421875 0.87598828125 0.94415625 0.8768447265625 0.9464794921875 0.881736328125 0.9474580078125 0.881125 0.951615234375 0.8812470703125 0.9567509765625 0.8764775390625 0.956384765625 0.8754990234375 0.9512490234375 0.8675498046875 0.95100390625 0.8675498046875 0.9555283203125 0.8657158203125 0.9589521484375 0.86559375 0.9658720703125 0.831716796875 0.977978515625 0.7564580078125 0.97822265625 0.75596875 0.9758994140625 0.7522998046875 0.9758994140625 0.742271484375 0.979201171875 0.722826171875 0.9777333984375 0.7158544921875 0.9799345703125 0.7166748046875 0.9914296875 0.6960068359375 0.9981552734375 0.6775400390625 0.9963203125 0.668490234375 1 0.9996328125 1 1 0.9456103515625 1 0.8986142578125
7 0.9782431640625 0.853466796875 0.9777841796875 0.830548828125 0.961740234375 0.830365234375 0.962015625 0.853546875 0.9683408203125 0.8539140625 0.9699912109375 0.8999599609375 0.9732001953125 0.8998681640625 0.9717734375 0.8534853515625 0.9782431640625 0.853466796875
8 1 0.12372265625 0.9958720703125 0.1264150390625 0.995015625 0.1292294921875 0.9961171875 0.1340029296875 0.9985654296875 0.1359609375 0.9951376953125 0.1393876953125 0.9912216796875 0.138408203125 0.981796875 0.1329013671875 0.9771455078125 0.1352265625 0.9764111328125 0.140611328125 0.966375 0.134125 0.9638046875 0.1368173828125 0.9601328125 0.142447265625 0.9631923828125 0.1472197265625 0.9682109375 0.1477099609375 0.9753095703125 0.14636328125 0.9764111328125 0.1497900390625 0.979470703125 0.1526044921875 0.97665625 0.1523603515625 0.971515625 0.151013671875 0.967109375 0.150646484375 0.965640625 0.1519931640625 0.964783203125 0.1605595703125 0.967109375 0.1621513671875 0.971759765625 0.162640625 0.9734736328125 0.1605595703125 0.975064453125 0.1622734375 0.976900390625 0.165822265625 0.979470703125 0.1682705078125 0.9824091796875 0.17047265625 0.9859580078125 0.170228515625 0.9880390625 0.1682705078125 0.9984423828125 0.1746337890625 0.9983203125 0.1903203125 0.9929345703125 0.191298828125 0.99134375 0.1965615234375 0.9903642578125 0.2024365234375 0.99134375 0.2045166015625 0.9917109375 0.204638671875 0.9871826171875 0.2078212890625 0.9836328125 0.207576171875 0.9786142578125 0.2089228515625 0.977267578125 0.211125 0.9734736328125 0.211615234375 0.9709033203125 0.209044921875 0.9668642578125 0.2092900390625 0.966251953125 0.2144296875 0.9683330078125 0.21553125 0.9712705078125 0.2188359375 0.971515625 0.2221396484375 0.974330078125 0.2214052734375 0.9775126953125 0.2207939453125 0.9806953125 0.2237314453125 0.9760439453125 0.227158203125 0.975431640625 0.23070703125 0.972126953125 0.231685546875 0.9690673828125 0.23254296875 0.9660078125 0.233384765625 0.960376953125 0.23619921875 0.9576845703125 0.2421962890625 0.958296875 0.251619140625 0.9613564453125 0.253822265625 0.9609892578125 0.254556640625 0.9593984375 0.2565146484375 0.9602548828125 0.2609208984375 0.961111328125 0.2620224609375 0.961111328125 0.2674072265625 0.958541015625 0.2691201171875 0.9458115234375 0.2577392578125 0.942384765625 0.2598193359375 0.9407939453125 0.2601865234375 0.9418955078125 0.2568818359375 0.9366318359375 0.2496611328125 0.9312470703125 0.247091796875 0.928798828125 0.2486826171875 0.9268408203125 0.2522314453125 0.9250048828125 0.2579833984375 0.9237802734375 0.2637353515625 0.9242705078125 0.2666728515625 0.919619140625 0.266794921875 0.917783203125 0.2681416015625 0.9160693359375 0.2758515625 0.91802734375 0.2776875 0.919251953125 0.2774423828125 0.92096484375 0.2817265625 0.923658203125 0.2835615234375 0.9253720703125 0.286009765625 0.9294111328125 0.2851533203125 0.9311240234375 0.28845703125 0.9307568359375 0.2915166015625 0.9362646484375 0.29102734375 0.9415283203125 0.2951884765625 0.9466689453125 0.2962900390625 0.946056640625 0.29959375 0.9433642578125 0.2991044921875 0.9311240234375 0.29323046875 0.9246376953125 0.2937197265625 0.922189453125 0.2957998046875 0.923291015625 0.3028984375 0.926595703125 0.3035107421875 0.9305126953125 0.3035107421875 0.932837890625 0.3051220703125 0.934306640625 0.3068359375 0.9410380859375 0.308181640625 0.9421396484375 0.3105068359375 0.948259765625 0.3138115234375 0.9510751953125 0.3193193359375 0.948626953125 0.3247041015625 0.9476474609375 0.3286201171875 0.9516875 0.3303330078125 0.955236328125 0.3297216796875 0.958173828125 0.334861328125 0.9571953125 0.3373095703125 0.9503408203125 0.337064453125 0.9452001953125 0.3336376953125 0.9367548828125 0.3376767578125 0.9355302734375 0.34134765625 0.937611328125 0.34758984375 0.9444658203125 0.34465234375 0.9465458984375 0.3466103515625 0.9465458984375 0.349669921875 0.9513193359375 0.34905859375 0.954625 0.351505859375 0.9573173828125 0.3532197265625 0.9477705078125 0.351873046875 0.9433642578125 0.3565234375 0.9428740234375 0.3621533203125 0.9463017578125 0.3643564453125 0.9509521484375 0.3636220703125 0.9569501953125 0.3599501953125 0.9587861328125 0.361908203125 0.954134765625 0.3843046875 0.956828125 0.3860029296875 0.9630703125 0.385880859375 0.961111328125 0.389796875 0.9630703125 0.395671875 0.9623359375 0.3986083984375 0.9573173828125 0.392 0.954869140625 0.3937138671875 0.9529111328125 0.395548828125 0.947892578125 0.38306640625 0.944955078125 0.383310546875 0.9481376953125 0.39640625 0.954625 0.405095703125 0.952421875 0.40937890625 0.948259765625 0.4109697265625 0.9356533203125 0.388328125 0.9382236328125 0.3867373046875 0.9374892578125 0.3803740234375 0.935041015625 0.3791494140625 0.932470703125 0.3787822265625 0.928064453125 0.3756005859375 0.918884765625 0.3756005859375 0.916681640625 0.386615234375 0.91288671875 0.3932236328125 0.9138662109375 0.3961611328125 0.91582421875 0.398119140625 0.9179052734375 0.4048505859375 0.9142333984375 0.4080322265625 0.912275390625 0.411458984375 0.912275390625 0.416951171875 0.91692578125 0.4179306640625 0.91912890625 0.4211123046875 0.9043193359375 0.4424072265625 0.901994140625 0.44265234375 0.89526171875 0.4373896484375 0.89342578125 0.4351865234375 0.8880400390625 0.4331064453125 0.8862041015625 0.4309033203125 0.8822880859375 0.4296796875 0.8819208984375 0.4290673828125 0.8830224609375 0.4251513671875 0.8804521484375 0.4229482421875 0.87800390625 0.42490625 0.8770244140625 0.4264970703125 0.8720068359375 0.4284560546875 0.8711494140625 0.431392578125 0.8709052734375 0.435798828125 0.8722509765625 0.43751171875 0.8778818359375 0.438369140625 0.8817978515625 0.4420400390625 0.8789833984375 0.44522265625 0.87763671875 0.446935546875 0.8740869140625 0.4474248046875 0.8715166015625 0.4521982421875 0.8671103515625 0.4546455078125 0.8671103515625 0.459908203125 0.8704150390625 0.4603974609375 0.8744541015625 0.461744140625 0.8729853515625 0.4651708984375 0.8773916015625 0.4712900390625 0.8808193359375 0.4690869140625 0.8863271484375 0.462111328125 0.8877958984375 0.4676181640625 0.8903662109375 0.4688427734375 0.893916015625 0.4673740234375 0.89599609375 0.46492578125 0.90076953125 0.46382421875 0.90003515625 0.4677412109375 0.9013818359375 0.47116796875 0.90187109375 0.471779296875 0.89673046875 0.4799794921875 0.899056640625 0.4832841796875 0.900892578125 0.486220703125 0.9032177734375 0.4881787109375 0.9057880859375 0.486955078125 0.9068896484375 0.49146875 0.9131318359375 0.491345703125 0.918150390625 0.4966083984375 0.9208427734375 0.49746484375 0.91766015625 0.49930078125 0.918884765625 0.511294921875 0.9215771484375 0.51190625 0.9253720703125 0.5117841796875 0.9278193359375 0.5106826171875 0.932103515625 0.5115390625 0.9323486328125 0.5136201171875 0.937244140625 0.51484375 0.9352861328125 0.5166796875 0.9327158203125 0.5175361328125 0.9292880859375 0.51956640625 0.9292880859375 0.5250732421875 0.9369990234375 0.5266640625 0.9395693359375 0.5236044921875 0.9425068359375 0.525685546875 0.9447099609375 0.526296875 0.948994140625 0.5239716796875 0.950095703125 0.5269091796875 0.9499736328125 0.5330283203125 0.9494833984375 0.534375 0.946056640625 0.5325390625 0.9432412109375 0.533517578125 0.941650390625 0.5362099609375 0.937978515625 0.5378017578125 0.9325927734375 0.5378017578125 0.9308798828125 0.5358427734375 0.9279423828125 0.5337626953125 0.924759765625 0.5351083984375 0.923658203125 0.5373115234375 0.92133203125 0.5373115234375 0.91545703125 0.5291123046875 0.9123974609375 0.5294794921875 0.910072265625 0.5276435546875 0.906033203125 0.5286220703125 0.8973427734375 0.5322939453125 0.8973427734375 0.5374345703125 0.89893359375 0.537923828125 0.897955078125 0.540861328125 0.900892578125 0.541595703125 0.901626953125 0.5446552734375 0.89526171875 0.5426962890625 0.8925693359375 0.540861328125 0.8895087890625 0.536822265625 0.8869384765625 0.5374345703125 0.87947265625 0.5420849609375 0.8751884765625 0.540861328125 0.8701708984375 0.537189453125 0.8593994140625 0.5365771484375 0.85670703125 0.5413505859375 0.85413671875 0.5439208984375 0.8590322265625 0.5460009765625 0.85340234375 0.5471025390625 0.85230078125 0.548693359375 0.8524228515625 0.552609375 0.854748046875 0.554935546875 0.8575634765625 0.555546875 0.8638056640625 0.5537109375 0.8682119140625 0.552365234375 0.88534765625 0.5513857421875 0.8793505859375 0.5565263671875 0.88241015625 0.5578720703125 0.88351171875 0.5582392578125 0.8852255859375 0.5610546875 0.8906103515625 0.559462890625 0.8920791015625 0.5544453125 0.9032177734375 0.5500400390625 0.911173828125 0.551630859375 0.9076240234375 0.5539560546875 0.90187109375 0.5568935546875 0.89966796875 0.561421875 0.901994140625 0.564970703125 0.90848046875 0.566072265625 0.9105615234375 0.559830078125 0.9149677734375 0.5597080078125 0.91545703125 0.5568935546875 0.9168037109375 0.554201171875 0.9193740234375 0.5543232421875 0.920353515625 0.5573828125 0.9246376953125 0.5610546875 0.9231689453125 0.56778515625 0.9248818359375 0.56888671875 0.92059765625 0.5708447265625 0.9168037109375 0.57255859375 0.9171708984375 0.57623046875 0.92096484375 0.579412109375 0.921822265625 0.5813701171875 0.922556640625 0.583328125 0.916314453125 0.5841845703125 0.91508984375 0.583328125 0.91215234375 0.5841845703125 0.9105615234375 0.5800234375 0.9054208984375 0.5834501953125 0.904564453125 0.5807578125 0.900892578125 0.5708447265625 0.8966083984375 0.5683974609375 0.8917119140625 0.5706005859375 0.8918349609375 0.57402734375 0.89379296875 0.58327734375 0.8899990234375 0.58437890625 0.8895087890625 0.5874384765625 0.88681640625 0.588662109375 0.88608203125 0.5925791015625 0.88534765625 0.5990654296875 0.88314453125 0.5997998046875 0.88241015625 0.6050615234375 0.88094140625 0.607876953125 0.8773916015625 0.6079990234375 0.8821650390625 0.7809189453125 0.88644921875 0.7812861328125 0.8991787109375 0.7790830078125 0.9039521484375 0.780796875 0.907134765625 0.78862890625 0.91141796875 0.79266796875 0.913744140625 0.8440537109375 0.91398828125 0.8904228515625 0.9090927734375 0.8950732421875 0.90187109375 0.895685546875 0.9010146484375 0.8961748046875 0.8851025390625 0.8958076171875 0.8852255859375 0.904375 0.9142333984375 0.9030283203125 0.9638046875 0.9004580078125 0.9660078125 0.8997236328125 0.9690673828125 0.8997236328125 0.9694345703125 0.8955625 0.952666015625 0.894951171875 0.9487490234375 0.893849609375 0.9429970703125 0.893115234375 0.9355302734375 0.892380859375 0.9318583984375 0.8914013671875 0.9301455078125 0.8914013671875 0.928064453125 0.8904228515625 0.9268408203125 0.8576025390625 0.926962890625 0.7971455078125 0.9360205078125 0.7760947265625 0.9388349609375 0.77413671875 0.9437314453125 0.779888671875 0.9476474609375 0.7812353515625 0.953033203125 0.7812353515625 0.9562158203125 0.7824384765625 0.960009765625 0.7802353515625 0.9650283203125 0.7770537109375 0.9653955078125 0.7765634765625 0.9727392578125 0.7759521484375 0.979470703125 0.77423828125 0.98546875 0.7715458984375 0.9939140625 0.7650595703125 1 0.7586953125 1 0.75759375 1 0.6647705078125 0.9980751953125 0.6601201171875 0.9966064453125 0.662322265625 0.9915888671875 0.6604873046875 0.9899970703125 0.6597529296875 0.9882841796875 0.655591796875 0.984 0.655958984375 0.9828984375 0.6571826171875 0.9819189453125 0.648615234375 0.9824091796875 0.6455556640625 0.9844892578125 0.641884765625 0.9887734375 0.64212890625 0.9923232421875 0.642619140625 0.995015625 0.642251953125 0.9969736328125 0.6394365234375 0.9980751953125 0.6377236328125 1 0.6365 1 0.12372265625
8 0.9735625 0.8985361328125 0.9865439453125 0.898701171875 0.98737109375 0.898701171875 0.98794921875 0.8972958984375 0.9884453125 0.8961376953125 0.988859375 0.8953115234375 0.9877841796875 0.894732421875 0.983650390625 0.894484375 0.973396484375 0.8948154296875 0.9735625 0.8985361328125
3 0.88541796875 0.88931640625 0.91315234375 0.8898525390625 0.91315234375 0.83693359375 0.885658203125 0.837416015625 0.88541796875 0.88931640625
3 0.9284765625 0.888390625 0.96880078125 0.886705078125 0.96880078125 0.8842421875 0.96815234375 0.854423828125 0.961669921875 0.8536455078125 0.9615400390625 0.83834765625 0.9274189453125 0.8384248046875 0.9284765625 0.888390625
3 0.97887109375 0.85354296875 0.972357421875 0.8539267578125 0.973251953125 0.88559375 0.9999423828125 0.88393359375 1 0.83719921875 0.9783603515625 0.8374541015625 0.97887109375 0.85354296875
7 0.9622197265625 0.8381640625 0.9545390625 0.5990947265625 0.955248046875 0.59803125 0.9598564453125 0.5983857421875 0.961865234375 0.5983857421875 0.963283203125 0.597322265625 0.9636376953125 0.5953134765625 0.963046875 0.591533203125 0.96115625 0.5903515625 0.958083984375 0.5885791015625 0.953830078125 0.5883427734375 0.951703125 0.5888154296875 0.950994140625 0.5907060546875 0.9496943359375 0.5918876953125 0.950048828125 0.59366015625 0.951466796875 0.5950771484375 0.957033203125 0.8379619140625 0.9622197265625 0.8381640625
9 0.0508818359375 0.837330078125 0.0560556640625 0.8358525390625 0.059998046875 0.8375771484375 0.063939453125 0.84275 0.0664033203125 0.847923828125 0.1464794921875 0.8543291015625 0.1450009765625 0.7890439453125 0.0479248046875 0.7853486328125 0.047431640625 0.8385625 0.0508818359375 0.837330078125
6 0.892658203125 0.89096484375 0.9011435546875 0.89462890625 0.9088583984375 0.8944365234375 0.913583984375 0.89009765625 0.892884765625 0.8899912109375 0.892658203125 0.89096484375
6 0.9288623046875 0.8904150390625 0.9302119140625 0.8909931640625 0.932140625 0.890896484375 0.9352265625 0.891861328125 0.948630859375 0.893404296875 0.952873046875 0.89475390625 0.968591796875 0.8949462890625 0.96907421875 0.88713671875 0.92844921875 0.88878515625 0.9288623046875 0.8904150390625
6 1 0.8839638671875 0.9734501953125 0.8858583984375 0.9733603515625 0.8942509765625 0.987470703125 0.89376171875 0.9896259765625 0.8953291015625 0.987568359375 0.8985625 1 0.898072265625 1 0.8971904296875 1 0.8839638671875
9 0.5903828125 0.340861328125 0.589771484375 0.388083984375 0.70888671875 0.3758427734375 0.707416015625 0.3251103515625 0.6993271484375 0.32535546875 0.699572265625 0.3295224609375 0.5903828125 0.340861328125
9 0.5849306640625 0.339640625 0.54562109375 0.3424365234375 0.543484375 0.392771484375 0.5837080078125 0.38925390625 0.5849306640625 0.339640625