9 0.339328125 0.4934072265625 0.3377626953125 0.4364189453125 0.2765849609375 0.454712890625 0.2780478515625 0.509546875 0.339328125 0.4934072265625
9 0.5021494140625 0.4337265625 0.515125 0.437359375 0.5117607421875 0.3982392578125 0.4416767578125 0.4207783203125 0.4427958984375 0.451876953125 0.5021494140625 0.4337265625
9 0.22851953125 0.40648046875 0.228685546875 0.3737529296875 0.2091669921875 0.38131640625 0.2102509765625 0.4131318359375 0.22851953125 0.40648046875
9 0.256546875 0.3988193359375 0.2564833984375 0.36483984375 0.2395517578125 0.3719169921875 0.2398701171875 0.404623046875 0.256546875 0.3988193359375
9 0.3683974609375 0.359873046875 0.3667138671875 0.324052734375 0.347703125 0.3307861328125 0.3477119140625 0.3664482421875 0.3683974609375 0.359873046875
9 0.4007890625 0.3478134765625 0.39929296875 0.3112373046875 0.3773583984375 0.3192421875 0.3785361328125 0.3557744140625 0.4007890625 0.3478134765625
9 0.64114453125 0.3457109375 0.6194365234375 0.331359375 0.619712890625 0.3529912109375 0.641443359375 0.366845703125 0.64114453125 0.3457109375
9 0.675140625 0.3877900390625 0.6738076171875 0.3668916015625 0.65244921875 0.35165234375 0.652578125 0.3736279296875 0.675140625 0.3877900390625
9 0.622650390625 0.4762109375 0.617458984375 0.4192138671875 0.5926982421875 0.405724609375 0.59628515625 0.4639296875 0.622650390625 0.4762109375
9 0.637216796875 0.6005390625 0.633388671875 0.5363935546875 0.6048466796875 0.52411328125 0.607466796875 0.59155078125 0.637216796875 0.6005390625
9 0.5097890625 0.5679853515625 0.525341796875 0.572609375 0.519947265625 0.5230390625 0.4485224609375 0.5385732421875 0.450525390625 0.582373046875 0.5097890625 0.5679853515625
9 0.3428994140625 0.616861328125 0.341357421875 0.5491240234375 0.2759052734375 0.5666611328125 0.277513671875 0.628794921875 0.3428994140625 0.616861328125
9 0.215970703125 0.634162109375 0.2308681640625 0.637640625 0.2289453125 0.5948984375 0.2024794921875 0.6010263671875 0.2022861328125 0.6368994140625 0.215970703125 0.634162109375
9 0.2168701171875 0.517431640625 0.23027734375 0.5197998046875 0.230125 0.48875 0.2018564453125 0.494775390625 0.20196875 0.5207265625 0.2168701171875 0.517431640625
9 0.117771484375 0.5574072265625 0.1176923828125 0.5025859375 0.0706318359375 0.5170224609375 0.0704423828125 0.5706279296875 0.117771484375 0.5574072265625
9 0.1160625 0.6626474609375 0.1158955078125 0.6060078125 0.06808203125 0.6181220703125 0.06629296875 0.672841796875 0.1160625 0.6626474609375
9 0.0098994140625 0.577576171875 0.023638671875 0.5743232421875 0.03642578125 0.576294921875 0.0383623046875 0.546009765625 0.011974609375 0.5524443359375 0.0098994140625 0.577576171875
9 0.0072490234375 0.679123046875 0.0195771484375 0.6764970703125 0.0342001953125 0.67924609375 0.034328125 0.6407568359375 0.007419921875 0.6465517578125 0.0072490234375 0.679123046875
9 0.0679306640625 0.761515625 0.11335546875 0.758841796875 0.114640625 0.7143408203125 0.0681318359375 0.7211474609375 0.0679306640625 0.761515625
9 0.2031943359375 0.7574287109375 0.218724609375 0.7556494140625 0.229765625 0.7564833984375 0.2296650390625 0.718962890625 0.20284375 0.721548828125 0.2031943359375 0.7574287109375
9 0.3453076171875 0.73992578125 0.3444541015625 0.6743203125 0.2766181640625 0.6847626953125 0.27865625 0.7496337890625 0.3453076171875 0.73992578125
9 0.518171875 0.7098681640625 0.533287109375 0.7111279296875 0.528802734375 0.6563896484375 0.4505498046875 0.6673388671875 0.4523564453125 0.7207451171875 0.518171875 0.7098681640625
9 0.646669921875 0.7243544921875 0.6432119140625 0.659216796875 0.6159140625 0.651693359375 0.617828125 0.719796875 0.646669921875 0.7243544921875
9 0.655640625 0.8549560546875 0.651921875 0.785705078125 0.6241337890625 0.782892578125 0.6273955078125 0.855654296875 0.655640625 0.8549560546875
9 0.7380830078125 0.8540888671875 0.7512568359375 0.8544140625 0.7494619140625 0.7995927734375 0.7350380859375 0.798474609375 0.7380830078125 0.8540888671875
9 0.726255859375 0.7394248046875 0.74759375 0.741357421875 0.7426552734375 0.6878671875 0.7228564453125 0.6840419921875 0.726255859375 0.7394248046875
9 0.706130859375 0.519361328125 0.72509765625 0.527005859375 0.723265625 0.4770185546875 0.7047392578125 0.4711328125 0.706130859375 0.519361328125
9 0.4638447265625 0.856646484375 0.52921484375 0.854626953125 0.524142578125 0.7842763671875 0.460748046875 0.787328125 0.4638447265625 0.856646484375
9 0.1109248046875 0.451666015625 0.1100263671875 0.422275390625 0.0968154296875 0.426724609375 0.0961298828125 0.4573896484375 0.1109248046875 0.451666015625
9 0.1331787109375 0.44296875 0.133568359375 0.414537109375 0.12027734375 0.419052734375 0.12024609375 0.448318359375 0.1331787109375 0.44296875
9 0.0006767578125 0.492232421875 0.009900390625 0.4889501953125 0.01144921875 0.4613857421875 0.001537109375 0.4650576171875 0.0006767578125 0.492232421875
9 0.0200322265625 0.4855244140625 0.02916015625 0.48212890625 0.0300947265625 0.4543837890625 0.02078125 0.4586201171875 0.0200322265625 0.4855244140625
0 0 0.5816884765625 0.022603515625 0.5743759765625 0.039568359375 0.57778125 0.039021484375 0.5687578125 0.0225849609375 0.56543359375 0 0.5711015625 0 0.5816884765625
0 0.0003330078125 0.680728515625 0.0192412109375 0.6767314453125 0.0353603515625 0.6795498046875 0.03576953125 0.66972265625 0.0192001953125 0.6669033203125 0.00076953125 0.6709609375 0.0003330078125 0.680728515625
0 0.132900390625 0.6447158203125 0.13312890625 0.6525166015625 0.2157294921875 0.6351240234375 0.2349306640625 0.638658203125 0.23578125 0.6272880859375 0.2171923828125 0.6234755859375 0.132138671875 0.641306640625 0.1306767578125 0.6426611328125 0.1304111328125 0.644462890625 0.132900390625 0.6447158203125
0 0.1338369140625 0.5352099609375 0.13392578125 0.5416396484375 0.2166689453125 0.517341796875 0.23315234375 0.5207685546875 0.2345361328125 0.5117138671875 0.2187216796875 0.5067431640625 0.132095703125 0.53167578125 0.1313095703125 0.533392578125 0.1338369140625 0.5352099609375
0 0.3686357421875 0.4662265625 0.369599609375 0.472400390625 0.50153515625 0.433732421875 0.5174765625 0.43852734375 0.517466796875 0.428294921875 0.5008603515625 0.420564453125 0.364357421875 0.4607099609375 0.36459765625 0.4653681640625 0.3686357421875 0.4662265625
0 0.5098779296875 0.5670107421875 0.52594921875 0.5724111328125 0.5263056640625 0.5603623046875 0.5092548828125 0.5550380859375 0.3974345703125 0.5821376953125 0.3976162109375 0.592744140625 0.5098779296875 0.5670107421875
0 0.5203173828125 0.7088798828125 0.53709375 0.7118134765625 0.5368310546875 0.6988291015625 0.518021484375 0.6955283203125 0.3972314453125 0.7162197265625 0.3969140625 0.7160908203125 0.397333984375 0.728275390625 0.5203173828125 0.7088798828125
3 0.00084375 0.850451171875 0.0551220703125 0.8483427734375 0.054775390625 0.8357333984375 0.0512119140625 0.830701171875 0.049205078125 0.789931640625 0.08117578125 0.7855634765625 0.1181015625 0.79108984375 0.116974609375 0.830810546875 0.1128564453125 0.8337373046875 0.112982421875 0.849474609375 0.2850009765625 0.86044140625 0.284423828125 0.842984375 0.26668359375 0.84333984375 0.26371875 0.8117607421875 0.278669921875 0.80622265625 0.3062353515625 0.8089482421875 0.3029794921875 0.8462119140625 0.3039638671875 0.859181640625 0.3089423828125 0.8632919921875 0.55367578125 0.8693828125 0.5554599609375 0.8543388671875 0.541703125 0.8538828125 0.5370419921875 0.80824609375 0.0842265625 0.7624775390625 0.000443359375 0.7722744140625 0.00084375 0.850451171875
8 0.9187822265625 1 0.920236328125 0.9750009765625 0.92299609375 0.9670029296875 0.928486328125 0.900861328125 0.932919921875 0.8824521484375 0.93998046875 0.8638095703125 0.9516767578125 0.8608349609375 0.97451953125 0.858203125 0.985943359375 0.866240234375 0.992232421875 0.9563408203125 0.9980849609375 0.9563408203125 0.991064453125 0.8607548828125 0.9968837890625 0.8490556640625 1 0.805798828125 0.998087890625 0.66503515625 0.9842578125 0.637296875 0.97584765625 0.6237353515625 0.9808955078125 0.59098828125 0.97659765625 0.56556640625 0.9663466796875 0.5480849609375 0.954841796875 0.5204423828125 0.9533896484375 0.5052880859375 0.9364521484375 0.4908681640625 0.914177734375 0.47120703125 0.916775390625 0.451595703125 0.9198369140625 0.4398505859375 0.9120107421875 0.4339716796875 0.89820703125 0.445791015625 0.8850546875 0.44670703125 0.8766669921875 0.4332744140625 0.8673056640625 0.4264609375 0.862740234375 0.4315869140625 0.86274609375 0.443990234375 0.856373046875 0.4546826171875 0.8502578125 0.4665771484375 0.85246484375 0.478716796875 0.8527666015625 0.495189453125 0.84621484375 0.5066123046875 0.829474609375 0.490984375 0.8166669921875 0.4855146484375 0.8072509765625 0.4756416015625 0.800798828125 0.462974609375 0.8135712890625 0.438658203125 0.8207724609375 0.42426953125 0.8108896484375 0.404357421875 0.8013740234375 0.392890625 0.7956259765625 0.3797392578125 0.7944345703125 0.3717939453125 0.7846728515625 0.371453125 0.7761484375 0.38055859375 0.774373046875 0.3891435546875 0.7690625 0.3952353515625 0.767421875 0.40813671875 0.75540625 0.4235595703125 0.7523203125 0.4009599609375 0.7511435546875 0.385623046875 0.7450224609375 0.379408203125 0.7287373046875 0.381564453125 0.7303427734375 0.37125390625 0.7287578125 0.3637890625 0.721443359375 0.363111328125 0.70100390625 0.3689267578125 0.6868603515625 0.3679384765625 0.667984375 0.3735283203125 0.654052734375 0.3818349609375 0.645775390625 0.3961708984375 0.64241015625 0.4083134765625 0.628076171875 0.4159541015625 0.612046875 0.4284326171875 0.61234375 0.4383916015625 0.607654296875 0.4588896484375 0.6036376953125 0.480826171875 0.6125166015625 0.4875283203125 0.61290625 0.5000361328125 0.60413671875 0.51986328125 0.595958984375 0.5656806640625 0.584966796875 0.5899814453125 0.567541015625 0.595859375 0.5619482421875 0.6095 0.5619482421875 0.626462890625 0.57073046875 0.64659765625 0.5801826171875 0.6601181640625 0.5887841796875 0.683046875 0.5844580078125 0.6934765625 0.58403125 0.7043603515625 0.580291015625 0.71416796875 0.5802734375 0.7235107421875 0.593201171875 0.723107421875 0.5966083984375 0.729017578125 0.596119140625 0.7341728515625 0.6018564453125 0.7394423828125 0.6102177734375 0.74570703125 0.6166845703125 0.75107421875 0.6227021484375 0.7572109375 0.620779296875 0.7634375 0.6214990234375 0.767611328125 0.6261943359375 0.7708203125 0.6339345703125 0.770822265625 0.6440126953125 0.7688154296875 0.657685546875 0.7665224609375 0.66377734375 0.7676650390625 0.6689892578125 0.7668232421875 0.67583984375 0.76833984375 0.6767998046875 0.77471484375 0.6803125 0.7771650390625 0.6849638671875 0.7766806640625 0.6917744140625 0.7654052734375 0.70291015625 0.766513671875 0.7076220703125 0.7782177734375 0.7121884765625 0.7979189453125 0.7152939453125 0.8125517578125 0.721056640625 0.82242578125 0.7221923828125 0.849685546875 0.7311171875 0.94067578125 0.7375 1 0.75440625 1 0.744291015625 0.850853515625 0.7417109375 0.83674609375 0.7381865234375 0.81452734375 0.737896484375 0.8006103515625 0.7399990234375 0.7850595703125 0.7461591796875 0.7560849609375 0.7531416015625 0.751927734375 0.7630947265625 0.74953515625 0.766693359375 0.746462890625 0.765689453125 0.7426884765625 0.783216796875 0.734810546875 0.7888857421875 0.733724609375 0.7944521484375 0.739943359375 0.7928994140625 0.74905078125 0.7888623046875 0.755361328125 0.7891201171875 0.765083984375 0.79707421875 0.771099609375 0.8083544921875 0.7707265625 0.816376953125 0.7671669921875 0.816279296875 0.7744013671875 0.8065615234375 0.778783203125 0.7967001953125 0.78908984375 0.79162109375 0.7963349609375 0.7903681640625 0.8147529296875 0.789564453125 0.83879296875 0.7944306640625 0.8575751953125 0.800134765625 0.87965625 0.8073447265625 0.8881962890625 0.809263671875 0.8999677734375 0.8097333984375 0.904857421875 0.813759765625 0.9109296875 0.8216826171875 0.912443359375 0.8236142578125 0.9098544921875 0.824453125 0.89834375 0.8230712890625 0.8854716796875 0.83203125 0.87798046875 0.846453125 0.8796923828125 0.8508642578125 0.88033203125 0.8686806640625 0.878478515625 0.890294921875 0.8727314453125 0.8938935546875 0.884927734375 0.891595703125 0.8965537109375 0.8962177734375 0.9104013671875 0.8947236328125 0.9650634765625 0.8959423828125 0.97142578125 0.8941396484375 1 0.9187822265625 1
8 0.893740234375 0.9656220703125 0.893216796875 0.9639765625 0.8524267578125 0.9698935546875 0.856236328125 0.9786005859375 0.8950185546875 0.9723603515625 0.893740234375 0.9656220703125
8 0.954072265625 0.96376953125 0.9916552734375 0.9577646484375 0.9915263671875 0.950279296875 0.9249716796875 0.957666015625 0.92400390625 0.9681337890625 0.954072265625 0.96376953125
8 0.0007216796875 0.7711181640625 0.02339453125 0.7711103515625 0.0253388671875 0.7666640625 0.0362099609375 0.7602880859375 0.0713271484375 0.7608125 0.1031953125 0.763125 0.1040498046875 0.7721455078125 0.1469091796875 0.77751171875 0.1506181640625 0.7808369140625 0.1530966796875 0.8107529296875 0.15237890625 0.8359560546875 0.25300390625 0.840205078125 0.342705078125 0.828009765625 0.3629443359375 0.8273291015625 0.376833984375 0.8373916015625 0.393859375 0.8383134765625 0.4119736328125 0.8330615234375 0.4361318359375 0.8304248046875 0.439123046875 0.87916796875 0.433013671875 0.9004814453125 0.4323525390625 0.922369140625 0.431552734375 0.9499560546875 0.43224609375 0.9782744140625 0.4326240234375 1 0.4495068359375 0.9994599609375 0.444318359375 0.9030703125 0.451060546875 0.8859453125 0.4525 0.8389521484375 0.46782421875 0.8374912109375 0.49740625 0.8345859375 0.5112412109375 0.834728515625 0.53776171875 0.837009765625 0.545041015625 0.828388671875 0.542349609375 0.8041845703125 0.544919921875 0.79603125 0.5427724609375 0.7822626953125 0.5489677734375 0.7748798828125 0.5561103515625 0.7652568359375 0.5521865234375 0.7559892578125 0.559650390625 0.7395869140625 0.57001171875 0.72553515625 0.569447265625 0.7189501953125 0.5647685546875 0.7012236328125 0.5700556640625 0.68756640625 0.5666474609375 0.6824267578125 0.559267578125 0.6812197265625 0.551068359375 0.682865234375 0.5463349609375 0.676494140625 0.5420390625 0.6731865234375 0.5348359375 0.6717421875 0.5317958984375 0.6647587890625 0.534294921875 0.6571328125 0.53158203125 0.6513310546875 0.524541015625 0.646619140625 0.52712890625 0.6424052734375 0.5266845703125 0.6321015625 0.5222900390625 0.6288798828125 0.51196875 0.6318876953125 0.5054091796875 0.63876171875 0.502873046875 0.646775390625 0.496390625 0.646337890625 0.489875 0.6431708984375 0.484685546875 0.6372392578125 0.4858212890625 0.6281474609375 0.4899951171875 0.6155732421875 0.49216015625 0.603935546875 0.489884765625 0.59365625 0.4840234375 0.587455078125 0.47827734375 0.585802734375 0.4742236328125 0.5884140625 0.4710302734375 0.5987822265625 0.4636162109375 0.5966982421875 0.4563603515625 0.5964189453125 0.4492158203125 0.6002158203125 0.43827734375 0.602064453125 0.433396484375 0.596228515625 0.435251953125 0.5909453125 0.44187890625 0.5826943359375 0.4376669921875 0.571501953125 0.430220703125 0.56176171875 0.4223388671875 0.5574248046875 0.419271484375 0.5400771484375 0.422791015625 0.53204296875 0.4223759765625 0.5256826171875 0.4185498046875 0.5187275390625 0.4135595703125 0.5150830078125 0.402546875 0.52069140625 0.4010224609375 0.5117470703125 0.4082421875 0.5063544921875 0.4099365234375 0.5000751953125 0.407103515625 0.491638671875 0.40321484375 0.4843544921875 0.3995712890625 0.4786201171875 0.392966796875 0.4739716796875 0.3865966796875 0.4692490234375 0.3780009765625 0.46965234375 0.366611328125 0.478185546875 0.361263671875 0.482564453125 0.3602548828125 0.4885458984375 0.355779296875 0.4923095703125 0.35496875 0.4997548828125 0.3593994140625 0.50394921875 0.3704599609375 0.5061611328125 0.3829423828125 0.51151953125 0.3756943359375 0.5147880859375 0.3694677734375 0.5161123046875 0.3654697265625 0.52646484375 0.3614794921875 0.5335 0.3562373046875 0.5420947265625 0.352724609375 0.5491142578125 0.3456328125 0.5566357421875 0.3405966796875 0.573251953125 0.33978125 0.581802734375 0.338728515625 0.589455078125 0.34106640625 0.5963095703125 0.338673828125 0.603 0.3418857421875 0.6123251953125 0.33421875 0.6062822265625 0.322681640625 0.6003232421875 0.312763671875 0.5884736328125 0.3056787109375 0.583669921875 0.2984765625 0.5842109375 0.2949013671875 0.5867470703125 0.2947431640625 0.5923759765625 0.2974482421875 0.6004345703125 0.304470703125 0.6076005859375 0.3043857421875 0.6122998046875 0.3060361328125 0.61884765625 0.3137958984375 0.6221474609375 0.323416015625 0.624349609375 0.32966015625 0.63396484375 0.3273037109375 0.6399453125 0.3209765625 0.6388232421875 0.313791015625 0.63907421875 0.31025 0.6416015625 0.3102001953125 0.64583203125 0.3117158203125 0.649099609375 0.3155693359375 0.65044140625 0.3123447265625 0.6580625 0.313142578125 0.6618564453125 0.3178740234375 0.663400390625 0.3224716796875 0.6605263671875 0.3275361328125 0.6612197265625 0.3345859375 0.6635830078125 0.33126953125 0.6672734375 0.3233916015625 0.66880078125 0.32025 0.6708330078125 0.3174306640625 0.674361328125 0.3119765625 0.6753671875 0.306828125 0.6738369140625 0.3011748046875 0.674734375 0.2985947265625 0.6757265625 0.295685546875 0.6825458984375 0.29665625 0.690427734375 0.2994423828125 0.6966064453125 0.3094501953125 0.7030830078125 0.309037109375 0.71014453125 0.310078125 0.718185546875 0.3162255859375 0.7243466796875 0.3203994140625 0.7336318359375 0.328904296875 0.7401962890625 0.337375 0.743166015625 0.3356376953125 0.7526240234375 0.3367197265625 0.7575830078125 0.3429521484375 0.7597216796875 0.3510595703125 0.766119140625 0.341453125 0.764806640625 0.3306083984375 0.7658544921875 0.314099609375 0.767263671875 0.30959765625 0.7685986328125 0.301376953125 0.7733740234375 0.285330078125 0.77384375 0.270947265625 0.775275390625 0.252564453125 0.7751357421875 0.2336064453125 0.773548828125 0.216548828125 0.7720244140625 0.2053974609375 0.7681474609375 0.20313671875 0.7604130859375 0.203740234375 0.7549296875 0.2067578125 0.750373046875 0.2126064453125 0.7456611328125 0.2110009765625 0.7401689453125 0.2041279296875 0.736724609375 0.197037109375 0.72947265625 0.188107421875 0.7277275390625 0.1814140625 0.7252802734375 0.177181640625 0.7245458984375 0.175025390625 0.726908203125 0.173921875 0.7304130859375 0.17349609375 0.7332119140625 0.17541796875 0.74056640625 0.1660341796875 0.73972265625 0.1592548828125 0.7374423828125 0.1534609375 0.735880859375 0.149978515625 0.7354990234375 0.1441884765625 0.7352587890625 0.1403447265625 0.736974609375 0.141107421875 0.7408388671875 0.14459375 0.7490048828125 0.137580078125 0.748158203125 0.133052734375 0.7447890625 0.1275078125 0.7428427734375 0.1216611328125 0.7419765625 0.114779296875 0.7388857421875 0.11018359375 0.7348984375 0.10438671875 0.7353701171875 0.1015380859375 0.7348271484375 0.0954609375 0.734767578125 0.0893427734375 0.735564453125 0.0851943359375 0.73601953125 0.0822353515625 0.7380087890625 0.080474609375 0.742208984375 0.0780048828125 0.742978515625 0.0769609375 0.740416015625 0.0755634765625 0.7377841796875 0.0659384765625 0.7390224609375 0.0583759765625 0.739826171875 0.0559296875 0.736421875 0.0507421875 0.73448828125 0.046046875 0.7331640625 0.039876953125 0.7333994140625 0.0271142578125 0.735580078125 0.0208681640625 0.7326923828125 0.0167294921875 0.7295654296875 0.013337890625 0.7303818359375 0.00955859375 0.7336611328125 0.0056943359375 0.7387392578125 0.000212890625 0.7435283203125 0.0007216796875 0.7711181640625
0 0.21956640625 0.7565859375 0.23678515625 0.75817578125 0.2371162109375 0.747537109375 0.2185947265625 0.7441669921875 0.2000009765625 0.744701171875 0.1999228515625 0.756865234375 0.21956640625 0.7565859375
2 0.6012060546875 1 0.60049609375 0.9772919921875 0.6081943359375 0.975484375 0.610623046875 0.9618212890625 0.672572265625 0.9574814453125 0.6673671875 0.89540625 0.8010654296875 0.885880859375 0.7589697265625 0.4810263671875 0.7979482421875 0.4679775390625 0.790115234375 0.4603603515625 0.786986328125 0.4547626953125 0.68921484375 0.39535546875 0.6814970703125 0.3538642578125 0.6888515625 0.348171875 0.68474609375 0.342943359375 0.60793359375 0.295119140625 0.55228125 0.3090986328125 0.543740234375 0.3033681640625 0.543916015625 0.2986484375 0.53776953125 0.2944072265625 0.5113837890625 0.3060390625 0.4657470703125 0.2743251953125 0.4583271484375 0.2754091796875 0.45726171875 0.279333984375 0.4309521484375 0.289494140625 0.4171513671875 0.2829208984375 0.4101728515625 0.27594140625 0.3970009765625 0.28475 0.3225986328125 0.3090888671875 0.3197060546875 0.3125498046875 0.313564453125 0.31619140625 0.3310625 0.3259765625 0.282525390625 0.343830078125 0.2692763671875 0.336876953125 0.262982421875 0.3313427734375 0.256775390625 0.3378017578125 0.1893349609375 0.36208984375 0.186888671875 0.3655634765625 0.1830888671875 0.36708203125 0.19721875 0.37409375 0.19873046875 0.3777578125 0.1613427734375 0.392283203125 0.14666015625 0.3867470703125 0.1389853515625 0.3805244140625 0.1348173828125 0.3866904296875 0.0766015625 0.4087880859375 0.071779296875 0.412009765625 0.0853603515625 0.420212890625 0.069552734375 0.4271455078125 0.062505859375 0.434087890625 0.040333984375 0.4245615234375 0.03404296875 0.42475 0.0309931640625 0.42766015625 0 0.4409228515625 0 0.850947265625 0 1 0.6012060546875 1
5 0.683212890625 0.9592685546875 0.694142578125 0.9635283203125 0.691716796875 1 0.802482421875 0.99970703125 0.79844921875 0.898873046875 0.8158876953125 0.897357421875 0.8161171875 0.8871572265625 0.81293359375 0.884681640625 0.670388671875 0.8968359375 0.66913671875 0.89633203125 0.6738369140625 0.956474609375 0.683212890625 0.9592685546875
4 0.69026171875 0.9999716796875 0.692962890625 0.964298828125 0.6743603515625 0.9571669921875 0.6732998046875 0.9581787109375 0.611068359375 0.9624169921875 0.6088427734375 0.9765146484375 0.6012080078125 0.97779296875 0.6017685546875 1 0.69026171875 0.9999716796875
2 0.80171484375 0.8848642578125 0.8130556640625 0.88382421875 0.8168369140625 0.8865068359375 0.8168095703125 0.8978056640625 0.7990673828125 0.8995498046875 0.7994384765625 0.905064453125 1 0.879126953125 0.998958984375 0.7879404296875 0.7953369140625 0.8212734375 0.80171484375 0.8848642578125
5 1 0.8797353515625 0.7993046875 0.9055849609375 0.80226953125 0.972576171875 1 0.939841796875 1 0.8797353515625
4 0.8265283203125 0.95693359375 0.84518359375 0.957021484375 0.8459013671875 0.9655751953125 0.8487646484375 0.9653896484375 0.8481669921875 0.95549609375 0.84746484375 0.924396484375 0.824498046875 0.9264521484375 0.82516796875 0.953521484375 0.8265283203125 0.95693359375
4 0.8023388671875 0.9606884765625 0.8216845703125 0.9566904296875 0.821359375 0.925666015625 0.8007861328125 0.9276240234375 0.8023388671875 0.9606884765625
7 0.9524267578125 0.9659453125 0.9526005859375 0.963078125 0.951185546875 0.961759765625 0.94553515625 0.9610166015625 0.943275390625 0.9211044921875 0.946751953125 0.9204951171875 0.9462509765625 0.8984560546875 0.933439453125 0.898974609375 0.9342734375 0.920755859375 0.9398017578125 0.921298828125 0.942046875 0.9621787109375 0.93725 0.963658203125 0.936189453125 0.965484375 0.936501953125 0.967861328125 0.9381767578125 0.969599609375 0.9515107421875 0.9678134765625 0.9524267578125 0.9659453125
6 0.9391669921875 0.999953125 0.96822265625 0.986888671875 0.991998046875 0.958662109375 0.9533740234375 0.964626953125 0.95192578125 0.968111328125 0.938375 0.9700087890625 0.9362578125 0.96865625 0.9359365234375 0.9668564453125 0.8897626953125 0.974017578125 0.8546982421875 0.97941015625 0.8027490234375 0.984419921875 0.802478515625 0.99996875 0.9391669921875 0.999953125
8 0.802087890625 0.983693359375 0.80902734375 0.9831025390625 0.809220703125 0.9759716796875 0.80244140625 0.977212890625 0.802087890625 0.983693359375
8 0.9606181640625 1 0.96867578125 0.9876298828125 0.9398251953125 1 0.9606181640625 1
1 1 0.9494384765625 0.998623046875 0.95059765625 0.989087890625 0.9627333984375 0.9706171875 0.9855205078125 0.96133203125 0.9997138671875 1 1 1 0.9494384765625
6 0.924810546875 0.9526240234375 0.9241787109375 0.95740234375 0.9311025390625 0.9562587890625 0.991462890625 0.949771484375 0.9985302734375 0.9498896484375 0.999958984375 0.9487490234375 0.9995908203125 0.9404072265625 0.924810546875 0.9526240234375
6 0.8512470703125 0.9696396484375 0.8943681640625 0.9623642578125 0.8941923828125 0.9579521484375 0.8484560546875 0.9664345703125 0.8512470703125 0.9696396484375