9 0.5775673828125 0.34511328125 0.581728515625 0.2743671875 0.46371875 0.2895263671875 0.4580703125 0.355814453125 0.5775673828125 0.34511328125
9 0.733783203125 0.466783203125 0.733783203125 0.43653515625 0.6624580078125 0.4395224609375 0.6624580078125 0.4690234375 0.733783203125 0.466783203125
9 0.8656025390625 0.4679033203125 0.864482421875 0.4376552734375 0.7487197265625 0.4406435546875 0.7483466796875 0.469396484375 0.8656025390625 0.4679033203125
9 0.728412109375 0.6581669921875 0.728921875 0.60573828125 0.6556220703125 0.606755859375 0.652568359375 0.657658203125 0.728412109375 0.6581669921875
9 0.8672744140625 0.6549482421875 0.8668017578125 0.6071865234375 0.7433779296875 0.6071865234375 0.7424326171875 0.6573125 0.8672744140625 0.6549482421875
9 1 0.2580771484375 0.9412431640625 0.2580771484375 0.9471416015625 0.3332880859375 1 0.33255078125 1 0.2580771484375
9 1 0.4115546875 0.9500166015625 0.4119130859375 0.9543193359375 0.492216796875 1 0.4925751953125 1 0.4115546875
9 1 0.57748046875 0.9570908203125 0.5778740234375 0.9598447265625 0.6742509765625 1 0.672677734375 1 0.57748046875
9 0.564345703125 0.5026005859375 0.5689189453125 0.4210361328125 0.44669921875 0.433232421875 0.439330078125 0.5089521484375 0.564345703125 0.5026005859375
9 0.5537724609375 0.6752978515625 0.559412109375 0.5830966796875 0.4291455078125 0.590427734375 0.4212509765625 0.6769892578125 0.5537724609375 0.6752978515625
9 0.5422109375 0.8593896484375 0.547060546875 0.75916015625 0.4122353515625 0.760453125 0.403505859375 0.8551865234375 0.5422109375 0.8593896484375
5 0.5925419921875 1 0.5940703125 0.954287109375 0.528611328125 0.9536474609375 0.3119931640625 0.9385576171875 0.153748046875 0.9230068359375 0.064708984375 0.9126533203125 0.062119140625 0.90022265625 0.0285546875 0.899220703125 0.0160302734375 0.90022265625 0.0161240234375 0.889517578125 0.0001923828125 0.8879814453125 0 1 0.146095703125 1 0.5925419921875 1
9 1 0.8613896484375 0.99990625 0.7562255859375 0.9600869140625 0.757927734375 0.9600869140625 0.86241015625 1 0.8613896484375
9 0.72503515625 0.859484375 0.725013671875 0.7808447265625 0.6380751953125 0.777654296875 0.63471484375 0.855359375 0.72503515625 0.859484375
9 0.8654716796875 0.8610888671875 0.8658701171875 0.7845830078125 0.7383603515625 0.7841845703125 0.7367666015625 0.858298828125 0.8654716796875 0.8610888671875
9 0.2599111328125 0.2898193359375 0.2597177734375 0.2745751953125 0.2384931640625 0.2826796875 0.23887890625 0.2963798828125 0.2599111328125 0.2898193359375
9 0.741302734375 0.303609375 0.7400068359375 0.2810625 0.669078125 0.28120703125 0.668744140625 0.3042783203125 0.741302734375 0.303609375
9 0.8602890625 0.3019775390625 0.85955859375 0.282990234375 0.7525703125 0.281529296875 0.75330078125 0.3027080078125 0.8602890625 0.3019775390625
9 0.271134765625 0.8432099609375 0.27498046875 0.784880859375 0.2243427734375 0.7864833984375 0.2204970703125 0.840966796875 0.271134765625 0.8432099609375
9 0.306708984375 0.8441708984375 0.333951171875 0.85186328125 0.3368349609375 0.7829580078125 0.2826728515625 0.7829580078125 0.278185546875 0.8432099609375 0.306708984375 0.8441708984375
9 0.150939453125 0.8418896484375 0.1580517578125 0.766814453125 0.10589453125 0.7720830078125 0.0993095703125 0.840572265625 0.150939453125 0.8418896484375
9 0.2904775390625 0.6723583984375 0.2928017578125 0.6307880859375 0.24580859375 0.6336279296875 0.2432265625 0.6731328125 0.2904775390625 0.6723583984375
9 0.326109375 0.6723583984375 0.3521875 0.6829453125 0.35476953125 0.626140625 0.301837890625 0.6297548828125 0.298740234375 0.671326171875 0.326109375 0.6723583984375
9 0.169623046875 0.697818359375 0.1785234375 0.621017578125 0.1218125 0.633478515625 0.1131669921875 0.7044296875 0.169623046875 0.697818359375
9 0.1891474609375 0.5577080078125 0.1988837890625 0.4851083984375 0.1415830078125 0.50652734375 0.1310126953125 0.5743974609375 0.1891474609375 0.5577080078125
9 0.214056640625 0.4239814453125 0.2241953125 0.35751171875 0.1633583984375 0.386427734375 0.154345703125 0.448015625 0.214056640625 0.4239814453125
9 0.3128798828125 0.511251953125 0.31384765625 0.4815771484375 0.264173828125 0.489318359375 0.26223828125 0.51705859375 0.3128798828125 0.511251953125
9 0.346748046875 0.5083486328125 0.368359375 0.520283203125 0.3706171875 0.4773837890625 0.3196533203125 0.480931640625 0.31836328125 0.5118974609375 0.346748046875 0.5083486328125
9 0.33137109375 0.363876953125 0.332771484375 0.3356904296875 0.284607421875 0.34663671875 0.282369140625 0.3740654296875 0.33137109375 0.363876953125
9 0.3667880859375 0.35514453125 0.38910546875 0.368244140625 0.3920166015625 0.333796875 0.3430146484375 0.3371923828125 0.3405888671875 0.35999609375 0.3667880859375 0.35514453125
0 0.2593779296875 0.4190654296875 0.354759765625 0.3938349609375 0.388296875 0.4098056640625 0.3962216796875 0.35508984375 0.3585400390625 0.3389912109375 0.219033203125 0.3803095703125 0.212279296875 0.4308017578125 0.2593779296875 0.4190654296875
0 0.333095703125 0.55025 0.370484375 0.566490234375 0.37652734375 0.5037978515625 0.3459365234375 0.490580078125 0.198271484375 0.5192822265625 0.1907177734375 0.5215478515625 0.188830078125 0.526080078125 0.18694140625 0.57630859375 0.333095703125 0.55025
9 0.3950146484375 0.2476943359375 0.3937880859375 0.2182646484375 0.358052734375 0.22930078125 0.3566513671875 0.256978515625 0.3950146484375 0.2476943359375
9 0.5818662109375 0.2113759765625 0.5809326171875 0.1754462890625 0.524939453125 0.1805791015625 0.52540625 0.2165087890625 0.5818662109375 0.2113759765625
0 0.813716796875 0.3582060546875 0.8785361328125 0.35898046875 0.8760185546875 0.2994169921875 0.6485 0.304146484375 0.640931640625 0.3055654296875 0.6385341796875 0.3091279296875 0.638890625 0.3624833984375 0.813716796875 0.3582060546875
0 0.737755859375 0.5275703125 0.88184375 0.5247431640625 0.88184375 0.4667568359375 0.6312236328125 0.4693173828125 0.62915234375 0.5303798828125 0.737755859375 0.5275703125
0 0.7291025390625 0.9095849609375 0.870361328125 0.9105048828125 0.877505859375 0.913080078125 0.8798212890625 0.8428623046875 0.615875 0.8381328125 0.6125634765625 0.8400244140625 0.6088984375 0.90709765625 0.7291025390625 0.9095849609375
0 0.23716796875 0.7233349609375 0.3160615234375 0.7173505859375 0.3530419921875 0.7317958984375 0.357375 0.6647705078125 0.3241513671875 0.654658203125 0.17825390625 0.6676591796875 0.175365234375 0.6685263671875 0.1671962890625 0.67505859375 0.1657197265625 0.7259921875 0.23716796875 0.7233349609375
0 0.1478662109375 0.833482421875 0.1476708984375 0.8412958984375 0.1533359375 0.852625 0.1521640625 0.8852451171875 0.3036552734375 0.892201171875 0.33521484375 0.899025390625 0.3383427734375 0.83704296875 0.3076357421875 0.8299345703125 0.165759765625 0.82623828125 0.15775390625 0.8270908203125 0.155875 0.834458984375 0.1478662109375 0.833482421875
0 0.093 0.488958984375 0.122486328125 0.49811328125 0.1286240234375 0.4564873046875 0.0970986328125 0.4479755859375 0.0545625 0.489205078125 0.0493662109375 0.526322265625 0.093 0.488958984375
0 0.0762109375 0.5665615234375 0.0317314453125 0.6034462890625 0.031189453125 0.6416875 0.07187109375 0.6115830078125 0.1022470703125 0.6213466796875 0.1063154296875 0.5722568359375 0.0762109375 0.5665615234375
0 0.056228515625 0.6960341796875 0.0151171875 0.712978515625 0.0147392578125 0.7544462890625 0.05541015625 0.740798828125 0.0835244140625 0.7462578125 0.08625390625 0.69985546875 0.056228515625 0.6960341796875
0 0 0.8735517578125 0.039380859375 0.872625 0.0697265625 0.877490234375 0.0725068359375 0.8309287109375 0.03822265625 0.825369140625 0 0.830697265625 0 0.8735517578125
9 1 0.967220703125 0.9394091796875 0.969693359375 0.93971875 1 1 1 1 0.967220703125
9 0.8468818359375 1 0.8468818359375 0.97061328125 0.763916015625 0.9711875 0.76362890625 1 0.8468818359375 1
9 0.7234609375 1 0.7237265625 0.9692294921875 0.643046875 0.967365234375 0.6427802734375 1 0.7234609375 1
2 1 1 0.99877734375 0.19148046875 0.824306640625 0.17870703125 0.811060546875 0.1475302734375 0.7212685546875 0.151337890625 0.719658203125 0.194806640625 0.6049052734375 0.209296875 0.6012763671875 0.1596953125 0.5099970703125 0.1723935546875 0.5076025390625 0.2202802734375 0.45601953125 0.2352568359375 0.4498193359375 0.2189912109375 0.404046875 0.20052734375 0.344787109375 0.217287109375 0.3370048828125 0.2657734375 0.315830078125 0.2707119140625 0.2693642578125 0.2484140625 0.22566796875 0.272357421875 0.2219931640625 0.304595703125 0.2060654296875 0.3154296875 0.181314453125 0.3085224609375 0.155892578125 0.3329619140625 0.15634375 0.343775390625 0.1295341796875 0.3594931640625 0.077501953125 0.4177109375 0.0711162109375 0.4288583984375 0.0579736328125 0.470447265625 0.0583330078125 0.484130859375 0.05383203125 0.4889921875 0.0489716796875 0.5293212890625 0.0504111328125 0.5345419921875 0.062474609375 0.539763671875 0.0610341796875 0.549666015625 0.03798828125 0.547685546875 0.03384765625 0.5781123046875 0.0381689453125 0.5959365234375 0.030787109375 0.603318359375 0.0291669921875 0.6427470703125 0.0203447265625 0.65030859375 0.0176435546875 0.6825361328125 0.02970703125 0.70576171875 0.0142236328125 0.7122431640625 0.013142578125 0.7442900390625 0.0064814453125 0.75365234375 0.0054013671875 0.7873203125 0.0086416015625 0.7929013671875 0.023044921875 0.8037041015625 0.0232255859375 0.8263896484375 0.0001796875 0.8283701171875 0.0003603515625 0.887783203125 0.0165634765625 0.88868359375 0.0163837890625 0.8993056640625 0.0304423828125 0.898640625 0.0626123046875 0.8997041015625 0.06515234375 0.9123349609375 0.2602158203125 0.932935546875 0.3638740234375 0.9415390625 0.4826162109375 0.94943359375 0.5350439453125 0.9530244140625 0.5688701171875 0.9531455078125 0.5954765625 0.953419921875 0.5941044921875 1 1 1
0 0.61803515625 0.65348046875 0.6190771484375 0.7118232421875 0.8686220703125 0.714427734375 0.8811259765625 0.7222412109375 0.8811259765625 0.658689453125 0.8748740234375 0.6435830078125 0.6188876953125 0.645591796875 0.61803515625 0.65348046875