9 0.0946015625 0.2139599609375 0.2731962890625 0.2157275390625 0.2705439453125 0.0008837890625 0.1052119140625 0.0008837890625 0.0946015625 0.2139599609375
9 0.5352412109375 0.23941015625 0.5203837890625 0.0272294921875 0.3774296875 0.0121015625 0.3850380859375 0.2302607421875 0.5352412109375 0.23941015625
9 0.1085712890625 0.5396455078125 0.2794599609375 0.538361328125 0.274828125 0.2741943359375 0.1076513671875 0.26912890625 0.1085712890625 0.5396455078125
9 0.4006103515625 0.5390126953125 0.5515947265625 0.53649609375 0.5372529296875 0.2867333984375 0.393390625 0.2797880859375 0.4006103515625 0.5390126953125
9 0.6358134765625 0.2486494140625 0.76959765625 0.2614873046875 0.7452734375 0.0554052734375 0.6135166015625 0.0351357421875 0.6358134765625 0.2486494140625
9 0.9408193359375 0.285291015625 0.903728515625 0.0951640625 0.8198779296875 0.0752001953125 0.8454560546875 0.272068359375 0.9408193359375 0.285291015625
9 0.791611328125 0.5256416015625 0.7738115234375 0.3052861328125 0.6403955078125 0.295083984375 0.6557724609375 0.5293828125 0.791611328125 0.5256416015625
9 0.940375 0.32103125 0.8500439453125 0.3112109375 0.8695458984375 0.527728515625 0.9619130859375 0.5259638671875 0.940375 0.32103125
0 0.1047587890625 0.5372021484375 0.2774013671875 0.5380400390625 0.2774013671875 0.412330078125 0.1023515625 0.40859375 0.1047587890625 0.5372021484375
0 0.3992880859375 0.540365234375 0.5513662109375 0.53712890625 0.5448955078125 0.4206435546875 0.3960517578125 0.4187021484375 0.3992880859375 0.540365234375
0 0.653697265625 0.530671875 0.7853671875 0.526681640625 0.7773876953125 0.4289267578125 0.6503720703125 0.4249365234375 0.653697265625 0.530671875
0 0.8699892578125 0.5288173828125 0.96280859375 0.5253046875 0.9522724609375 0.4375029296875 0.8614599609375 0.4339912109375 0.8699892578125 0.5288173828125
0 0.094158203125 0.2144443359375 0.2720322265625 0.218841796875 0.270005859375 0.1185390625 0.1003203125 0.107384765625 0.094158203125 0.2144443359375
0 0.38206640625 0.126615234375 0.384287109375 0.2301279296875 0.5353369140625 0.239013671875 0.5277841796875 0.139943359375 0.382955078125 0.1252822265625 0.38206640625 0.126615234375
0 0.6359052734375 0.24927734375 0.76019140625 0.259517578125 0.7510107421875 0.171599609375 0.6253125 0.153591796875 0.6359052734375 0.24927734375
1 0.72020703125 0.9003154296875 0.7244228515625 0.903267578125 0.7294833984375 0.9095927734375 0.739181640625 0.911279296875 0.747193359375 0.9091708984375 0.7564697265625 0.8977861328125 0.8791904296875 0.8982275390625 0.8786796875 0.90894921875 0.88378515625 0.9160966796875 0.8970595703125 0.9181396484375 0.9006337890625 0.9120126953125 0.9006572265625 0.89882421875 0.9095400390625 0.8882265625 0.9165556640625 0.827068359375 0.9088828125 0.7853525390625 0.8999638671875 0.761568359375 0.91185546875 0.7581708984375 0.917376953125 0.7526494140625 0.9152529296875 0.7424560546875 0.90682421875 0.740484375 0.90123828125 0.739908203125 0.8923193359375 0.7450048828125 0.8774541015625 0.7152744140625 0.8715078125 0.704232421875 0.866837890625 0.700390625 0.860890625 0.70041015625 0.8574921875 0.7038076171875 0.813322265625 0.702533203125 0.7508896484375 0.707205078125 0.7470673828125 0.7012587890625 0.7385732421875 0.70508203125 0.7140751953125 0.742728515625 0.701134765625 0.7435126953125 0.690939453125 0.744689453125 0.6885869140625 0.7525322265625 0.6917236328125 0.759982421875 0.704271484375 0.7611591796875 0.6917236328125 0.78978515625 0.6827041015625 0.8042939453125 0.67329296875 0.8517421875 0.675150390625 0.866671875 0.67290625 0.88350390625 0.67739453125 0.9059462890625 0.679265625 0.9164189453125 0.683005859375 0.9186640625 0.6893642578125 0.9182900390625 0.69759375 0.916044921875 0.7012314453125 0.89989453125 0.72020703125 0.9003154296875
1 0.001083984375 0.9987080078125 0.5046484375 0.9987841796875 0.38599609375 0.940208984375 0.2827568359375 0.896826171875 0.21349609375 0.8818310546875 0.16851171875 0.865408203125 0.1078193359375 0.8504140625 0 0.845416015625 0.001083984375 0.9987080078125
6 0.2815869140625 0.8925302734375 0.3519833984375 0.9235380859375 0.4742197265625 0.9804169921875 0.5101943359375 0.99967578125 1 1 0.99926953125 0.766927734375 0.9118466796875 0.779462890625 0.91028515625 0.7849306640625 0.9192646484375 0.8248173828125 0.9121552734375 0.8895283203125 0.9031044921875 0.8997099609375 0.902255859375 0.912720703125 0.8982958984375 0.92007421875 0.883587890625 0.91866015625 0.8767998046875 0.9118720703125 0.8767998046875 0.90055859375 0.7576708984375 0.89933984375 0.74972265625 0.910794921875 0.7410732421875 0.9136005859375 0.7286826171875 0.910560546875 0.7205 0.90237890625 0.7028447265625 0.9023212890625 0.6992236328125 0.9177119140625 0.680814453125 0.9207294921875 0.6756845703125 0.919220703125 0.6744775390625 0.8996044921875 0.6705537109375 0.8836103515625 0.67176171875 0.87033203125 0.67256640625 0.8528583984375 0.6719443359375 0.8386142578125 0.2082568359375 0.876607421875 0.2815869140625 0.8925302734375
3 0.00041796875 0.842662109375 0.1080859375 0.8476630859375 0.1500537109375 0.857560546875 0.2016015625 0.8746689453125 0.52323828125 0.8483154296875 0.674345703125 0.8380634765625 0.6804599609375 0.8050029296875 0.6920087890625 0.784623046875 0.70069921875 0.7621396484375 0.6900869140625 0.7618603515625 0.6870146484375 0.75599609375 0.6881318359375 0.7459423828125 0.6970693359375 0.7414736328125 0.7121494140625 0.7417529296875 0.734451171875 0.705896484375 0.7426787109375 0.700814453125 0.748728515625 0.700087890625 0.7547783203125 0.705412109375 0.7767998046875 0.7020244140625 0.856607421875 0.7017646484375 0.8594794921875 0.698451171875 0.8619091796875 0.69823046875 0.8694189453125 0.6995556640625 0.8782548828125 0.71192578125 0.893087890625 0.742583984375 0.9019892578125 0.738443359375 0.9164814453125 0.741134765625 0.9181005859375 0.7528359375 0.912365234375 0.7603642578125 0.902685546875 0.7632314453125 0.910572265625 0.7775712890625 0.998857421875 0.764818359375 0.9986796875 0.5763701171875 0.00090625 0.5981201171875 0.00041796875 0.842662109375
2 0 0.6611162109375 0.5032861328125 0.64515234375 0.9975654296875 0.61700390625 0.999595703125 0.095720703125 0.5647509765625 0 0 0.0038857421875 0 0.6611162109375
0 0.8463984375 0.272365234375 0.9387685546875 0.2848349609375 0.9229150390625 0.19944921875 0.8335048828125 0.185078125 0.8463984375 0.272365234375
0 0.5729560546875 0 1 0.096404296875 1 0 0.5729560546875 0
9 0.264623046875 0.6488701171875 0.262810546875 0.5944951171875 0.0434365234375 0.5986923828125 0.04259375 0.6561201171875 0.264623046875 0.6488701171875