9 0.2852880859375 0.2534345703125 0.3591279296875 0.219646484375 0.3685146484375 0.142998046875 0.2965830078125 0.1753212890625 0.2852880859375 0.2534345703125
9 0.2599443359375 0.467384765625 0.3397294921875 0.4457978515625 0.345048828125 0.35006640625 0.27058203125 0.37853515625 0.2599443359375 0.467384765625
9 0.325412109375 0.5950498046875 0.2551669921875 0.605447265625 0.24812890625 0.7018291015625 0.3220166015625 0.697330078125 0.325412109375 0.5950498046875
9 0.8241669921875 0.6870126953125 0.916552734375 0.7001572265625 0.917283203125 0.5599501953125 0.8230712890625 0.532201171875 0.8241669921875 0.6870126953125
9 0.8144501953125 0.3895107421875 0.9204111328125 0.4440556640625 0.913556640625 0.3246845703125 0.8155927734375 0.2649990234375 0.8144501953125 0.3895107421875
9 0.807310546875 0.1380703125 0.90784375 0.2128916015625 0.8984189453125 0.1149384765625 0.8033115234375 0.04240234375 0.807310546875 0.1380703125
9 0.97053515625 0.2557353515625 0.9992880859375 0.2513505859375 1 0.21983984375 0.965662109375 0.1930390625 0.97053515625 0.2557353515625
9 0.019482421875 0.7206728515625 0.0633271484375 0.726650390625 0.0658896484375 0.680248046875 0.02090625 0.6745546875 0.019482421875 0.7206728515625
8 1 1 0.9998310546875 0.73509375 0.98526953125 0.7284755859375 0.94687890625 0.7284755859375 0.8879697265625 0.73509375 0.8283984375 0.7436982421875 0.784712890625 0.7721572265625 0.753603515625 0.8078955078125 0.72183203125 0.820470703125 0.696017578125 0.8310595703125 0.6662314453125 0.8674609375 0.6410791015625 0.90584765625 0.62122265625 0.9488662109375 0.621884765625 0.9879140625 0.6126171875 0.9958564453125 0.594083984375 0.9958564453125 0.55172265625 0.9859287109375 0.450451171875 0.9726923828125 0.4233134765625 0.97533984375 0.3207177734375 0.9574697265625 0.300861328125 0.9396005859375 0.255189453125 0.9263642578125 0.1936328125 0.91974609375 0.148615234375 0.92437890625 0.1022822265625 0.9164365234375 0.0976484375 0.9032001953125 0.0844111328125 0.8979052734375 0.0665390625 0.889962890625 0.0592587890625 0.8846689453125 0.0585966796875 0.882021484375 0.0645537109375 0.769509765625 0.0566103515625 0.754287109375 0.0440341796875 0.741712890625 0.02219140625 0.741712890625 0.0135869140625 0.74568359375 0 0.7575966796875 0 0.7609052734375 0 0.94621875 0.1327294921875 1 1 1
6 0.1329189453125 1 0 0.9470810546875 0 1 0.1329189453125 1
6 0.4811728515625 0 0.1214296875 0.215638671875 0.1028076171875 0.364451171875 0.077439453125 0.5447421875 0.0583154296875 0.908578125 0.098904296875 0.9156025390625 0.1484833984375 0.9253583984375 0.1894638671875 0.9218466796875 0.2530791015625 0.92848046875 0.304453125 0.9437001953125 0.3251376953125 0.9589189453125 0.605900390625 1 1 1 1 0.079138671875 0.9491259765625 0.094591796875 0.8331884765625 0 0.4811728515625 0
6 0 0.86998046875 0.05865234375 0.880591796875 0.07690625 0.561025390625 0 0.5430322265625 0 0.86998046875
9 0.314099609375 0.946759765625 0.3146943359375 0.844439453125 0.24385546875 0.8390771484375 0.2417177734375 0.9228427734375 0.314099609375 0.946759765625