8 0.472888671875 1 0.47271484375 0.8921630859375 0.4750517578125 0.831171875 0.473251953125 0.779322265625 0.4782724609375 0.7530615234375 0.50008203125 0.7388642578125 0.5174287109375 0.733470703125 0.5381865234375 0.73033984375 0.554181640625 0.720578125 0.58761328125 0.7235029296875 0.5980048828125 0.719333984375 0.5835537109375 0.70187109375 0.5752890625 0.680958984375 0.5879501953125 0.6581533203125 0.60764453125 0.6512041015625 0.6155546875 0.6327900390625 0.62575 0.61423828125 0.662052734375 0.603455078125 0.678046875 0.58762109375 0.676697265625 0.5811318359375 0.66002734375 0.585181640625 0.649802734375 0.578869140625 0.63255859375 0.567953125 0.6222919921875 0.5687119140625 0.605603515625 0.5817353515625 0.5968408203125 0.558091796875 0.607361328125 0.5402646484375 0.610685546875 0.5233447265625 0.626197265625 0.5048505859375 0.6088974609375 0.480990234375 0.5862890625 0.466439453125 0.5850771484375 0.438947265625 0.58719140625 0.406978515625 0.5903515625 0.383607421875 0.59028125 0.3613388671875 0.5698544921875 0.3605283203125 0.560802734375 0.346392578125 0.5504462890625 0.3242490234375 0.540353515625 0.3093349609375 0.542060546875 0.3059658203125 0.537087890625 0.2943662109375 0.54094140625 0.2859990234375 0.535306640625 0.277423828125 0.515404296875 0.27705078125 0.48857421875 0.2817626953125 0.4628505859375 0.2827626953125 0.4501826171875 0.2904287109375 0.4286279296875 0.298640625 0.4137744140625 0.30388671875 0.3911201171875 0.3240146484375 0.3708701171875 0.3409443359375 0.3557919921875 0.350673828125 0.3449951171875 0.37175390625 0.343015625 0.3865517578125 0.32744921875 0.391521484375 0.3149228515625 0.3992705078125 0.30534375 0.4139638671875 0.2954599609375 0.4386328125 0.29342578125 0.4564375 0.2987197265625 0.474001953125 0.29674609375 0.4885693359375 0.298353515625 0.51091796875 0.2825263671875 0.5047177734375 0.274365234375 0.503107421875 0.2680361328125 0.51271484375 0.2614208984375 0.5285263671875 0.261970703125 0.5517841796875 0.2739150390625 0.5723466796875 0.2999345703125 0.5982177734375 0.30008203125 0.6245771484375 0.273326171875 0.6357470703125 0.25178125 0.635794921875 0.230884765625 0.6395908203125 0.2263662109375 0.6437216796875 0.2293974609375 0.65340625 0.2520869140625 0.6683720703125 0.268884765625 0.6990361328125 0.272892578125 0.7102861328125 0.2882119140625 0.72183203125 0.304013671875 0.7286748046875 0.34651953125 0.7307646484375 0.3543583984375 0.747857421875 0.3599736328125 0.7590439453125 0.3978125 0.7639130859375 0.402556640625 0.7770078125 0.3940068359375 0.7989267578125 0.39080859375 0.806994140625 0.3982880859375 0.8104208984375 0.4125439453125 0.8053388671875 0.4446708984375 0.7861689453125 0.4455546875 0.8453310546875 0.4444716796875 0.8876923828125 0.4513017578125 0.96909375 0.446013671875 0.9867431640625 0.4476337890625 0.9989482421875 0.472888671875 1
2 1 0.137640625 0.964833984375 0.1391015625 0.9580673828125 0.078462890625 0.945580078125 0.07848046875 0.9411494140625 0.0676904296875 0.936525390625 0.0683837890625 0.93750390625 0.0760126953125 0.9283779296875 0.07858203125 0.9315224609375 0.094375 0.80559375 0.0947880859375 0.804650390625 0.0832978515625 0.7412294921875 0.082681640625 0.7412333984375 0.060310546875 0.7363369140625 0.05423828125 0.7239296875 0.056515625 0.659037109375 0.0604521484375 0.6454150390625 0.0597958984375 0.6424560546875 0.0635927734375 0.649744140625 0.089966796875 0.56536328125 0.0984140625 0.568533203125 0.11259375 0.4465927734375 0.1234921875 0.4658681640625 0.164291015625 0.287087890625 0.2129033203125 0.20120703125 0.224388671875 0.1335380859375 0.229447265625 0.132595703125 0.2375830078125 0.1219306640625 0.240814453125 0.1211689453125 0.246755859375 0.168552734375 0.2952109375 0.15544140625 0.3656201171875 0.1324609375 0.501568359375 0.1164228515625 0.645060546875 0.1101787109375 0.6474912109375 0.10998828125 0.6521025390625 0.114212890625 0.6558369140625 0.1022734375 0.7965478515625 0.0979873046875 0.798640625 0.0953466796875 0.801845703125 0.099439453125 0.8079775390625 0.098669921875 0.8438603515625 0.29944140625 0.8601220703125 0.568837890625 0.871669921875 0.568607421875 0.895255859375 0.5395478515625 0.9022265625 0.5451337890625 0.9052021484375 0.548005859375 0.912708984375 0.5645888671875 0.9223056640625 0.5641533203125 0.999373046875 0.686232421875 0.999373046875 0.88768359375 0.999373046875 0.8884091796875 0.961599609375 0.8925029296875 0.9579453125 0.893349609375 0.936654296875 0.898046875 0.9304453125 0.97716015625 0.925638671875 0.98362890625 0.929357421875 0.9881083984375 0.961298828125 1 0.9684150390625 1 0.137640625
9 0.52900390625 0.191310546875 0.5311904296875 0.1526943359375 0.4857041015625 0.15580078125 0.4823330078125 0.1946552734375 0.52900390625 0.191310546875
9 0.58658203125 0.185994140625 0.5877431640625 0.147900390625 0.5412353515625 0.150365234375 0.5391953125 0.1891767578125 0.58658203125 0.185994140625
9 0.58315625 0.3243427734375 0.583400390625 0.2906220703125 0.5670390625 0.2912626953125 0.56582421875 0.324830078125 0.58315625 0.3243427734375
9 0.5758134765625 0.4624140625 0.57740234375 0.4281875 0.5600029296875 0.4294228515625 0.5598662109375 0.4621611328125 0.5758134765625 0.4624140625
9 0.5714130859375 0.61463671875 0.57255859375 0.5766591796875 0.5565810546875 0.5764052734375 0.5543154296875 0.615041015625 0.5714130859375 0.61463671875
9 0.567853515625 0.77930078125 0.568826171875 0.7368310546875 0.5508125 0.7366494140625 0.550357421875 0.7786611328125 0.567853515625 0.77930078125
9 0.7235361328125 0.874330078125 0.723333984375 0.7918154296875 0.6465283203125 0.7918251953125 0.6472705078125 0.87515625 0.7235361328125 0.874330078125
9 0.7249189453125 0.729060546875 0.721951171875 0.60462890625 0.6497568359375 0.6069853515625 0.6477412109375 0.730091796875 0.7249189453125 0.729060546875
9 0.722841796875 0.5577978515625 0.72096875 0.4374912109375 0.6505078125 0.4432529296875 0.6485810546875 0.561119140625 0.722841796875 0.5577978515625
9 0.7209609375 0.2883544921875 0.6537431640625 0.29310546875 0.651419921875 0.400556640625 0.7236982421875 0.3958291015625 0.7209609375 0.2883544921875
9 0.717765625 0.2508359375 0.718498046875 0.158251953125 0.6523681640625 0.1622294921875 0.6513212890625 0.257240234375 0.717765625 0.2508359375
9 0.8425859375 0.77091015625 0.842712890625 0.7343837890625 0.80731640625 0.733876953125 0.807603515625 0.7709462890625 0.8425859375 0.77091015625
9 0.8375634765625 0.6027880859375 0.8362138671875 0.5715478515625 0.80432421875 0.5730908203125 0.8045205078125 0.604642578125 0.8375634765625 0.6027880859375
9 0.8314765625 0.446224609375 0.830759765625 0.4198447265625 0.8013349609375 0.4209150390625 0.8013349609375 0.4476220703125 0.8314765625 0.446224609375
0 0.5831025390625 0.3252783203125 0.5833564453125 0.3119365234375 0.5053818359375 0.316818359375 0.505787109375 0.3288037109375 0.5831025390625 0.3252783203125
0 0.5761357421875 0.475271484375 0.5770576171875 0.4616494140625 0.4959970703125 0.4637626953125 0.496599609375 0.4780439453125 0.5761357421875 0.475271484375
0 0.4866806640625 0.639962890625 0.571712890625 0.63929296875 0.57134765625 0.624017578125 0.4864365234375 0.6239501953125 0.4865439453125 0.6309970703125 0.4866806640625 0.639962890625
0 0.5664794921875 0.8155546875 0.5660390625 0.7985380859375 0.4801328125 0.7973330078125 0.48059765625 0.8135966796875 0.5664794921875 0.8155546875
0 0.89748828125 0.8093779296875 0.8968349609375 0.8021025390625 0.8957880859375 0.7930224609375 0.888455078125 0.79216015625 0.8064404296875 0.794603515625 0.8054267578125 0.8123095703125 0.89748828125 0.8093779296875
0 0.890994140625 0.6309462890625 0.8901806640625 0.624361328125 0.89037890625 0.61633203125 0.8878203125 0.613822265625 0.8038623046875 0.6179560546875 0.8033466796875 0.634076171875 0.890994140625 0.6309462890625
0 0.8826474609375 0.4624443359375 0.8838798828125 0.455328125 0.88224609375 0.4496103515625 0.8775927734375 0.4481083984375 0.7982294921875 0.44981640625 0.797671875 0.4659453125 0.8826474609375 0.4624443359375
0 0.873583984375 0.3099423828125 0.8746953125 0.30616796875 0.87281640625 0.2991513671875 0.868826171875 0.2974150390625 0.7927119140625 0.3002568359375 0.792884765625 0.3119931640625 0.873583984375 0.3099423828125
9 0.8445791015625 0.172232421875 0.8415087890625 0.1340107421875 0.795640625 0.1351484375 0.796955078125 0.1732734375 0.8445791015625 0.172232421875
9 0.9037744140625 0.1707314453125 0.8992060546875 0.13103125 0.8536435546875 0.1330185546875 0.8558720703125 0.1718310546875 0.9037744140625 0.1707314453125
7 0.1446591796875 1 0.1448447265625 0.9757470703125 0.15683203125 0.8995361328125 0.1642509765625 0.8562978515625 0.126830078125 0.85115625 0.11499609375 0.8967294921875 0.11039453125 0.9498134765625 0.1071865234375 1 0.1446591796875 1
5 0.5631279296875 1 0.562419921875 0.9230517578125 0.5450244140625 0.914099609375 0.54366015625 0.9068525390625 0.53628515625 0.9039990234375 0.537630859375 0.9019072265625 0.566974609375 0.8949716796875 0.5675341796875 0.8722685546875 0.286896484375 0.8626044921875 0.066904296875 0.845583984375 0.0666884765625 0.8580126953125 0.0938583984375 0.861818359375 0.095048828125 0.877279296875 0.093158203125 0.879044921875 0.090150390625 1 0.5631279296875 1
8 0.06275 0.9961171875 0.0601435546875 0.9974091796875 0.0602138671875 0.9996181640625 0.0886044921875 1 0.092052734375 0.8782744140625 0.0936474609375 0.8757294921875 0.0926640625 0.86336328125 0.0793359375 0.8617666015625 0.07909375 0.890224609375 0.077736328125 0.8854794921875 0.0704072265625 0.8609296875 0.0657255859375 0.8580595703125 0.0661123046875 0.8446689453125 0.067162109375 0.841533203125 0.066771484375 0.8350390625 0.0721064453125 0.8319140625 0.0778544921875 0.8347080078125 0.0787705078125 0.8422353515625 0.079640625 0.8460888671875 0.098669921875 0.84702734375 0.0983603515625 0.81007421875 0.0945234375 0.8032724609375 0.0967353515625 0.79831640625 0.101134765625 0.7958271484375 0.113111328125 0.658515625 0.1094541015625 0.653904296875 0.10982421875 0.6470341796875 0.1158779296875 0.6451806640625 0.1249921875 0.55889453125 0.12366796875 0.5512685546875 0.1210849609375 0.5452119140625 0.1169619140625 0.5432421875 0.1109365234375 0.54296875 0.1037119140625 0.5486494140625 0.0974775390625 0.5607451171875 0.0919072265625 0.57605859375 0.0838505859375 0.5862060546875 0.076603515625 0.589404296875 0.0691845703125 0.5919794921875 0.062818359375 0.5962080078125 0.0577158203125 0.607380859375 0.052888671875 0.615787109375 0.0517548828125 0.6217333984375 0.048826171875 0.6348046875 0.0417177734375 0.642193359375 0.041462890625 0.65621875 0.0388193359375 0.6628330078125 0.0324033203125 0.6697509765625 0.02529296875 0.6690478515625 0.034595703125 0.6575966796875 0.0312763671875 0.64897265625 0.0178603515625 0.6361591796875 0.0097587890625 0.633462890625 0 0.636177734375 0.000376953125 0.973341796875 0.0057431640625 0.9726513671875 0.0145419921875 0.9726513671875 0.016388671875 0.96974609375 0.006626953125 0.9611552734375 0.00495703125 0.9551728515625 0.0027001953125 0.9331474609375 0.0034951171875 0.8798076171875 0.0068837890625 0.86788671875 0.01282421875 0.8597646484375 0.028978515625 0.85780859375 0.0376591796875 0.854703125 0.050552734375 0.85281640625 0.0539794921875 0.859166015625 0.057865234375 0.870771484375 0.063224609375 0.887423828125 0.0698935546875 0.9074921875 0.077517578125 0.9260712890625 0.078853515625 0.946138671875 0.077474609375 0.9524921875 0.079794921875 0.964328125 0.07940234375 0.990607421875 0.067505859375 0.994671875 0.06275 0.9961171875
8 0.037744140625 1 0.033310546875 0.9966435546875 0.0284560546875 0.9954609375 0.021701171875 0.9923984375 0.0172001953125 0.992783203125 0.0137314453125 0.9938720703125 0.01024609375 0.99564453125 0.0125732421875 0.9973828125 0.01973046875 0.998369140625 0.0296123046875 1 0.037744140625 1
7 0.3435546875 0 0.3765986328125 0.0943388671875 0.4204013671875 0.2136201171875 0.4220048828125 0.2268115234375 0.39830078125 0.230173828125 0.39562890625 0.2396123046875 0.4126650390625 0.2770439453125 0.42330859375 0.2820556640625 0.453697265625 0.2782578125 0.4584892578125 0.2702578125 0.4403173828125 0.2294091796875 0.430091796875 0.2258330078125 0.4282744140625 0.2148955078125 0.348587890625 0 0.3435546875 0
8 0 0 0 0.108166015625 0.01562890625 0.1247041015625 0.0358408203125 0.129837890625 0.04290625 0.1474462890625 0.056697265625 0.148306640625 0.069431640625 0.1413251953125 0.079267578125 0.1255390625 0.075853515625 0.10026171875 0.072423828125 0.0812919921875 0.0983349609375 0.0911767578125 0.1206796875 0.0911767578125 0.1235390625 0.1107216796875 0.1558818359375 0.109935546875 0.190623046875 0.10472265625 0.214623046875 0.0958251953125 0.2275888671875 0.077759765625 0.2321181640625 0.0498828125 0.2323837890625 0.0191611328125 0.2262822265625 0.0009189453125 0.1895908203125 0 0 0
9 0.01040625 0.5766884765625 0.0133974609375 0.5578408203125 0.00083984375 0.5572763671875 0 0.576583984375 0.01040625 0.5766884765625
9 0.0301318359375 0.577150390625 0.0323447265625 0.5574462890625 0.0193984375 0.5575908203125 0.017158203125 0.5767421875 0.0301318359375 0.577150390625
2 0 0.9629931640625 0.0091015625 0.953064453125 0.0411572265625 0.9560693359375 0.07809765625 0.9608349609375 0.0767080078125 0.952775390625 0.078056640625 0.9324375 0.0781259765625 0.89227734375 0.0702255859375 0.862333984375 0.0646953125 0.85825390625 0.0659755859375 0.833697265625 0.0731884765625 0.8299443359375 0.07862109375 0.834345703125 0.0806953125 0.8448544921875 0.0963994140625 0.84432421875 0.096537109375 0.812107421875 0.0931884765625 0.802705078125 0.100884765625 0.791470703125 0.128466796875 0.5231328125 0.1207294921875 0.525595703125 0.1183955078125 0.5313310546875 0.1134140625 0.575734375 0.098337890625 0.561619140625 0.079939453125 0.54865234375 0.056734375 0.5331533203125 0.0423251953125 0.534064453125 0.02394921875 0.53973046875 0 0.547017578125 0 0.9629931640625
6 0.0596611328125 1 0.059677734375 0.9972509765625 0.0629736328125 0.995494140625 0.0790810546875 0.9905439453125 0.0793447265625 0.9637373046875 0.0772158203125 0.961763671875 0.0397431640625 0.956408203125 0.0092236328125 0.953462890625 0.0058095703125 0.9573720703125 0.0071015625 0.9608505859375 0.016951171875 0.969552734375 0.0146259765625 0.9732353515625 0.0056845703125 0.9730498046875 0 0.97393359375 0 1 0.0262138671875 1 0.012216796875 0.9977763671875 0.0098193359375 0.9956650390625 0.0134677734375 0.9936083984375 0.0161953125 0.992259765625 0.01696484375 0.980607421875 0.0187529296875 0.9793310546875 0.021802734375 0.9797587890625 0.0232939453125 0.981046875 0.0232705078125 0.991953125 0.0286494140625 0.99494140625 0.033943359375 0.99637890625 0.0346474609375 0.996666015625 0.0345654296875 0.98658203125 0.036244140625 0.985048828125 0.0387958984375 0.9849609375 0.040720703125 0.9859814453125 0.0414208984375 0.988275390625 0.040595703125 1 0.0596611328125 1
4 1 0.9995673828125 0.9998095703125 0.9699130859375 0.98639453125 0.960939453125 0.9826728515625 0.9307333984375 0.9767197265625 0.9277900390625 0.8977578125 0.93203515625 0.895458984375 0.93664453125 0.8936982421875 0.9588330078125 0.889853515625 0.9630302734375 0.8892158203125 0.98265234375 0.890134765625 0.9996591796875 1 0.9995673828125
8 1 0.06795703125 0.9899267578125 0.0653193359375 0.97998046875 0.065564453125 0.9782841796875 0.0729462890625 0.9800947265625 0.0788388671875 0.989353515625 0.0853056640625 0.9954140625 0.08463671875 1 0.0894697265625 1 0.06795703125
9 0.3707177734375 0.812412109375 0.432150390625 0.8136767578125 0.4359443359375 0.7217421875 0.3741513671875 0.72246484375 0.3707177734375 0.812412109375
9 0.3799326171875 0.6451630859375 0.441365234375 0.644259765625 0.445701171875 0.5586474609375 0.38383203125 0.560025390625 0.3799326171875 0.6451630859375
9 0.4040244140625 0.3426328125 0.461810546875 0.339123046875 0.4650517578125 0.2708125 0.411720703125 0.274322265625 0.4040244140625 0.3426328125
9 1 0.70891015625 0.951173828125 0.709857421875 0.9530888671875 0.8075615234375 1 0.805775390625 1 0.70891015625
9 1 0.5377060546875 0.9424990234375 0.538998046875 0.9469296875 0.6318623046875 1 0.6303857421875 1 0.5377060546875
9 0.9373046875 0.4664482421875 0.9993740234375 0.4640205078125 0.992697265625 0.3822294921875 0.9310537109375 0.383486328125 0.9373046875 0.4664482421875
9 0.924404296875 0.3142412109375 0.9848056640625 0.3131787109375 0.977216796875 0.2409482421875 0.9175830078125 0.241376953125 0.924404296875 0.3142412109375