2 0.00025 0.7587265625 0.160974609375 0.8015673828125 0.2771904296875 0.8201083984375 0.5872109375 0.812353515625 0.827869140625 0.79631640625 0.9979345703125 0.846564453125 1 0.16089453125 0.909158203125 0.076435546875 0.798990234375 0.09888671875 0.787224609375 0.090333984375 0.453998046875 0.0721611328125 0.2561591796875 0.0846318359375 0.0013369140625 0.1829560546875 0.00025 0.7587265625
9 0.044783203125 0.2409033203125 0.0442685546875 0.3248076171875 0.1122158203125 0.306791015625 0.1106708984375 0.221857421875 0.044783203125 0.2409033203125
9 0.217615234375 0.2809130859375 0.21484375 0.1871220703125 0.1353740234375 0.210685546875 0.1367607421875 0.3007802734375 0.217615234375 0.2809130859375
9 0.1318486328125 0.40540234375 0.1334912109375 0.5048017578125 0.218103515625 0.4982294921875 0.2156396484375 0.3939013671875 0.1318486328125 0.40540234375
9 0.0453896484375 0.4182822265625 0.0453369140625 0.5062666015625 0.1088095703125 0.502740234375 0.1083056640625 0.41005078125 0.0453896484375 0.4182822265625
9 0.2234912109375 0.716302734375 0.219724609375 0.6058125 0.132462890625 0.607068359375 0.134345703125 0.7081416015625 0.2234912109375 0.716302734375
9 0.0439453125 0.6033017578125 0.0452001953125 0.696841796875 0.1142568359375 0.7050029296875 0.11362890625 0.6064404296875 0.0439453125 0.6033017578125
0 0.341421875 0.3311650390625 0.3714619140625 0.3304326171875 0.439599609375 0.3267685546875 0.5494990234375 0.3260361328125 0.5429052734375 0.247640625 0.457916015625 0.2447099609375 0.422015625 0.24617578125 0.3377587890625 0.2483740234375 0.3384912109375 0.2740166015625 0.341421875 0.3311650390625
0 0.42360546875 0.58184375 0.5582548828125 0.5769287109375 0.5572724609375 0.46390234375 0.4432626953125 0.46881640625 0.3430126953125 0.472748046875 0.3400634765625 0.4766787109375 0.3430126953125 0.5808603515625 0.42360546875 0.58184375
0 0.811970703125 0.57158984375 0.8127529296875 0.472931640625 0.7023505859375 0.474498046875 0.6271826171875 0.4768466796875 0.6287490234375 0.572373046875 0.811970703125 0.57158984375
0 0.6812099609375 0.35156640625 0.766404296875 0.3512353515625 0.8042900390625 0.3575498046875 0.7979755859375 0.25257421875 0.7766650390625 0.2502060546875 0.7407177734375 0.2450791015625 0.6632001953125 0.2458623046875 0.62405078125 0.24664453125 0.6154375 0.2497763671875 0.616220703125 0.352349609375 0.6812099609375 0.35156640625
9 0.9999619140625 0.372189453125 1 0.2481259765625 0.9552177734375 0.251515625 0.9606416015625 0.3755791015625 0.9999619140625 0.372189453125
9 1 0.4698125 0.96538671875 0.4725244140625 0.969455078125 0.6033671875 1 0.602689453125 1 0.4698125
8 0 0 0 0.14933984375 0 0.1794306640625 0.0078017578125 0.2028349609375 0.0300908203125 0.2195517578125 0.0412353515625 0.2318115234375 0.01114453125 0.23292578125 0.002228515625 0.241841796875 0.002228515625 0.2541005859375 0.0278623046875 0.2775048828125 0.051265625 0.2953359375 0.06909765625 0.3109384765625 0.0735556640625 0.3521748046875 0.0835859375 0.373349609375 0.096958984375 0.375578125 0.1103330078125 0.3488310546875 0.1426533203125 0.344373046875 0.2050634765625 0.3599755859375 0.2620869140625 0.3751240234375 0.2330771484375 0.4031328125 0.2110693359375 0.4411455078125 0.2290751953125 0.46115234375 0.2620869140625 0.4511484375 0.331109375 0.4171376953125 0.3761240234375 0.41513671875 0.4301416015625 0.419138671875 0.4761572265625 0.433142578125 0.4961640625 0.4601513671875 0.516169921875 0.81826953125 0.2810927734375 0.8252724609375 0.15505078125 0.804265625 0 0.763251953125 0 0.8713115234375 0.2703779296875 0.90521484375 0.6515439453125 0.9282431640625 0.853748046875 0.9306083984375 1 0.9246962890625 1 0.8525654296875 0.8277333984375 0.799353515625 0.5794130859375 0.8170908203125 0.56167578125 0.5421650390625 0.561763671875 0.4684599609375 0.60452734375 0.4461064453125 0.6191064453125 0.4256962890625 0.626880859375 0.3975107421875 0.648263671875 0.399455078125 0.6706171875 0.4101455078125 0.68616796875 0.4286123046875 0.7026904296875 0.437359375 0.7308759765625 0.4208369140625 0.7328193359375 0.399455078125 0.7201845703125 0.37612890625 0.7114375 0.3566904296875 0.692970703125 0.337251953125 0.6851962890625 0.3110107421875 0.69588671875 0.2886572265625 0.716296875 0.2701904296875 0.7376787109375 0.2837978515625 0.759060546875 0.281853515625 0.769751953125 0.2595 0.754201171875 0.2371455078125 0.7405947265625 0.2021572265625 0.73184765625 0.1691123046875 0.73670703125 0.1331513671875 0.754201171875 0.1321796875 0.764892578125 0.1438427734375 0.7891904296875 0.1788310546875 0.8086279296875 0.2099326171875 0.825150390625 0.2352021484375 0.835841796875 0.241033203125 0.851392578125 0.2381181640625 0.8552802734375 0.221595703125 0.8844375 0.221595703125 0.9009599609375 0.19826953125 0.917482421875 0.1866064453125 0.9709375 0.168140625 0.995234375 0.135095703125 1 0.11662890625 0.982599609375 0.0981630859375 0.9330322265625 0.0855283203125 0.9135947265625 0.0748369140625 0.9252578125 0.0622021484375 0.927201171875 0.0476240234375 0.92428515625 0.042763671875 0.94566796875 0.0374189453125 0.957330078125 0.0165224609375 0.963162109375 0 0 0
9 0.9972548828125 0.816970703125 1 0.6945673828125 0.96973828125 0.6964658203125 0.9706865234375 0.817919921875 0.9972548828125 0.816970703125
9 0.690892578125 0.7452080078125 0.807126953125 0.7473798828125 0.80780078125 0.592564453125 0.6941513671875 0.5985556640625 0.690892578125 0.7452080078125
9 0.806041015625 0.5279462890625 0.800609375 0.3791220703125 0.6941513671875 0.383466796875 0.69849609375 0.532291015625 0.806041015625 0.5279462890625
9 0.7930048828125 0.3106845703125 0.7854013671875 0.1835859375 0.691978515625 0.190103515625 0.693064453125 0.315029296875 0.7930048828125 0.3106845703125
9 0.5074970703125 0.7580166015625 0.5049140625 0.614677734375 0.4545517578125 0.6185517578125 0.448095703125 0.7554345703125 0.5074970703125 0.7580166015625
6 1 0.9289052734375 0.8230810546875 0.9347841796875 0.5867392578125 0.9265537109375 0.3213193359375 0.91433203125 0.13274609375 0.894482421875 0.001029296875 0.8740458984375 0 0.998615234375 1 1 1 0.9289052734375
9 0.49832421875 0.3046982421875 0.495322265625 0.1996298828125 0.429279296875 0.2086357421875 0.43228125 0.30619921875 0.49832421875 0.3046982421875
9 0.5388505859375 0.465302734375 0.5403515625 0.4007607421875 0.471306640625 0.405263671875 0.47430859375 0.465302734375 0.5388505859375 0.465302734375