9 0.4514453125 0.1459091796875 0.4567236328125 0.057 0.39501953125 0.0672119140625 0.3867861328125 0.1547119140625 0.4514453125 0.1459091796875
9 0.434291015625 0.34714453125 0.4417685546875 0.244150390625 0.3801689453125 0.250916015625 0.374470703125 0.34978515625 0.434291015625 0.34714453125
9 0.4307724609375 0.5565693359375 0.432091796875 0.4469736328125 0.3639140625 0.450494140625 0.362154296875 0.555689453125 0.4307724609375 0.5565693359375
9 0.378869140625 0.76018359375 0.3815078125 0.6563095703125 0.3554189453125 0.656275390625 0.35731640625 0.75754296875 0.378869140625 0.76018359375
9 0.6969794921875 0.7819677734375 0.7113251953125 0.7800791015625 0.71358984375 0.6671318359375 0.701509765625 0.6690205078125 0.6969794921875 0.7819677734375
9 0.75360546875 0.7706357421875 0.7554931640625 0.6678876953125 0.73246484375 0.671287109375 0.7305771484375 0.775546875 0.75360546875 0.7706357421875
9 0.79135546875 0.7604365234375 0.792865234375 0.663732421875 0.7705927734375 0.6659990234375 0.769837890625 0.7638359375 0.79135546875 0.7604365234375
9 0.82306640625 0.7502373046875 0.824576171875 0.66184375 0.807291015625 0.6633173828125 0.8068330078125 0.75363671875 0.82306640625 0.7502373046875
9 0.852888671875 0.7392822265625 0.851755859375 0.66033203125 0.8351416015625 0.662373046875 0.8359013671875 0.7423046875 0.852888671875 0.7392822265625
9 0.8751611328125 0.733994140625 0.8778037109375 0.65806640625 0.8620478515625 0.6600126953125 0.8611943359375 0.737771484375 0.8751611328125 0.733994140625
9 0.9000771484375 0.727572265625 0.9000771484375 0.6550439453125 0.886109375 0.6565546875 0.884599609375 0.7298388671875 0.9000771484375 0.727572265625
9 0.91857421875 0.7207724609375 0.9193291015625 0.6542880859375 0.909251953125 0.6557646484375 0.9061171875 0.724171875 0.91857421875 0.7207724609375
9 0.9374501953125 0.71397265625 0.93858203125 0.65277734375 0.9272568359375 0.6550439453125 0.9242373046875 0.71926171875 0.9374501953125 0.71397265625
9 0.9536826171875 0.7117060546875 0.9555703125 0.650888671875 0.94418359375 0.65198828125 0.9416025390625 0.7143505859375 0.9536826171875 0.7117060546875
9 0.9668955078125 0.705662109375 0.9668955078125 0.6512666015625 0.960099609375 0.650888671875 0.961232421875 0.7090625 0.9668955078125 0.705662109375
9 0.9714248046875 0.6505107421875 0.9710478515625 0.704529296875 0.9778427734375 0.7049072265625 0.9772265625 0.650572265625 0.9714248046875 0.6505107421875
9 0.702748046875 0.5610166015625 0.7164267578125 0.56297265625 0.7203359375 0.4569267578125 0.7055791015625 0.4538857421875 0.702748046875 0.5610166015625
9 0.7574658203125 0.5670498046875 0.7610947265625 0.469833984375 0.7362490234375 0.464525390625 0.733736328125 0.56509375 0.7574658203125 0.5670498046875
9 0.7926416015625 0.572916015625 0.7959921875 0.479611328125 0.7739375 0.473185546875 0.7728203125 0.5698427734375 0.7926416015625 0.572916015625
9 0.82698046875 0.574033203125 0.8278173828125 0.4857568359375 0.8099501953125 0.482125 0.8099501953125 0.572078125 0.82698046875 0.574033203125
9 0.85378125 0.5765478515625 0.856572265625 0.4960927734375 0.8410263671875 0.492984375 0.8409384765625 0.5751513671875 0.85378125 0.5765478515625
9 0.883373046875 0.58185546875 0.884490234375 0.5027978515625 0.8668583984375 0.498220703125 0.8652275390625 0.5801796875 0.883373046875 0.58185546875
9 0.90570703125 0.58353125 0.906544921875 0.50922265625 0.8909462890625 0.5041552734375 0.892306640625 0.583251953125 0.90570703125 0.58353125
9 0.92515625 0.5861376953125 0.9257041015625 0.514943359375 0.91128125 0.510935546875 0.9109267578125 0.583947265625 0.92515625 0.5861376953125
9 0.9413017578125 0.5877802734375 0.942943359375 0.520146484375 0.93146875 0.5170947265625 0.93062890625 0.5864111328125 0.9413017578125 0.5877802734375
9 0.9593623046875 0.5891494140625 0.9593623046875 0.52452734375 0.9492626953125 0.5225703125 0.948142578125 0.588328125 0.9593623046875 0.5891494140625
9 0.730271484375 0.347779296875 0.7313095703125 0.25257421875 0.7147724609375 0.24321875 0.7112431640625 0.3405087890625 0.730271484375 0.347779296875
9 0.740650390625 0.256728515625 0.73961328125 0.3522802734375 0.7634853515625 0.3647431640625 0.7662548828125 0.26917578125 0.740650390625 0.256728515625
9 0.7987744140625 0.3813603515625 0.804310546875 0.293080078125 0.7839921875 0.2834521484375 0.77974609375 0.3713212890625 0.7987744140625 0.3813603515625
9 0.8337177734375 0.3948623046875 0.8364853515625 0.3155830078125 0.814689453125 0.3076201171875 0.8108837890625 0.3875927734375 0.8337177734375 0.3948623046875
9 0.8420908203125 0.4035 0.8592744140625 0.41013671875 0.8592744140625 0.3341142578125 0.844201171875 0.32958984375 0.8420908203125 0.4035
9 0.8803779296875 0.420091796875 0.883091796875 0.348896484375 0.869765625 0.3423720703125 0.8677158203125 0.414662109375 0.8803779296875 0.420091796875
9 0.910224609375 0.4315556640625 0.90962109375 0.3666953125 0.89062890625 0.3576455078125 0.8912314453125 0.4249189453125 0.910224609375 0.4315556640625
9 0.937357421875 0.4472431640625 0.93826171875 0.3887177734375 0.921412109375 0.378939453125 0.92137890625 0.4400029296875 0.937357421875 0.4472431640625
9 0.9584609375 0.455509765625 0.9587626953125 0.3984931640625 0.9455390625 0.3959033203125 0.94489453125 0.4515888671875 0.9584609375 0.455509765625
9 0.714263671875 0.131083984375 0.7263232421875 0.137720703125 0.7266240234375 0.0623017578125 0.715958984375 0.0532294921875 0.714263671875 0.131083984375
9 0.766720703125 0.168189453125 0.76732421875 0.0972958984375 0.74380859375 0.0794970703125 0.74380859375 0.15702734375 0.766720703125 0.168189453125
9 0.80108984375 0.20046875 0.8007880859375 0.129876953125 0.7789140625 0.1127919921875 0.78119140625 0.185384765625 0.80108984375 0.20046875
9 0.83183984375 0.225328125 0.8312373046875 0.1616748046875 0.8128466796875 0.144177734375 0.81133984375 0.21084765625 0.83183984375 0.225328125
9 0.85686328125 0.2425849609375 0.8589736328125 0.18737890625 0.8420908203125 0.1765185546875 0.8414873046875 0.23625 0.85686328125 0.2425849609375
9 0.8818857421875 0.2697353515625 0.883392578125 0.2081943359375 0.8686201171875 0.1991435546875 0.8650029296875 0.258875 0.8818857421875 0.2697353515625
9 0.9047978515625 0.2854228515625 0.9047978515625 0.22719921875 0.8920078125 0.2213623046875 0.890025390625 0.27576953125 0.9047978515625 0.2854228515625
9 0.9216806640625 0.2996015625 0.92288671875 0.247412109375 0.9112333984375 0.24096484375 0.90962109375 0.294171875 0.9216806640625 0.2996015625
9 0.93976953125 0.31408203125 0.9409755859375 0.26671875 0.9297060546875 0.262453125 0.9283134765625 0.3092548828125 0.93976953125 0.31408203125
7 0.5754990234375 0.841720703125 0.582806640625 0.839892578125 0.5816650390625 0.8049287109375 0.5789248046875 0.756482421875 0.57412890625 0.74254296875 0.5663642578125 0.736373046875 0.5567724609375 0.7345439453125 0.5453544921875 0.737515625 0.5357626953125 0.74665625 0.53370703125 0.763794921875 0.5371328125 0.8314365234375 0.5448974609375 0.8314365234375 0.545810546875 0.8170400390625 0.5440546875 0.8016328125 0.5732158203125 0.8021865234375 0.5754990234375 0.841720703125
2 0.4832353515625 0 0.3615859375 0.0331484375 0.137458984375 0.090705078125 0.100435546875 0.3517666015625 0.097791015625 0.68096875 0.1123330078125 0.7836455078125 0.3814248046875 0.8241748046875 0.6599482421875 0.8494951171875 0.7071083984375 0.85060546875 0.8858203125 0.811705078125 0.9880830078125 0.7663427734375 1 0.7579033203125 1 0.271462890625 0.80148046875 0.0568837890625 0.74455078125 0 0.4832353515625 0
8 0.111876953125 0.578515625 0.16040234375 0.5710458984375 0.2282138671875 0.5542373046875 0.260564453125 0.5355615234375 0.2692734375 0.5218662109375 0.2698955078125 0.5119052734375 0.2524765625 0.51066015625 0.23132421875 0.5187529296875 0.1778212890625 0.543654296875 0.108765625 0.55983984375 0.1268076171875 0.470818359375 0.248744140625 0.452142578125 0.265541015625 0.45961328125 0.2835830078125 0.5019453125 0.304734375 0.5355615234375 0.3190439453125 0.560462890625 0.33770703125 0.5878544921875 0.369435546875 0.5915888671875 0.399919921875 0.584119140625 0.407384765625 0.5729130859375 0.4042744140625 0.562330078125 0.3924541015625 0.5399189453125 0.3650810546875 0.5305810546875 0.33521875 0.523111328125 0.322154296875 0.5137734375 0.3028681640625 0.484513671875 0.2885595703125 0.4484072265625 0.3252646484375 0.4347119140625 0.350771484375 0.450275390625 0.3825 0.4428046875 0.4478232421875 0.4406845703125 0.46959765625 0.4244990234375 0.4807958984375 0.3946181640625 0.475818359375 0.362869140625 0.4608876953125 0.3553984375 0.419828125 0.362869140625 0.3725458984375 0.3616240234375 0.3370849609375 0.3522861328125 0.2935361328125 0.3591337890625 0.2294580078125 0.369716796875 0.239412109375 0.3473056640625 0.2530986328125 0.3236494140625 0.284205078125 0.310576171875 0.3569931640625 0.2813173828125 0.3943203125 0.270111328125 0.4596435546875 0.2688671875 0.477685546875 0.2620185546875 0.48639453125 0.256416015625 0.49323828125 0.2112158203125 0.4913720703125 0.1881826171875 0.4751962890625 0.1825791015625 0.437869140625 0.1645263671875 0.406140625 0.1595458984375 0.388099609375 0.1526982421875 0.38001171875 0.1022734375 0.416716796875 0.0443779296875 0.4739521484375 0.0487353515625 0.5081689453125 0.031927734375 0.5199892578125 0 0 0.0001787109375 0.001138671875 0.518626953125 0.0440654296875 0.5273427734375 0.0527744140625 0.5628271484375 0.0546416015625 0.58897265625 0.057751953125 0.6275703125 0.0608623046875 0.6723916015625 0.067083984375 0.7315322265625 0.067083984375 0.7502080078125 0.061611328125 0.7757470703125 0.1112548828125 0.78644140625 0.111876953125 0.578515625
6 1 0.7595419921875 0.99145703125 0.7677744140625 0.8859501953125 0.8143046875 0.708 0.85419921875 0.6216416015625 0.849451171875 0.380123046875 0.8262109375 0.1212626953125 0.786861328125 0.1111279296875 0.789626953125 0.0586142578125 0.7756123046875 0.064142578125 0.7476474609375 0 0.7345166015625 0 1 1 1 1 0.7595419921875