8 1 0.901802734375 0.9895380859375 0.8922783203125 0.9666728515625 0.881853515625 0.952845703125 0.8880625 0.9409541015625 0.9065771484375 0.9259814453125 0.9087568359375 0.899978515625 0.9043291015625 0.88300390625 0.907279296875 0.8595615234375 0.9196484375 0.8449306640625 0.933046875 0.8164296875 0.9367958984375 0.7798193359375 0.947056640625 0.768158203125 0.9641123046875 0.7441181640625 0.95387109375 0.7218115234375 0.9408916015625 0.7071474609375 0.9418056640625 0.664087890625 0.9299091796875 0.622939453125 0.9238447265625 0.59785546875 0.8961669921875 0.5748984375 0.8724013671875 0.573806640625 0.8525771484375 0.540369140625 0.81814453125 0.5260615234375 0.80278125 0.5064853515625 0.7893857421875 0.48996484375 0.786205078125 0.4732529296875 0.79845703125 0.4580146484375 0.794583984375 0.449314453125 0.78367578125 0.436212890625 0.7765908203125 0.4319189453125 0.7819384765625 0.4219921875 0.8020341796875 0.407978515625 0.8161865234375 0.3911572265625 0.8264716796875 0.36588671875 0.8299921875 0.3561845703125 0.8396513671875 0.3382734375 0.8514482421875 0.3237578125 0.8676787109375 0.3098359375 0.8723310546875 0.2856162109375 0.867306640625 0.2694638671875 0.8718203125 0.2646044921875 0.8780517578125 0.266318359375 0.8872509765625 0.3309658203125 0.94348046875 0.3357509765625 0.952603515625 0.336529296875 0.9566572265625 0.336638671875 0.969298828125 0.33526953125 0.9848046875 0.3316796875 0.994216796875 0.328291015625 0.99853515625 0.329267578125 0.9997451171875 0.33529296875 1 0.4241396484375 1 1 1 1 0.901802734375
8 0 0.934384765625 0.0233681640625 0.9400654296875 0.0426767578125 0.94164453125 0.0606181640625 0.939458984375 0.0753251953125 0.9307978515625 0.0888291015625 0.913021484375 0.0956064453125 0.8949560546875 0.09282421875 0.8778994140625 0.0942216796875 0.855416015625 0.10791015625 0.8341728515625 0.119607421875 0.810953125 0.1202412109375 0.7877158203125 0.12066015625 0.7575 0.113751953125 0.7428037109375 0.118287109375 0.7196396484375 0.1141943359375 0.70334765625 0.1076455078125 0.68202734375 0.108087890625 0.6625107421875 0.1061904296875 0.65221484375 0.0953017578125 0.651 0.079296875 0.654234375 0.0816767578125 0.636859375 0.0882529296875 0.61455078125 0.0874052734375 0.5931142578125 0.0875048828125 0.5660830078125 0.0844150390625 0.546005859375 0.0796123046875 0.5277763671875 0.0707373046875 0.5006142578125 0.07306640625 0.4751181640625 0.0663759765625 0.4552861328125 0.068966796875 0.42877734375 0.0693154296875 0.40555078125 0.0614697265625 0.396634765625 0.0693291015625 0.3733173828125 0.0715751953125 0.3521884765625 0.0755595703125 0.337076171875 0.071498046875 0.330869140625 0.0675859375 0.315896484375 0.0595185546875 0.308921875 0.05125390625 0.30969921875 0.046634765625 0.321115234375 0.03815234375 0.32759765625 0.039556640625 0.3475400390625 0.03222265625 0.364552734375 0.02070703125 0.3757109375 0.022462890625 0.394634765625 0.01583984375 0.409857421875 0.005537109375 0.42906640625 0 0.4724931640625 0 0.934384765625
2 0.083142578125 0.9115400390625 0.0864658203125 0.9057373046875 0.098146484375 0.8962763671875 0.1152294921875 0.880390625 0.12388671875 0.8764560546875 0.1545234375 0.8676748046875 0.1790126953125 0.869775390625 0.258283203125 0.884162109375 0.2719072265625 0.893767578125 0.3126357421875 0.9281826171875 0.3326376953125 0.9405078125 0.3379970703125 0.9572626953125 0.3386796875 0.9698154296875 0.33701171875 0.985615234375 0.4531484375 0.99974609375 0.93468359375 1 0.93318359375 0.897431640625 0.9778037109375 0.8957802734375 0.9783125 0.7816162109375 0.975365234375 0.7511181640625 0.9364755859375 0.7478310546875 0.9300322265625 0.361791015625 0.3381162109375 0.3543515625 0.3266630859375 0.341296875 0 0.3502412109375 0.0001708984375 0.90782421875 0.083142578125 0.9115400390625
9 0.1995048828125 0.426587890625 0.2059912109375 0.3812470703125 0.131478515625 0.382525390625 0.122767578125 0.4275126953125 0.1995048828125 0.426587890625
9 0.09876171875 0.428744140625 0.1064697265625 0.3814521484375 0.011759765625 0.3821943359375 0.0035458984375 0.4303037109375 0.09876171875 0.428744140625
9 0.000443359375 0.527830078125 0.08342578125 0.5324609375 0.089708984375 0.4847333984375 0.00124609375 0.4810966796875 0.000443359375 0.527830078125
9 0.18398046875 0.5363349609375 0.1895927734375 0.48539453125 0.1136201171875 0.4858427734375 0.1072646484375 0.533029296875 0.18398046875 0.5363349609375
9 0.2565 0.5370166015625 0.2609609375 0.4871533203125 0.212673828125 0.485623046875 0.20701953125 0.5354794921875 0.2565 0.5370166015625
9 0.2694169921875 0.4275859375 0.2756025390625 0.380484375 0.227861328125 0.3795322265625 0.2205615234375 0.4269267578125 0.2694169921875 0.4275859375
9 0.378669921875 0.4472578125 0.38434375 0.3952890625 0.302779296875 0.3960703125 0.2966513671875 0.446833984375 0.378669921875 0.4472578125
9 0.538224609375 0.4502490234375 0.5410703125 0.3970302734375 0.4136123046875 0.39506640625 0.40827734375 0.4487177734375 0.538224609375 0.4502490234375
9 0.7013779296875 0.4527119140625 0.701140625 0.39749609375 0.5716171875 0.395650390625 0.570162109375 0.45170703125 0.7013779296875 0.4527119140625
9 0.701607421875 0.5775302734375 0.70221875 0.519837890625 0.5670458984375 0.5174140625 0.564908203125 0.574599609375 0.701607421875 0.5775302734375
9 0.530208984375 0.5723232421875 0.533005859375 0.51667578125 0.403341796875 0.513953125 0.3994404296875 0.5691484375 0.530208984375 0.5723232421875
9 0.3669267578125 0.56846484375 0.3719990234375 0.5136162109375 0.2868837890625 0.5113662109375 0.2819716796875 0.5668076171875 0.3669267578125 0.56846484375
9 0.0007607421875 0.6369560546875 0.0692373046875 0.642693359375 0.0737880859375 0.5935302734375 0.001677734375 0.5890615234375 0.0007607421875 0.6369560546875
9 0.170037109375 0.6486806640625 0.175158203125 0.5972607421875 0.097314453125 0.5920400390625 0.0917734375 0.6439697265625 0.170037109375 0.6486806640625
9 0.2454326171875 0.6526875 0.2504755859375 0.600498046875 0.1992236328125 0.5978876953125 0.194453125 0.64919921875 0.2454326171875 0.6526875
9 0.0818759765625 0.7551875 0.1604375 0.7634296875 0.1654306640625 0.7105302734375 0.0875830078125 0.705130859375 0.0818759765625 0.7551875
9 0.2352001953125 0.7696708984375 0.23911328125 0.7184638671875 0.18944921875 0.713369140625 0.1862763671875 0.765365234375 0.2352001953125 0.7696708984375
9 0.068259765625 0.8724150390625 0.123537109375 0.8764248046875 0.15365625 0.86577734375 0.15655078125 0.830140625 0.0684375 0.821810546875 0.068259765625 0.8724150390625
9 0.3501962890625 0.8262470703125 0.35497265625 0.7679580078125 0.2667568359375 0.761759765625 0.2634912109375 0.8193798828125 0.3501962890625 0.8262470703125
9 0.521232421875 0.840564453125 0.52305078125 0.77734765625 0.3800009765625 0.76907421875 0.377380859375 0.831734375 0.521232421875 0.840564453125
9 0.359154296875 0.695416015625 0.36276171875 0.63744140625 0.2766474609375 0.6354345703125 0.2713154296875 0.6923037109375 0.359154296875 0.695416015625
9 0.5232041015625 0.703564453125 0.5266533203125 0.6444580078125 0.3908896484375 0.638419921875 0.388759765625 0.6983642578125 0.5232041015625 0.703564453125
9 0.699416015625 0.7071953125 0.7007705078125 0.6489423828125 0.5574951171875 0.6443583984375 0.5572001953125 0.7048701171875 0.699416015625 0.7071953125
9 0.695205078125 0.8433427734375 0.697466796875 0.782443359375 0.5517216796875 0.7783271484375 0.55017578125 0.839685546875 0.695205078125 0.8433427734375
9 0.6944599609375 0.9780830078125 0.694865234375 0.9169384765625 0.5487138671875 0.9108935546875 0.54588671875 0.9736708984375 0.6944599609375 0.9780830078125
9 0.51843359375 0.968880859375 0.5192509765625 0.9116162109375 0.3770966796875 0.903046875 0.37307421875 0.9631240234375 0.51843359375 0.968880859375
9 0.29503515625 0.91479296875 0.31238671875 0.9300078125 0.330357421875 0.9401318359375 0.3389619140625 0.9560986328125 0.3408525390625 0.8958779296875 0.267396484375 0.8899794921875 0.29503515625 0.91479296875
1 0.083798828125 0.9314501953125 0.0806455078125 0.93636328125 0.080583984375 0.944404296875 0.0798017578125 0.954830078125 0.0818154296875 0.960130859375 0.093310546875 0.962818359375 0.0958359375 0.9724208984375 0.1017236328125 0.9798115234375 0.1104130859375 0.98464453125 0.118701171875 0.9856640625 0.125791015625 0.9835234375 0.13032421875 0.9760439453125 0.13459375 0.97451171875 0.19596484375 0.9883095703125 0.2110390625 0.9979091796875 0.224486328125 0.9995185546875 0.242013671875 0.9994794921875 0.24593359375 0.9943388671875 0.2473662109375 0.985068359375 0.30365625 0.986064453125 0.3084462890625 0.99353125 0.31326953125 0.9957646484375 0.3191513671875 0.9988935546875 0.327564453125 0.998068359375 0.331236328125 0.9933369140625 0.33406640625 0.98511328125 0.335708984375 0.966953125 0.3352470703125 0.9528203125 0.3310830078125 0.941896484375 0.3106748046875 0.931619140625 0.30640625 0.926390625 0.301453125 0.9207333984375 0.2949931640625 0.91743359375 0.2860625 0.908041015625 0.262587890625 0.889087890625 0.25207421875 0.88460546875 0.2170234375 0.8782216796875 0.178220703125 0.8706953125 0.1519365234375 0.8688173828125 0.1262548828125 0.876619140625 0.117568359375 0.8802548828125 0.104171875 0.89296875 0.0920791015625 0.9025751953125 0.0867880859375 0.9077353515625 0.085884765625 0.9151103515625 0.08561328125 0.9254931640625 0.083798828125 0.9314501953125
9 0.0792451171875 0.9490595703125 0.079908203125 0.9342685546875 0.0842158203125 0.9275810546875 0.08449609375 0.9207998046875 0.0718154296875 0.919955078125 0.0718203125 0.948205078125 0.0792451171875 0.9490595703125
8 0.506875 0 0.4649775390625 0.046755859375 0.4424951171875 0.08645703125 0.4460029296875 0.1208662109375 0.46811328125 0.1416396484375 0.4878662109375 0.15209375 0.502205078125 0.2007548828125 0.5043408203125 0.2531064453125 0.5232353515625 0.28048828125 0.540041015625 0.2884619140625 0.5653828125 0.3213046875 0.6023740234375 0.337279296875 0.6174091796875 0.381818359375 0.636134765625 0.40995703125 0.662875 0.4357919921875 0.6777275390625 0.5104970703125 0.70498828125 0.54473828125 0.73481640625 0.59252734375 0.7594814453125 0.649318359375 0.7762265625 0.670462890625 0.7929921875 0.680234375 0.82759765625 0.6980478515625 0.85417578125 0.7516826171875 0.881125 0.7695498046875 0.9105009765625 0.7570625 0.94266015625 0.7728212890625 0.9806787109375 0.783044921875 1 0.7599208984375 1 0.000923828125 0.5623486328125 0 0.506875 0
7 0.95041796875 0.7155185546875 0.9539638671875 0.7158125 0.9575615234375 0.7155068359375 0.9601767578125 0.7129599609375 0.96165625 0.70928125 0.9615849609375 0.7045869140625 0.9588369140625 0.700771484375 0.9525810546875 0.69991796875 0.9475673828125 0.703173828125 0.94678125 0.70744140625 0.947173828125 0.71222265625 0.95041796875 0.7155185546875
6 0.2125400390625 0.9998525390625 0.19593359375 0.9892978515625 0.1573095703125 0.9806787109375 0.1336337890625 0.975626953125 0.1312548828125 0.976294921875 0.1264873046875 0.9846953125 0.118810546875 0.98653125 0.1102861328125 0.986615234375 0.1011669921875 0.9808076171875 0.0947412109375 0.9729287109375 0.09211328125 0.9644970703125 0.0820625 0.9609638671875 0.079681640625 0.9583349609375 0.079212890625 0.95058203125 0.07024609375 0.94870703125 0.0708212890625 0.934412109375 0.062205078125 0.94026953125 0.044533203125 0.942419921875 0.022783203125 0.940703125 0 0.935298828125 0.0001220703125 1 0.2125400390625 0.9998525390625
6 0.3194072265625 0.999712890625 0.3080078125 0.99406640625 0.3034501953125 0.987044921875 0.247904296875 0.9856181640625 0.2465908203125 0.9943818359375 0.2425576171875 1 0.3194072265625 0.999712890625
7 0.9270068359375 0.9126083984375 0.9327333984375 0.9156533203125 0.9396484375 0.9160283203125 0.944255859375 0.914234375 0.9470390625 0.909841796875 0.94730078125 0.9034638671875 0.9440732421875 0.8981328125 0.9394755859375 0.895650390625 0.934443359375 0.8962060546875 0.930365234375 0.899158203125 0.928029296875 0.905970703125 0.9270068359375 0.9126083984375