9 0.9996708984375 0.7994716796875 0.9990078125 0.5290029296875 0.9134921875 0.5396103515625 0.9254248046875 0.806763671875 0.9996708984375 0.7994716796875
9 0.8226640625 0.8154052734375 0.8121787109375 0.558927734375 0.6557119140625 0.5823173828125 0.656517578125 0.82427734375 0.8226640625 0.8154052734375
9 0.569095703125 0.8301728515625 0.5697392578125 0.5954609375 0.44305859375 0.61089453125 0.4359853515625 0.8353173828125 0.569095703125 0.8301728515625
9 0.078505859375 0.838349609375 0.09283203125 0.654978515625 0.0240673828125 0.6641474609375 0.0080224609375 0.835484375 0.078505859375 0.838349609375
9 0.200171875 0.8397802734375 0.2100625 0.6433759765625 0.130935546875 0.65373828125 0.1158642578125 0.8374248046875 0.200171875 0.8397802734375
9 0.363046875 0.8391572265625 0.37115625 0.6225703125 0.2743125 0.6335419921875 0.2642939453125 0.840111328125 0.363046875 0.8391572265625
9 0.2159951171875 0.6135625 0.2315888671875 0.43932421875 0.15091015625 0.462375 0.1339609375 0.62441015625 0.2159951171875 0.6135625
9 0.3736943359375 0.5862158203125 0.385955078125 0.393109375 0.2894013671875 0.41456640625 0.2740751953125 0.60307421875 0.3736943359375 0.5862158203125
9 0.57115625 0.5518251953125 0.5746708984375 0.3479658203125 0.45516796875 0.3743271484375 0.445501953125 0.57203515625 0.57115625 0.5518251953125
9 0.1108701171875 0.467337890625 0.043505859375 0.4834775390625 0.022455078125 0.642765625 0.0905205078125 0.6336435546875 0.1108701171875 0.467337890625
2 1 0.21883984375 0.1052822265625 0.4516123046875 0 0.48015625 0 0.8609619140625 0.1138642578125 0.869435546875 0.1755693359375 0.874548828125 0.21385546875 0.874640625 0.471271484375 0.8808935546875 0.6096953125 0.8759267578125 1 0.85723828125 1 0.21883984375
0 0 0.47824609375 0.399884765625 0.36803515625 0.668833984375 0.297259765625 0.999650390625 0.2157939453125 0.99698828125 0 0.62205078125 0.10062890625 0.2393017578125 0.238091796875 0 0.3474365234375 0 0.47824609375
0 0.8195576171875 0.8107734375 0.81780078125 0.702728515625 0.65705078125 0.720296875 0.6588076171875 0.821314453125 0.8195576171875 0.8107734375
9 0.8176708984375 0.5116865234375 0.8056708984375 0.2965556640625 0.80198046875 0.2910888671875 0.659107421875 0.3274111328125 0.665107421875 0.5339716796875 0.8176708984375 0.5116865234375
9 1 0.23108984375 0.8759208984375 0.26136328125 0.896103515625 0.4944716796875 1 0.479333984375 1 0.23108984375
4 1 0.859734375 0.6127109375 0.8781904296875 0.6131416015625 0.9999580078125 1 1 1 0.859734375
1 0.197732421875 1 0.185607421875 0.9905263671875 0.1681962890625 0.9752919921875 0.14487890625 0.9637890625 0.1262255859375 0.9578818359375 0.1106806640625 0.9529072265625 0.08425390625 0.948244140625 0.0488115234375 0.94326953125 0.0183427734375 0.9426474609375 0 0.94482421875 0 1 0.197732421875 1
3 1 0.930044921875 0.996564453125 0.86164453125 0.4536875 0.891263671875 0.2321201171875 0.8846025390625 0.156044921875 0.8798447265625 0.0019931640625 0.8684267578125 0 0.90556640625 0 1 0.2088486328125 1 1 1 1 0.930044921875
0 0.6634833984375 0.532123046875 0.815228515625 0.50878125 0.81064453125 0.417763671875 0.6645966796875 0.443064453125 0.6634833984375 0.532123046875
0 0.4460791015625 0.5710625 0.568521484375 0.552263671875 0.5715703125 0.464369140625 0.4516669921875 0.488755859375 0.4460791015625 0.5710625
0 0.273845703125 0.6020537109375 0.37241015625 0.584779296875 0.3790146484375 0.505013671875 0.2804501953125 0.5222880859375 0.273845703125 0.6020537109375
0 0.132177734375 0.6236611328125 0.2120234375 0.6117919921875 0.2206552734375 0.5394990234375 0.1429677734375 0.5513681640625 0.132177734375 0.6236611328125
0 0.022119140625 0.6403857421875 0.089556640625 0.6306748046875 0.0981884765625 0.562158203125 0.031830078125 0.576185546875 0.022119140625 0.6403857421875
0 0.439470703125 0.8328544921875 0.5640146484375 0.8268193359375 0.567306640625 0.727513671875 0.4438603515625 0.7373896484375 0.439470703125 0.8328544921875
0 0.2655478515625 0.8394384765625 0.361013671875 0.838341796875 0.365951171875 0.74397265625 0.2699375 0.7494599609375 0.2655478515625 0.8394384765625
0 0.116123046875 0.8379560546875 0.197818359375 0.839123046875 0.2036533203125 0.755677734375 0.123708984375 0.75801171875 0.116123046875 0.8379560546875
0 0.928791015625 0.8021376953125 0.9989033203125 0.7991220703125 1 0.67473046875 0.9227607421875 0.68226953125 0.928791015625 0.8021376953125
0 0.0091103515625 0.834525390625 0.0759208984375 0.8369541015625 0.0832099609375 0.759818359375 0.0151845703125 0.759818359375 0.0091103515625 0.834525390625