9 0.8319970703125 0.180130859375 0.8340859375 0.231298828125 0.86645703125 0.2370419921875 0.862541015625 0.1871796875 0.8319970703125 0.180130859375
9 0.744802734375 0.2782900390625 0.74401953125 0.3051787109375 0.7646435546875 0.3096171875 0.765166015625 0.3359833984375 0.7980595703125 0.34198828125 0.79675390625 0.2889931640625 0.744802734375 0.2782900390625
9 0.91426953125 0.3616162109375 0.9110810546875 0.304224609375 0.8563466796875 0.29519140625 0.85900390625 0.3539111328125 0.91426953125 0.3616162109375
9 1 0.354900390625 0.9995517578125 0.324865234375 0.9569287109375 0.3177978515625 0.95913671875 0.3648388671875 1 0.354900390625
9 0.864017578125 0.4192109375 0.867029296875 0.4759951171875 0.911982421875 0.4781455078125 0.90983203125 0.4248037109375 0.864017578125 0.4192109375
9 0.8154140625 0.471732421875 0.8126962890625 0.4089150390625 0.7664892578125 0.4049892578125 0.767697265625 0.469919921875 0.8154140625 0.471732421875
9 0.9932666015625 0.60044921875 0.9914814453125 0.5435673828125 0.9493935546875 0.542037109375 0.9514345703125 0.60121484375 0.9932666015625 0.60044921875
9 1 0.4338046875 0.99280078125 0.430529296875 0.965142578125 0.4290732421875 0.96659765625 0.4771123046875 1 0.47565625 1 0.4338046875
9 0.8819150390625 0.5226298828125 0.888953125 0.6337490234375 0.924880859375 0.6307861328125 0.9193251953125 0.5278154296875 0.8819150390625 0.5226298828125
9 0.8026513671875 0.53798046875 0.8046142578125 0.600810546875 0.8544853515625 0.5992392578125 0.8533076171875 0.5411220703125 0.8026513671875 0.53798046875
9 0.7049638671875 0.5329580078125 0.7075703125 0.5981123046875 0.7644716796875 0.59898046875 0.762734375 0.537736328125 0.7049638671875 0.5329580078125
9 0.598939453125 0.52819921875 0.5997255859375 0.598154296875 0.666537109375 0.5977607421875 0.6661435546875 0.53212890625 0.598939453125 0.52819921875
9 0.5992900390625 0.38828515625 0.5988349609375 0.435681640625 0.6111396484375 0.4311240234375 0.698640625 0.438416015625 0.698640625 0.3996787109375 0.5992900390625 0.38828515625
9 0.59598046875 0.252841796875 0.594107421875 0.2880517578125 0.60272265625 0.2835576171875 0.6925986328125 0.2932958984375 0.6925986328125 0.2670751953125 0.59598046875 0.252841796875
9 0.42394921875 0.572904296875 0.424228515625 0.548310546875 0.4130498046875 0.54747265625 0.4124912109375 0.573462890625 0.42394921875 0.572904296875
9 0.422572265625 0.4753935546875 0.4232958984375 0.4370439453125 0.4148544921875 0.4389736328125 0.4138896484375 0.4778056640625 0.422572265625 0.4753935546875
9 0.401408203125 0.4833076171875 0.4024189453125 0.43915625 0.3747822265625 0.4516259765625 0.3734345703125 0.4924072265625 0.401408203125 0.4833076171875
9 0.3850146484375 0.33527734375 0.3715322265625 0.3475625 0.3718310546875 0.383216796875 0.40508984375 0.3649404296875 0.4047900390625 0.3250908203125 0.3850146484375 0.33527734375
9 0.4228056640625 0.35737890625 0.42444921875 0.320556640625 0.41623046875 0.32581640625 0.414947265625 0.360212890625 0.4228056640625 0.35737890625
9 0.378283203125 0.5739765625 0.378283203125 0.55934375 0.370857421875 0.56152734375 0.370857421875 0.5737587890625 0.378283203125 0.5739765625
9 0.4733701171875 0.201830078125 0.47270703125 0.1766005859375 0.4657353515625 0.1805849609375 0.4647392578125 0.202162109375 0.4733701171875 0.201830078125
0 0.4249736328125 0.20187109375 0.4898955078125 0.213064453125 0.4913876953125 0.1936630859375 0.4227353515625 0.1832158203125 0.268640625 0.3007275390625 0.2671474609375 0.3234873046875 0.4249736328125 0.20187109375
0 0.6056025390625 0.2891689453125 0.7642041015625 0.31374609375 0.7638203125 0.2972333984375 0.60637109375 0.2718876953125 0.56912109375 0.290705078125 0.5695048828125 0.3076015625 0.6056025390625 0.2891689453125
0 0.6080234375 0.4400576171875 0.768330078125 0.4533720703125 0.768330078125 0.43527734375 0.605826171875 0.4223046875 0.5704697265625 0.4335712890625 0.5708115234375 0.45234765625 0.6080234375 0.4400576171875
0 1 0.3439970703125 0.9575009765625 0.3552265625 0.958998046875 0.3664560546875 1 0.35709765625 1 0.3439970703125
8 1 0.6432119140625 0.9821142578125 0.6361845703125 0.9486025390625 0.631861328125 0.8999560546875 0.635103515625 0.780501953125 0.643751953125 0.631861328125 0.65618359375 0.621541015625 0.658705078125 0.735169921875 0.724490234375 0.7680625 0.7197919921875 0.76934375 0.706548828125 0.793265625 0.7031318359375 0.7915576171875 0.7197919921875 0.78969140625 0.74915234375 0.858876953125 0.741044921875 0.8637412109375 0.6848310546875 0.930224609375 0.6826689453125 0.9313056640625 0.7145595703125 0.9421162109375 0.7140185546875 1 0.7059111328125 1 0.6432119140625
1 0.3851171875 0.69026171875 0.379873046875 0.6981279296875 0.38151171875 0.74303125 0.383478515625 0.7502412109375 0.38905078125 0.7554853515625 0.3969169921875 0.7538466796875 0.4162548828125 0.7735126953125 0.4195322265625 0.7872783203125 0.4251044921875 0.7895732421875 0.4339541015625 0.78858984375 0.4405087890625 0.7823623046875 0.460501953125 0.7731845703125 0.5211376953125 0.7738408203125 0.523759765625 0.78105078125 0.541240234375 0.7818759765625 0.551912109375 0.7727275390625 0.5580107421875 0.7541787109375 0.5559775390625 0.738677734375 0.5508955078125 0.7247021484375 0.5318203125 0.707900390625 0.53203515625 0.7042548828125 0.5303193359375 0.6971787109375 0.5262451171875 0.6928896484375 0.5193828125 0.693103515625 0.50480078125 0.6770205078125 0.4861435546875 0.6641328125 0.4758505859375 0.6611298828125 0.41066015625 0.6613447265625 0.4027255859375 0.6634892578125 0.3890009765625 0.68257421875 0.3851171875 0.69026171875
1 0.2022626953125 0.6670322265625 0.1991865234375 0.6711337890625 0.1797041015625 0.7224052734375 0.180216796875 0.7398369140625 0.1825234375 0.7734189453125 0.1858564453125 0.779828125 0.1940595703125 0.779828125 0.202775390625 0.7764951171875 0.208416015625 0.7672666015625 0.273529296875 0.767779296875 0.2830146484375 0.7772646484375 0.29455078125 0.776751953125 0.29993359375 0.7731630859375 0.305060546875 0.73932421875 0.3063427734375 0.7303515625 0.3045478515625 0.716251953125 0.3022412109375 0.7021533203125 0.3081376953125 0.698564453125 0.3091630859375 0.693693359375 0.3073681640625 0.6890791015625 0.2991650390625 0.6883095703125 0.2942939453125 0.6903603515625 0.28480859375 0.6698525390625 0.2745546875 0.6637001953125 0.206365234375 0.664212890625 0.2022626953125 0.6670322265625
0 0.4943984375 0.5031142578125 0.000509765625 0.5009853515625 0 0.5740751953125 0.4943984375 0.5762041015625 0.4943984375 0.5031142578125
6 1 0.7678984375 0.722314453125 0.8095078125 0.388017578125 0.8337177734375 0 0.832205078125 0 1 1 1 1 0.7678984375
2 1 0.17732421875 0.400087890625 0.044884765625 0.393791015625 0.045169921875 0.3092412109375 0.264650390625 0.266966796875 0.29823828125 0.264462890625 0.3557802734375 0.2818564453125 0.3601279296875 0.27711328125 0.3763359375 0.2767177734375 0.385033203125 0.29161328125 0.3892109375 0.29061328125 0.5011953125 0 0.4991943359375 0 0.729408203125 0.178859375 0.7313564453125 0.17934375 0.721583984375 0.1994052734375 0.66934375 0.2047763671875 0.6638154296875 0.2752216796875 0.6628671875 0.2843837890625 0.6685546875 0.2947626953125 0.689517578125 0.2998173828125 0.6876220703125 0.3077158203125 0.6885693359375 0.3100849609375 0.693466796875 0.3089794921875 0.698521484375 0.303412109375 0.7027646484375 0.30641015625 0.7211533203125 0.3072353515625 0.7306787109375 0.3798056640625 0.729626953125 0.37951171875 0.69704296875 0.3817666015625 0.69366015625 0.40356640625 0.662087890625 0.412962890625 0.660208984375 0.47637890625 0.6607724609375 0.48671484375 0.663779296875 0.5060712890625 0.67674609375 0.5199970703125 0.691951171875 0.52657421875 0.691951171875 0.530896484375 0.6960859375 0.5327119140625 0.7022490234375 0.5328349609375 0.7082509765625 0.5521884765625 0.7222509765625 0.5591220703125 0.74373828125 0.6013203125 0.74491015625 0.6300380859375 0.750185546875 0.665912109375 0.7526484375 0.7582451171875 0.7687373046875 0.7879072265625 0.768158203125 0.921625 0.7525234375 0.9409619140625 0.7562255859375 1 0.7460234375 1 0.17732421875
4 1 0.746306640625 0.9416728515625 0.7565732421875 0.9220615234375 0.75301953125 0.7885888671875 0.7685498046875 0.7585458984375 0.7694716796875 0.666521484375 0.7535458984375 0.6306591796875 0.7508154296875 0.6015830078125 0.74555078125 0.5573623046875 0.744498046875 0.5584150390625 0.754369140625 0.55237109375 0.773 0.5413935546875 0.7820810546875 0.5233623046875 0.7812919921875 0.5207294921875 0.7741845703125 0.460712890625 0.7737890625 0.4409697265625 0.782607421875 0.434623046875 0.7893203125 0.4248828125 0.789978515625 0.4189599609375 0.7874775390625 0.416064453125 0.774052734375 0.396595703125 0.754375 0.388830078125 0.7562177734375 0.3830390625 0.75055859375 0.381328125 0.7443720703125 0.3805380859375 0.7301572265625 0.306796875 0.73160546875 0.3000849609375 0.7737890625 0.2944248046875 0.7772119140625 0.28258203125 0.77773828125 0.2735009765625 0.7681298828125 0.2087373046875 0.7677353515625 0.203208984375 0.7766845703125 0.193732421875 0.7803701171875 0.1858349609375 0.78023828125 0.18188671875 0.77339453125 0.179123046875 0.7319345703125 0 0.729828125 0 0.7307568359375 0 0.8318330078125 0.0859873046875 0.8320966796875 0.389576171875 0.83328125 0.506890625 0.8247255859375 0.6193134765625 0.8165654296875 0.7225029296875 0.808537109375 0.763478515625 0.80274609375 1 0.767365234375 1 0.746306640625
5 0.0008115234375 0.576111328125 0 0.7272646484375 0.17762109375 0.7290947265625 0.1790849609375 0.7184814453125 0.1962890625 0.669072265625 0.203609375 0.662484375 0.2748330078125 0.660654296875 0.2858134765625 0.6672421875 0.294232421875 0.687005859375 0.3011875 0.6866396484375 0.3099716796875 0.68773828125 0.3125341796875 0.6939599609375 0.3110693359375 0.6983515625 0.3055791015625 0.7034755859375 0.30960546875 0.7283623046875 0.378052734375 0.7279970703125 0.378052734375 0.6945849609375 0.401478515625 0.6605478515625 0.4128251953125 0.6587177734375 0.47724609375 0.6583515625 0.487861328125 0.66201171875 0.4971259765625 0.666916015625 0.4938447265625 0.580220703125 0.0008115234375 0.576111328125