6 0.99915234375 1 0.99997265625 0.128791015625 0.97290234375 0.1205869140625 0.95649609375 0.1082822265625 0.9179404296875 0.0861337890625 0.8736435546875 0.0762900390625 0.830537109375 0.074681640625 0.77633203125 0.084318359375 0.738388671875 0.106 0.72333203125 0.1252734375 0.712595703125 0.1479736328125 0.4843232421875 0.10706640625 0.4765517578125 0.1316787109375 0.4595322265625 0.128095703125 0.4313154296875 0.1182421875 0.402650390625 0.1061494140625 0.3511435546875 0.0976396484375 0.32203125 0.0976396484375 0.292470703125 0.1007744140625 0.2655966796875 0.109732421875 0.2538779296875 0.1174541015625 0.24661328125 0.126333984375 0.24055859375 0.13925 0.237330078125 0.1533759765625 0.240962890625 0.1618525390625 0.234908203125 0.170732421875 0.058525390625 0.147322265625 0.0557001953125 0.149744140625 0.0520673828125 0.162255859375 0.0274462890625 0.24540234375 0 0.2377333984375 0.0022705078125 0.8435986328125 0.1044560546875 0.873119140625 0.0976435546875 0.9242119140625 0.125068359375 0.966560546875 0.229494140625 1 0.99915234375 1
9 0.17717578125 0.322056640625 0.194669921875 0.2704736328125 0.2211337890625 0.2615029296875 0.2238251953125 0.239076171875 0.1170712890625 0.2260673828125 0.0941953125 0.31084375 0.17717578125 0.322056640625
9 0.1458671875 0.501109375 0.1533095703125 0.452982421875 0.1930009765625 0.445541015625 0.196474609375 0.417259765625 0.0769033203125 0.4033681640625 0.0605302734375 0.4901943359375 0.1458671875 0.501109375
9 0.11212890625 0.705521484375 0.1185791015625 0.667814453125 0.159759765625 0.6712880859375 0.166208984375 0.60728515625 0.0401875 0.5864462890625 0.0248076171875 0.6896455078125 0.11212890625 0.705521484375
9 0.6777734375 0.31337890625 0.6819384765625 0.2863095703125 0.7048427734375 0.28943359375 0.7090078125 0.2248837890625 0.573140625 0.1972939453125 0.5616884765625 0.2951591796875 0.6777734375 0.31337890625
9 0.659033203125 0.5262900390625 0.66163671875 0.5075498046875 0.6861025390625 0.509111328125 0.6928701171875 0.422697265625 0.548673828125 0.3971904296875 0.5372216796875 0.507029296875 0.659033203125 0.5262900390625
9 0.6434169921875 0.7470087890625 0.644978515625 0.7371181640625 0.6673623046875 0.7392001953125 0.6751708984375 0.6434169921875 0.524728515625 0.623634765625 0.5117138671875 0.7350361328125 0.6434169921875 0.7470087890625
9 0.6565048828125 0.9736533203125 0.66390625 0.8683173828125 0.50276953125 0.85408203125 0.4925205078125 0.9628349609375 0.6565048828125 0.9736533203125
9 0.4209931640625 0.4723505859375 0.4249853515625 0.4388740234375 0.2589609375 0.418099609375 0.254158203125 0.4423466796875 0.4209931640625 0.4723505859375
9 0.3790380859375 0.32695703125 0.394228515625 0.2466640625 0.29151171875 0.2314736328125 0.2777685546875 0.3139365234375 0.3790380859375 0.32695703125
9 0.385548828125 0.733482421875 0.3906123046875 0.64233984375 0.2293037109375 0.616298828125 0.2177294921875 0.708888671875 0.385548828125 0.733482421875
9 0.7665986328125 0.6503896484375 0.756078125 0.78429296875 0.787640625 0.78859765625 0.794814453125 0.661388671875 0.7665986328125 0.6503896484375
9 0.9253701171875 0.7967275390625 0.9296748046875 0.658041015625 0.8062919921875 0.6633017578125 0.7986396484375 0.7933798828125 0.9253701171875 0.7967275390625
9 0.84825 0.4561796875 0.846130859375 0.510751953125 0.933552734375 0.516580078125 0.93408203125 0.452470703125 0.84825 0.4561796875
0 0.4470634765625 0.264720703125 0.4169814453125 0.254076171875 0.3901396484375 0.244357421875 0.3619091796875 0.237416015625 0.3309013671875 0.2323251953125 0.2901748046875 0.2295478515625 0.25731640625 0.2304736328125 0.2304736328125 0.23602734375 0.207796875 0.24574609375 0.1925244140625 0.2591669921875 0.17711328125 0.322169921875 0.169099609375 0.3678505859375 0.1739072265625 0.3702548828125 0.17711328125 0.3574326171875 0.1915390625 0.342205078125 0.2243974609375 0.3325888671875 0.282900390625 0.3309853515625 0.3550283203125 0.33980078125 0.444787109375 0.36384375 0.4567822265625 0.2702744140625 0.4470634765625 0.264720703125
0 0.3817919921875 0.4629169921875 0.3430009765625 0.4542216796875 0.28949609375 0.4448583984375 0.2326474609375 0.44218359375 0.195193359375 0.4428525390625 0.1523896484375 0.450208984375 0.1450322265625 0.4823125 0.1303193359375 0.56323828125 0.1350009765625 0.5659140625 0.1443642578125 0.55721875 0.1677724609375 0.5545439453125 0.191849609375 0.5518681640625 0.2593994140625 0.5578876953125 0.414224609375 0.5850126953125 0.416890625 0.5662470703125 0.4286083984375 0.4742861328125 0.3817919921875 0.4629169921875
0 0.345732421875 0.6977802734375 0.27311328125 0.684361328125 0.18707421875 0.672521484375 0.12155859375 0.672521484375 0.1018251953125 0.77592578125 0.1105078125 0.7798720703125 0.1736552734375 0.7901337890625 0.267587890625 0.8067099609375 0.389935546875 0.8232861328125 0.4033544921875 0.707251953125 0.345732421875 0.6977802734375
0 1 0.7321904296875 0.9388828125 0.7240478515625 0.861216796875 0.720916015625 0.795451171875 0.71778515625 0.723421875 0.717158203125 0.685841796875 0.7184111328125 0.66329296875 0.7227958984375 0.64512890625 0.7303115234375 0.6336806640625 0.84075390625 0.6895302734375 0.84376171875 0.9013017578125 0.8562060546875 0.9670673828125 0.861216796875 1 0.8599638671875 1 0.7321904296875
0 1 0.2632275390625 0.975021484375 0.24730859375 0.941478515625 0.234232421875 0.914189453125 0.2262734375 0.8698447265625 0.219451171875 0.8164033203125 0.220587890625 0.782291015625 0.221724609375 0.7362412109375 0.23480078125 0.7026982421875 0.2575419921875 0.6771142578125 0.2882421875 0.673703125 0.386029296875 0.701560546875 0.355328125 0.748748046875 0.3382724609375 0.79423046875 0.3308818359375 0.8380068359375 0.3308818359375 0.927265625 0.34168359375 1 0.368404296875 1 0.2632275390625
0 1 0.4843837890625 0.9170322265625 0.46107421875 0.859611328125 0.4548203125 0.8169716796875 0.452546875 0.767509765625 0.4548203125 0.7248701171875 0.46107421875 0.689052734375 0.475287109375 0.6634697265625 0.4980283203125 0.655509765625 0.61287109375 0.6765458984375 0.594109375 0.7163427734375 0.5838759765625 0.772626953125 0.5776220703125 0.8834892578125 0.5833076171875 1 0.5992265625 1 0.4843837890625
8 0.989193359375 0.4608359375 0.98469140625 0.4568974609375 0.9728759765625 0.4518330078125 0.975689453125 0.4473310546875 0.9745634765625 0.436640625 0.970625 0.4265126953125 0.9683740234375 0.4169462890625 0.9627470703125 0.4146962890625 0.9571201171875 0.4163837890625 0.953744140625 0.42369921875 0.951494140625 0.430451171875 0.9441787109375 0.437765625 0.9391142578125 0.4473310546875 0.9385517578125 0.4523955078125 0.922234375 0.4535205078125 0.9188583984375 0.4580224609375 0.9199833984375 0.467587890625 0.9981962890625 0.4884072265625 0.9942578125 0.4827802734375 0.9914443359375 0.4715263671875 0.989193359375 0.4608359375
8 0.953744140625 0.3156640625 0.9559951171875 0.3257919921875 0.9700625 0.3297314453125 0.9875048828125 0.340984375 0.9920068359375 0.3257919921875 0.9948203125 0.3066611328125 0.9948203125 0.29090625 0.9948203125 0.2835908203125 0.98356640625 0.262208984375 0.98412890625 0.2464541015625 0.9953828125 0.247580078125 0.9970712890625 0.235201171875 0.9908818359375 0.23182421875 0.976814453125 0.235763671875 0.9683740234375 0.2340751953125 0.9621845703125 0.238013671875 0.9604970703125 0.2520810546875 0.954306640625 0.2593955078125 0.952056640625 0.272900390625 0.9492431640625 0.285841796875 0.939677734375 0.29090625 0.9374267578125 0.2931572265625 0.9374267578125 0.3010341796875 0.9475546875 0.308912109375 0.953744140625 0.3156640625
8 0.8513369140625 0.3049736328125 0.8535869140625 0.297095703125 0.8524619140625 0.2886552734375 0.8462724609375 0.2830283203125 0.8395205078125 0.2830283203125 0.832767578125 0.284154296875 0.8271416015625 0.2942822265625 0.824890625 0.30441015625 0.8513369140625 0.3049736328125
8 0.1377646484375 0 0.1267724609375 0.011724609375 0.1223759765625 0.01465625 0.1150478515625 0.0168544921875 0.108453125 0.0183193359375 0.1121171875 0.02711328125 0.11724609375 0.0285791015625 0.1289716796875 0.026380859375 0.13190234375 0.0183193359375 0.147291015625 0.004396484375 0.1568173828125 0.0036640625 0.1912587890625 0.000732421875 0.18979296875 0.0087939453125 0.1802666015625 0.01245703125 0.1949228515625 0.01612109375 0.208845703125 0.0183193359375 0.212509765625 0.0212509765625 0.1912587890625 0.0256474609375 0.178068359375 0.0212509765625 0.1648779296875 0.0175869140625 0.1612138671875 0.019052734375 0.16634375 0.02711328125 0.181732421875 0.0366396484375 0.19345703125 0.04176953125 0.2066474609375 0.0403037109375 0.221302734375 0.035173828125 0.2352255859375 0.0373720703125 0.2462177734375 0.038837890625 0.259408203125 0.0410361328125 0.2689345703125 0.0483642578125 0.2528125 0.0593564453125 0.2344931640625 0.06668359375 0.23302734375 0.07034765625 0.2432861328125 0.07401171875 0.255744140625 0.069615234375 0.2850556640625 0.0527607421875 0.2923837890625 0.0644853515625 0.29458203125 0.080607421875 0.30191015625 0.093796875 0.3048408203125 0.105521484375 0.303375 0.1187119140625 0.309970703125 0.1231083984375 0.317298828125 0.1223759765625 0.3275576171875 0.1297041015625 0.3436787109375 0.1304365234375 0.35980078125 0.131169921875 0.364197265625 0.123841796875 0.3583349609375 0.1187119140625 0.3429462890625 0.11578125 0.3290234375 0.107720703125 0.3202294921875 0.0989267578125 0.325359375 0.0908662109375 0.3246259765625 0.0828056640625 0.3385498046875 0.078408203125 0.3385498046875 0.0718134765625 0.35247265625 0.065951171875 0.349541015625 0.0542265625 0.364197265625 0.0483642578125 0.367861328125 0.06521875 0.3825166015625 0.0835380859375 0.3942412109375 0.0872021484375 0.403767578125 0.0864697265625 0.39570703125 0.0791416015625 0.38471484375 0.0681494140625 0.3788525390625 0.0542265625 0.3788525390625 0.038837890625 0.3817841796875 0.0212509765625 0.38471484375 0.007328125 0.39570703125 0.0168544921875 0.4023017578125 0.01465625 0.4052333984375 0.0051298828125 0.4198896484375 0.007328125 0.4411396484375 0.01465625 0.4550634765625 0.0219833984375 0.4682529296875 0.03444140625 0.477046875 0.0483642578125 0.4902373046875 0.07034765625 0.488771484375 0.0828056640625 0.4799775390625 0.08866796875 0.476314453125 0.0989267578125 0.4821767578125 0.1025908203125 0.491703125 0.104056640625 0.4990302734375 0.1143154296875 0.50782421875 0.1231083984375 0.5239453125 0.1253076171875 0.5444638671875 0.1253076171875 0.5730419921875 0.120177734375 0.5994228515625 0.0996591796875 0.600888671875 0.112849609375 0.6074833984375 0.1135830078125 0.62140625 0.112849609375 0.6323984375 0.116513671875 0.6382607421875 0.1267724609375 0.6389931640625 0.136298828125 0.6426572265625 0.13923046875 0.644123046875 0.139962890625 0.6661064453125 0.1384970703125 0.6844267578125 0.131169921875 0.6998154296875 0.12091015625 0.71373828125 0.1377646484375 0.7225322265625 0.1421611328125 0.7261953125 0.1384970703125 0.721798828125 0.123841796875 0.71007421875 0.1099189453125 0.7152041015625 0.1047890625 0.7196005859375 0.1047890625 0.7261953125 0.1025908203125 0.729126953125 0.0915986328125 0.755318359375 0.0852353515625 0.7802333984375 0.0983486328125 0.794658203125 0.106216796875 0.8195732421875 0.102283203125 0.8038369140625 0.110150390625 0.8221953125 0.127197265625 0.84383203125 0.132443359375 0.8746484375 0.13375390625 0.8654697265625 0.1508017578125 0.83530859375 0.162603515625 0.8326865234375 0.1717822265625 0.851044921875 0.183583984375 0.8746484375 0.18620703125 0.8930068359375 0.190140625 0.933658203125 0.1822734375 0.933658203125 0.166537109375 0.928412109375 0.140310546875 0.924478515625 0.110150390625 0.954638671875 0.08261328125 0.99135546875 0.079990234375 1 0.0655654296875 1 0 0.777611328125 0 0.7592529296875 0.0432734375 0.7356484375 0.0380283203125 0.71466796875 0.032783203125 0.68844140625 0.023603515625 0.6792626953125 0.0275380859375 0.691064453125 0.03933984375 0.7186015625 0.04720703125 0.708111328125 0.052453125 0.7186015625 0.062943359375 0.73171484375 0.0681884765625 0.70548828125 0.09048046875 0.6897529296875 0.1075283203125 0.6700830078125 0.119330078125 0.647791015625 0.1140849609375 0.6464794921875 0.1088388671875 0.651724609375 0.093103515625 0.6530361328125 0.09048046875 0.6307431640625 0.0773681640625 0.6150078125 0.05638671875 0.61107421875 0.03933984375 0.61107421875 0.0262265625 0.6032060546875 0 0.582224609375 0 0.5900927734375 0.0157353515625 0.595337890625 0.0354052734375 0.6032060546875 0.049830078125 0.612384765625 0.0721220703125 0.595337890625 0.079990234375 0.5677998046875 0.102283203125 0.5507529296875 0.09966015625 0.5271494140625 0.0813017578125 0.5140361328125 0.0655654296875 0.5035458984375 0.049830078125 0.4878095703125 0.0222919921875 0.4969892578125 0.0052451171875 0.491744140625 0.0013115234375 0.326517578125 0 0.3107822265625 0.017046875 0.296357421875 0.0288486328125 0.279310546875 0.032783203125 0.259640625 0.032783203125 0.24652734375 0.0222919921875 0.2163671875 0.006556640625 0.196697265625 0 0.188830078125 0 0.1377646484375 0
8 0.153255859375 1 0.1569296875 0.9945888671875 0.055109375 0.9735947265625 0.073478515625 0.9720205078125 0.086599609375 0.9720205078125 0.0928984375 0.9704462890625 0.0928984375 0.9625732421875 0.0876494140625 0.9583740234375 0.0897490234375 0.944728515625 0.089224609375 0.93685546875 0.07977734375 0.9268837890625 0.0750537109375 0.9095634765625 0.0745283203125 0.8959169921875 0.0787275390625 0.8864697265625 0.0876494140625 0.876498046875 0.098779296875 0.866306640625 0.1186162109375 0.8639013671875 0.1222900390625 0.857603515625 0.12071484375 0.851830078125 0.11021875 0.850255859375 0.1028701171875 0.8455322265625 0.102345703125 0.8318857421875 0.10601953125 0.8219140625 0.1165166015625 0.81771484375 0.13803515625 0.8051181640625 0.1522060546875 0.795146484375 0.164802734375 0.81194140625 0.17267578125 0.8250625 0.176349609375 0.8371337890625 0.177923828125 0.8507802734375 0.185796875 0.864951171875 0.189470703125 0.872298828125 0.1905205078125 0.8864697265625 0.1920947265625 0.8943427734375 0.1842216796875 0.927408203125 0.1842216796875 0.937380859375 0.1889453125 0.9515517578125 0.2115146484375 0.9924892578125 0.2115146484375 0.9993125 0.2398564453125 1 0.246154296875 0.95732421875 0.261375 0.93108203125 0.272396484375 0.904314453125 0.2886669921875 0.8827958984375 0.30073828125 0.8539296875 0.3054619140625 0.8565537109375 0.31228515625 0.880171875 0.3133349609375 0.8995908203125 0.3212080078125 0.9179609375 0.321732421875 0.937380859375 0.31228515625 0.9641474609375 0.3107109375 0.9798935546875 0.317533203125 0.9935390625 0.32540625 0.999837890625 0.3962607421875 0.999837890625 0.3999345703125 0.9730703125 0.41669140625 0.9196923828125 0.4414521484375 0.8998837890625 0.459845703125 0.888564453125 0.4704580078125 0.868755859375 0.4796552734375 0.82772265625 0.484607421875 0.7958876953125 0.4768251953125 0.7675888671875 0.47541015625 0.726556640625 0.4711650390625 0.7159453125 0.459138671875 0.6925986328125 0.439330078125 0.6777421875 0.439330078125 0.67066796875 0.433669921875 0.6494443359375 0.423765625 0.634587890625 0.4053720703125 0.6268056640625 0.3961748046875 0.622560546875 0.399712890625 0.6105341796875 0.41103125 0.604875 0.4117392578125 0.5914326171875 0.4046650390625 0.5857734375 0.3841484375 0.582943359375 0.3105732421875 0.5786982421875 0.2780302734375 0.57233203125 0.257513671875 0.5652568359375 0.2454873046875 0.55323046875 0.25326953125 0.5390810546875 0.2660029296875 0.5355439453125 0.2787373046875 0.5383740234375 0.289349609375 0.54049609375 0.2943017578125 0.5383740234375 0.295716796875 0.524931640625 0.2950087890625 0.5129052734375 0.309158203125 0.5136123046875 0.3190625 0.5143203125 0.33887109375 0.5256396484375 0.3473603515625 0.533421875 0.36433984375 0.5397890625 0.374951171875 0.541203125 0.3735361328125 0.5291767578125 0.355142578125 0.5143203125 0.3332119140625 0.498048828125 0.316232421875 0.4810693359375 0.303498046875 0.472580078125 0.2886416015625 0.466212890625 0.276615234375 0.466212890625 0.2667109375 0.46196875 0.2617587890625 0.4548935546875 0.26741796875 0.445697265625 0.29359375 0.4365 0.315525390625 0.440037109375 0.334626953125 0.452064453125 0.3530205078125 0.46196875 0.3728291015625 0.46904296875 0.4046650390625 0.478240234375 0.4152763671875 0.4761171875 0.4181064453125 0.46196875 0.3982978515625 0.4478193359375 0.4025419921875 0.4287177734375 0.3954677734375 0.415984375 0.38344140625 0.4089091796875 0.3699990234375 0.4096171875 0.3664619140625 0.4188134765625 0.3636318359375 0.4379150390625 0.3636318359375 0.4485263671875 0.348775390625 0.440037109375 0.342408203125 0.44216015625 0.33887109375 0.44216015625 0.3141103515625 0.4287177734375 0.3049130859375 0.4244736328125 0.2971318359375 0.41669140625 0.2851044921875 0.4117392578125 0.276615234375 0.406787109375 0.2617587890625 0.394759765625 0.2497314453125 0.393345703125 0.24053515625 0.3954677734375 0.2235556640625 0.400419921875 0.2108212890625 0.393345703125 0.1938427734375 0.37778125 0.1804013671875 0.367876953125 0.153517578125 0.361509765625 0.1216826171875 0.36433984375 0.1032880859375 0.3339189453125 0.09196875 0.3134033203125 0.0863095703125 0.30562109375 0.082064453125 0.289349609375 0.080650390625 0.2624658203125 0.07216015625 0.2667109375 0.0700380859375 0.2843974609375 0.0693310546875 0.3042060546875 0.0594267578125 0.3084501953125 0.03891015625 0.3084501953125 0.0268837890625 0.3112802734375 0.029005859375 0.321892578125 0.04527734375 0.3240146484375 0.06437890625 0.3247216796875 0.07852734375 0.3310888671875 0.088431640625 0.3459453125 0.0997509765625 0.36433984375 0.088431640625 0.367169921875 0.075697265625 0.3593876953125 0.055181640625 0.3438232421875 0.0367880859375 0.3374560546875 0.03325 0.3395791015625 0.035373046875 0.3508984375 0.0445693359375 0.3572646484375 0.0473994140625 0.3664619140625 0.0367880859375 0.367876953125 0.0275908203125 0.37070703125 0.01344140625 0.3714140625 0.0014150390625 0.3820263671875 0 0.5015859375 0.015564453125 0.492388671875 0.03325 0.4994638671875 0.0466923828125 0.5001708984375 0.05871875 0.4973408203125 0.0764052734375 0.471873046875 0.0870166015625 0.466212890625 0.0962138671875 0.474703125 0.1089482421875 0.474703125 0.11673046875 0.472580078125 0.1358310546875 0.4541865234375 0.140076171875 0.4605537109375 0.1414912109375 0.4761171875 0.1414912109375 0.498048828125 0.1322939453125 0.5228095703125 0.13087890625 0.5320068359375 0.114607421875 0.541203125 0.108240234375 0.541203125 0.0955068359375 0.536958984375 0.0834794921875 0.5348369140625 0.0792353515625 0.5383740234375 0.0856025390625 0.5489853515625 0.087724609375 0.5511083984375 0.0792353515625 0.55323046875 0.0693310546875 0.5525224609375 0.0573037109375 0.5454482421875 0.0473994140625 0.5447412109375 0.0374951171875 0.5454482421875 0.022638671875 0.556767578125 0.0318359375 0.5645498046875 0.0382021484375 0.5709169921875 0.029005859375 0.5843583984375 0.0021220703125 0.5907255859375 0.0014150390625 0.9324267578125 0 0.9692138671875 0.0005244140625 0.99773828125 0.153255859375 1
5 0.997486328125 0.9994638671875 0.9969111328125 0.8631484375 0.72370703125 0.85368359375 0.713611328125 0.9994345703125 0.997486328125 0.9994638671875