9 0.3512509765625 0.2688642578125 0.3476337890625 0.3516533203125 0.440068359375 0.3291474609375 0.440470703125 0.2443486328125 0.3512509765625 0.2688642578125
9 0.344697265625 0.4432373046875 0.344310546875 0.5359814453125 0.4386005859375 0.523228515625 0.4378271484375 0.423529296875 0.344697265625 0.4432373046875
9 0.4411240234375 0.7162880859375 0.4395576171875 0.6243056640625 0.344052734375 0.62978515625 0.34679296875 0.7194189453125 0.4411240234375 0.7162880859375
9 0.278400390625 0.7097236328125 0.27791015625 0.6411044921875 0.2406591796875 0.643064453125 0.2411494140625 0.70825390625 0.278400390625 0.7097236328125
9 0.2744287109375 0.5400576171875 0.2777802734375 0.4566826171875 0.228759765625 0.4658994140625 0.2266650390625 0.5463427734375 0.2744287109375 0.5400576171875
9 0.2804248046875 0.3602900390625 0.2836474609375 0.29833203125 0.25069921875 0.309076171875 0.2485498046875 0.3653037109375 0.2804248046875 0.3602900390625
9 0.3896025390625 0.166505859375 0.3925048828125 0.112455078125 0.356591796875 0.1251513671875 0.3547783203125 0.17630078125 0.3896025390625 0.166505859375
9 0.492146484375 0.1384326171875 0.4941826171875 0.0656533203125 0.433109375 0.084484375 0.4315830078125 0.152173828125 0.492146484375 0.1384326171875
9 0.8454794921875 0.228056640625 0.8438115234375 0.27478125 0.8571611328125 0.282568359375 0.8582734375 0.2436318359375 0.8454794921875 0.228056640625
9 0.854935546875 0.4188466796875 0.8610546875 0.48670703125 0.871623046875 0.490044921875 0.8671728515625 0.4316396484375 0.854935546875 0.4188466796875
9 0.106650390625 0.739056640625 0.1059013671875 0.7096298828125 0.0828466796875 0.7100048828125 0.0832216796875 0.739056640625 0.106650390625 0.739056640625
9 0.07471875 0.6431123046875 0.07348828125 0.6673740234375 0.0959921875 0.6679013671875 0.09722265625 0.6429365234375 0.07471875 0.6431123046875
9 0.0814677734375 0.570767578125 0.07999609375 0.595796875 0.1045341796875 0.59710546875 0.105025390625 0.5725673828125 0.0814677734375 0.570767578125
9 0.1703818359375 0.6076513671875 0.170927734375 0.577390625 0.1504814453125 0.57630078125 0.150208984375 0.60846875 0.1703818359375 0.6076513671875
9 0.164984375 0.6732216796875 0.1642861328125 0.647123046875 0.1524013671875 0.64735546875 0.151935546875 0.672755859375 0.164984375 0.6732216796875
9 0.1723037109375 0.7445888671875 0.1715068359375 0.7131162109375 0.1513876953125 0.7127177734375 0.1531806640625 0.7451865234375 0.1723037109375 0.7445888671875
9 0 0.7373447265625 0.020232421875 0.734484375 0.021541015625 0.707732421875 0 0.70628125 0 0.7373447265625
9 0 0.66323046875 0.0211220703125 0.6600625 0.0219140625 0.6289072265625 0 0.6275869140625 0 0.66323046875
9 0 0.588146484375 0.014083984375 0.5872275390625 0.01530859375 0.5605908203125 0 0.5593662109375 0 0.588146484375
9 0.06953125 0.502509765625 0.0689775390625 0.5252255859375 0.0925244140625 0.529103515625 0.0939091796875 0.5052802734375 0.06953125 0.502509765625
9 0.1705087890625 0.5414248046875 0.17131640625 0.5163740234375 0.155962890625 0.5147578125 0.1548857421875 0.5406171875 0.1705087890625 0.5414248046875
9 0 0.5149521484375 0.0077568359375 0.514521484375 0.0081875 0.4878046875 0 0.4869423828125 0 0.5149521484375
0 0.2821728515625 0.7125693359375 0.2803505859375 0.702546875 0.239345703125 0.7028505859375 0.23873828125 0.7098359375 0.2821728515625 0.7125693359375
0 0.442927734375 0.7175302734375 0.442005859375 0.6969501953125 0.344021484375 0.7003291015625 0.3458642578125 0.7212158203125 0.442927734375 0.7175302734375
0 1 0.3371044921875 0.969599609375 0.307416015625 0.8978193359375 0.31944140625 0.9004501953125 0.3457490234375 0.9684716796875 0.3386083984375 1 0.370927734375 1 0.3371044921875
0 1 0.50339453125 0.9730576171875 0.4889384765625 0.9139482421875 0.4976123046875 0.91683984375 0.522990234375 0.9746640625 0.5156015625 1 0.53037890625 1 0.50339453125
0 1 0.5953798828125 0.9192666015625 0.6030009765625 0.9230771484375 0.628720703125 1 0.6277685546875 1 0.5953798828125
8 1 0.628830078125 0.9019375 0.6315244140625 0.7039013671875 0.6476904296875 0.608251953125 0.6560771484375 0.60286328125 0.6715693359375 0.6116201171875 0.7988779296875 0.678978515625 0.8487236328125 0.746337890625 0.8709521484375 0.7672197265625 0.8931806640625 1 0.88509765625 1 0.628830078125
1 0.702716796875 1 0.7741982421875 0.967580078125 0.779365234375 0.95896875 0.7802265625 0.9516484375 0.78028125 0.9434775390625 0.7723486328125 0.9077783203125 0.7638486328125 0.891345703125 0.74458203125 0.872646484375 0.6794169921875 0.85111328125 0.61028515625 0.7995478515625 0.535396484375 0.7904814453125 0.406765625 0.801814453125 0.3722001953125 0.810314453125 0.356333984375 0.829013671875 0.3410341796875 0.8533798828125 0.3103271484375 0.8106220703125 0.2825615234375 0.79022265625 0.2230625 0.7879560546875 0.17773046875 0.7907890625 0.17659765625 0.77265625 0.15903125 0.7749228515625 0.1312646484375 0.7800224609375 0.1210654296875 0.787388671875 0.11369921875 0.79872265625 0.109166015625 0.8157216796875 0.0944326171875 0.8293212890625 0.083107421875 0.8366748046875 0.066744140625 0.8474404296875 0.0589931640625 0.867248046875 0.0581328125 0.89523828125 0.0706201171875 0.9202138671875 0.0852607421875 0.9357158203125 0.0968876953125 0.9339931640625 0.102916015625 0.9249501953125 0.104638671875 0.919783203125 0.179564453125 0.934423828125 0.190759765625 0.949064453125 0.204970703125 0.954662109375 0.221333984375 0.9542314453125 0.2295146484375 0.9494951171875 0.239849609375 0.9408828125 0.25362890625 0.932701171875 0.305302734375 0.9258115234375 0.311806640625 0.9374375 0.3221416015625 0.9387294921875 0.3294619140625 0.938298828125 0.33807421875 0.9649970703125 0.3531455078125 0.9753310546875 0.372953125 0.983943359375 0.390177734375 0.9860966796875 0.4061103515625 0.9809296875 0.49949609375 0.985666015625 0.5653798828125 0.994708984375 0.6144697265625 1 0.702716796875 1
1 1 0.969345703125 0.980376953125 0.9714140625 0.9603828125 0.97830859375 0.9259111328125 0.9962333984375 0.9259111328125 1 1 1 1 0.969345703125
8 0 0.505650390625 0.017474609375 0.4903935546875 0.0327314453125 0.5149140625 0.0518017578125 0.5318046875 0.0790458984375 0.541068359375 0.094302734375 0.53834375 0.1139189453125 0.5176376953125 0.1482080078125 0.48167578125 0.1678232421875 0.4735029296875 0.21032421875 0.460970703125 0.2550048828125 0.43590625 0.262087890625 0.42827734375 0.2332099609375 0.432091796875 0.1967021484375 0.4408095703125 0.15910546875 0.4418994140625 0.1798115234375 0.4293671875 0.2321201171875 0.401033203125 0.24465234375 0.37923828125 0.247376953125 0.3677958984375 0.24247265625 0.3525390625 0.2076005859375 0.35144921875 0.214138671875 0.3405517578125 0.2016064453125 0.3367373046875 0.184169921875 0.3394619140625 0.1476630859375 0.3416416015625 0.1514775390625 0.3296533203125 0.167279296875 0.3034990234375 0.1770869140625 0.28933203125 0.2054208984375 0.271896484375 0.2065107421875 0.2669921875 0.1977919921875 0.262087890625 0.1433037109375 0.271896484375 0.1749072265625 0.239748046875 0.1792666015625 0.218498046875 0.1792666015625 0.2048759765625 0.1787216796875 0.18689453125 0.162375 0.1716376953125 0.1498427734375 0.1601953125 0.136220703125 0.15910546875 0.106251953125 0.18689453125 0.1155146484375 0.1683681640625 0.1215087890625 0.1471181640625 0.1193291015625 0.1449384765625 0.0915400390625 0.1689130859375 0.081732421875 0.155291015625 0.087181640625 0.1416689453125 0.1046171875 0.11224609375 0.0833671875 0.1133359375 0.0615712890625 0.11115625 0.058302734375 0.0964443359375 0.0675654296875 0.07573828125 0.0719248046875 0.0615712890625 0.051763671875 0.0615712890625 0.0354169921875 0.0642958984375 0.0070830078125 0.077373046875 0 0.0873857421875 0 0.505650390625
6 0.3706279296875 1 0.2015693359375 0.96504296875 0.0818896484375 0.9359560546875 0.0666630859375 0.9188388671875 0.05683203125 0.896720703125 0.0571396484375 0.868765625 0.0666630859375 0.8449326171875 0.0807822265625 0.8351376953125 0 0.840138671875 0 1 0.3706279296875 1
6 0.9225732421875 1 0.9235419921875 0.9951787109375 0.9395146484375 0.985982421875 0.9622646484375 0.9738818359375 1 0.96559765625 0.9981455078125 0.916 0.7803828125 0.9191005859375 0.775716796875 0.9182099609375 0.781498046875 0.94303515625 0.7801376953125 0.959359375 0.773974609375 0.9700087890625 0.7028212890625 1 0.9225732421875 1
2 0.3473955078125 0 0.133908203125 0.29248828125 0.139453125 0.29895703125 0.1768828125 0.3128203125 0.1685654296875 0.4740908203125 0 0.4408203125 0 0.8400849609375 0.08975390625 0.8313046875 0.1068505859375 0.8160556640625 0.111009765625 0.8026552734375 0.1170166015625 0.7869443359375 0.1341142578125 0.777240234375 0.178013671875 0.7716953125 0.179861328125 0.78879296875 0.2256083984375 0.78601953125 0.2842451171875 0.788330078125 0.310583984375 0.809125 0.34108203125 0.8502509765625 0.3549453125 0.827146484375 0.37065625 0.8082001953125 0.41045703125 0.7994208984375 0.5338359375 0.788330078125 0.608576171875 0.7980341796875 0.6792763671875 0.8502509765625 0.7467421875 0.872431640625 0.7681962890625 0.8957900390625 1 0.8859248046875 0.9984404296875 0.26725 0.9505966796875 0.2092568359375 0.9351318359375 0.213123046875 0.9230498046875 0.198625 0.906619140625 0.1937919921875 0.88873828125 0.1734951171875 0.8916376953125 0.16624609375 0.8505595703125 0.115501953125 0.8350947265625 0.108736328125 0.8181796875 0.0923046875 0.729255859375 0.080427734375 0.70984765625 0.0753447265625 0.5545849609375 0 0.3473955078125 0
4 0.7687099609375 0.898 0.771833984375 0.9034677734375 0.774568359375 0.9167490234375 0.779646484375 0.9179208984375 0.999556640625 0.9147958984375 0.998775390625 0.88628125 0.7687099609375 0.898
4 0.4992568359375 0.9866259765625 0.407921875 0.9829208984375 0.39175390625 0.9879736328125 0.372216796875 0.985279296875 0.3509951171875 0.9755107421875 0.3355 0.96439453125 0.3284267578125 0.94115234375 0.311583984375 0.937783203125 0.3038193359375 0.92746484375 0.2582060546875 0.9332568359375 0.2448115234375 0.9394111328125 0.222005859375 0.9553388671875 0.2031806640625 0.955701171875 0.1901484375 0.9506328125 0.1792880859375 0.9354287109375 0.1054384765625 0.9220341796875 0.10362890625 0.9271025390625 0.0971123046875 0.9354287109375 0.0873388671875 0.9361533203125 0.37433203125 1 0.596951171875 0.9998662109375 0.4992568359375 0.9866259765625