2 0 0.9646162109375 0.0615966796875 0.98005078125 0.09696875 0.9861494140625 0.130478515625 0.9887626953125 0.18554296875 0.99315234375 0.1883359375 0.9688125 0.195119140625 0.96601953125 0.19923046875 0.8445146484375 0.217939453125 0.8369658203125 0.408109375 0.83891015625 0.6651318359375 0.8357470703125 0.852041015625 0.8291943359375 0.9996337890625 0.8225615234375 1 0.3001552734375 0.9737763671875 0.3119130859375 0.9689345703125 0.3119130859375 0.9627099609375 0.297388671875 0.96616796875 0.2870146484375 0.9654765625 0.2780244140625 0.9205224609375 0.255892578125 0.875568359375 0.2794072265625 0.862427734375 0.2752578125 0.860353515625 0.2593505859375 0.8630556640625 0.236205078125 0.7966669921875 0.2194326171875 0.7715087890625 0.2410966796875 0.721892578125 0.22432421875 0.7267841796875 0.20405859375 0.6397578125 0.1936884765625 0.63741015625 0.2077744140625 0.55934765625 0.1960361328125 0.548783203125 0.1884052734375 0.4642646484375 0.190166015625 0.4583955078125 0.1972099609375 0.3841982421875 0.2072421875 0.3742470703125 0.1968583984375 0.3465576171875 0.19815625 0.33876953125 0.1890703125 0.3240595703125 0.1895029296875 0.3132431640625 0.1946953125 0.31151171875 0.2011845703125 0.2916103515625 0.206376953125 0.2877158203125 0.2141650390625 0.167671875 0.2305859375 0.1661875 0.2222763671875 0.1498662109375 0.2160439453125 0.1317626953125 0.2175283203125 0.1041640625 0.2270244140625 0.0964482421875 0.2323662109375 0.09466796875 0.2383017578125 0.1008994140625 0.244830078125 0.0587587890625 0.2510625 0.0611337890625 0.244236328125 0.05282421875 0.2430498046875 0.046888671875 0.244830078125 0.0448115234375 0.2477978515625 0.048076171875 0.2537333984375 0.0397392578125 0.25340625 0.0340234375 0.2517724609375 0.0321181640625 0.2476904296875 0.0253134765625 0.240068359375 0.014970703125 0.236802734375 0 0.2403408203125 0 0.9646162109375
7 0.0415341796875 1 0.0455537109375 0.8632060546875 0.0634287109375 0.863783203125 0.0686513671875 0.788728515625 0.048818359375 0.7851689453125 0.0478017578125 0.777541015625 0.062904296875 0.7775986328125 0.067587890625 0.7106796875 0.05554296875 0.7080029296875 0.0562958984375 0.700134765625 0.0475126953125 0.6952880859375 0.0227529296875 0.705326171875 0.018068359375 0.7715751953125 0.0281064453125 0.774921875 0.0268095703125 0.7851337890625 0.003830078125 0.7883251953125 0.00319140625 0.7998154296875 0.01404296875 0.805560546875 0.0063828125 0.8074755859375 0.0044677734375 0.8132197265625 0.0057451171875 0.8208798828125 0.0159580078125 0.8310927734375 0.003830078125 0.8349228515625 0.0012763671875 0.84066796875 0.0063828125 0.8496044921875 0.0236181640625 0.8527958984375 0.0260400390625 1 0.0415341796875 1
5 1 0.8246494140625 0.963365234375 0.8257412109375 0.8366640625 0.8312021484375 0.666609375 0.8379052734375 0.5448447265625 0.842033203125 0.2177314453125 0.8389375 0.200189453125 0.84512890625 0.1979462890625 0.9771767578125 0.1998818359375 0.9950400390625 0.2468486328125 0.99831640625 0.4358076171875 0.997224609375 0.5515859375 0.9994091796875 0.6662724609375 0.9906708984375 0.6757177734375 0.992302734375 0.8475859375 0.9808408203125 1 0.963365234375 1 0.8246494140625
7 0.578466796875 0.9993974609375 0.5804384765625 0.8164375 0.58017578125 0.81172265625 0.5754619140625 0.8101513671875 0.5699609375 0.8122470703125 0.5689130859375 0.8159140625 0.5649072265625 0.8226962890625 0.5553056640625 0.8235302734375 0.5517041015625 0.8256494140625 0.5472548828125 0.827556640625 0.543865234375 0.8309462890625 0.54344140625 0.8385732421875 0.54991796875 0.8445 0.544953125 0.8468642578125 0.5432978515625 0.8508828125 0.544244140625 0.855375 0.5494453125 0.8575029296875 0.550390625 0.86033984375 0.54542578125 0.863650390625 0.544244140625 0.8667236328125 0.544244140625 0.86932421875 0.5458984375 0.873580078125 0.550154296875 0.873580078125 0.550154296875 0.8811455078125 0.5664677734375 0.8806728515625 0.5674130859375 0.8286591796875 0.56977734375 0.8284228515625 0.566724609375 1 0.578466796875 0.9993974609375
9 0.3705537109375 0.708884765625 0.2575205078125 0.7101640625 0.2557724609375 0.780326171875 0.3689912109375 0.7800478515625 0.3705537109375 0.708884765625
9 0.371732421875 0.6427919921875 0.3725498046875 0.5692705078125 0.2627158203125 0.573076171875 0.259216796875 0.6460224609375 0.371732421875 0.6427919921875
9 0.6164150390625 0.7029716796875 0.437234375 0.7053984375 0.4388515625 0.78265234375 0.618033203125 0.78103515625 0.6164150390625 0.7029716796875
9 0.6147490234375 0.6333427734375 0.6112626953125 0.5620673828125 0.4373359375 0.5655537109375 0.4381103515625 0.635279296875 0.6147490234375 0.6333427734375
9 0.788890625 0.7800810546875 0.787185546875 0.7047724609375 0.68163671875 0.7045087890625 0.6826064453125 0.7817861328125 0.788890625 0.7800810546875
9 0.7831240234375 0.6399794921875 0.7783095703125 0.5680859375 0.6746416015625 0.5648759765625 0.6781728515625 0.6390166015625 0.7831240234375 0.6399794921875
9 0.3734140625 0.504806640625 0.372658203125 0.43495703125 0.266939453125 0.442130859375 0.26203125 0.5108486328125 0.3734140625 0.504806640625
9 0.6046416015625 0.42874609375 0.43670703125 0.4298828125 0.4380380859375 0.5283828125 0.6084326171875 0.52882421875 0.6046416015625 0.42874609375
9 0.7682470703125 0.4379111328125 0.6668037109375 0.4318173828125 0.6686865234375 0.501220703125 0.7743740234375 0.5063271484375 0.7682470703125 0.4379111328125
9 0.849806640625 0.48908203125 0.918865234375 0.4985712890625 0.914125 0.4674765625 0.823208984375 0.4532607421875 0.825453125 0.49770703125 0.849806640625 0.48908203125
9 0.867884765625 0.627287109375 0.9545498046875 0.6293505859375 0.950009765625 0.582716796875 0.83445703125 0.5699228515625 0.838583984375 0.63017578125 0.867884765625 0.627287109375
9 0.9404091796875 0.759546875 0.9393037109375 0.70650390625 0.8424267578125 0.70392578125 0.8450048828125 0.7635986328125 0.9404091796875 0.759546875
9 0.1597431640625 0.3955966796875 0.1636064453125 0.335185546875 0.0994814453125 0.3431572265625 0.0953212890625 0.4017373046875 0.1597431640625 0.3955966796875
9 0.15519140625 0.44776953125 0.0853017578125 0.454146484375 0.08131640625 0.52270703125 0.149876953125 0.517658203125 0.15519140625 0.44776953125
9 0.1445654296875 0.6505439453125 0.1455126953125 0.57668359375 0.075439453125 0.580787109375 0.0725986328125 0.6514912109375 0.14425 0.64959765625 0.1445654296875 0.6505439453125
9 0 0.5241240234375 0.0184599609375 0.5258701171875 0.024775390625 0.457744140625 0 0.4538857421875 0 0.5241240234375
9 0 0.40045703125 0.010017578125 0.400212890625 0.0136826171875 0.3581875 0 0.357943359375 0 0.40045703125
9 0.3735029296875 0.318115234375 0.2743271484375 0.32710546875 0.27316796875 0.3833623046875 0.3735029296875 0.374373046875 0.3735029296875 0.318115234375
9 0.600470703125 0.3465 0.597392578125 0.303505859375 0.4349375 0.3044560546875 0.4351572265625 0.34688671875 0.600470703125 0.3465
9 0.755697265625 0.3168095703125 0.6565078125 0.3091787109375 0.6603310546875 0.3725634765625 0.76235546875 0.381177734375 0.755697265625 0.3168095703125
9 0.8331474609375 0.366234375 0.87448828125 0.3735302734375 0.87448828125 0.3701259765625 0.8803251953125 0.3550478515625 0.896375 0.3453203125 0.8083427734375 0.3253798828125 0.8138779296875 0.37655078125 0.8331474609375 0.366234375
9 0.1416962890625 0.7091328125 0.0692158203125 0.7084794921875 0.06464453125 0.785205078125 0.137125 0.787490234375 0.1416962890625 0.7091328125
8 0 0.76228515625 0.004921875 0.76228515625 0.0173095703125 0.7641064453125 0.0217080078125 0.704732421875 0.0473876953125 0.6942685546875 0.0573330078125 0.700099609375 0.056298828125 0.7074443359375 0.0683251953125 0.7101328125 0.0639501953125 0.7783056640625 0.0599228515625 0.782408203125 0.0768701171875 0.794669921875 0.0726552734375 1 0.0923017578125 0.9976416015625 0.094919921875 0.791435546875 0.143583984375 0.79299609375 0.1623525390625 0.8070732421875 0.1914453125 0.8098876953125 0.2158447265625 0.8202109375 0.2421220703125 0.814580078125 0.2308603515625 0.7901806640625 0.24473046875 0.76419140625 0.264466796875 0.753138671875 0.2620986328125 0.7389287109375 0.272361328125 0.70971875 0.2778876953125 0.690771484375 0.2707822265625 0.67024609375 0.263677734375 0.6560361328125 0.2423623046875 0.6560361328125 0.2218369140625 0.6757724609375 0.2226259765625 0.663140625 0.2155205078125 0.6402470703125 0.2115732421875 0.6157734375 0.1951455078125 0.579208984375 0.1930693359375 0.56571484375 0.1816513671875 0.55377734375 0.1738662109375 0.5397646484375 0.1655625 0.52315625 0.1453212890625 0.5143330078125 0.1183330078125 0.51121875 0.10380078125 0.5049912109375 0.07733203125 0.509662109375 0.063318359375 0.51173828125 0.056052734375 0.509662109375 0.04255859375 0.50810546875 0.0301025390625 0.51173828125 0.01141796875 0.5200419921875 0 0.536650390625 0 0.76228515625
0 0.6155869140625 0.39375390625 0.61516015625 0.34298828125 0.4402529296875 0.3387216796875 0.427455078125 0.344267578125 0.4266015625 0.392046875 0.6155869140625 0.39375390625
0 0.623123046875 0.5278876953125 0.6215869140625 0.4736142578125 0.434701171875 0.475150390625 0.428556640625 0.4802705078125 0.4295810546875 0.5309599609375 0.623123046875 0.5278876953125
0 0.6268505859375 0.61709765625 0.43478515625 0.619912109375 0.4298603515625 0.6223740234375 0.4298603515625 0.671876953125 0.62704296875 0.669208984375 0.6268505859375 0.61709765625
0 0.6319609375 0.8188134765625 0.632111328125 0.775890625 0.6308154296875 0.7659599609375 0.437814453125 0.7668232421875 0.429611328125 0.768982421875 0.43090625 0.82208984375 0.6319609375 0.8188134765625
0 0.8657109375 0.8124560546875 0.9917646484375 0.8062158203125 0.9917646484375 0.7632373046875 0.9879111328125 0.7584951171875 0.8475966796875 0.763173828125 0.8419873046875 0.7634541015625 0.842005859375 0.81537890625 0.8657109375 0.8124560546875
0 0.8600634765625 0.673369140625 0.8805322265625 0.6726630859375 0.9694677734375 0.6772509765625 0.978291015625 0.6776044921875 0.9835849609375 0.6740751953125 0.984291015625 0.6532529296875 0.9857021484375 0.6394892578125 0.9857021484375 0.6334892578125 0.973703125 0.6303134765625 0.89766796875 0.6277373046875 0.84340234375 0.6277373046875 0.83394921875 0.6301884765625 0.8374501953125 0.6774521484375 0.8600634765625 0.673369140625
0 0.8499267578125 0.5382470703125 0.86598046875 0.5382470703125 0.973322265625 0.547787109375 0.9720869140625 0.5144453125 0.9664072265625 0.50654296875 0.92022265625 0.4998740234375 0.8492431640625 0.4906474609375 0.8309609375 0.496345703125 0.824876953125 0.4987119140625 0.8278251953125 0.54450390625 0.8499267578125 0.5382470703125
0 0.8164677734375 0.41805078125 0.8228935546875 0.4162666015625 0.838244140625 0.4094833984375 0.8625205078125 0.4123388671875 0.9528427734375 0.4305458984375 0.9560556640625 0.423763671875 0.9506357421875 0.3881982421875 0.9297353515625 0.3844716796875 0.87450390625 0.3749775390625 0.832455078125 0.3669931640625 0.81302734375 0.3784375 0.8140029296875 0.41671484375 0.8164677734375 0.41805078125
9 0 0.3004560546875 0.0156982421875 0.300853515625 0.017884765625 0.2660791015625 0 0.2660791015625 0 0.3004560546875
9 0.147765625 0.2796787109375 0.148744140625 0.242296875 0.1121455078125 0.245037109375 0.112341796875 0.28202734375 0.147765625 0.2796787109375
9 0.3142880859375 0.2700673828125 0.357595703125 0.2671201171875 0.357822265625 0.2269833984375 0.31473828125 0.230384765625 0.3142880859375 0.2700673828125
9 0.53422265625 0.2172431640625 0.4879208984375 0.2176318359375 0.488361328125 0.2586240234375 0.53616796875 0.25744921875 0.53422265625 0.2172431640625
9 0.70344921875 0.2246533203125 0.6592724609375 0.2209072265625 0.660380859375 0.266169921875 0.7080048828125 0.266421875 0.70344921875 0.2246533203125
9 0.84448828125 0.254732421875 0.8114912109375 0.247033203125 0.815890625 0.2850888671875 0.8464677734375 0.291248046875 0.84448828125 0.254732421875
9 0.9515791015625 0.3180595703125 0.9487626953125 0.2942265625 0.9299130859375 0.289244140625 0.9314296875 0.3119931640625 0.9515791015625 0.3180595703125
6 1 1 0.999046875 0.966341796875 0.8233720703125 0.984041015625 0.675701171875 0.994716796875 0.6658916015625 0.9923623046875 0.57995703125 0.99942578125 1 1
6 0 0.9997177734375 0.18711328125 1 0.1859248046875 0.9952626953125 0.092279296875 0.987021484375 0 0.9663505859375 0 0.9997177734375
9 1 0.537638671875 0.99381640625 0.481060546875 0.974265625 0.47483984375 0.97959765625 0.532009765625 1 0.537638671875
9 0.96615625 0.41916796875 0.9863388671875 0.42563671875 0.9793525390625 0.372076171875 0.957359375 0.366642578125 0.96615625 0.41916796875