9 0.3555634765625 0.1807568359375 0.368376953125 0.0842001953125 0.189451171875 0.052625 0.1688583984375 0.1500966796875 0.3555634765625 0.1807568359375
9 0.6177587890625 0.2311611328125 0.616873046875 0.135951171875 0.454794921875 0.0987529296875 0.447708984375 0.1983916015625 0.6177587890625 0.2311611328125
9 0.9592861328125 0.28242578125 0.9460849609375 0.22201953125 0.8312744140625 0.190017578125 0.8384755859375 0.250822265625 0.9592861328125 0.28242578125
9 1 0.2392216796875 0.98448828125 0.2364208984375 1 0.3208291015625 1 0.2392216796875
9 0.9961435546875 0.519544921875 0.9858818359375 0.446953125 0.8551396484375 0.42262890625 0.8627412109375 0.5024423828125 0.9961435546875 0.519544921875
9 0.6295068359375 0.5076337890625 0.624859375 0.379046875 0.4415322265625 0.3516767578125 0.43791796875 0.4838779296875 0.6295068359375 0.5076337890625
9 0.338541015625 0.4675361328125 0.3443779296875 0.3350390625 0.1418369140625 0.300017578125 0.12491015625 0.4412705078125 0.338541015625 0.4675361328125
9 0.328462890625 0.809958984375 0.332728515625 0.6521259765625 0.1082431640625 0.6286650390625 0.1018447265625 0.7912958984375 0.328462890625 0.809958984375
9 0.638966796875 0.8279130859375 0.6363115234375 0.67790625 0.4358603515625 0.6637470703125 0.436712890625 0.8203681640625 0.638966796875 0.8279130859375
9 1 0.6988720703125 0.88214453125 0.6959716796875 0.890263671875 0.793408203125 1 0.792828125 1 0.6988720703125
8 0.531359375 1 0.528017578125 0.9766640625 0.4861220703125 0.9494072265625 0.5163017578125 0.9216748046875 0.5383232421875 0.89149609375 0.47551953125 0.9118876953125 0.4738876953125 0.8890498046875 0.466546875 0.8572392578125 0.439630859375 0.8955751953125 0.4347373046875 0.8368486328125 0.393955078125 0.8849716796875 0.3947705078125 0.8580556640625 0.4053740234375 0.8017763671875 0.3654072265625 0.856423828125 0.3556201171875 0.8254296875 0.3711171875 0.7830166015625 0.3711171875 0.7528369140625 0.35398828125 0.773228515625 0.3531728515625 0.7454970703125 0.3262568359375 0.7675185546875 0.331150390625 0.750390625 0.3384912109375 0.7202119140625 0.33359765625 0.70063671875 0.3083125 0.7299990234375 0.3083125 0.7055302734375 0.3083125 0.6410947265625 0.3083125 0.581552734375 0.3009716796875 0.5538203125 0.2928154296875 0.5619775390625 0.281396484375 0.6174404296875 0.2724248046875 0.750390625 0.2658994140625 0.723474609375 0.2495859375 0.681060546875 0.2365361328125 0.6590390625 0.2218544921875 0.6451728515625 0.2055419921875 0.6557763671875 0.1965693359375 0.6370166015625 0.190044921875 0.6304912109375 0.174546875 0.681060546875 0.166390625 0.6998203125 0.160681640625 0.6826923828125 0.1533408203125 0.6574072265625 0.147630859375 0.6508818359375 0.133765625 0.69655859375 0.1321337890625 0.6843232421875 0.123162109375 0.652513671875 0.115005859375 0.62478125 0.1068486328125 0.612546875 0.09624609375 0.628859375 0.0872734375 0.6671953125 0.081564453125 0.6468037109375 0.0668828125 0.620703125 0.0619892578125 0.6117314453125 0.0546484375 0.6092841796875 0.0301787109375 0.7096083984375 0.02120703125 0.7096083984375 0.0089716796875 0.702267578125 0 0.7202119140625 0.00103125 1 0.531359375 1
8 1 0.5955302734375 0.982826171875 0.6005595703125 0.971759765625 0.5985478515625 0.9586826171875 0.6005595703125 0.95365234375 0.6156494140625 0.94560546875 0.64381640625 0.931521484375 0.623697265625 0.9174384765625 0.57138671875 0.909390625 0.5432197265625 0.895306640625 0.5261181640625 0.89430078125 0.5452314453125 0.8993310546875 0.587482421875 0.9063720703125 0.6367744140625 0.91542578125 0.6719833984375 0.89430078125 0.679025390625 0.87317578125 0.6770126953125 0.8641220703125 0.6568935546875 0.8490322265625 0.6538759765625 0.8470205078125 0.625708984375 0.83494921875 0.611625 0.837966796875 0.58848828125 0.8409853515625 0.5643447265625 0.8369609375 0.55026171875 0.8299189453125 0.54623828125 0.8037646484375 0.6005595703125 0.79672265625 0.591505859375 0.7866630859375 0.5834580078125 0.7705673828125 0.5995537109375 0.7675498046875 0.62269140625 0.756484375 0.6166552734375 0.74340625 0.6076015625 0.7323408203125 0.6076015625 0.7333466796875 0.621685546875 0.73737109375 0.6548818359375 0.7454189453125 0.681037109375 0.77962109375 0.7484365234375 0.76251953125 0.75849609375 0.757490234375 0.7725791015625 0.742400390625 0.77962109375 0.7313349609375 0.7866630859375 0.7273115234375 0.801751953125 0.7162451171875 0.816841796875 0.7051796875 0.818853515625 0.6931083984375 0.8248896484375 0.700150390625 0.8440029296875 0.719263671875 0.86915234375 0.7081982421875 0.87317578125 0.6971318359375 0.8802177734375 0.70115625 0.9003369140625 0.7142333984375 0.912408203125 0.7273115234375 0.93252734375 0.72429296875 0.9435927734375 0.7122216796875 0.94560546875 0.70316796875 0.950634765625 0.7142333984375 0.967736328125 0.759501953125 0.9989208984375 0.759501953125 1 1 0.9989208984375 1 0.5955302734375
2 0.098021484375 0 0.04283984375 0.2274931640625 0.0014775390625 0.4668037109375 0 0.999822265625 0.9986533203125 1 0.9995498046875 0.1757060546875 0.9037060546875 0.1418095703125 0.7839169921875 0.1074580078125 0.7900830078125 0.09776953125 0.7539697265625 0.0854384765625 0.7495654296875 0.0766298828125 0.73547265625 0.091603515625 0.3672958984375 0.00176171875 0.098021484375 0