9 0.0695166015625 0 0.062626953125 0.0419599609375 0.174103515625 0.0920625 0.1841240234375 0.012525390625 0.1421640625 0 0.0695166015625 0
9 0.3419443359375 0.1784873046875 0.3444501953125 0.10208203125 0.24800390625 0.05573828125 0.2454990234375 0.131517578125 0.3419443359375 0.1784873046875
9 0.161578125 0.29810546875 0.16909375 0.206669921875 0.0526064453125 0.1540625 0.0388291015625 0.2492568359375 0.161578125 0.29810546875
9 0.3400654296875 0.3695009765625 0.345076171875 0.278064453125 0.2448720703125 0.238609375 0.239236328125 0.3312978515625 0.3400654296875 0.3695009765625
9 0.150140625 0.547720703125 0.1560126953125 0.429453125 0.0234853515625 0.388353515625 0.0134208984375 0.5183642578125 0.150140625 0.547720703125
9 0.339734375 0.5953330078125 0.33909765625 0.4895244140625 0.235201171875 0.4602041015625 0.23392578125 0.5717490234375 0.339734375 0.5953330078125
9 0.00504296875 0.6397529296875 0.0006376953125 0.8063125 0.1453271484375 0.8203349609375 0.1485146484375 0.6648095703125 0.00504296875 0.6397529296875
9 0.346306640625 0.8419228515625 0.346306640625 0.697302734375 0.23608203125 0.6824501953125 0.23608203125 0.8348876953125 0.346306640625 0.8419228515625
9 0.1170966796875 1 0.116525390625 0.9561923828125 0.0342724609375 0.952765625 0.0342724609375 1 0.1170966796875 1
9 0.3287890625 1 0.3287890625 0.9573828125 0.258140625 0.9573828125 0.2590458984375 1 0.3287890625 1
9 0.562203125 0.00046484375 0.5292138671875 0 0.5301435546875 0.0139384765625 0.566849609375 0.038099609375 0.562203125 0.00046484375
9 0.5426689453125 0.0912724609375 0.5468701171875 0.142828125 0.5785673828125 0.1607763671875 0.574748046875 0.11494921875 0.5426689453125 0.0912724609375
9 0.5556533203125 0.2298994140625 0.5607080078125 0.2974033203125 0.5946064453125 0.313533203125 0.5923154296875 0.2524306640625 0.5556533203125 0.2298994140625
9 0.5709287109375 0.3910576171875 0.5770390625 0.4682001953125 0.610263671875 0.4811845703125 0.60453515625 0.404423828125 0.5709287109375 0.3910576171875
9 0.6911142578125 0.3693271484375 0.686146484375 0.305466796875 0.6403798828125 0.280986328125 0.6442822265625 0.3441376953125 0.6911142578125 0.3693271484375
9 0.7055478515625 0.52230078125 0.700501953125 0.4541748046875 0.6541376953125 0.4320966796875 0.660130859375 0.5043232421875 0.7055478515625 0.52230078125
9 0.583638671875 0.56889453125 0.587017578125 0.6530615234375 0.6205 0.65951171875 0.61804296875 0.577802734375 0.583638671875 0.56889453125
9 0.7187978515625 0.6834716796875 0.7135751953125 0.6085205078125 0.6674990234375 0.598076171875 0.6696484375 0.6742568359375 0.7187978515625 0.6834716796875
9 0.8001923828125 0.70305078125 0.7959990234375 0.63526171875 0.7553515625 0.6229580078125 0.7611884765625 0.69514453125 0.8001923828125 0.70305078125
9 0.8717451171875 0.7166376953125 0.866509765625 0.65969921875 0.8360771484375 0.6508642578125 0.837712890625 0.710419921875 0.8717451171875 0.7166376953125
9 0.9188671875 0.726126953125 0.9155947265625 0.674751953125 0.890724609375 0.667552734375 0.8920341796875 0.72121875 0.9188671875 0.726126953125
9 0.95453515625 0.7293994140625 0.9525712890625 0.6839140625 0.9306474609375 0.681296875 0.93162890625 0.7264541015625 0.95453515625 0.7293994140625
9 0.7885068359375 0.554013671875 0.782787109375 0.4911005859375 0.7419892578125 0.472798828125 0.7469462890625 0.540287109375 0.7885068359375 0.554013671875
9 0.8575205078125 0.5879482421875 0.852181640625 0.528466796875 0.82053515625 0.512453125 0.82434765625 0.5742216796875 0.8575205078125 0.5879482421875
9 0.909375 0.6104443359375 0.9025126953125 0.5547763671875 0.8773466796875 0.545244140625 0.8819228515625 0.60053125 0.909375 0.6104443359375
9 0.94816796875 0.6260234375 0.9418701171875 0.5800478515625 0.92360546875 0.572490234375 0.92769921875 0.6184658203125 0.94816796875 0.6260234375
9 0.9292734375 0.5167529296875 0.923919921875 0.4701474609375 0.911009765625 0.465109375 0.91384375 0.5091953125 0.9292734375 0.5167529296875
9 0.863458984375 0.431099609375 0.8691279296875 0.4783349609375 0.8927451171875 0.4918759765625 0.889595703125 0.4465302734375 0.863458984375 0.431099609375
9 0.84575 0.463392578125 0.84019140625 0.4113193359375 0.806548828125 0.390841796875 0.8109375 0.4435 0.84575 0.463392578125
9 0.7709296875 0.4194365234375 0.765724609375 0.36080859375 0.72408203125 0.3377958984375 0.7314794921875 0.39368359375 0.7709296875 0.4194365234375
9 0.81135546875 0.8546162109375 0.8071142578125 0.7765771484375 0.7659736328125 0.774880859375 0.77021484375 0.8537685546875 0.81135546875 0.8546162109375
9 0.874974609375 0.8546162109375 0.87030859375 0.7909970703125 0.84528515625 0.789724609375 0.8491025390625 0.8550400390625 0.874974609375 0.8546162109375
9 0.922279296875 0.836435546875 0.9197998046875 0.7961474609375 0.8999658203125 0.7970771484375 0.901515625 0.8423232421875 0.922279296875 0.836435546875
9 0.9641162109375 0.8314765625 0.9603974609375 0.799556640625 0.9424228515625 0.799556640625 0.943662109375 0.832716796875 0.9641162109375 0.8314765625
9 0.6718564453125 0.2305009765625 0.668923828125 0.1803544921875 0.6214150390625 0.151615234375 0.626107421875 0.20117578125 0.6718564453125 0.2305009765625
9 0.7510361328125 0.28856640625 0.7457568359375 0.239298828125 0.7099794921875 0.2137861328125 0.714671875 0.262759765625 0.7510361328125 0.28856640625
9 0.8249375 0.3428193359375 0.819658203125 0.2973642578125 0.7923857421875 0.2774228515625 0.7970771484375 0.3237578125 0.8249375 0.3428193359375
9 0.8763212890625 0.38326953125 0.86955078125 0.3387763671875 0.8468203125 0.324509765625 0.8516572265625 0.3641669921875 0.8763212890625 0.38326953125
9 0.9174296875 0.4154306640625 0.9123515625 0.369728515625 0.89445703125 0.359814453125 0.898083984375 0.4004384765625 0.9174296875 0.4154306640625
9 0.6559677734375 0.1058115234375 0.650298828125 0.06266796875 0.6052666015625 0.0289716796875 0.6106201171875 0.073375 0.6559677734375 0.1058115234375
9 0.73312109375 0.172888671875 0.728712890625 0.12785546875 0.6884033203125 0.0982529296875 0.6928125 0.137302734375 0.73312109375 0.172888671875
9 0.7984765625 0.189611328125 0.7681826171875 0.16797265625 0.775755859375 0.2131435546875 0.80605078125 0.235052734375 0.7984765625 0.189611328125
9 0.85593359375 0.2781318359375 0.851533203125 0.2387626953125 0.8281435546875 0.224404296875 0.83254296875 0.25891015625 0.85593359375 0.2781318359375
9 0.895302734375 0.31402734375 0.8918291015625 0.2785947265625 0.874228515625 0.26608984375 0.8777021484375 0.2999013671875 0.895302734375 0.31402734375
9 0.7144140625 0.070099609375 0.7070576171875 0.0294248046875 0.675037109375 0.0064912109375 0.6793642578125 0.04067578125 0.7144140625 0.070099609375
9 0.7641767578125 0.0437041015625 0.755955078125 0.0082216796875 0.746001953125 0.000865234375 0.7330205078125 0 0.7369150390625 0.0168759765625 0.7641767578125 0.0437041015625
9 0.7862451171875 0.13673828125 0.7814853515625 0.0969287109375 0.74903125 0.0744267578125 0.7511953125 0.1055830078125 0.7862451171875 0.13673828125
9 0.815669921875 0.0947646484375 0.8113427734375 0.064474609375 0.7901396484375 0.0484638671875 0.794466796875 0.077888671875 0.815669921875 0.0947646484375
9 0.8622490234375 0.1395888671875 0.85871875 0.11216015625 0.838326171875 0.097345703125 0.8426962890625 0.123837890625 0.8622490234375 0.1395888671875
9 0.8380634765625 0.1868193359375 0.8325537109375 0.1492978515625 0.807888671875 0.126470703125 0.807626953125 0.1301435546875 0.8118251953125 0.1613681640625 0.8380634765625 0.1868193359375
9 0.878470703125 0.2206669921875 0.876109375 0.1876064453125 0.8580048828125 0.1752744140625 0.858267578125 0.20544921875 0.878470703125 0.2206669921875
9 0.9609755859375 0.2488076171875 0.9598486328125 0.2260458984375 0.9429453125 0.213650390625 0.9436220703125 0.2352861328125 0.9609755859375 0.2488076171875
9 0.9848642578125 0.274048828125 0.9841884765625 0.257822265625 0.970666015625 0.2452021484375 0.972244140625 0.2639072265625 0.9848642578125 0.274048828125
9 0.97765234375 0.323630859375 0.975849609375 0.2981640625 0.9600732421875 0.2835146484375 0.962552734375 0.3148408203125 0.97765234375 0.323630859375
9 1 0.349322265625 0.999513671875 0.3240810546875 0.98734375 0.3188974609375 0.987568359375 0.3421103515625 1 0.349322265625
9 0.99387890625 0.4067919921875 0.9923017578125 0.375240234375 0.9749482421875 0.36374609375 0.978779296875 0.395072265625 0.99387890625 0.4067919921875
9 1 0.48409375 0.9999638671875 0.4403720703125 0.9859912109375 0.4392451171875 0.986892578125 0.44645703125 0.99387890625 0.4834169921875 1 0.48409375
8 0.985173828125 0 0.936064453125 0.0011982421875 0.9294765625 0.00359375 0.9366640625 0.017966796875 0.941455078125 0.0281474609375 0.934267578125 0.0263515625 0.9270810546875 0.0101806640625 0.92169140625 0.0107802734375 0.9204931640625 0.0137744140625 0.9204931640625 0.0251533203125 0.918697265625 0.0347353515625 0.90252734375 0.0209609375 0.8947412109375 0.0281474609375 0.8965380859375 0.0383291015625 0.9031259765625 0.0497080078125 0.915103515625 0.0610869140625 0.9222900390625 0.0682734375 0.8863564453125 0.0592900390625 0.8701865234375 0.0527021484375 0.8408408203125 0.042521484375 0.8641982421875 0.0610869140625 0.905521484375 0.0802509765625 0.91390625 0.0856416015625 0.926482421875 0.10061328125 0.936064453125 0.1113935546875 0.8947412109375 0.108998046875 0.8851591796875 0.1125908203125 0.87976953125 0.1227724609375 0.869587890625 0.139541015625 0.888751953125 0.141337890625 0.907318359375 0.1407392578125 0.9288779296875 0.1341513671875 0.92528515625 0.14612890625 0.905521484375 0.1634970703125 0.89008203125 0.1787734375 0.879677734375 0.194853515625 0.87976953125 0.2084140625 0.8995322265625 0.2072158203125 0.922888671875 0.2012265625 0.94085546875 0.2036220703125 0.952234375 0.2054189453125 0.9713994140625 0.2084140625 0.959421875 0.253330078125 0.986970703125 0.243748046875 0.998349609375 0.2377587890625 1 0.2317705078125 0.9989482421875 0 0.985173828125 0
8 0.7330986328125 1 0.7330986328125 0.9863876953125 0.7325830078125 0.9688837890625 0.725890625 0.9529248046875 0.714564453125 0.9379951171875 0.6980908203125 0.9215205078125 0.677498046875 0.91740234375 0.645064453125 0.9158583984375 0.612630859375 0.9220361328125 0.586890625 0.9292431640625 0.5699013671875 0.9395390625 0.55445703125 0.9493212890625 0.546734375 0.9616767578125 0.537982421875 0.9791806640625 0.5348935546875 0.985873046875 0.5338642578125 0.9941103515625 0.5410712890625 1 0.7330986328125 1
8 0.8732412109375 0.999486328125 0.8662548828125 0.982021484375 0.8622626953125 0.966552734375 0.8487900390625 0.95208203125 0.83980859375 0.939607421875 0.8208466796875 0.9156552734375 0.813361328125 0.91515625 0.8103671875 0.92114453125 0.8033818359375 0.9381103515625 0.791904296875 0.95607421875 0.78541796875 0.970544921875 0.77344140625 0.984017578125 0.77344140625 1 0.8732412109375 0.999486328125
8 1 1 0.9999853515625 0.805876953125 0.9346171875 0.8323232421875 0.907671875 0.8408056640625 0.8802265625 0.8507861328125 0.863759765625 0.86276171875 0.8517841796875 0.8837197265625 0.848291015625 0.896693359375 0.84729296875 0.906673828125 0.84729296875 0.92114453125 0.8497880859375 0.931623046875 0.856275390625 0.94060546875 0.86675390625 0.947091796875 0.876234375 0.9465927734375 0.891205078125 0.9465927734375 0.9081708984375 0.9575712890625 0.9281298828125 0.9710439453125 0.9311240234375 0.97902734375 0.925634765625 0.982021484375 0.9116630859375 0.986013671875 0.8971923828125 0.9905048828125 0.889208984375 0.993 0.891205078125 1 1 1
4 0.4217734375 0.9707099609375 0.4200224609375 0.97351171875 0.415818359375 0.9843720703125 0.4035576171875 0.9696591796875 0.40320703125 0.976314453125 0.404958984375 0.978416015625 0.4088125 0.9854228515625 0.414767578125 0.99978515625 0.4347353515625 1 0.4347353515625 0.9700087890625 0.4249267578125 0.968607421875 0.4217734375 0.9707099609375
2 0 0 0 0.9986494140625 0.4132412109375 1 0.4087587890625 0.9886826171875 0.401015625 0.974826171875 0.4030537109375 0.9670830078125 0.4160947265625 0.9805322265625 0.4205771484375 0.9683056640625 0.42709765625 0.96667578125 0.4360634765625 0.96912109375 0.4360634765625 0.9992783203125 0.539072265625 1 0.5321904296875 0.9951044921875 0.5321904296875 0.9868466796875 0.5422841796875 0.9675771484375 0.55375390625 0.947390625 0.5858681640625 0.9276630859375 0.6129365234375 0.920322265625 0.6455107421875 0.9143583984375 0.67974609375 0.9164697265625 0.6997509765625 0.921470703125 0.7180888671875 0.93980859375 0.7276748046875 0.9531455078125 0.7343427734375 0.968982421875 0.73392578125 1 0.7722685546875 1 0.7714345703125 0.98440234375 0.784771484375 0.9693984375 0.7897724609375 0.958146484375 0.8026923828125 0.936474609375 0.8135283203125 0.91396875 0.82186328125 0.91396875 0.8352001953125 0.93022265625 0.8462373046875 0.9285029296875 0.844591796875 0.90985546875 0.8489794921875 0.885724609375 0.8621416015625 0.8621416015625 0.8785947265625 0.850076171875 0.9010810546875 0.8413017578125 0.951482421875 0.8238056640625 1 0.803701171875 1 0.2548271484375 0.924490234375 0.1619833984375 0.917576171875 0.1254384765625 0.8790556640625 0.0809912109375 0.8602890625 0.08691796875 0.7792685546875 0 0 0
6 0.8897509765625 1 0.8886005859375 0.9916767578125 0.9215546875 0.98171484375 0.929984375 0.9790322265625 0.9280693359375 0.972134765625 0.8920498046875 0.9487607421875 0.8679091796875 0.9483779296875 0.855263671875 0.94148046875 0.8495166015625 0.9326669921875 0.8479833984375 0.929984375 0.8361044921875 0.931900390625 0.8403203125 0.9364990234375 0.8520908203125 0.95223828125 0.8636943359375 0.96562109375 0.8744228515625 1 0.8897509765625 1