6 1 0.9005400390625 0.832638671875 0.9124228515625 0.599263671875 0.9131630859375 0.341259765625 0.9039931640625 0.145638671875 0.8919287109375 0 0.874693359375 0 1 1 1 1 0.9005400390625
8 0 0 0 0.1714501953125 0.1132216796875 0.1725283203125 0.216826171875 0.1716953125 0.2482216796875 0.222712890625 0.26195703125 0.2511650390625 0.228599609375 0.26195703125 0.1559970703125 0.276673828125 0.1324501953125 0.2747119140625 0.0882998046875 0.28550390625 0.0882998046875 0.3012021484375 0.13146875 0.3159189453125 0.174638671875 0.30905078125 0.2276181640625 0.3012021484375 0.357125 0.2570517578125 0.4052001953125 0.26686328125 0.4199169921875 0.2953154296875 0.455236328125 0.323767578125 0.460142578125 0.336521484375 0.407162109375 0.3433896484375 0.2992392578125 0.3581064453125 0.2236943359375 0.3924453125 0.14912890625 0.436595703125 0.14912890625 0.442482421875 0.1942607421875 0.4473876953125 0.234486328125 0.466029296875 0.2805986328125 0.454255859375 0.306107421875 0.4091240234375 0.3286728515625 0.38655859375 0.3934267578125 0.3757666015625 0.45229296875 0.36203125 0.4817265625 0.3728232421875 0.4819248046875 0.5540234375 0.4755595703125 0.8646533203125 0.3186171875 0.859119140625 0.226802734375 0.8547470703125 0.0005205078125 0.83066796875 0 0.870671875 0.1426171875 0.888005859375 0.1935400390625 0.89044140625 0.349775390625 0.901416015625 0.583994140625 0.909392578125 0.8286025390625 0.910203125 1 0.8984677734375 1 0.8264619140625 0.70424609375 0.8605224609375 0.561994140625 0.86352734375 0.54997265625 0.573013671875 0.5571484375 0.4971484375 0.568265625 0.4023115234375 0.594416015625 0.37515625 0.6306240234375 0.3540341796875 0.673873046875 0.3640927734375 0.712091796875 0.391248046875 0.769421875 0.4717109375 0.7855146484375 0.4867978515625 0.8076416015625 0.4777451171875 0.768416015625 0.4133759765625 0.7382421875 0.349005859375 0.8006005859375 0.34196484375 0.83680859375 0.3530283203125 0.862958984375 0.3791787109375 0.886091796875 0.4526005859375 0.8810634765625 0.5028896484375 0.919283203125 0.499873046875 0.94543359375 0.4847861328125 0.915259765625 0.399294921875 0.889109375 0.3560458984375 0.8116640625 0.3057568359375 0.835802734375 0.302740234375 0.9052021484375 0.3107861328125 0.959513671875 0.321849609375 1 0.34598828125 1 0.30551953125 0.97941015625 0.3011552734375 0.961951171875 0.2505263671875 0.926162109375 0.21735546875 0.888626953125 0.1981513671875 0.82228515625 0.195533203125 0.8109375 0.1841845703125 0.845853515625 0.1710908203125 0.9087041015625 0.1379208984375 0.9060849609375 0.1099873046875 0.8798974609375 0.0951474609375 0.8903720703125 0.079435546875 0.9174326171875 0.07681640625 0.922669921875 0.053248046875 0.89735546875 0.0480107421875 0.9043388671875 0.0349169921875 0.8833896484375 0.0261875 0.9156875 0.025314453125 0.9383828125 0.0200771484375 1 0.06372265625 1 0 0 0
9 0.5502373046875 0.7793564453125 0.693802734375 0.77232421875 0.690287109375 0.6609873046875 0.544376953125 0.66450390625 0.5502373046875 0.7793564453125
9 0.3578798828125 0.7815244140625 0.3527822265625 0.6708984375 0.2650966796875 0.673447265625 0.2707041015625 0.783564453125 0.3578798828125 0.7815244140625
9 0.1818232421875 0.6678125 0.1852080078125 0.77806640625 0.215189453125 0.7824189453125 0.2089033203125 0.6726484375 0.1818232421875 0.6678125
9 0.2077939453125 0.3413125 0.2117734375 0.230341796875 0.1830361328125 0.237416015625 0.1803828125 0.345734375 0.2077939453125 0.3413125
9 0.3506318359375 0.3353701171875 0.3534033203125 0.2278798828125 0.2635322265625 0.224076171875 0.2605546875 0.3346259765625 0.3506318359375 0.3353701171875
9 0.206771484375 0.5625341796875 0.2069150390625 0.447681640625 0.1795166015625 0.4495185546875 0.181333984375 0.5621708984375 0.206771484375 0.5625341796875
9 0.353080078125 0.5618408203125 0.3502705078125 0.442505859375 0.25699609375 0.44376171875 0.2589248046875 0.5626123046875 0.353080078125 0.5618408203125
9 0.5465068359375 0.55132421875 0.6848857421875 0.55176171875 0.6853232421875 0.443599609375 0.553513671875 0.44184765625 0.5465068359375 0.55132421875
9 0.68229296875 0.230390625 0.570427734375 0.227283203125 0.546900390625 0.299197265625 0.539796875 0.346251953125 0.6827373046875 0.3489150390625 0.68229296875 0.230390625
2 0 0.736685546875 0.08766796875 0.7468798828125 0.1361328125 0.7603974609375 0.2340185546875 0.82457421875 0.3411591796875 0.8515380859375 0.468318359375 0.8568271484375 0.708462890625 0.8566015625 1 0.821271484375 0.999306640625 0.176298828125 0.758751953125 0.152876953125 0.4200849609375 0.1374501953125 0.187431640625 0.0636669921875 0.12971484375 0.0838984375 0 0.0916328125 0 0.736685546875
0 0 0.539431640625 0.0777578125 0.539900390625 0.076869140625 0.5148759765625 0 0.515013671875 0 0.539431640625
0 0 0.33964453125 0.0804873046875 0.337931640625 0.0810576171875 0.3065361328125 0 0.3093896484375 0 0.33964453125
3 0 0.82676171875 0.230751953125 0.8523798828125 0.3500771484375 0.857205078125 0.232578125 0.827494140625 0.1373916015625 0.763736328125 0.0826142578125 0.748919921875 0 0.7385927734375 0 0.82676171875