2 1 0.4411435546875 0.78955078125 0.37109375 0.48779296875 0.27734375 0.26708984375 0.2138671875 0.03564453125 0.154296875 0.02001953125 0.1474609375 0 0.14599609375 0 0.9210009765625 0.540451171875 0.964626953125 0.5414228515625 0.9991767578125 0.68115234375 1 0.72607421875 1 0.89111328125 1 0.91357421875 1 1 0.99951171875 1 0.4411435546875
9 0.1370078125 0.2510810546875 0.139462890625 0.23578125 0.052130859375 0.2113681640625 0.0481328125 0.22798046875 0.1370078125 0.2510810546875
9 0.3496533203125 0.3060947265625 0.3506025390625 0.296353515625 0.27580078125 0.2753095703125 0.27425390625 0.2863955078125 0.3496533203125 0.3060947265625
9 0.4403017578125 0.3305927734375 0.44247265625 0.3009560546875 0.39975390625 0.2883349609375 0.396322265625 0.3183037109375 0.4403017578125 0.3305927734375
9 0.3438125 0.3850625 0.3447451171875 0.3690380859375 0.2680146484375 0.3487783203125 0.2657138671875 0.364490234375 0.3438125 0.3850625
9 0.2492099609375 0.2790361328125 0.251498046875 0.264623046875 0.17208984375 0.2416201171875 0.16858984375 0.2558046875 0.2492099609375 0.2790361328125
9 0.1119697265625 0.329279296875 0.1180166015625 0.31056640625 0.031443359375 0.288689453125 0.0252451171875 0.30729296875 0.1119697265625 0.329279296875
9 0.238783203125 0.359064453125 0.2409189453125 0.3441845703125 0.1513681640625 0.3220595703125 0.148052734375 0.3383447265625 0.238783203125 0.359064453125
9 0.089078125 0.41220703125 0.093451171875 0.3965068359375 0.005775390625 0.375107421875 0.001380859375 0.3941376953125 0.089078125 0.41220703125
9 0.22826171875 0.44021484375 0.230923828125 0.4254482421875 0.1337529296875 0.403294921875 0.13103125 0.4195517578125 0.22826171875 0.44021484375
9 0.350353515625 0.4701884765625 0.352845703125 0.4530244140625 0.25637109375 0.4307783203125 0.2534658203125 0.44839453125 0.350353515625 0.4701884765625
9 0.219841796875 0.530419921875 0.2208662109375 0.5052119140625 0.1191875 0.481013671875 0.1171201171875 0.508814453125 0.219841796875 0.530419921875
9 0.3270869140625 0.5503740234375 0.3274765625 0.52609375 0.2430693359375 0.508064453125 0.24126953125 0.5344150390625 0.3270869140625 0.5503740234375
9 0.0705234375 0.5948232421875 0.0754443359375 0.570091796875 0.0007568359375 0.559181640625 0.0023408203125 0.5831201171875 0.0705234375 0.5948232421875
9 0.2073125 0.6208798828125 0.2073359375 0.5897568359375 0.1128525390625 0.57036328125 0.1104755859375 0.6041640625 0.2073125 0.6208798828125
9 0.321576171875 0.6388251953125 0.321880859375 0.609755859375 0.236689453125 0.5959130859375 0.2343916015625 0.6252666015625 0.321576171875 0.6388251953125
9 0.0021669921875 0.686509765625 0.0693388671875 0.6921005859375 0.0731806640625 0.65458984375 0.0020029296875 0.646951171875 0.0021669921875 0.686509765625
9 0.2011318359375 0.71044140625 0.2020419921875 0.677033203125 0.10115234375 0.661453125 0.0976826171875 0.69501953125 0.2011318359375 0.71044140625
9 0.00128515625 0.7783857421875 0.0598369140625 0.7840244140625 0.0622412109375 0.74808203125 0.0022001953125 0.74261328125 0.00128515625 0.7783857421875
9 0.1935634765625 0.80041796875 0.1963037109375 0.7668896484375 0.0955830078125 0.7516435546875 0.09130078125 0.7875771484375 0.1935634765625 0.80041796875
9 0.3127333984375 0.81930078125 0.3136787109375 0.7823857421875 0.2208671875 0.772373046875 0.21938671875 0.81007421875 0.3127333984375 0.81930078125
9 0.3124365234375 0.72922265625 0.3135078125 0.6989326171875 0.2298095703125 0.683728515625 0.2277021484375 0.715880859375 0.3124365234375 0.72922265625
9 0.4103955078125 0.830095703125 0.4110048828125 0.789244140625 0.3596123046875 0.7843134765625 0.358630859375 0.8249599609375 0.4103955078125 0.830095703125
9 0.4138984375 0.7420908203125 0.415623046875 0.7013251953125 0.3641171875 0.695369140625 0.363005859375 0.7362021484375 0.4138984375 0.7420908203125
9 0.4821484375 0.747451171875 0.48239453125 0.7177685546875 0.4511396484375 0.7158486328125 0.45083203125 0.745224609375 0.4821484375 0.747451171875
9 0.41433984375 0.654001953125 0.41582421875 0.6176826171875 0.36982421875 0.6102890625 0.36737890625 0.648302734375 0.41433984375 0.654001953125
9 0.48992578125 0.66368359375 0.4914951171875 0.6304033203125 0.4569091796875 0.6256982421875 0.4546484375 0.6592119140625 0.48992578125 0.66368359375
9 0.56580078125 0.7594365234375 0.5667314453125 0.7272763671875 0.5180927734375 0.72108984375 0.5170615234375 0.7550107421875 0.56580078125 0.7594365234375
9 0.5663642578125 0.6764873046875 0.5669873046875 0.641708984375 0.5255185546875 0.63401171875 0.52311328125 0.669693359375 0.5663642578125 0.6764873046875
9 0.5724697265625 0.5973125 0.5725458984375 0.56465234375 0.5284501953125 0.553451171875 0.52810546875 0.588732421875 0.5724697265625 0.5973125
9 0.420208984375 0.5663681640625 0.42144921875 0.53314453125 0.37708203125 0.523724609375 0.3749345703125 0.5593330078125 0.420208984375 0.5663681640625
9 0.430150390625 0.453142578125 0.3835498046875 0.4431015625 0.380001953125 0.4753046875 0.4277919921875 0.4864501953125 0.430150390625 0.453142578125
9 0.433564453125 0.405814453125 0.4364365234375 0.3716806640625 0.3925498046875 0.3611513671875 0.387845703125 0.395470703125 0.433564453125 0.405814453125
9 0.50097265625 0.421646484375 0.50385546875 0.3901533203125 0.471060546875 0.3828671875 0.4670673828125 0.4140849609375 0.50097265625 0.421646484375
9 0.5074912109375 0.3492119140625 0.5104970703125 0.32021875 0.4825859375 0.3121201171875 0.478896484375 0.3409013671875 0.5074912109375 0.3492119140625
9 0.5835244140625 0.3702880859375 0.5855888671875 0.33903125 0.5501533203125 0.3294580078125 0.5483896484375 0.3606943359375 0.5835244140625 0.3702880859375
9 0.654361328125 0.389939453125 0.654732421875 0.378720703125 0.6087294921875 0.3644765625 0.6087822265625 0.37638671875 0.654361328125 0.389939453125
9 0.6554296875 0.458478515625 0.655576171875 0.4479052734375 0.6066279296875 0.4337060546875 0.607048828125 0.44691015625 0.6554296875 0.458478515625
9 0.5729287109375 0.442103515625 0.576158203125 0.4104833984375 0.5426923828125 0.4019599609375 0.5401435546875 0.4348076171875 0.5729287109375 0.442103515625
9 0.4944521484375 0.4980107421875 0.4970908203125 0.4671552734375 0.46507421875 0.4606533203125 0.4628310546875 0.4917607421875 0.4944521484375 0.4980107421875
9 0.5717578125 0.5170068359375 0.57465625 0.4854736328125 0.54191015625 0.47824609375 0.538314453125 0.510669921875 0.5717578125 0.5170068359375
9 0.66127734375 0.534232421875 0.661865234375 0.51792578125 0.60612890625 0.506501953125 0.605568359375 0.522984375 0.66127734375 0.534232421875
9 0.6486591796875 0.61108203125 0.648962890625 0.5899609375 0.6017861328125 0.5823291015625 0.600962890625 0.603208984375 0.6486591796875 0.61108203125
9 0.740103515625 0.627162109375 0.740373046875 0.6073994140625 0.6935791015625 0.5994599609375 0.6934921875 0.6193740234375 0.740103515625 0.627162109375
9 0.6507001953125 0.688857421875 0.650271484375 0.6645 0.5977373046875 0.6567919921875 0.5970419921875 0.6830458984375 0.6507001953125 0.688857421875
9 0.7478876953125 0.6984384765625 0.74808203125 0.6797705078125 0.6954638671875 0.672845703125 0.6951552734375 0.69251171875 0.7478876953125 0.6984384765625
9 0.6496572265625 0.768587890625 0.64944921875 0.741412109375 0.595681640625 0.7357255859375 0.594400390625 0.76416015625 0.6496572265625 0.768587890625
9 0.491904296875 0.581921875 0.493271484375 0.5490185546875 0.4595595703125 0.5439248046875 0.45682421875 0.5765615234375 0.491904296875 0.581921875
9 0.48034375 0.837005859375 0.482455078125 0.8003671875 0.4511533203125 0.7985263671875 0.4495087890625 0.8350869140625 0.48034375 0.837005859375
9 0.5637333984375 0.8435654296875 0.5639853515625 0.8093232421875 0.5189052734375 0.804998046875 0.5168623046875 0.84031640625 0.5637333984375 0.8435654296875
9 0.657310546875 0.84761328125 0.6568037109375 0.8207548828125 0.5930283203125 0.8171533203125 0.5922724609375 0.8447451171875 0.657310546875 0.84761328125
9 0.7511494140625 0.7740732421875 0.751783203125 0.75137890625 0.6965078125 0.74784375 0.696142578125 0.77062109375 0.7511494140625 0.7740732421875
9 0.8146162109375 0.7833955078125 0.813375 0.7557861328125 0.7752958984375 0.7538544921875 0.776353515625 0.7816533203125 0.8146162109375 0.7833955078125
9 0.815732421875 0.712404296875 0.8144970703125 0.6798671875 0.7765185546875 0.67696484375 0.776146484375 0.710158203125 0.815732421875 0.712404296875
9 0.8123974609375 0.6383095703125 0.812783203125 0.6218203125 0.7771875 0.614185546875 0.7772412109375 0.6320947265625 0.8123974609375 0.6383095703125
9 0.7531865234375 0.8513408203125 0.7541884765625 0.82558203125 0.6946708984375 0.8237021484375 0.6948798828125 0.850068359375 0.7531865234375 0.8513408203125
9 0.814095703125 0.8547568359375 0.814267578125 0.825166015625 0.7798681640625 0.8240087890625 0.77856640625 0.854427734375 0.814095703125 0.8547568359375
9 0.7462724609375 0.4141005859375 0.746408203125 0.3973681640625 0.7079384765625 0.3871318359375 0.70643359375 0.40388671875 0.7462724609375 0.4141005859375
9 0.7497763671875 0.48503515625 0.748841796875 0.4694736328125 0.7066357421875 0.458123046875 0.70676171875 0.474376953125 0.7497763671875 0.48503515625
9 0.7454765625 0.551017578125 0.745439453125 0.5345205078125 0.7014208984375 0.524537109375 0.700671875 0.5413056640625 0.7454765625 0.551017578125
9 0.7781357421875 0.5625869140625 0.8149404296875 0.569994140625 0.8153955078125 0.554013671875 0.7784921875 0.545724609375 0.7781357421875 0.5625869140625
9 0.8151806640625 0.5014833984375 0.81475390625 0.4854765625 0.77682421875 0.477154296875 0.7760234375 0.4935537109375 0.8151806640625 0.5014833984375
9 0.8126591796875 0.4353408203125 0.81278125 0.4261474609375 0.777951171875 0.41540625 0.77784375 0.426119140625 0.8126591796875 0.4353408203125
9 0.8903095703125 0.4586376953125 0.8904814453125 0.4326884765625 0.866728515625 0.4258115234375 0.867345703125 0.4535009765625 0.8903095703125 0.4586376953125
9 0.93146484375 0.4699892578125 0.9311201171875 0.44696875 0.908701171875 0.4411015625 0.908017578125 0.4653876953125 0.93146484375 0.4699892578125
9 0.9764541015625 0.4834912109375 0.9750341796875 0.4592578125 0.95240625 0.45248046875 0.953947265625 0.4787958984375 0.9764541015625 0.4834912109375
9 0.891646484375 0.5216474609375 0.8914365234375 0.5010126953125 0.86476171875 0.4935859375 0.86433203125 0.515083984375 0.891646484375 0.5216474609375
9 0.937162109375 0.5337451171875 0.9367900390625 0.503744140625 0.91298046875 0.4984150390625 0.9138828125 0.527861328125 0.937162109375 0.5337451171875
9 0.97544921875 0.5419345703125 0.9735126953125 0.5173466796875 0.9545625 0.51243359375 0.95462109375 0.538359375 0.97544921875 0.5419345703125
9 0.9852080078125 0.605451171875 0.98413671875 0.578576171875 0.9561064453125 0.5710634765625 0.9564111328125 0.5999248046875 0.9852080078125 0.605451171875
9 0.9388876953125 0.5965703125 0.9385009765625 0.5691650390625 0.915515625 0.56331640625 0.9155966796875 0.5913232421875 0.9388876953125 0.5965703125
9 0.894421875 0.5862919921875 0.8939677734375 0.557001953125 0.8657626953125 0.5500615234375 0.86603515625 0.5805673828125 0.894421875 0.5862919921875
9 0.8974521484375 0.65539453125 0.89729296875 0.625447265625 0.8662109375 0.6195791015625 0.8658662109375 0.6505107421875 0.8974521484375 0.65539453125
9 0.940876953125 0.6614619140625 0.939802734375 0.63373046875 0.916716796875 0.6287314453125 0.91745703125 0.657859375 0.940876953125 0.6614619140625
9 0.98861328125 0.669728515625 0.9867236328125 0.641052734375 0.9566533203125 0.635326171875 0.9580419921875 0.66498828125 0.98861328125 0.669728515625
9 0.9902109375 0.7317001953125 0.98831640625 0.7021982421875 0.9588203125 0.699369140625 0.95949609375 0.72771484375 0.9902109375 0.7317001953125
9 0.940392578125 0.72609765625 0.9410849609375 0.7001513671875 0.9186103515625 0.6969755859375 0.9182275390625 0.72455859375 0.940392578125 0.72609765625
9 0.896833984375 0.723255859375 0.89586328125 0.6916259765625 0.86643359375 0.687880859375 0.86765234375 0.71891015625 0.896833984375 0.723255859375
9 0.8978662109375 0.79051953125 0.897392578125 0.762115234375 0.86643359375 0.7596845703125 0.867126953125 0.7886162109375 0.8978662109375 0.79051953125
9 0.941056640625 0.790650390625 0.940228515625 0.765115234375 0.917193359375 0.7654267578125 0.9179521484375 0.7906708984375 0.941056640625 0.790650390625
9 0.9892607421875 0.79355078125 0.9892646484375 0.7670634765625 0.959703125 0.765234375 0.9600888671875 0.7919833984375 0.9892607421875 0.79355078125
9 0.9011396484375 0.857 0.90055859375 0.8273271484375 0.8656552734375 0.8260068359375 0.8668505859375 0.85735546875 0.9011396484375 0.857
9 0.9412763671875 0.8568271484375 0.9411435546875 0.8314892578125 0.9178984375 0.8317509765625 0.9178466796875 0.856515625 0.9412763671875 0.8568271484375
9 0.9914921875 0.8561640625 0.9910556640625 0.8335224609375 0.9579736328125 0.832255859375 0.958015625 0.8557509765625 0.9914921875 0.8561640625
9 0.8176171875 0.9305478515625 0.817962890625 0.8963994140625 0.7716455078125 0.896275390625 0.772427734375 0.9309091796875 0.8176171875 0.9305478515625
9 0.0034521484375 0.8774013671875 0.0574384765625 0.8801787109375 0.0594658203125 0.8503623046875 0.00204296875 0.844828125 0.0034521484375 0.8774013671875
9 0.0827099609375 0.8857978515625 0.19841796875 0.896484375 0.201015625 0.8615517578125 0.0847890625 0.8489140625 0.0827099609375 0.8857978515625
9 0.2156240234375 0.9001435546875 0.306443359375 0.9062763671875 0.3091171875 0.8708291015625 0.21861328125 0.8611728515625 0.2156240234375 0.9001435546875
9 0.4058896484375 0.916220703125 0.40743359375 0.8815244140625 0.357544921875 0.877517578125 0.356595703125 0.913224609375 0.4058896484375 0.916220703125
9 0.4787314453125 0.919169921875 0.478990234375 0.8899560546875 0.4464208984375 0.8897763671875 0.444724609375 0.918244140625 0.4787314453125 0.919169921875
9 0.563306640625 0.92558203125 0.562771484375 0.895689453125 0.515810546875 0.893494140625 0.5158974609375 0.92227734375 0.563306640625 0.92558203125
9 0.6670703125 0.9278642578125 0.664681640625 0.8990537109375 0.5906279296875 0.895333984375 0.5913564453125 0.9242314453125 0.6670703125 0.9278642578125
9 0.7547021484375 0.9277568359375 0.754837890625 0.9018212890625 0.694169921875 0.901466796875 0.69512890625 0.9279140625 0.7547021484375 0.9277568359375
9 0.909775390625 0.925423828125 0.9085048828125 0.897212890625 0.86591015625 0.8973662109375 0.866955078125 0.9264384765625 0.909775390625 0.925423828125
9 0.9495185546875 0.9232099609375 0.949302734375 0.89691015625 0.91681640625 0.8976298828125 0.9178017578125 0.92355078125 0.9495185546875 0.9232099609375
9 0.993865234375 0.9231982421875 0.9939482421875 0.897669921875 0.9573486328125 0.8963916015625 0.95662890625 0.9224462890625 0.993865234375 0.9231982421875
4 0.537900390625 1 0.5372490234375 0.9658349609375 0.000544921875 0.92365625 0 1 0.537900390625 1
8 0.0037978515625 0.9355693359375 0.019943359375 0.916951171875 0.054640625 0.905154296875 0.102486328125 0.8955859375 0.1342314453125 0.87252734375 0.1852275390625 0.846470703125 0.22769921875 0.8349599609375 0.248224609375 0.819349609375 0.25216015625 0.7931552734375 0.2616728515625 0.7544404296875 0.28656640625 0.7333701171875 0.2981796875 0.71265234375 0.2873623046875 0.6843681640625 0.2600517578125 0.6589189453125 0.24271875 0.60948828125 0.241525390625 0.5630595703125 0.2549482421875 0.5212763671875 0.27201171875 0.49401171875 0.34208984375 0.4848662109375 0.36663671875 0.458478515625 0.3580615234375 0.42694140625 0.3261123046875 0.39938671875 0.2811728515625 0.3824560546875 0.2666591796875 0.3379755859375 0.2428359375 0.3107421875 0.1982890625 0.283884765625 0.1672421875 0.2486982421875 0.1351748046875 0.2164580078125 0.1169697265625 0.190044921875 0.0608095703125 0.1558017578125 0.040412109375 0.1294599609375 0.0242314453125 0.1050966796875 0.0013046875 0.104408203125 0.0037978515625 0.9355693359375