1 1 0.795669921875 0.9875927734375 0.795814453125 0.97469140625 0.79639453125 0.9655595703125 0.79625 0.958021484375 0.7991484375 0.95193359375 0.8027724609375 0.9503388671875 0.8074111328125 0.950484375 0.8132099609375 0.95062890625 0.8185732421875 0.948744140625 0.819587890625 0.94671484375 0.8213271484375 0.9455556640625 0.8232119140625 0.9461357421875 0.8258212890625 0.9501943359375 0.8265458984375 0.94801953125 0.8458251953125 0.94932421875 0.8558271484375 0.9503388671875 0.859451171875 0.9516435546875 0.860900390625 0.953962890625 0.860900390625 0.9567822265625 0.859705078125 0.9568623046875 0.8324892578125 0.959326171875 0.82553125 0.964689453125 0.8163984375 0.9729912109375 0.811388671875 1 0.810890625 1 0.795669921875
1 1 0.8118818359375 0.97392578125 0.81171875 0.965234375 0.816796875 0.959765625 0.8259765625 0.9576005859375 0.832744140625 0.9571259765625 0.8616669921875 0.95807421875 0.8689365234375 0.9598134765625 0.87209765625 0.962658203125 0.873677734375 0.9686640625 0.8733623046875 0.972298828125 0.87178125 0.9732470703125 0.86625 1 0.864353515625 1 0.8118818359375
6 1 0.80548046875 0.8434150390625 0.812470703125 0.843478515625 0.82430859375 0.853748046875 0.8249931640625 0.8674404296875 0.8277314453125 0.8811337890625 0.8328662109375 0.911599609375 0.851693359375 0.9235810546875 0.8650439453125 0.924265625 0.8736025390625 0.915365234375 0.8862685546875 0.894826171875 0.893798828125 0.866208984375 0.903248046875 0.775322265625 0.91964453125 0.6727314453125 0.93463671875 0.5888720703125 0.9430693359375 0.417423828125 0.9458798828125 0.2960849609375 0.9472861328125 0.14757421875 0.9430693359375 0.0435693359375 0.9360419921875 0.00046875 0.9285458984375 0 1 1 1 1 0.80548046875
7 0.1355751953125 0.7223046875 0.13223828125 0.72334765625 0.1286923828125 0.7258505859375 0.1286923828125 0.7296044921875 0.1318212890625 0.7335673828125 0.138078125 0.7360703125 0.138287109375 0.739408203125 0.130986328125 0.7379482421875 0.1284833984375 0.739408203125 0.1276494140625 0.7406591796875 0.1278583984375 0.74399609375 0.1297353515625 0.7485849609375 0.136080078125 0.752666015625 0.136080078125 0.756654296875 0.13044921875 0.7578271484375 0.128103515625 0.7613466796875 0.1295107421875 0.7660390625 0.13725390625 0.7704970703125 0.1363154296875 0.77683203125 0.154615234375 0.7780048828125 0.1499228515625 0.8847578125 0.1475771484375 0.935435546875 0.1557890625 0.9356708984375 0.1630615234375 0.93332421875 0.1593076171875 0.912912109375 0.1672646484375 0.7114365234375 0.1659169921875 0.7084423828125 0.163072265625 0.7075439453125 0.158580078125 0.7079931640625 0.1560341796875 0.710837890625 0.1551357421875 0.7205712890625 0.138962890625 0.7210205078125 0.1355751953125 0.7223046875
7 0.8360927734375 0.7093212890625 0.8451396484375 0.7174326171875 0.8368720703125 0.725076171875 0.845763671875 0.7358388671875 0.83796875 0.7414521484375 0.844146484375 0.7476298828125 0.8628837890625 0.747126953125 0.865232421875 0.80049609375 0.86373828125 0.8404169921875 0.8628837890625 0.886955078125 0.864591796875 0.8884501953125 0.8692880859375 0.886955078125 0.8733447265625 0.884607421875 0.874412109375 0.8056201171875 0.8701103515625 0.7476064453125 0.8842021484375 0.7458359375 0.8863125 0.7347724609375 0.88823828125 0.7323662109375 0.8888798828125 0.69659375 0.8473310546875 0.698037109375 0.8360927734375 0.7093212890625
9 0 0.1604775390625 0.027857421875 0.16009375 0.0340283203125 0.1158388671875 0 0.1161845703125 0 0.1604775390625
9 0.1565205078125 0.1594375 0.2056826171875 0.161416015625 0.207703125 0.1176533203125 0.159732421875 0.1149599609375 0.1565205078125 0.1594375
9 0.33197265625 0.175078125 0.37764453125 0.1841708984375 0.3780673828125 0.1397666015625 0.3332412109375 0.130462890625 0.33197265625 0.175078125
9 0.491302734375 0.207884765625 0.521716796875 0.2164072265625 0.522552734375 0.179810546875 0.490634765625 0.1677783203125 0.491302734375 0.207884765625
9 0.6142958984375 0.243935546875 0.6356884765625 0.253740234375 0.6356884765625 0.2265537109375 0.6141474609375 0.215263671875 0.6142958984375 0.243935546875
9 0.630671875 0.3520185546875 0.65895703125 0.3630673828125 0.6552001953125 0.30716015625 0.6283642578125 0.2949130859375 0.630671875 0.3520185546875
9 0.71626171875 0.382822265625 0.744806640625 0.37415625 0.7618671875 0.3867763671875 0.761166015625 0.36994921875 0.715169921875 0.33584375 0.71626171875 0.382822265625
0 0.715525390625 0.38435546875 0.7180185546875 0.4173896484375 0.7425341796875 0.4124033203125 0.7934345703125 0.4475146484375 0.79301953125 0.410326171875 0.7441962890625 0.375421875 0.715525390625 0.38435546875
9 0.722619140625 0.486025390625 0.7478505859375 0.4807138671875 0.76848046875 0.4922666015625 0.767990234375 0.4643359375 0.7201845703125 0.437333984375 0.722619140625 0.486025390625
0 0.7221298828125 0.4877265625 0.72288671875 0.52329296875 0.7471025390625 0.5193203125 0.797994140625 0.5439150390625 0.7998857421875 0.511375 0.7472919921875 0.481861328125 0.7221298828125 0.4877265625
9 0.725740234375 0.592337890625 0.75106640625 0.58928125 0.7504111328125 0.565701171875 0.725302734375 0.55478515625 0.725740234375 0.592337890625
0 0.7260458984375 0.632966796875 0.7544169921875 0.629482421875 0.8030302734375 0.6447470703125 0.8025322265625 0.6094072265625 0.752259765625 0.590658203125 0.7260458984375 0.5938115234375 0.7260458984375 0.632966796875
9 0.728076171875 0.706005859375 0.7529775390625 0.704220703125 0.776373046875 0.707169921875 0.775390625 0.6733544921875 0.72741015625 0.66080078125 0.728076171875 0.706005859375
0 0.7270048828125 0.7075087890625 0.7268525390625 0.746890625 0.7544521484375 0.7459453125 0.80587109375 0.7491591796875 0.80587109375 0.7132421875 0.7527509765625 0.70511328125 0.7270048828125 0.7075087890625
9 0.6649794921875 0.363626953125 0.68953515625 0.3742353515625 0.6842314453125 0.319818359375 0.66242578125 0.3101923828125 0.6649794921875 0.363626953125
9 0.6690029296875 0.47499609375 0.6933828125 0.4838798828125 0.690283203125 0.4254091796875 0.667349609375 0.416525390625 0.6690029296875 0.47499609375
9 0.634767578125 0.4641845703125 0.662083984375 0.47220703125 0.6596005859375 0.414900390625 0.6343857421875 0.4059228515625 0.634767578125 0.4641845703125
9 0.67201953125 0.5896494140625 0.6975341796875 0.5954755859375 0.695123046875 0.5358076171875 0.6716171875 0.5299814453125 0.67201953125 0.5896494140625
9 0.6406787109375 0.5820146484375 0.664787109375 0.587037109375 0.6637822265625 0.5279716796875 0.63666015625 0.5211416015625 0.6406787109375 0.5820146484375
9 0.6756884765625 0.71058203125 0.698951171875 0.7125205078125 0.697443359375 0.6504873046875 0.67375 0.64790234375 0.6756884765625 0.71058203125
9 0.6414375 0.7077783203125 0.6671787109375 0.7090341796875 0.66655078125 0.6454130859375 0.640390625 0.6422744140625 0.6414375 0.7077783203125
9 0.312830078125 0.282373046875 0.4165908203125 0.296052734375 0.4163330078125 0.2341064453125 0.315927734375 0.2168134765625 0.312830078125 0.282373046875
9 0.3078603515625 0.4094404296875 0.415455078125 0.4214697265625 0.415232421875 0.3537490234375 0.310087890625 0.3401611328125 0.3078603515625 0.4094404296875
9 0.305443359375 0.54368359375 0.4137578125 0.5531708984375 0.414021484375 0.483859375 0.3067607421875 0.4704189453125 0.305443359375 0.54368359375
9 0.3005263671875 0.688498046875 0.4120478515625 0.694033203125 0.411494140625 0.6195927734375 0.3032939453125 0.6110146484375 0.3005263671875 0.688498046875
9 0.0564658203125 0.6558427734375 0.233650390625 0.666876953125 0.2365712890625 0.6061923828125 0.0613330078125 0.59678125 0.0564658203125 0.6558427734375
9 0.0674990234375 0.51013671875 0.24046484375 0.5182490234375 0.2417626953125 0.4669755859375 0.0720419921875 0.4582138671875 0.0674990234375 0.51013671875
9 0.078359375 0.3702666015625 0.1390703125 0.3713251953125 0.2457060546875 0.3780458984375 0.2482529296875 0.3332763671875 0.0830751953125 0.3251630859375 0.078359375 0.3702666015625
9 0.0922431640625 0.240412109375 0.2518134765625 0.247525390625 0.2532265625 0.2100224609375 0.0946640625 0.2031279296875 0.0922431640625 0.240412109375
0 0.077888671875 0.2903115234375 0.1721171875 0.2952138671875 0.2595390625 0.3019072265625 0.2614755859375 0.2500966796875 0.178380859375 0.245103515625 0.08033984375 0.241291015625 0.077888671875 0.2903115234375
0 0.0642236328125 0.422322265625 0.2444892578125 0.430349609375 0.2515439453125 0.4325390625 0.25470703125 0.384857421875 0.24765234375 0.3807216796875 0.1783193359375 0.3753701171875 0.1119052734375 0.3722080078125 0.0676298828125 0.3719638671875 0.0642236328125 0.422322265625
0 0.05512109375 0.5624443359375 0.1141611328125 0.5661015625 0.18025390625 0.5697587890625 0.2432119140625 0.5726328125 0.2453017578125 0.5201240234375 0.1846953125 0.5169892578125 0.132447265625 0.514115234375 0.0556435546875 0.51098046875 0.05512109375 0.5624443359375
0 0.0453447265625 0.7093876953125 0.1666044921875 0.7177705078125 0.2399228515625 0.7214794921875 0.242490234375 0.6689873046875 0.1737373046875 0.6647080078125 0.11411328125 0.6615703125 0.047359375 0.658333984375 0.0453447265625 0.7093876953125
5 0.62772265625 0.8730712890625 0.7110859375 0.868828125 0.7115859375 0.7814716796875 0.6274736328125 0.7809716796875 0.62772265625 0.8730712890625
5 0.7490244140625 0.78546484375 0.7480263671875 0.8610908203125 0.7774775390625 0.85934375 0.777228515625 0.7849658203125 0.7490244140625 0.78546484375
0 0.7986982421875 0.4868359375 0.822537109375 0.4860673828125 0.822248046875 0.4566611328125 0.7986083984375 0.4569287109375 0.7986982421875 0.4868359375
0 0.804701171875 0.5754462890625 0.8320263671875 0.57484375 0.83122265625 0.5441025390625 0.80409765625 0.54490625 0.804701171875 0.5754462890625
0 0.808333984375 0.6650546875 0.830275390625 0.6641767578125 0.828740234375 0.6345556640625 0.80767578125 0.636310546875 0.808333984375 0.6650546875
0 0.809669921875 0.7585888671875 0.83208984375 0.758357421875 0.831166015625 0.716291015625 0.810826171875 0.7158291015625 0.809669921875 0.7585888671875
0 0.4707939453125 0.3488916015625 0.4976962890625 0.333447265625 0.6194931640625 0.3630791015625 0.6181796875 0.3215693359375 0.4939130859375 0.2924072265625 0.47053125 0.30554296875 0.4707939453125 0.3488916015625
9 0.4717041015625 0.41670703125 0.488361328125 0.4108896484375 0.5782607421875 0.4296630859375 0.5787890625 0.3952900390625 0.4738193359375 0.373080078125 0.4717041015625 0.41670703125
0 0.4717607421875 0.4675302734375 0.490330078125 0.459302734375 0.624548828125 0.484689453125 0.6224326171875 0.44096875 0.4891552734375 0.4118212890625 0.470115234375 0.4191083984375 0.4717607421875 0.4675302734375
9 0.47202734375 0.5476298828125 0.4974140625 0.5440029296875 0.5816650390625 0.5548828125 0.5813857421875 0.51610546875 0.4725849609375 0.49880859375 0.47202734375 0.5476298828125
0 0.47047265625 0.5500830078125 0.47096875 0.59596484375 0.491552734375 0.59199609375 0.6272138671875 0.60762109375 0.6262216796875 0.5634755859375 0.496265625 0.54537109375 0.47047265625 0.5500830078125
9 0.4726845703125 0.6812060546875 0.4921845703125 0.679646484375 0.5800654296875 0.68692578125 0.579544921875 0.650005859375 0.4729443359375 0.6398662109375 0.4726845703125 0.6812060546875
0 0.47034375 0.684326171875 0.4687841796875 0.7324267578125 0.491404296875 0.7300869140625 0.628166015625 0.7350263671875 0.6276455078125 0.6918662109375 0.4921845703125 0.6812060546875 0.47034375 0.684326171875
9 0.9444169921875 0.7201279296875 0.9495439453125 0.7198076171875 0.9490625 0.7069912109375 0.9442568359375 0.7077919921875 0.9444169921875 0.7201279296875
9 0.9459736328125 0.7380361328125 0.950103515625 0.7373232421875 0.94967578125 0.7250751953125 0.9458310546875 0.725787109375 0.9459736328125 0.7380361328125
9 0.946400390625 0.7571201171875 0.9508154296875 0.7569775390625 0.950388671875 0.7457265625 0.9456884765625 0.745869140625 0.946400390625 0.7571201171875
9 0.965068359375 0.7337099609375 0.97073046875 0.733314453125 0.970466796875 0.719751953125 0.9655947265625 0.7202783203125 0.965068359375 0.7337099609375
8 0.89573828125 0.7908466796875 0.9011552734375 0.791001953125 0.9038828125 0.7891142578125 0.9110166015625 0.7872255859375 0.9164716796875 0.7842880859375 0.9208779296875 0.7809306640625 0.928640625 0.77757421875 0.931998046875 0.7740068359375 0.9336767578125 0.769810546875 0.933046875 0.7576416015625 0.931158203125 0.7542841796875 0.9307392578125 0.750087890625 0.930529296875 0.74400390625 0.92948046875 0.7398076171875 0.928640625 0.7328837890625 0.928220703125 0.7274287109375 0.928640625 0.7221826171875 0.927591796875 0.7171474609375 0.925703125 0.7142099609375 0.9204580078125 0.7108525390625 0.912275390625 0.70749609375 0.9047216796875 0.70749609375 0.8977978515625 0.70959375 0.891712890625 0.7123212890625 0.8860478515625 0.7171474609375 0.877865234375 0.7247001953125 0.87325 0.72931640625 0.8722001953125 0.73519140625 0.86653515625 0.7446328125 0.863388671875 0.7505078125 0.8617099609375 0.758271484375 0.8606611328125 0.7651953125 0.861919921875 0.7700205078125 0.86506640625 0.779671875 0.869892578125 0.785966796875 0.8751376953125 0.789953125 0.8784951171875 0.79205078125 0.883740234375 0.792470703125 0.8839501953125 0.807158203125 0.8904404296875 0.8061337890625 0.8904404296875 0.794328125 0.89573828125 0.7908466796875
2 0.915447265625 0.710880859375 0.9164677734375 0.7851064453125 0.9998759765625 0.78153515625 1 0.6795078125 0.9774296875 0.6879248046875 0.9483515625 0.6978720703125 0.922333984375 0.709095703125 0.915447265625 0.710880859375
2 0 0.729748046875 0.28480078125 0.7453271484375 0.599501953125 0.7627763671875 0.816580078125 0.7731650390625 0.8312138671875 0.7673115234375 0.8139521484375 0.424220703125 0.8102314453125 0.393005859375 0.7854541015625 0.3503046875 0.752505859375 0.32051953125 0.7588427734375 0.31340234375 0.743291015625 0.290734375 0.7193046875 0.2933701171875 0.714560546875 0.2743916015625 0.7227314453125 0.266220703125 0.694287109375 0.243025390625 0.6486865234375 0.2514599609375 0.6413056640625 0.2222021484375 0.646826171875 0.213240234375 0.604916015625 0.1916259765625 0.556416015625 0.212185546875 0.535330078125 0.1982158203125 0.5321669921875 0.1805556640625 0.5373955078125 0.16500390625 0.4801982421875 0.1454990234375 0.45779296875 0.1605234375 0.422208984375 0.14787109375 0.389056640625 0.1391728515625 0.3972275390625 0.12362109375 0.3568994140625 0.1159775390625 0.3197333984375 0.1107060546875 0.312353515625 0.1209853515625 0.2973271484375 0.117822265625 0.2506728515625 0.1099150390625 0.2251015625 0.106751953125 0.2216748046875 0.100162109375 0.1460263671875 0.0959453125 0.1447080078125 0.1041162109375 0.0569345703125 0.1099150390625 0.0498173828125 0.0964716796875 0.03479296875 0.0964716796875 0.0253037109375 0.0864560546875 0.0097529296875 0.088564453125 0.012125 0.0972626953125 0.000791015625 0.10042578125 0 0.729748046875
9 0 0.266818359375 0.0279853515625 0.2656689453125 0.0335439453125 0.2043310546875 0 0.2056728515625 0 0.266818359375
9 0 0.3940302734375 0.01400390625 0.393646484375 0.0205263671875 0.3240107421875 0 0.3240107421875 0 0.3940302734375
5 0.001736328125 0.8823369140625 0.284451171875 0.9104697265625 0.2860126953125 0.7604267578125 0.00625 0.74453125 0.001736328125 0.8823369140625