9 0 0.594150390625 0.084142578125 0.5821123046875 0.090763671875 0.3805576171875 0 0.4013037109375 0 0.594150390625
9 0.3215615234375 0.542634765625 0.3118369140625 0.327396484375 0.1743955078125 0.3591630859375 0.1724501953125 0.564029296875 0.3215615234375 0.542634765625
9 0.596828125 0.49487890625 0.5676474609375 0.2708359375 0.40880859375 0.30021875 0.417708984375 0.525322265625 0.596828125 0.49487890625
9 0.9295107421875 0.7729375 0.8878798828125 0.4977265625 0.6976201171875 0.53224609375 0.7263974609375 0.800169921875 0.9295107421875 0.7729375
9 0.6170126953125 0.8119765625 0.5975908203125 0.5520244140625 0.42354296875 0.577421875 0.4332529296875 0.8313984375 0.6170126953125 0.8119765625
9 0.3270283203125 0.836740234375 0.322517578125 0.596919921875 0.17065625 0.6209775390625 0.1676484375 0.84576171875 0.3270283203125 0.836740234375
9 0 0.85768359375 0.0779013671875 0.8545986328125 0.0786728515625 0.6293798828125 0 0.6370927734375 0 0.85768359375
2 0 0.6363720703125 0.0789599609375 0.628767578125 0.0789599609375 0.855509765625 0 0.8585517578125 0.000126953125 0.9089951171875 0.0877060546875 0.9055732421875 0.1627666015625 0.9021494140625 0.1634560546875 0.847958984375 0.1684853515625 0.618115234375 0.323544921875 0.59396484375 0.321947265625 0.544833984375 0.1704658203125 0.565439453125 0.1720732421875 0.324560546875 0 0.365052734375 0 0.4002880859375 0.091921875 0.3790517578125 0.085333984375 0.5829580078125 0 0.5948427734375 0 0.6363720703125
2 1 0.4361943359375 0.6907470703125 0.4837470703125 0.6549677734375 0.2335400390625 0.99977734375 0.16865625 0.99970703125 0.154849609375 0.7377021484375 0.2050205078125 0.4045263671875 0.270865234375 0.40689453125 0.2982041015625 0.5701416015625 0.2683466796875 0.5990556640625 0.4953623046875 0.599080078125 0.5470029296875 0.695197265625 0.530638671875 0.8904990234375 0.49377734375 0.9331806640625 0.77508984375 0.7245791015625 0.80157421875 0.69633203125 0.5315341796875 0.5991474609375 0.5479609375 0.620072265625 0.815107421875 0.43077734375 0.8355078125 0.419390625 0.575998046875 0.5975595703125 0.5492841796875 0.597322265625 0.496517578125 0.416 0.5276806640625 0.4025078125 0.27118359375 0.173568359375 0.3240751953125 0.1732333984375 0.35676171875 0.3141923828125 0.3253544921875 0.3239443359375 0.53764453125 0.3263056640625 0.5975849609375 0.3287626953125 0.84083984375 0.167083984375 0.850177734375 0.1656103515625 0.90128515625 0.41276953125 0.8880966796875 0.6380703125 0.867810546875 0.8279306640625 0.84700390625 1 0.8270634765625 1 0.4361943359375
3 1 1 0.9983388671875 0.830177734375 0.767318359375 0.85554296875 0.470626953125 0.8865185546875 0.3286396484375 0.896751953125 0.03569921875 0.9106845703125 0.000423828125 0.9115185546875 0 1 1 1
0 0.642927734375 0 0 0.1706103515625 0.0003212890625 0.274892578125 0 0.3617001953125 0.1726513671875 0.322154296875 0.402267578125 0.269349609375 1 0.152197265625 0.999939453125 0.0466005859375 1 0 0.642927734375 0
9 0.6939794921875 0.4752412109375 0.871810546875 0.4481943359375 0.82873046875 0.2232978515625 0.664423828125 0.252349609375 0.6939794921875 0.4752412109375
0 0 0.5937421875 0.0832548828125 0.5818037109375 0.0869609375 0.48752734375 0 0.501984375 0 0.5937421875
0 0.1684833984375 0.565748046875 0.325765625 0.541046875 0.319177734375 0.443064453125 0.1693076171875 0.4710595703125 0.1684833984375 0.565748046875
0 0.412845703125 0.4242978515625 0.417787109375 0.5255732421875 0.5911259765625 0.4946962890625 0.5828916015625 0.3921865234375 0.4129326171875 0.4237421875 0.412845703125 0.4242978515625
0 0.432197265625 0.833294921875 0.6191240234375 0.8139453125 0.6104775390625 0.6929091796875 0.426021484375 0.716787109375 0.432197265625 0.833294921875
0 0.16827734375 0.8497626953125 0.3276171875 0.8419404296875 0.3272060546875 0.728314453125 0.167884765625 0.74340234375 0.16827734375 0.8497626953125
0 0 0.8549033203125 0.0761240234375 0.8524697265625 0.07774609375 0.7555615234375 0 0.757994140625 0 0.8549033203125
0 0.7280693359375 0.7973974609375 0.9266611328125 0.7702998046875 0.907470703125 0.644896484375 0.7153662109375 0.675037109375 0.7280693359375 0.7973974609375
0 0.69546484375 0.4803798828125 0.866533203125 0.445662109375 0.8487490234375 0.341083984375 0.6797978515625 0.373685546875 0.69546484375 0.4803798828125
4 1 1 0.999833984375 0.7989482421875 0.7464912109375 0.8357431640625 0.7619130859375 0.86937890625 0.775791015625 0.8842578125 0.7817392578125 1 1 1