9 0.33580859375 0.1100634765625 0.3406689453125 0.1821845703125 0.4325712890625 0.175443359375 0.4245751953125 0.1020673828125 0.33580859375 0.1100634765625
9 0.3458076171875 0.2543994140625 0.3510771484375 0.33919921875 0.4481083984375 0.330416015625 0.439609375 0.246494140625 0.3458076171875 0.2543994140625
9 0.3569150390625 0.4179375 0.3631416015625 0.51092578125 0.4651435546875 0.50305078125 0.4558046875 0.40878125 0.3569150390625 0.4179375
9 0.4804111328125 0.6879814453125 0.47205078125 0.585103515625 0.368595703125 0.593552734375 0.3752451171875 0.695771484375 0.4804111328125 0.6879814453125
9 0.0169697265625 0.6237099609375 0.0180078125 0.71513671875 0.1160146484375 0.708556640625 0.1115126953125 0.6150517578125 0.0169697265625 0.6237099609375
9 0.0167626953125 0.44899609375 0.015673828125 0.5379267578125 0.106453125 0.53335546875 0.1049296875 0.4418125 0.0167626953125 0.44899609375
9 0.0184541015625 0.29321875 0.0184541015625 0.3737001953125 0.1050869140625 0.3626787109375 0.10457421875 0.282197265625 0.0184541015625 0.29321875
9 0.10577734375 0.2107822265625 0.10577734375 0.1390087890625 0.0255263671875 0.1504482421875 0.022818359375 0.220837890625 0.10577734375 0.2107822265625
9 0.1385869140625 0.02101171875 0.137916015625 0.0594580078125 0.2123505859375 0.0489521484375 0.2119033203125 0.0113994140625 0.1385869140625 0.02101171875
9 0.2338935546875 0.008833984375 0.2338935546875 0.0452216796875 0.3129794921875 0.0365986328125 0.310455078125 0.0004208984375 0.2338935546875 0.008833984375
9 0.823517578125 0.7980546875 0.8202841796875 0.759859375 0.8059365234375 0.7608701171875 0.8093720703125 0.799873046875 0.823517578125 0.7980546875
9 0.82013671875 0.7534833984375 0.81833984375 0.7179111328125 0.8030693359375 0.7186298828125 0.8054052734375 0.7536630859375 0.82013671875 0.7534833984375
9 0.8001025390625 0.67781640625 0.8013251953125 0.712580078125 0.814951171875 0.7115322265625 0.81337890625 0.6771171875 0.8001025390625 0.67781640625
9 0.837916015625 0.7955595703125 0.8352822265625 0.7608837890625 0.827162109375 0.76154296875 0.829357421875 0.795998046875 0.837916015625 0.7955595703125
9 0.8646904296875 0.7944619140625 0.86359375 0.758689453125 0.8515234375 0.758689453125 0.853498046875 0.794681640625 0.8646904296875 0.7944619140625
9 0.873033203125 0.701787109375 0.872466796875 0.675732421875 0.8615166015625 0.6755439453125 0.8624599609375 0.70141015625 0.873033203125 0.701787109375
9 0.912603515625 0.6956416015625 0.91076171875 0.665251953125 0.8971328125 0.666357421875 0.8987900390625 0.696009765625 0.912603515625 0.6956416015625
9 0.9312646484375 0.6860234375 0.929037109375 0.66340234375 0.916869140625 0.662716796875 0.91892578125 0.6860234375 0.9312646484375 0.6860234375
7 0.930302734375 0.8980322265625 0.94950390625 0.8937412109375 0.94919921875 0.8230458984375 0.94188671875 0.749095703125 0.9016630859375 0.750009765625 0.90440625 0.79683984375 0.908671875 0.8989208984375 0.930302734375 0.8980322265625
7 0.7897587890625 0.8576787109375 0.7840986328125 0.7916455078125 0.7803251953125 0.790513671875 0.7625908203125 0.6284326171875 0.7532724609375 0.628251953125 0.752412109375 0.6339873046875 0.732052734375 0.6506181640625 0.7329130859375 0.6595078125 0.7349208984375 0.66380859375 0.7389345703125 0.703091796875 0.6638701171875 0.71398828125 0.6394970703125 0.736927734375 0.6653037109375 0.7544189453125 0.643224609375 0.776498046875 0.6698916015625 0.7942763671875 0.7676708984375 0.7836669921875 0.775986328125 0.8625205078125 0.7843017578125 0.9861064453125 0.7954189453125 0.9840849609375 0.7859853515625 0.860697265625 0.7897587890625 0.8576787109375
4 0 0.976208984375 0.1415791015625 0.976798828125 0.142169921875 0.966166015625 0.1953369140625 0.962326171875 0.1965185546875 0.9747314453125 0.2027216796875 0.9747314453125 0.2014443359375 0.96262109375 0.197013671875 0.8710556640625 0.1284873046875 0.8713505859375 0.12671484375 0.860421875 0 0.8592412109375 0 0.976208984375
5 0.1976083984375 0.869830078125 0.2013779296875 0.9463447265625 0.4423076171875 0.933861328125 0.4337861328125 0.7957353515625 0.144517578125 0.812779296875 0.1467939453125 0.8704951171875 0.1976083984375 0.869830078125
5 0.4882685546875 0.7970234375 0.4968984375 0.9376416015625 0.568509765625 0.9304287109375 0.559236328125 0.791328125 0.4882685546875 0.7970234375
4 0.68463671875 0.9187509765625 0.6858369140625 0.9070458984375 0.7287578125 0.90284375 0.7302587890625 0.9133486328125 0.7377626953125 0.912748046875 0.731458984375 0.821203125 0.6745751953125 0.8281943359375 0.67761328125 0.9180029296875 0.68463671875 0.9187509765625
8 0 0.7348564453125 0.003025390625 0.730232421875 0.01256640625 0.7158046875 0.020943359375 0.700212890625 0.025830078125 0.6899736328125 0.0309501953125 0.6874140625 0.03327734375 0.6941630859375 0.0409560546875 0.6943955078125 0.048169921875 0.6943955078125 0.056314453125 0.6899736328125 0.0586416015625 0.6848857421875 0.0595732421875 0.6788349609375 0.0556171875 0.675810546875 0.06376171875 0.674646484375 0.061671875 0.6708671875 0.052986328125 0.6659453125 0.046037109375 0.6592861328125 0.0538544921875 0.655521484375 0.0634091796875 0.66362890625 0.0703583984375 0.6688408203125 0.0749912109375 0.6610234375 0.0735439453125 0.6558115234375 0.0848359375 0.655521484375 0.0987333984375 0.657837890625 0.1117626953125 0.6584169921875 0.123923828125 0.6549423828125 0.13203125 0.6526259765625 0.1540361328125 0.6482890625 0.157220703125 0.6439453125 0.147376953125 0.6439453125 0.154615234375 0.6323642578125 0.1635908203125 0.624546875 0.1699609375 0.6170185546875 0.182990234375 0.61788671875 0.1850166015625 0.6123857421875 0.180673828125 0.609201171875 0.185595703125 0.602541015625 0.1873330078125 0.597619140625 0.1827001953125 0.5909599609375 0.173724609375 0.5981982421875 0.1586689453125 0.60833203125 0.14853515625 0.6086220703125 0.143033203125 0.6065947265625 0.1566416015625 0.5958818359375 0.1670654296875 0.578509765625 0.1786943359375 0.5770615234375 0.189697265625 0.569244140625 0.201279296875 0.56084765625 0.2256005859375 0.55853125 0.234287109375 0.555056640625 0.2328388671875 0.549265625 0.2282060546875 0.5483974609375 0.2105439453125 0.5483974609375 0.2070703125 0.545501953125 0.2151767578125 0.5452119140625 0.2183623046875 0.536525390625 0.2235732421875 0.52783984375 0.2383408203125 0.510779296875 0.2409462890625 0.5023828125 0.2386298828125 0.4968818359375 0.2403671875 0.482115234375 0.239208984375 0.470533203125 0.2325498046875 0.4687958984375 0.2244423828125 0.4884853515625 0.218072265625 0.498908203125 0.217783203125 0.4899326171875 0.2041748046875 0.4948544921875 0.201279296875 0.4899326171875 0.2030166015625 0.4806669921875 0.2030166015625 0.45065234375 0.2027265625 0.432990234375 0.2119921875 0.416486328125 0.2093857421875 0.40808984375 0.2053330078125 0.404615234375 0.201279296875 0.406931640625 0.19085546875 0.4248828125 0.194619140625 0.386330078125 0.19085546875 0.3646142578125 0.1891181640625 0.355349609375 0.185064453125 0.35940234375 0.180142578125 0.384013671875 0.1702978515625 0.408625 0.1584267578125 0.4152841796875 0.1453974609375 0.4141259765625 0.156689453125 0.395595703125 0.1653759765625 0.3738798828125 0.1737724609375 0.353033203125 0.17666796875 0.34029296875 0.1737724609375 0.3376875 0.1656650390625 0.3527431640625 0.1558212890625 0.3692470703125 0.1581376953125 0.3565078125 0.1546630859375 0.3573759765625 0.14366015625 0.362876953125 0.135263671875 0.3466630859375 0.1312099609375 0.3524541015625 0.12918359375 0.35882421875 0.1254189453125 0.33537109375 0.1219443359375 0.32610546875 0.1132587890625 0.33102734375 0.111810546875 0.3440576171875 0.1034140625 0.3466630859375 0.0909638671875 0.346083984375 0.0750390625 0.3481103515625 0.0912529296875 0.3371083984375 0.10601953125 0.3185771484375 0.1219443359375 0.3120576171875 0.1181806640625 0.3094521484375 0.125998046875 0.29381640625 0.13902734375 0.2744169921875 0.1372900390625 0.268626953125 0.130341796875 0.2744169921875 0.113837890625 0.294685546875 0.1074677734375 0.28918359375 0.099939453125 0.294685546875 0.0793818359375 0.3051083984375 0.08719921875 0.292369140625 0.095017578125 0.278181640625 0.099939453125 0.2671787109375 0.0982021484375 0.2579130859375 0.0932802734375 0.25125390625 0.0843046875 0.245173828125 0.0770654296875 0.2448837890625 0.085751953125 0.2278359375 0.0840146484375 0.222044921875 0.0767763671875 0.23015234375 0.0640361328125 0.24462890625 0.0675107421875 0.23044140625 0.06780078125 0.2185703125 0.0617197265625 0.2191494140625 0.05621875 0.2269677734375 0.052455078125 0.23015234375 0.0452158203125 0.2269677734375 0.045794921875 0.2200185546875 0.043189453125 0.2139375 0.037109375 0.2203076171875 0.03508203125 0.2133583984375 0.0417412109375 0.195697265625 0.0484013671875 0.171375 0.0426103515625 0.1739814453125 0.0284228515625 0.1994609375 0.0333447265625 0.18295703125 0.03016015625 0.1622490234375 0.03044921875 0.15153515625 0.032765625 0.140822265625 0.021763671875 0.1347421875 0.0156826171875 0.130109375 0.022921875 0.126634765625 0.0437685546875 0.1399541015625 0.069248046875 0.1538515625 0.08198828125 0.154720703125 0.0947275390625 0.1602216796875 0.11296875 0.16572265625 0.108046875 0.159353515625 0.10109765625 0.1529833984375 0.0837255859375 0.1495087890625 0.0747490234375 0.148060546875 0.0295810546875 0.12316015625 0.035951171875 0.1191064453125 0.07735546875 0.101734375 0.103703125 0.0809990234375 0.13410546875 0.0445166015625 0.1320791015625 0.0422001953125 0.111521484375 0.056677734375 0.0779345703125 0.094896484375 0.038556640625 0.109953125 0.0840146484375 0.0501796875 0.108046875 0.0165927734375 0.1051513671875 0.01485546875 0.0825673828125 0.044099609375 0.0400048828125 0.097375 0.0272646484375 0.116501953125 0.0130771484375 0.123740234375 0.0177099609375 0.116501953125 0.0237900390625 0.111 0.0200263671875 0.1089736328125 0.0122080078125 0.114474609375 0.0035224609375 0.1246083984375 0.0023642578125 0.09420703125 0.0142353515625 0.076833984375 0.0203154296875 0.0736494140625 0.0249482421875 0.074228515625 0.0246591796875 0.069306640625 0.0200263671875 0.06612109375 0.0119189453125 0.0681484375 0 0.0779921875 0 0.7348564453125
0 0.4337734375 0.17649609375 0.43281640625 0.163669921875 0.3382509765625 0.1715185546875 0.339591796875 0.183578125 0.4337734375 0.17649609375
0 0.448896484375 0.3319345703125 0.447939453125 0.3171943359375 0.3491630859375 0.32427734375 0.3495458984375 0.340931640625 0.448896484375 0.3319345703125
0 0.46646484375 0.5038359375 0.4647421875 0.488138671875 0.3606484375 0.4956044921875 0.36198828125 0.5120673828125 0.46646484375 0.5038359375
0 0.481779296875 0.6885625 0.4802470703125 0.670185546875 0.372857421875 0.6795654296875 0.374580078125 0.6969853515625 0.481779296875 0.6885625
0 0.017267578125 0.699783203125 0.0166201171875 0.71597265625 0.1167744140625 0.710576171875 0.11655859375 0.6961142578125 0.017267578125 0.699783203125
0 0.0146591796875 0.5249453125 0.0146591796875 0.538759765625 0.1070615234375 0.5342275390625 0.1074931640625 0.51890234375 0.0146591796875 0.5249453125
0 0.0168173828125 0.3611162109375 0.0172490234375 0.3749306640625 0.10553125 0.363490234375 0.10639453125 0.350970703125 0.0168173828125 0.3611162109375
0 0.0222138671875 0.210453125 0.021134765625 0.2227568359375 0.10639453125 0.2119638671875 0.10704296875 0.199876953125 0.0222138671875 0.210453125
8 0.4779833984375 0 0.4786416015625 0.0034326171875 0.4681103515625 0.0129775390625 0.4457294921875 0.019888671875 0.426640625 0.01528125 0.4269697265625 0.0182431640625 0.447705078125 0.0241669921875 0.468439453125 0.020546875 0.4875283203125 0.0047490234375 0.4964140625 0.01659765625 0.5095791015625 0.04259765625 0.4980595703125 0.0416103515625 0.486541015625 0.040623046875 0.490490234375 0.045888671875 0.511224609375 0.049509765625 0.5148447265625 0.0623447265625 0.499705078125 0.0544462890625 0.4947685546875 0.05675 0.5178076171875 0.0801171875 0.5168193359375 0.09163671875 0.5168193359375 0.1048017578125 0.499046875 0.102498046875 0.4927939453125 0.1034853515625 0.5049716796875 0.1140166015625 0.47962890625 0.1041435546875 0.450337890625 0.080775390625 0.4289443359375 0.0577373046875 0.42269140625 0.0551044921875 0.4177548828125 0.0564208984375 0.4296025390625 0.075509765625 0.4651484375 0.1034853515625 0.4417802734375 0.1094091796875 0.4463876953125 0.1140166015625 0.458236328125 0.1140166015625 0.469755859375 0.1146748046875 0.4809453125 0.125865234375 0.4592236328125 0.1248779296875 0.4496796875 0.125865234375 0.4694267578125 0.1327763671875 0.4911484375 0.1334345703125 0.4908193359375 0.1538408203125 0.48456640625 0.1683212890625 0.4819326171875 0.180828125 0.47699609375 0.17161328125 0.4733759765625 0.180169921875 0.46284375 0.1689794921875 0.4572490234375 0.163384765625 0.4559326171875 0.1739169921875 0.4694267578125 0.1893857421875 0.4598818359375 0.1864228515625 0.45626171875 0.18477734375 0.4526416015625 0.1936640625 0.4236787109375 0.18971484375 0.4151220703125 0.1831318359375 0.4101845703125 0.17951171875 0.40985546875 0.1864228515625 0.383197265625 0.1683212890625 0.3815517578125 0.1623974609375 0.376943359375 0.1696376953125 0.3516015625 0.156802734375 0.3335 0.1370556640625 0.3216513671875 0.11500390625 0.3177021484375 0.0939404296875 0.312765625 0.0926240234375 0.313423828125 0.1087509765625 0.322638671875 0.13689453125 0.342056640625 0.161578125 0.321322265625 0.16026171875 0.330208984375 0.1707939453125 0.3525888671875 0.16519921875 0.371677734375 0.176388671875 0.3351455078125 0.18330078125 0.326259765625 0.1875791015625 0.332841796875 0.1915283203125 0.38648828125 0.183958984375 0.416109375 0.1974521484375 0.3996533203125 0.2129208984375 0.383197265625 0.2198330078125 0.36575390625 0.216212890625 0.3608173828125 0.2211494140625 0.3759560546875 0.2290478515625 0.3970205078125 0.2260859375 0.4187421875 0.2053515625 0.425982421875 0.2030478515625 0.44605859375 0.2056806640625 0.4378310546875 0.20930078125 0.442109375 0.213908203125 0.4611982421875 0.211275390625 0.46152734375 0.2185166015625 0.4351982421875 0.226744140625 0.4296025390625 0.2148955078125 0.424666015625 0.2116044921875 0.420716796875 0.2135791015625 0.42795703125 0.2303642578125 0.415451171875 0.23365625 0.4029443359375 0.22740234375 0.399982421875 0.2313515625 0.411830078125 0.24023828125 0.4332236328125 0.2359599609375 0.4496796875 0.2432001953125 0.457578125 0.2438583984375 0.4674521484375 0.2346435546875 0.4707431640625 0.2346435546875 0.4677783203125 0.2438583984375 0.4661328125 0.2606435546875 0.4697529296875 0.2599853515625 0.478638671875 0.2385927734375 0.488841796875 0.236947265625 0.49871484375 0.22871875 0.508259765625 0.2043642578125 0.5105634765625 0.1935029296875 0.5204375 0.185275390625 0.5428173828125 0.1796796875 0.5507158203125 0.175072265625 0.5648681640625 0.179021484375 0.57869140625 0.186591796875 0.590869140625 0.1856044921875 0.6046923828125 0.1816552734375 0.6046923828125 0.1941611328125 0.5925146484375 0.20666796875 0.5842861328125 0.2037060546875 0.563880859375 0.18330078125 0.5602607421875 0.185275390625 0.5836279296875 0.2126416015625 0.5938310546875 0.21362890625 0.6037041015625 0.210337890625 0.600083984375 0.231072265625 0.585931640625 0.232388671875 0.5763876953125 0.228439453125 0.5711220703125 0.23436328125 0.5698056640625 0.2429208984375 0.566513671875 0.24719921875 0.5694765625 0.2534521484375 0.5790205078125 0.26266796875 0.5902109375 0.280931640625 0.586919921875 0.2917919921875 0.5849443359375 0.2973876953125 0.58889453125 0.3079189453125 0.5872490234375 0.3322744140625 0.596134765625 0.34642578125 0.598109375 0.354654296875 0.5865908203125 0.350705078125 0.5796787109375 0.3530087890625 0.5744130859375 0.3467548828125 0.565197265625 0.330298828125 0.5500576171875 0.3148310546875 0.5434755859375 0.3135146484375 0.53985546875 0.318451171875 0.5395263671875 0.3306279296875 0.540513671875 0.3388564453125 0.548642578125 0.342138671875 0.5578583984375 0.357607421875 0.5581875 0.36715234375 0.56476953125 0.379658203125 0.570365234375 0.3934814453125 0.5759599609375 0.4175068359375 0.569048828125 0.4109248046875 0.564111328125 0.3974306640625 0.5555546875 0.3832783203125 0.54403515625 0.369126953125 0.53350390625 0.362873046875 0.525275390625 0.3668232421875 0.52593359375 0.3720888671875 0.5298828125 0.3799873046875 0.5364658203125 0.392494140625 0.535478515625 0.396443359375 0.536794921875 0.4017099609375 0.5437060546875 0.4063173828125 0.5371240234375 0.4168486328125 0.5390986328125 0.4227734375 0.5476552734375 0.4318955078125 0.5443642578125 0.4397939453125 0.54271875 0.4499970703125 0.547984375 0.456908203125 0.558845703125 0.464478515625 0.5650986328125 0.4707314453125 0.5581875 0.4733642578125 0.5578583984375 0.479947265625 0.567732421875 0.4931123046875 0.5753017578125 0.5010107421875 0.576947265625 0.5095673828125 0.58517578125 0.5118720703125 0.594390625 0.51417578125 0.594390625 0.520099609375 0.595048828125 0.5256943359375 0.6022900390625 0.53548828125 0.5980107421875 0.539109375 0.596365234375 0.54832421875 0.6006435546875 0.5512861328125 0.6049228515625 0.55852734375 0.598998046875 0.5641220703125 0.59833984375 0.571033203125 0.60097265625 0.575970703125 0.5970234375 0.580578125 0.598998046875 0.5881474609375 0.5881376953125 0.5861728515625 0.5841875 0.5917685546875 0.5848466796875 0.5986796875 0.5917578125 0.6029580078125 0.6042646484375 0.6022998046875 0.609201171875 0.6072373046875 0.6187451171875 0.611515625 0.628619140625 0.6088828125 0.63454296875 0.67074609375 0.6384931640625 0.6727216796875 0.6404677734375 0.676341796875 0.6355478515625 0.6849384765625 0.639880859375 0.7327919921875 0.6632060546875 0.7117998046875 0.737068359375 0.7040244140625 0.72929296875 0.648044921875 0.749119140625 0.6332724609375 0.7506748046875 0.627052734375 0.7635029296875 0.62899609375 0.77287109375 0.716556640625 0.7802119140625 0.7885087890625 0.7847900390625 0.7902255859375 0.7902255859375 0.85030859375 0.81626171875 0.8514521484375 0.808337890625 0.846740234375 0.8060791015625 0.830927734375 0.8030673828125 0.76955859375 0.8041962890625 0.74998046875 0.8121025390625 0.7544990234375 0.819255859375 0.7544990234375 0.83055078125 0.7593935546875 0.8354453125 0.8117265625 0.843728515625 0.88853125 0.838833984375 0.8930498046875 0.824568359375 0.9007998046875 0.827533203125 0.90503515625 0.845744140625 0.9067294921875 0.9185869140625 0.9109638671875 0.9533154296875 0.912234375 0.966083984375 1 1 1 1 0.520416015625 0.99781640625 0.5105439453125 0.9893544921875 0.4999658203125 0.979482421875 0.4957353515625 0.9505703125 0.3307255859375 0.9576220703125 0.3307255859375 0.9773671875 0.3201474609375 0.9858291015625 0.3229677734375 1 0.3257890625 1 0.1727666015625 0.979482421875 0.16289453125 0.9773671875 0.167125 0.99640625 0.1911015625 0.9752509765625 0.196037109375 0.967494140625 0.18193359375 0.9703154296875 0.1530224609375 0.96537890625 0.1480859375 0.95198046875 0.190396484375 0.9315302734375 0.18969140625 0.92236328125 0.19533203125 0.923068359375 0.2171923828125 0.9131962890625 0.2186025390625 0.904734375 0.20873046875 0.90614453125 0.193921875 0.9131962890625 0.1445595703125 0.92236328125 0.1234052734375 0.94775 0.1149423828125 1 0.1128271484375 0.9992265625 0.026796875 0.9851240234375 0.0211552734375 0.9801875 0.012693359375 0.9667890625 0.0105771484375 0.963263671875 0 0.8416611328125 0 0.831458984375 0.00888671875 0.8261923828125 0 0.7626728515625 0 0.7659638671875 0.0157978515625 0.7597099609375 0.01678515625 0.73798828125 0.034228515625 0.7416083984375 0.0131650390625 0.7383173828125 0.010861328125 0.721861328125 0.0707607421875 0.7277861328125 0.0727353515625 0.7330517578125 0.0500263671875 0.7685966796875 0.026330078125 0.778798828125 0.039494140625 0.809078125 0.1560029296875 0.8008505859375 0.155673828125 0.7873564453125 0.1471162109375 0.7610263671875 0.1421796875 0.724494140625 0.144154296875 0.720544921875 0.1122294921875 0.707708984375 0.0648369140625 0.7034306640625 0.0615458984375 0.7021142578125 0.0661533203125 0.7133046875 0.116837890625 0.71462109375 0.1451416015625 0.676443359375 0.1421796875 0.6767724609375 0.09939453125 0.6840126953125 0.0868876953125 0.6942158203125 0.0773427734375 0.6942158203125 0.073064453125 0.6833544921875 0.077671875 0.6892783203125 0.0595703125 0.7067216796875 0.043443359375 0.6912529296875 0.0460771484375 0.6886201171875 0.0309375 0.6794052734375 0.021392578125 0.677759765625 0.032912109375 0.679076171875 0.0473935546875 0.6652529296875 0.04146875 0.67841796875 0.0592412109375 0.667556640625 0.09182421875 0.6652529296875 0.1171669921875 0.65768359375 0.1431669921875 0.6484677734375 0.1069638671875 0.652087890625 0.0941279296875 0.6451767578125 0.0997236328125 0.6376064453125 0.082609375 0.633328125 0.0799765625 0.622796875 0.098736328125 0.6076572265625 0.1122294921875 0.597783203125 0.113546875 0.5967958984375 0.093798828125 0.6014033203125 0.0707607421875 0.597125 0.0687861328125 0.5806689453125 0.0773427734375 0.579681640625 0.06582421875 0.591201171875 0.057595703125 0.570466796875 0.06088671875 0.57244140625 0.0539755859375 0.5767197265625 0.04772265625 0.5645419921875 0.04772265625 0.5619091796875 0.0287744140625 0.5635546875 0.014623046875 0.5974541015625 0.0077109375 0.610619140625 0 0.6007451171875 0 0.55433984375 0.0073818359375 0.554998046875 0 0.5296552734375 0 0.542162109375 0.01396484375 0.5375546875 0.022521484375 0.53887109375 0.0370029296875 0.52340234375 0.0376611328125 0.5184658203125 0.02186328125 0.513857421875 0 0.4779833984375 0
8 0.862943359375 0.89504296875 0.8482587890625 0.8967509765625 0.8438193359375 0.890603515625 0.8264033203125 0.9022138671875 0.8291357421875 0.9046044921875 0.95412109375 0.9121171875 0.9612919921875 0.904263671875 0.9595849609375 0.8916279296875 0.9459248046875 0.8871884765625 0.9285087890625 0.8878720703125 0.9049462890625 0.8895791015625 0.86908984375 0.8916279296875 0.862943359375 0.89504296875
8 0.7745283203125 1 0.8293037109375 0.992025390625 0.823337890625 0.9828046875 0.8054384765625 0.974126953125 0.7750654296875 0.9708720703125 0.757166015625 0.9714150390625 0.7164873046875 0.9817197265625 0.6573671875 0.9800927734375 0.633501953125 0.9806357421875 0.6096376953125 0.9784658203125 0.5836025390625 0.988771484375 0.557025390625 1 0.7745283203125 1
6 0 1 0.554375 0.9986630859375 0.6092421875 0.97761328125 0.6347783203125 0.9786484375 0.71759765625 0.9803740234375 0.7562470703125 0.9703662109375 0.774201171875 0.96967578125 0.807673828125 0.9734716796875 0.8245830078125 0.98175390625 0.83044921875 0.9931416015625 0.79387109375 0.9996982421875 0.9650302734375 0.999353515625 0.952953125 0.9137734375 0.825962890625 0.9058359375 0.823892578125 0.899279296875 0.841146484375 0.8896171875 0.8632314453125 0.8913427734375 0.870478515625 0.889962890625 0.9467412109375 0.8854765625 0.9543330078125 0.8868564453125 0.951572265625 0.8523486328125 0.8609755859375 0.8578701171875 0.83371484375 0.86028515625 0.8078330078125 0.860630859375 0.8157705078125 0.8692578125 0.810939453125 0.8751240234375 0.8036923828125 0.8709833984375 0.7971357421875 0.874779296875 0.80127734375 0.914462890625 0.8154248046875 0.922400390625 0.8376376953125 0.928482421875 0.8052587890625 0.93876953125 0.7666337890625 0.945486328125 0.768732421875 0.949265625 0.6940009765625 0.957662109375 0.684529296875 0.9502744140625 0.59177734375 0.9582294921875 0.426984375 0.9676416015625 0.2035185546875 0.97145703125 0.20428125 0.97552734375 0.19510546875 0.974763671875 0.192052734375 0.968404296875 0.1439755859375 0.9699306640625 0.143212890625 0.97781640625 0 0.9765439453125 0 1
2 0.1165966796875 0 0.1186025390625 0.003037109375 0.1170986328125 0.0431279296875 0.051904296875 0.0651943359375 0.0010029296875 0.078232421875 0 0.0812138671875 0 0.9764638671875 0.142580078125 0.9766962890625 0.1435087890625 0.9697294921875 0.192970703125 0.9678720703125 0.1957568359375 0.9743740234375 0.20365234375 0.9746064453125 0.203193359375 0.9704833984375 0.4137353515625 0.9661123046875 0.4662783203125 0.963322265625 0.6026044921875 0.955734375 0.684544921875 0.949255859375 0.6951689453125 0.9574453125 0.7668857421875 0.94837109375 0.7666640625 0.9439443359375 0.8047314453125 0.9377470703125 0.835716796875 0.9300009765625 0.838373046875 0.92823046875 0.81601953125 0.921369140625 0.802296875 0.9131806640625 0.798091796875 0.874669921875 0.803625 0.8713505859375 0.8109287109375 0.8764404296875 0.81601953125 0.86847265625 0.799419921875 0.8534228515625 0.818896484375 0.8534228515625 0.818232421875 0.850767578125 0.8114140625 0.84904296875 0.8531484375 0.8456220703125 0.9492724609375 0.8339912109375 0.9230498046875 0.640595703125 0.7603046875 0.6515693359375 0.684966796875 0.69655078125 0.6861865234375 0.7056953125 0.66576171875 0.709353515625 0.6395400390625 0.7310107421875 0.63691015625 0.6836787109375 0.6397275390625 0.68217578125 0.6395400390625 0.67316015625 0.63653515625 0.669591796875 0.576333984375 0.1854990234375 0.587904296875 0.121361328125 0.605205078125 0.0265791015625 0.6054560546875 0.0175810546875 0.5981845703125 0.016578125 0.594423828125 0.0078017578125 0.573611328125 0.0110615234375 0.4474873046875 0.021341796875 0.3378828125 0.0118134765625 0.33412109375 0 0.1165966796875 0