2 1 0.320779296875 0.6190126953125 0.1575380859375 0.218025390625 0.0454873046875 0 0 0 1 0.6249921875 1 0.6216123046875 0.860380859375 0.6402041015625 0.8682734375 0.643583984375 0.9990615234375 1 1 1 0.320779296875
9 0.07271484375 0.7342958984375 0.215203125 0.74984765625 0.2185654296875 0.6094619140625 0.0777587890625 0.5905478515625 0.07271484375 0.7342958984375
9 0.219001953125 0.50037109375 0.221869140625 0.373486328125 0.0885322265625 0.3476787109375 0.0878154296875 0.3491123046875 0.081005859375 0.4777900390625 0.219001953125 0.50037109375
9 0.3583662109375 0.3007314453125 0.4758896484375 0.329708984375 0.4691279296875 0.2292509765625 0.3580439453125 0.197375 0.3583662109375 0.3007314453125
9 0.364521484375 0.5171611328125 0.493283203125 0.5371103515625 0.4890517578125 0.418021484375 0.3627080078125 0.3926318359375 0.364521484375 0.5171611328125
9 0.3702578125 0.757083984375 0.504056640625 0.76444140625 0.499560546875 0.6367861328125 0.3677373046875 0.6234599609375 0.3702578125 0.757083984375
9 0.2237802734375 1 0.2221787109375 0.866697265625 0.06965625 0.8594912109375 0.07045703125 1 0.2237802734375 1
9 0.5426689453125 1 0.538888671875 0.871546875 0.335177734375 0.8698662109375 0.3347578125 1 0.5426689453125 1
9 0.9103115234375 0.961765625 0.9067216796875 0.871123046875 0.8319345703125 0.8759091796875 0.8340283203125 0.969244140625 0.9103115234375 0.961765625
9 1 0.685439453125 0.9896845703125 0.686623046875 0.9490400390625 0.724900390625 0.9518017578125 0.783697265625 1 0.782513671875 1 0.685439453125
9 0.8147998046875 0.5907021484375 0.8861943359375 0.5975009765625 0.8762783203125 0.5048583984375 0.804044921875 0.488357421875 0.8147998046875 0.5907021484375
9 0.9421337890625 0.6168583984375 0.9934599609375 0.620322265625 0.9862177734375 0.5400263671875 0.9326875 0.52459765625 0.9421337890625 0.6168583984375
9 0.857599609375 0.3462705078125 0.7757548828125 0.3246455078125 0.7908095703125 0.422640625 0.872107421875 0.441802734375 0.857599609375 0.3462705078125
9 0.9654580078125 0.3866044921875 0.8988642578125 0.3631015625 0.9151357421875 0.458923828125 0.976607421875 0.4754970703125 0.9654580078125 0.3866044921875
0 0.5825615234375 0.3322138671875 0.5843896484375 0.3716845703125 0.77553125 0.4210234375 0.7715107421875 0.387400390625 0.77955078125 0.372416015625 0.77626171875 0.360720703125 0.7730302734375 0.35780078125 0.591693359375 0.3132490234375 0.5825615234375 0.3322138671875
0 0.63496484375 0.545830078125 0.668673828125 0.546478515625 0.7085419921875 0.55133984375 0.7471123046875 0.5620361328125 0.7428994140625 0.516333984375 0.6116279296875 0.491376953125 0.5892626953125 0.48294921875 0.5795390625 0.48294921875 0.583625 0.5481982421875 0.63496484375 0.545830078125
0 0.7112958984375 0.771798828125 0.7638134765625 0.7714921875 0.7601279296875 0.708224609375 0.649564453125 0.7039248046875 0.593974609375 0.69716796875 0.5970458984375 0.76903515625 0.7112958984375 0.771798828125
8 1 0.999640625 0.9997666015625 0.89808984375 0.978189453125 0.90462890625 0.955529296875 0.908376953125 0.9506689453125 0.897125 0.9506689453125 0.8789130859375 0.9561318359375 0.870171875 0.95762109375 0.8566318359375 0.94801953125 0.834228515625 0.9505087890625 0.8050703125 0.95691015625 0.779822265625 0.9508642578125 0.7606201171875 0.953712890625 0.7263544921875 0.9996953125 0.6884619140625 1 0.6138203125 0.9758369140625 0.5941103515625 0.944462890625 0.5856630859375 0.9327978515625 0.5643447265625 0.92073046875 0.5571044921875 0.90303125 0.545439453125 0.882919921875 0.53658984375 0.8892724609375 0.600708984375 0.848505859375 0.60390625 0.838513671875 0.6063037109375 0.8165322265625 0.60030859375 0.8261240234375 0.6226904296875 0.8253232421875 0.6313916015625 0.8312626953125 0.65901171875 0.8193837890625 0.6566357421875 0.8146318359375 0.6503984375 0.811068359375 0.6509931640625 0.8095830078125 0.66108984375 0.80601953125 0.6670302734375 0.7994853515625 0.6637626953125 0.7982978515625 0.6420830078125 0.790873046875 0.64030078125 0.7870615234375 0.6461904296875 0.7845810546875 0.6671416015625 0.782375 0.670173828125 0.772451171875 0.6654873046875 0.7603212890625 0.6781689453125 0.755634765625 0.692228515625 0.75012109375 0.6856123046875 0.7487421875 0.6759638671875 0.7473642578125 0.6552880859375 0.7410234375 0.6552880859375 0.7341318359375 0.6740341796875 0.73590234375 0.686806640625 0.7482392578125 0.7051728515625 0.7587861328125 0.7069306640625 0.7611298828125 0.7086884765625 0.7634736328125 0.7538056640625 0.7634736328125 0.7710908203125 0.7540986328125 0.7822236328125 0.7690400390625 0.7860322265625 0.7866181640625 0.7754853515625 0.80739453125 0.7652333984375 0.8232353515625 0.772056640625 0.82372265625 0.7818046875 0.83639453125 0.7991083984375 0.844193359375 0.7998388671875 0.8494072265625 0.7961826171875 0.852224609375 0.802130859375 0.8528515625 0.8068271484375 0.85097265625 0.810583984375 0.8431455078125 0.816845703125 0.8443974609375 0.827177734375 0.8669404296875 0.8462763671875 0.88008984375 0.8631826171875 0.890685546875 0.90871875 0.91238671875 0.9447861328125 0.9088955078125 0.960216796875 0.8242744140625 0.9719697265625 0.8109541015625 0.9841142578125 0.8042939453125 1 0.914220703125 0.9988876953125 1 0.999640625
9 0.078802734375 0.2429287109375 0.1523359375 0.2588212890625 0.1541015625 0.241162109375 0.085861328125 0.22703515625 0.078802734375 0.2429287109375
9 0.9675087890625 0.90371875 0.9992236328125 0.8956728515625 0.999669921875 0.853658203125 0.95914453125 0.8524619140625 0.9675087890625 0.90371875