5 1 0.668810546875 0.6701796875 0.6490859375 0.274482421875 0.6140732421875 0.2585771484375 0.6154130859375 0.2534052734375 0.6898828125 0.2130673828125 0.707466796875 0.206529296875 0.9387685546875 0.206529296875 0.9881767578125 0.2073251953125 0.9996015625 0.3310849609375 1 0.350125 0.981619140625 0.395609375 0.9604638671875 0.495255859375 0.9423896484375 0.641626953125 0.9423896484375 0.6366142578125 0.963443359375 0.6456376953125 0.969458984375 0.6989638671875 0.9704306640625 0.7953720703125 0.9158828125 0.9323740234375 0.9082724609375 0.9374482421875 0.9247626953125 0.951583984375 0.9390302734375 1 0.9377744140625 1 0.668810546875
9 0.61013671875 0.3826181640625 0.606373046875 0.2832568359375 0.3868876953125 0.2396796875 0.3837587890625 0.3421328125 0.61013671875 0.3826181640625
9 0.6079169921875 0.616359375 0.60851953125 0.510818359375 0.3787412109375 0.481267578125 0.3769326171875 0.5910302734375 0.6079169921875 0.616359375
9 0.686412109375 0.62709765625 0.8099501953125 0.636916015625 0.8075498046875 0.5620380859375 0.687025390625 0.5466181640625 0.686412109375 0.62709765625
0 0.6836474609375 0.4795732421875 0.900353515625 0.506783203125 0.91104296875 0.4965791015625 0.909099609375 0.432927734375 0.9056982421875 0.4285546875 0.68024609375 0.3848251953125 0.6836474609375 0.4795732421875
0 0.879638671875 0.3176943359375 0.888748046875 0.309154296875 0.891025390625 0.293212890625 0.88533203125 0.242541015625 0.6672724609375 0.182759765625 0.671828125 0.263607421875 0.879638671875 0.3176943359375
0 0.8531943359375 0.1433837890625 0.862390625 0.1433837890625 0.8665703125 0.13711328125 0.8590458984375 0.0794248046875 0.64869140625 0.001826171875 0.655884765625 0.0773349609375 0.8531943359375 0.1433837890625
9 0.59830078125 0.1661298828125 0.5942353515625 0.089455078125 0.391509765625 0.0389189453125 0.38860546875 0.11966015625 0.59830078125 0.1661298828125
0 0.9196923828125 0.663775390625 0.919462890625 0.6371142578125 0.9167685546875 0.632384765625 0.685341796875 0.6131279296875 0.6833056640625 0.6486494140625 0.9196923828125 0.663775390625
9 0.683748046875 0.4689814453125 0.8000966796875 0.485716796875 0.7957138671875 0.3661796875 0.677373046875 0.3394833984375 0.683748046875 0.4689814453125
9 0.96255078125 0.17418359375 0.960970703125 0.1631240234375 0.96966015625 0.1639140625 0.95544140625 0.133896484375 0.94833203125 0.1070380859375 0.876841796875 0.0845244140625 0.8871103515625 0.1457451171875 0.96255078125 0.17418359375
9 0.9686669921875 0.25525 0.901478515625 0.2349921875 0.9102568359375 0.3025185546875 0.9757578125 0.321087890625 0.9686669921875 0.25525
9 1 0.5841865234375 0.9360869140625 0.5762568359375 0.9393916015625 0.659193359375 0.9998583984375 0.6621669921875 1 0.5841865234375
9 0.9904228515625 0.4145048828125 0.9224599609375 0.3978681640625 0.930955078125 0.4746806640625 0.9978564453125 0.48883984375 0.9904228515625 0.4145048828125
0 0.1288837890625 0.5010908203125 0.1599931640625 0.5077578125 0.167771484375 0.414427734375 0.12555078125 0.414427734375 0.091107421875 0.4588701171875 0.091107421875 0.529978515625 0.1288837890625 0.5010908203125
0 0.18264453125 0.223484375 0.1508798828125 0.21554296875 0.1111748046875 0.2665927734375 0.1047119140625 0.3608994140625 0.1148779296875 0.357849609375 0.11589453125 0.3385341796875 0.1508798828125 0.2870126953125 0.1792412109375 0.2994912109375 0.18264453125 0.223484375
0 0.166337890625 0.0470498046875 0.1325947265625 0.1078818359375 0.1325947265625 0.1639609375 0.160634765625 0.114060546875 0.1948525390625 0.12023828125 0.200080078125 0.0575048828125 0.166337890625 0.0470498046875
0 0 0.632138671875 0.1531181640625 0.64478125 0.1538203125 0.6145791015625 0 0.5977216796875 0 0.632138671875
2 0.8183759765625 0 0.146099609375 0.0030439453125 0 0.32263671875 0 0.9109609375 0.0623701171875 0.951146484375 0.100376953125 0.9725869140625 0.1276640625 0.976484375 0.20075390625 1 0.2082685546875 0.70563671875 0.2505048828125 0.687431640625 0.25623828125 0.613302734375 0.27229296875 0.6113759765625 0.4293369140625 0.6244892578125 0.64883203125 0.6458564453125 0.8487568359375 0.6591787109375 0.920486328125 0.6638740234375 0.9377998046875 0.66433203125 0.9794921875 0.66708984375 1 0.6689453125 0.9995146484375 0.0707529296875 0.8490390625 0 0.8183759765625 0
9 0.057470703125 0.3254365234375 0.0495078125 0.3417080078125 0.04569921875 0.387408203125 0.0540087890625 0.3735595703125 0.057470703125 0.3254365234375
9 0.15943359375 0.5411474609375 0.144548828125 0.5520634765625 0.139255859375 0.630787109375 0.153810546875 0.6317802734375 0.15943359375 0.5411474609375
6 0.1933232421875 1 0.127927734375 0.978294921875 0.09888671875 0.975333984375 0.00121484375 0.9151669921875 0 1 0.1933232421875 1
6 1 0.9387958984375 0.9866357421875 0.939251953125 0.9508798828125 0.93950390625 0.94533984375 0.9366240234375 0.935068359375 0.936001953125 0.93632421875 0.9271162109375 0.9308828125 0.910373046875 0.852611328125 0.915396484375 0.7964619140625 0.916572265625 0.763912109375 0.93656640625 0.7340654296875 0.9531904296875 0.70061328125 0.9718369140625 0.656724609375 0.9727119140625 0.6455009765625 0.970984375 0.6357158203125 0.964078125 0.6400322265625 0.943357421875 0.5765859375 0.94620703125 0.49943359375 0.9449072265625 0.452068359375 0.952701171875 0.399306640625 0.9628935546875 0.357337890625 0.98148046875 0.333955078125 1 1 1 1 0.9387958984375