5 0.529265625 0.8722099609375 0.532697265625 0.961412109375 0.7210595703125 0.9537412109375 0.7960625 0.947775390625 0.989189453125 0.9359609375 0.9929482421875 0.9332861328125 0.9827197265625 0.7764599609375 0.779869140625 0.7960625 0.4781494140625 0.813109375 0.48126171875 0.8718037109375 0.529265625 0.8722099609375
9 0.46897265625 0.0166201171875 0.4681201171875 0.0605126953125 0.547169921875 0.048154296875 0.547169921875 0.00660546875 0.46897265625 0.0166201171875
9 0.6470595703125 0.0377119140625 0.6459248046875 0 0.5636962890625 0.0039697265625 0.5653974609375 0.047919921875 0.6470595703125 0.0377119140625
9 0.76672265625 0.1766005859375 0.758388671875 0.0996103515625 0.6671123046875 0.1075478515625 0.671875 0.184537109375 0.76672265625 0.1766005859375
9 0.7831201171875 0.330236328125 0.77315234375 0.243560546875 0.679109375 0.2530947265625 0.6847431640625 0.3363037109375 0.7831201171875 0.330236328125
9 0.7982890625 0.5014228515625 0.7887548828125 0.40651171875 0.689943359375 0.4169130859375 0.6960107421875 0.51008984375 0.7982890625 0.5014228515625
9 0.8071162109375 0.5840966796875 0.701765625 0.5925927734375 0.7081376953125 0.69539453125 0.81348828125 0.6864736328125 0.8071162109375 0.5840966796875
9 0.441927734375 0.2107705078125 0.44130078125 0.136123046875 0.3556748046875 0.149609375 0.352224609375 0.2204931640625 0.441927734375 0.2107705078125
9 0.350970703125 0.2885546875 0.3490048828125 0.3730458984375 0.4419658203125 0.3650322265625 0.438791015625 0.277890625 0.350970703125 0.2885546875
9 0.348203125 0.446373046875 0.345798828125 0.5377314453125 0.44036328125 0.5313203125 0.438359375 0.435955078125 0.348203125 0.446373046875
9 0.35301171875 0.62067578125 0.35020703125 0.716841796875 0.4467744140625 0.71083203125 0.4447705078125 0.6150654296875 0.35301171875 0.62067578125
9 0.0513681640625 0.6012939453125 0.052224609375 0.58074609375 0.0378125 0.574896484375 0.037384765625 0.5911630859375 0.0513681640625 0.6012939453125
9 0.082046875 0.6145634765625 0.083044921875 0.594873046875 0.0683486328125 0.5894501953125 0.067634765625 0.608427734375 0.082046875 0.6145634765625
9 0 0.6772060546875 0.016984375 0.679232421875 0.017763671875 0.6440166015625 0 0.637783203125 0 0.6772060546875
9 0 0.6183056640625 0.0190107421875 0.6259404296875 0.019166015625 0.60272265625 0 0.5933740234375 0 0.6183056640625
9 0.0955439453125 0.6655478515625 0.09605859375 0.64050390625 0.0770185546875 0.6332998046875 0.0770185546875 0.6597158203125 0.0955439453125 0.6655478515625
9 0.095201171875 0.6935078125 0.095201171875 0.6861318359375 0.077361328125 0.6813291015625 0.077361328125 0.692650390625 0.095201171875 0.6935078125
9 0.1322734375 0.672623046875 0.1322734375 0.654423828125 0.123830078125 0.651234375 0.123642578125 0.6707470703125 0.1322734375 0.672623046875
8 0 0.99415234375 0.0192646484375 0.9961591796875 0.0634140625 0.9985673828125 0.11237890625 1 0.14890234375 0.9985673828125 0.15371875 0.99415234375 0.146494140625 0.990138671875 0.134453125 0.9869287109375 0.1143857421875 0.9861259765625 0.0915087890625 0.9837177734375 0.03491796875 0.9748876953125 0.0264892578125 0.972880859375 0.0152509765625 0.9692685546875 0 0.9636494140625 0 0.99415234375
8 0.2775390625 1 0.340921875 0.9992373046875 0.343322265625 0.9982763671875 0.3390009765625 0.994435546875 0.33371875 0.99011328125 0.3269970703125 0.9896337890625 0.3274765625 0.9805107421875 0.3241162109375 0.9704267578125 0.3241162109375 0.9646650390625 0.32171484375 0.880154296875 0.3265166015625 0.8023662109375 0.325556640625 0.7716357421875 0.32795703125 0.76347265625 0.33516015625 0.7620322265625 0.3361201171875 0.7557900390625 0.33516015625 0.747146484375 0.33516015625 0.7337021484375 0.337560546875 0.7212177734375 0.34668359375 0.7087333984375 0.3615693359375 0.6895263671875 0.3802958984375 0.69384765625 0.3927802734375 0.6880859375 0.3961416015625 0.6808828125 0.40382421875 0.68232421875 0.4167890625 0.684244140625 0.42879296875 0.68856640625 0.4431982421875 0.684244140625 0.4460791015625 0.6741611328125 0.4532822265625 0.6554345703125 0.46720703125 0.652552734375 0.4787314453125 0.646310546875 0.4854951171875 0.6379140625 0.4971005859375 0.6239873046875 0.504064453125 0.620892578125 0.5133486328125 0.620119140625 0.5245673828125 0.6139296875 0.54584375 0.619732421875 0.555515625 0.6228271484375 0.55667578125 0.6189580078125 0.550486328125 0.6139296875 0.540427734375 0.609673828125 0.521859375 0.60232421875 0.5183779296875 0.597681640625 0.5133486328125 0.596134765625 0.5083193359375 0.596521484375 0.5013564453125 0.60387109375 0.4897509765625 0.6108349609375 0.4858828125 0.608900390625 0.4854951171875 0.60387109375 0.4901376953125 0.5945869140625 0.499421875 0.5876240234375 0.5098671875 0.5841416015625 0.5179912109375 0.57911328125 0.5237939453125 0.5713759765625 0.5292099609375 0.56305859375 0.5377197265625 0.562865234375 0.5547412109375 0.5609306640625 0.5640263671875 0.5578359375 0.5659599609375 0.5535810546875 0.562478515625 0.5485517578125 0.55744921875 0.5477783203125 0.551259765625 0.54545703125 0.551259765625 0.538880859375 0.5562890625 0.533078125 0.561705078125 0.527275390625 0.5675078125 0.5187646484375 0.570904296875 0.5013310546875 0.571763671875 0.488447265625 0.5734814453125 0.47441796875 0.5706181640625 0.4712685546875 0.5677548828125 0.472126953125 0.5648916015625 0.4758486328125 0.557734375 0.487587890625 0.5502900390625 0.494458984375 0.545708984375 0.494458984375 0.537978515625 0.4907373046875 0.535115234375 0.48415234375 0.5368330078125 0.4606748046875 0.536546875 0.4503671875 0.5348291015625 0.4443544921875 0.5333974609375 0.439630859375 0.5405556640625 0.42889453125 0.5431318359375 0.4191591796875 0.5434189453125 0.4122880859375 0.539982421875 0.4088525390625 0.536546875 0.407134765625 0.5333974609375 0.406275390625 0.5296865234375 0.4068603515625 0.5267744140625 0.42194921875 0.5222744140625 0.420095703125 0.5262451171875 0.387271484375 0.5262451171875 0.3679482421875 0.5225390625 0.3666240234375 0.5188330078125 0.3679482421875 0.5148623046875 0.3780068359375 0.51221484375 0.4023603515625 0.4995087890625 0.412154296875 0.4862734375 0.4208896484375 0.4775380859375 0.421419921875 0.474361328125 0.4182431640625 0.4759501953125 0.4108310546875 0.4862734375 0.3968017578125 0.4950087890625 0.384625 0.4997734375 0.372712890625 0.506126953125 0.357888671875 0.508509765625 0.348359375 0.5079794921875 0.344388671875 0.503744140625 0.343330078125 0.500568359375 0.348888671875 0.4955380859375 0.358947265625 0.4860087890625 0.3650361328125 0.4854794921875 0.3536533203125 0.4815087890625 0.3565654296875 0.474361328125 0.359212890625 0.4725087890625 0.3531240234375 0.4685380859375 0.349947265625 0.4645673828125 0.351271484375 0.4595380859375 0.3486240234375 0.4592734375 0.3369765625 0.458744140625 0.330888671875 0.4510673828125 0.326388671875 0.446302734375 0.3332705078125 0.442369140625 0.315880859375 0.4499990234375 0.3140166015625 0.46548046875 0.300208984375 0.4661083984375 0.2935146484375 0.4648525390625 0.287865234375 0.4669453125 0.2790791015625 0.4686181640625 0.2700830078125 0.464015625 0.2738486328125 0.4589951171875 0.2811708984375 0.456275390625 0.285982421875 0.452091796875 0.2916318359375 0.445396484375 0.2991630859375 0.443513671875 0.2991630859375 0.4424677734375 0.2901669921875 0.4401669921875 0.2782421875 0.4347275390625 0.2734306640625 0.4330537109375 0.27029296875 0.4330537109375 0.2627607421875 0.430125 0.2587861328125 0.4253134765625 0.259623046875 0.428033203125 0.253974609375 0.4255224609375 0.2514638671875 0.420919921875 0.2508369140625 0.4200830078125 0.2456064453125 0.420919921875 0.23765625 0.42112890625 0.235146484375 0.4183564453125 0.2276630859375 0.41543359375 0.224224609375 0.411650390625 0.224568359375 0.4095869140625 0.2280068359375 0.4078681640625 0.2354013671875 0.4056328125 0.23815234375 0.401849609375 0.242794921875 0.39755078125 0.2414189453125 0.39703515625 0.23780859375 0.4006455078125 0.224568359375 0.401849609375 0.217001953125 0.3989267578125 0.2121875 0.39823828125 0.212359375 0.3947998046875 0.216314453125 0.393251953125 0.22164453125 0.3908447265625 0.2292109375 0.389640625 0.2305859375 0.3831435546875 0.2273603515625 0.37893359375 0.2215302734375 0.37893359375 0.2144052734375 0.37472265625 0.2105185546875 0.3743994140625 0.2050126953125 0.37828515625 0.1972392578125 0.3779619140625 0.1901142578125 0.3760185546875 0.1865517578125 0.380228515625 0.174568359375 0.376341796875 0.174244140625 0.3756943359375 0.174244140625 0.36047265625 0.1978876953125 0.3591767578125 0.1826650390625 0.36047265625 0.174568359375 0.365330078125 0.158375 0.3630634765625 0.1457431640625 0.3663017578125 0.1373232421875 0.372779296875 0.138294921875 0.3854111328125 0.1444482421875 0.3980419921875 0.152220703125 0.40840625 0.156107421875 0.4177978515625 0.1574033203125 0.4349638671875 0.1606416015625 0.4398212890625 0.163232421875 0.4437080078125 0.1648525390625 0.4437080078125 0.1622607421875 0.4288095703125 0.15448828125 0.4165029296875 0.149306640625 0.40451953125 0.14671484375 0.3944794921875 0.1428291015625 0.369216796875 0.128578125 0.3685693359375 0.1240439453125 0.373103515625 0.1185380859375 0.391564453125 0.1110888671875 0.4181220703125 0.0997529296875 0.43787890625 0.0799970703125 0.4641328125 0.0503056640625 0.466228515625 0.041921875 0.463234375 0.041921875 0.4494599609375 0.055396484375 0.4449677734375 0.0616845703125 0.4159228515625 0.0895322265625 0.408392578125 0.0943955078125 0.3949619140625 0.1018095703125 0.3704072265625 0.1122900390625 0.3802890625 0.096419921875 0.4075380859375 0.063181640625 0.43089453125 0.0356337890625 0.4410751953125 0.017068359375 0.4411689453125 0.012455078125 0.4362841796875 0.015271484375 0.387416015625 0.076369140625 0.366439453125 0.1071787109375 0.3602265625 0.115583984375 0.35423828125 0.118578125 0.3452548828125 0.123369140625 0.3473505859375 0.1191767578125 0.3560341796875 0.112888671875 0.354537109375 0.1101943359375 0.35064453125 0.10989453125 0.3464521484375 0.1122900390625 0.3365712890625 0.1263642578125 0.33417578125 0.1257646484375 0.3317802734375 0.1110927734375 0.3350732421875 0.0991142578125 0.337169921875 0.0892333984375 0.344056640625 0.0775546875 0.35333984375 0.0742607421875 0.358130859375 0.07156640625 0.357232421875 0.06797265625 0.35244140625 0.066775390625 0.3473505859375 0.06976953125 0.3419609375 0.07336328125 0.335373046875 0.0775546875 0.3311806640625 0.07665625 0.325791015625 0.0751591796875 0.322197265625 0.07665625 0.3183046875 0.0748603515625 0.315787109375 0.07076171875 0.312830078125 0.066748046875 0.3105068359375 0.0673818359375 0.309873046875 0.0682265625 0.311140625 0.0741416015625 0.3109287109375 0.0785771484375 0.3077607421875 0.078154296875 0.3064931640625 0.0741416015625 0.3054365234375 0.0629462890625 0.3035361328125 0.0532294921875 0.3007900390625 0.049427734375 0.2982548828125 0.049638671875 0.29698828125 0.0519619140625 0.29698828125 0.055341796875 0.2978330078125 0.0602001953125 0.2982548828125 0.0629462890625 0.2982548828125 0.06526953125 0.295931640625 0.0701279296875 0.2936083984375 0.066537109375 0.29170703125 0.060833984375 0.2883271484375 0.0530185546875 0.284314453125 0.043724609375 0.2824130859375 0.0403447265625 0.287482421875 0.038021484375 0.28875 0.0386552734375 0.2893837890625 0.0420341796875 0.29191796875 0.0435126953125 0.296142578125 0.043724609375 0.2997333984375 0.0416123046875 0.3007900390625 0.035486328125 0.2995224609375 0.0329521484375 0.29719921875 0.03147265625 0.293396484375 0.0316845703125 0.2895947265625 0.032740234375 0.287693359375 0.03147265625 0.2855810546875 0.0291494140625 0.2828359375 0.029783203125 0.281568359375 0.03126171875 0.276076171875 0.032529296875 0.2726962890625 0.032318359375 0.2724853515625 0.0289384765625 0.2737529296875 0.0247138671875 0.2756533203125 0.017109375 0.28008984375 0.012462890625 0.2828359375 0.010984375 0.287060546875 0.0116171875 0.2895947265625 0.0116171875 0.2910732421875 0.0080263671875 0.2952978515625 0.00823828125 0.2993115234375 0.00866015625 0.30311328125 0.007392578125 0.3052255859375 0.0002109375 0 0 0 0.43049609375 0.0106875 0.42519140625 0.0018583984375 0.4465673828125 0 0.4563251953125 0.00046484375 0.4577197265625 0.006505859375 0.454001953125 0.0213759765625 0.4228681640625 0.0250927734375 0.4354150390625 0.029275390625 0.4395966796875 0.040892578125 0.4349501953125 0.040892578125 0.4214736328125 0.052044921875 0.4154326171875 0.05762109375 0.407998046875 0.0613388671875 0.3973095703125 0.0669150390625 0.3931279296875 0.0748154296875 0.394521484375 0.0799267578125 0.3856923828125 0.08271484375 0.3736103515625 0.0906142578125 0.373146484375 0.100373046875 0.3675693359375 0.1078076171875 0.3629228515625 0.1171015625 0.360599609375 0.1259306640625 0.3633876953125 0.11663671875 0.3736103515625 0.105484375 0.3926630859375 0.1036259765625 0.4047451171875 0.1040908203125 0.417755859375 0.1092021484375 0.4289091796875 0.1212841796875 0.4372734375 0.13104296875 0.4372734375 0.1421953125 0.4386669921875 0.146841796875 0.448890625 0.147771484375 0.4637607421875 0.1403359375 0.4758427734375 0.135689453125 0.4823486328125 0.135689453125 0.490712890625 0.1329013671875 0.49721875 0.12871875 0.49582421875 0.1208193359375 0.48513671875 0.111525390625 0.489318359375 0.1087373046875 0.49675390625 0.1014775390625 0.502109375 0.0991318359375 0.5161875 0.0938525390625 0.52674609375 0.0903330078125 0.5243994140625 0.08974609375 0.4950712890625 0.0815341796875 0.49096484375 0.0762548828125 0.4880322265625 0.0674560546875 0.4739541015625 0.0580712890625 0.463982421875 0.055724609375 0.463982421875 0.05337890625 0.4686748046875 0.0580712890625 0.4798193359375 0.06100390625 0.496244140625 0.051619140625 0.4933115234375 0.048685546875 0.503283203125 0.055724609375 0.5150146484375 0.05396484375 0.5243994140625 0.0475126953125 0.5220537109375 0.0428203125 0.51970703125 0.0398876953125 0.5243994140625 0.04340625 0.5314384765625 0.0475126953125 0.5373046875 0.0475126953125 0.5478623046875 0.052205078125 0.5590078125 0.06100390625 0.5724990234375 0.0545517578125 0.5830576171875 0.0492724609375 0.5848173828125 0.03930078125 0.5865771484375 0.0316748046875 0.5854033203125 0.0246357421875 0.5883369140625 0.022876953125 0.5977216796875 0.0246357421875 0.607693359375 0.0310888671875 0.6141455078125 0.037541015625 0.6176650390625 0.0475126953125 0.6205986328125 0.0563115234375 0.6205986328125 0.0492724609375 0.6299833984375 0.0439931640625 0.628810546875 0.037541015625 0.6258779296875 0.0328486328125 0.6258779296875 0.0310888671875 0.635849609375 0.0369541015625 0.6428876953125 0.0428203125 0.6475810546875 0.0475126953125 0.6493408203125 0.0527919921875 0.6522734375 0.0633505859375 0.6534462890625 0.073322265625 0.6534462890625 0.080361328125 0.6546201171875 0.0815341796875 0.6516865234375 0.08270703125 0.6581396484375 0.08916015625 0.6622451171875 0.0973720703125 0.668697265625 0.0920927734375 0.673390625 0.0920927734375 0.6769091796875 0.0956123046875 0.6833623046875 0.0973720703125 0.6904013671875 0.0563115234375 0.69216015625 0.04633984375 0.6874677734375 0.0387138671875 0.68453515625 0.0283701171875 0.6840146484375 0.0190810546875 0.6853955078125 0.0112978515625 0.6877802734375 0 0.6923701171875 0.0008017578125 0.73163671875 0.0057783203125 0.7293212890625 0.00459375 0.694720703125 0.0346298828125 0.6943671875 0.045583984375 0.6989609375 0.0445244140625 0.730763671875 0.1848115234375 0.72723046875 0.182337890625 0.698607421875 0.1879912109375 0.70426171875 0.1943525390625 0.7060283203125 0.2063662109375 0.7049677734375 0.2169677734375 0.7127421875 0.21944140625 0.7247568359375 0.227921875 0.72723046875 0.2426494140625 0.75370703125 0.25707421875 0.77173828125 0.2699541015625 0.818619140625 0.2761357421875 0.864470703125 0.2781962890625 0.995326171875 0.2524375 0.99275 0.232345703125 0.9932646484375 0.2261611328125 0.993474609375 0.217998046875 0.9953955078125 0.2165576171875 0.9987568359375 0.223759765625 1 0.2775390625 1
8 0.814216796875 0 0.8102568359375 0.0053994140625 0.804498046875 0.0100791015625 0.79405859375 0.0151181640625 0.7847001953125 0.0165576171875 0.7764208984375 0.0165576171875 0.770662109375 0.0165576171875 0.7616630859375 0.015837890625 0.77426171875 0.0237568359375 0.78866015625 0.02159765625 0.8102568359375 0.0165576171875 0.8221357421875 0.003599609375 0.81565625 0.01727734375 0.821775390625 0.01691796875 0.8322138671875 0.0190771484375 0.838693359375 0.032755859375 0.8415732421875 0.0406748046875 0.840853515625 0.04139453125 0.8354541015625 0.0431943359375 0.82789453125 0.0431943359375 0.823935546875 0.0435546875 0.82789453125 0.0464345703125 0.836533203125 0.04859375 0.848412109375 0.05111328125 0.84733203125 0.0626318359375 0.841212890625 0.0611923828125 0.834013671875 0.0575927734375 0.8358134765625 0.061912109375 0.8426533203125 0.06803125 0.850572265625 0.0730703125 0.8538115234375 0.0824296875 0.85453125 0.0928681640625 0.85453125 0.1000673828125 0.8494921875 0.105466796875 0.8430126953125 0.1047470703125 0.8358134765625 0.1047470703125 0.8304140625 0.1061865234375 0.83761328125 0.1159052734375 0.8224951171875 0.1112255859375 0.807017578125 0.1018671875 0.7904599609375 0.0903486328125 0.77426171875 0.0770302734375 0.763462890625 0.064072265625 0.7533837890625 0.054712890625 0.755904296875 0.061912109375 0.7699423828125 0.0795498046875 0.79621875 0.102947265625 0.7918994140625 0.105466796875 0.78433984375 0.10690625 0.7800205078125 0.1101455078125 0.7821806640625 0.1123056640625 0.79873828125 0.10906640625 0.8055771484375 0.10942578125 0.8066572265625 0.113025390625 0.8062978515625 0.1180654296875 0.812056640625 0.124904296875 0.8062978515625 0.12634375 0.8012578125 0.12634375 0.7918994140625 0.12382421875 0.787939453125 0.1277841796875 0.7915390625 0.132462890625 0.804498046875 0.134623046875 0.8257353515625 0.1313828125 0.8260947265625 0.146861328125 0.82321484375 0.16269921875 0.817095703125 0.1731376953125 0.8109765625 0.1796171875 0.8066572265625 0.178537109375 0.802337890625 0.1767373046875 0.79621875 0.1706181640625 0.7918994140625 0.1670185546875 0.7915390625 0.1698984375 0.79621875 0.178537109375 0.8062978515625 0.1893359375 0.7969384765625 0.1896962890625 0.792619140625 0.1893359375 0.7904599609375 0.185736328125 0.782900390625 0.195455078125 0.7595029296875 0.1911357421875 0.7242275390625 0.1778173828125 0.717388671875 0.1731376953125 0.7177490234375 0.17205859375 0.7152294921875 0.163779296875 0.7094697265625 0.168458984375 0.690392578125 0.1601796875 0.67743359375 0.1511806640625 0.671314453125 0.1425419921875 0.663755859375 0.1313828125 0.6572763671875 0.120224609375 0.651876953125 0.1040263671875 0.6464775390625 0.088728515625 0.6489970703125 0.113025390625 0.6551162109375 0.1313828125 0.6648359375 0.1475810546875 0.67959375 0.159099609375 0.668794921875 0.1619794921875 0.6608759765625 0.1631494140625 0.6587158203125 0.1670185546875 0.663755859375 0.1695380859375 0.670955078125 0.1680986328125 0.6839130859375 0.163779296875 0.6889521484375 0.164859375 0.702630859375 0.1727783203125 0.70658984375 0.1767373046875 0.697951171875 0.1788974609375 0.688232421875 0.1814169921875 0.6777939453125 0.1839365234375 0.670955078125 0.18465625 0.664115234375 0.1850166015625 0.661775390625 0.1875361328125 0.664115234375 0.1900556640625 0.6788740234375 0.1922158203125 0.7058701171875 0.1839365234375 0.7137890625 0.1796171875 0.7213486328125 0.1839365234375 0.7314267578125 0.1900556640625 0.7375458984375 0.194375 0.746544921875 0.195455078125 0.748705078125 0.1997744140625 0.7407861328125 0.21129296875 0.7303466796875 0.2188525390625 0.7206279296875 0.222091796875 0.7119892578125 0.2213720703125 0.7058701171875 0.2202919921875 0.697951171875 0.2188525390625 0.697951171875 0.223171875 0.709830078125 0.227130859375 0.73070703125 0.22353125 0.7479853515625 0.2087734375 0.758783203125 0.20157421875 0.763462890625 0.20121484375 0.7728212890625 0.2022939453125 0.77426171875 0.207693359375 0.77462109375 0.2091337890625 0.7785810546875 0.2130927734375 0.7865 0.217412109375 0.782900390625 0.22101171875 0.773716796875 0.22445703125 0.7705478515625 0.224193359375 0.7663232421875 0.22181640625 0.7623623046875 0.2157431640625 0.75813671875 0.21257421875 0.7547041015625 0.2120458984375 0.7557607421875 0.2146865234375 0.75945703125 0.22181640625 0.76341796875 0.2300029296875 0.76077734375 0.2313232421875 0.7520634765625 0.2339638671875 0.745197265625 0.2342275390625 0.739388671875 0.2326435546875 0.735955078125 0.2313232421875 0.7335791015625 0.2326435546875 0.7367470703125 0.2366044921875 0.743349609375 0.238716796875 0.7536474609375 0.2395087890625 0.767115234375 0.2339638671875 0.7705478515625 0.2352841796875 0.7784697265625 0.240037109375 0.7861279296875 0.2408291015625 0.7887685546875 0.24294140625 0.7924658203125 0.243998046875 0.7993310546875 0.236076171875 0.8019716796875 0.2405654296875 0.8017080078125 0.249279296875 0.799859375 0.2550888671875 0.8001240234375 0.2582578125 0.802236328125 0.257994140625 0.80461328125 0.254560546875 0.80857421875 0.2405654296875 0.811126953125 0.2375888671875 0.81587890625 0.2375888671875 0.82276953125 0.23592578125 0.8275205078125 0.2295107421875 0.8329853515625 0.2195322265625 0.8415390625 0.20242578125 0.8429638671875 0.193634765625 0.847953125 0.1872197265625 0.8543681640625 0.1827060546875 0.8686240234375 0.180330078125 0.8764638671875 0.1791416015625 0.883591796875 0.1743896484375 0.889056640625 0.175578125 0.8995107421875 0.1812802734375 0.8940595703125 0.184283203125 0.896765625 0.18909375 0.9021767578125 0.1975107421875 0.91089453125 0.207431640625 0.9193125 0.213744140625 0.93434375 0.2122412109375 0.931037109375 0.2260703125 0.9262265625 0.2314814453125 0.9163056640625 0.23268359375 0.907888671875 0.2317822265625 0.9057841796875 0.2362919921875 0.903078125 0.2405 0.9027783203125 0.2474150390625 0.908189453125 0.2543291015625 0.914802734375 0.2621455078125 0.9187109375 0.2705625 0.9241220703125 0.3285830078125 0.9247236328125 0.335498046875 0.930435546875 0.3445166015625 0.9325400390625 0.35473828125 0.929533203125 0.35353515625 0.921716796875 0.349626953125 0.918109375 0.3520322265625 0.92712890625 0.372474609375 0.9250244140625 0.3787880859375 0.922619140625 0.373076171875 0.9178095703125 0.3628544921875 0.9136005859375 0.3559404296875 0.9048818359375 0.341810546875 0.8952626953125 0.327982421875 0.8874462890625 0.320166015625 0.8823349609375 0.316859375 0.8763232421875 0.316859375 0.87421875 0.319263671875 0.8754208984375 0.3294853515625 0.876923828125 0.335798828125 0.8826357421875 0.3439150390625 0.8859423828125 0.3490263671875 0.8913544921875 0.358044921875 0.893158203125 0.364357421875 0.8985693359375 0.373376953125 0.9021767578125 0.3817939453125 0.91059375 0.40584375 0.9093916015625 0.4163662109375 0.9063857421875 0.4154638671875 0.9024775390625 0.4079482421875 0.8937587890625 0.3926162109375 0.884439453125 0.380291015625 0.877525390625 0.372775390625 0.869107421875 0.3673642578125 0.862193359375 0.364658203125 0.8600888671875 0.366162109375 0.861591796875 0.37578125 0.8676044921875 0.38359765625 0.869408203125 0.39111328125 0.8724150390625 0.402837890625 0.87421875 0.4088505859375 0.8724150390625 0.418470703125 0.8763232421875 0.4265869140625 0.88053125 0.4353056640625 0.88053125 0.4419189453125 0.8823349609375 0.4500361328125 0.8859423828125 0.4572509765625 0.891654296875 0.4641650390625 0.8913544921875 0.4716806640625 0.8961640625 0.4840068359375 0.9051826171875 0.493626953125 0.9093916015625 0.501744140625 0.9172080078125 0.512265625 0.9253251953125 0.516775390625 0.9280302734375 0.524291015625 0.9319384765625 0.5405244140625 0.93344140625 0.54894140625 0.9316376953125 0.5627705078125 0.9322392578125 0.576900390625 0.93344140625 0.58080859375 0.9289326171875 0.5880234375 0.923521484375 0.5892255859375 0.9202138671875 0.5928330078125 0.9247236328125 0.5976435546875 0.937650390625 0.6003486328125 0.9436630859375 0.605759765625 0.952681640625 0.60966796875 0.960197265625 0.60966796875 0.9638046875 0.620791015625 0.963203125 0.644541015625 0.9665107421875 0.6782109375 0.967412109375 0.68482421875 0.9698173828125 0.69233984375 0.97162109375 0.7133837890625 0.97162109375 0.722703125 0.9734248046875 0.7290166015625 0.9764306640625 0.7308203125 0.983646484375 0.76869921875 0.9842470703125 0.7957548828125 0.9914765625 0.8951416015625 0.9938701171875 0.931341796875 0.9878544921875 0.9800390625 0.9851494140625 0.983345703125 0.9731240234375 0.9854501953125 0.960498046875 0.9848486328125 0.9472705078125 0.9842470703125 0.9361474609375 0.9842470703125 0.92592578125 0.98575 0.9199130859375 0.9875546875 0.914201171875 0.9923642578125 0.9008779296875 1 1 1 0.9989033203125 0.936357421875 0.9908564453125 0.827359375 1 0.7562958984375 1 0.714388671875 1 0.37856640625 0.997439453125 0.39246484375 0.993416015625 0.3957568359375 0.9941474609375 0.40453515625 0.989392578125 0.4019755859375 0.985369140625 0.3913681640625 0.9798828125 0.3822236328125 0.97695703125 0.3738115234375 0.9765908203125 0.359546875 0.97695703125 0.348939453125 0.97293359375 0.3471103515625 0.9681787109375 0.3493046875 0.9667158203125 0.3562548828125 0.9641552734375 0.3617412109375 0.959400390625 0.3606435546875 0.9572060546875 0.34637890625 0.9561083984375 0.3361376953125 0.9579375 0.3185810546875 0.952451171875 0.305779296875 0.9458671875 0.2959033203125 0.94184375 0.2831015625 0.940380859375 0.27103125 0.943306640625 0.266642578125 0.9451357421875 0.26115625 0.940380859375 0.253474609375 0.943306640625 0.24798828125 0.9480615234375 0.23884375 0.9506220703125 0.230431640625 0.9535478515625 0.234455078125 0.9590341796875 0.2392099609375 0.9619609375 0.238478515625 0.9645205078125 0.237380859375 0.9645205078125 0.2340888671875 0.9619609375 0.229333984375 0.962326171875 0.2267744140625 0.965984375 0.22384765625 0.9700078125 0.211412109375 0.9718359375 0.2106806640625 0.9780546875 0.2136064453125 0.9868330078125 0.2205556640625 0.9941474609375 0.2260419921875 1 0.22787109375 1 0.1346015625 1 0.1265546875 0.9967080078125 0.1265546875 0.9941474609375 0.140087890625 0.9908564453125 0.1422822265625 0.9879296875 0.1367958984375 0.980875 0.1112255859375 0.9855546875 0.105826171875 0.984474609375 0.0964677734375 0.9815947265625 0.0971875 0.9754755859375 0.0943076171875 0.972236328125 0.0845888671875 0.9689970703125 0.083509765625 0.965037109375 0.08494921875 0.96359765625 0.0881884765625 0.9592783203125 0.0953876953125 0.9524384765625 0.10438671875 0.94416015625 0.1112255859375 0.9387607421875 0.1115859375 0.931921875 0.1083466796875 0.931201171875 0.096828125 0.9326416015625 0.0845888671875 0.933361328125 0.0727109375 0.9301220703125 0.0651513671875 0.923642578125 0.0629921875 0.922203125 0.056873046875 0.9182431640625 0.0554326171875 0.9078046875 0.0539931640625 0.9078046875 0.052193359375 0.906724609375 0.0489541015625 0.8984453125 0.044634765625 0.89592578125 0.0406748046875 0.89556640625 0.035275390625 0.8962861328125 0.02663671875 0.8988056640625 0.018357421875 0.9009658203125 0.01187890625 0.9229228515625 0.008279296875 0.9362412109375 0.003599609375 0.9427197265625 0 0.9081640625 0 0.814216796875 0
4 0.2865771484375 0.8615927734375 0.246625 0.86541796875 0.2442451171875 0.9341396484375 0.206759765625 0.9344375 0.2052724609375 0.9454443359375 0.18861328125 0.944849609375 0.187720703125 0.967162109375 0.245583984375 0.9695419921875 0.3393779296875 0.9701376953125 0.3393779296875 0.9743544921875 0.3532333984375 0.97294921875 0.3538359375 0.96752734375 0.3960078125 0.9693349609375 0.395806640625 0.97495703125 0.4504287109375 0.9759609375 0.450830078125 0.9677275390625 0.4646865234375 0.96612109375 0.4656904296875 0.97154296875 0.46830078125 0.9721455078125 0.4699072265625 0.9777685546875 0.4747265625 0.9773671875 0.4733212890625 0.963109375 0.5293486328125 0.961904296875 0.52975 0.9723466796875 0.53075390625 0.9745556640625 0.533365234375 0.973751953125 0.53216015625 0.9602978515625 0.5283447265625 0.8733447265625 0.461396484375 0.8707333984375 0.4619248046875 0.8551416015625 0.3275166015625 0.86097265625 0.2865771484375 0.8615927734375
3 0.000384765625 0.9266416015625 0.008078125 0.9254873046875 0.013462890625 0.9270263671875 0.014232421875 0.936642578125 0.0165400390625 0.9416435546875 0.0219970703125 0.948009765625 0.1857900390625 0.9562607421875 0.1838662109375 0.7343125 0.181943359375 0.6854609375 0 0.69276953125 0.000384765625 0.9266416015625
6 0.9000322265625 1 0.912091796875 0.99168359375 0.9173173828125 0.9876640625 0.9265625 0.984849609375 0.9257587890625 0.9715849609375 0.9265625 0.968369140625 0.9325927734375 0.968369140625 0.9370146484375 0.9816337890625 0.9727900390625 0.9836435546875 0.9840458984375 0.9820361328125 0.9864580078125 0.97841796875 0.9904775390625 0.946259765625 0.99135546875 0.9381533203125 0.53432421875 0.9630048828125 0.535197265625 0.973482421875 0.532578125 0.97435546875 0.5290849609375 0.9739189453125 0.5282119140625 0.9638779296875 0.475390625 0.9647509765625 0.4758271484375 0.9774111328125 0.469279296875 0.97784765625 0.4679697265625 0.972609375 0.4636044921875 0.97086328125 0.4636044921875 0.9682431640625 0.451818359375 0.9682431640625 0.4509453125 0.9765380859375 0.3941943359375 0.9739189453125 0.394630859375 0.969990234375 0.355779296875 0.9704267578125 0.354033203125 0.97435546875 0.337880859375 0.975228515625 0.336134765625 0.9712998046875 0.325658203125 0.9712998046875 0.3287138671875 0.982212890625 0.3278408203125 0.9870146484375 0.3356982421875 0.989197265625 0.3452255859375 0.99941796875 0.40321875 1 0.4019267578125 0.9899541015625 0.4025732421875 0.985431640625 0.403865234375 0.984138671875 0.4070966796875 0.9834931640625 0.411619140625 0.985431640625 0.4167890625 0.9990009765625 0.569505859375 1 0.568359375 0.989181640625 0.5691240234375 0.986888671875 0.5714169921875 0.985359375 0.576767578125 0.9861240234375 0.5786787109375 0.989181640625 0.5786787109375 0.9987373046875 0.634166015625 0.9989267578125 0.6349990234375 0.995595703125 0.6395791015625 0.9951787109375 0.642494140625 0.99601171875 0.6449921875 0.999759765625 0.7454052734375 0.9986982421875 0.7454052734375 0.984224609375 0.7449228515625 0.978435546875 0.74830078125 0.977470703125 0.753125 0.979400390625 0.75408984375 1 0.8346611328125 0.9982158203125 0.8336962890625 0.9876025390625 0.8341787109375 0.983259765625 0.8361083984375 0.98277734375 0.84286328125 0.983259765625 0.842380859375 1 0.9000322265625 1
6 0.1869521484375 0.957646484375 0.025919921875 0.9496494140625 0.01819921875 0.9479951171875 0.0173720703125 0.965642578125 0.0330888671875 0.973638671875 0.113103515625 0.9847587890625 0.110576171875 0.9645390625 0.11183984375 0.9626435546875 0.1165791015625 0.96201171875 0.120685546875 0.963591796875 0.1225810546875 0.9768603515625 0.1254248046875 0.97780859375 0.1301640625 0.9781240234375 0.13269140625 0.985390625 0.1488037109375 0.9898134765625 0.154806640625 0.9951845703125 0.1488037109375 0.999923828125 0.21609765625 0.999607421875 0.217044921875 0.9967646484375 0.218625 0.9942373046875 0.23126171875 0.9913935546875 0.2451630859375 0.9901298828125 0.2448466796875 0.9872861328125 0.24453125 0.9746494140625 0.248005859375 0.9733857421875 0.253376953125 0.97528125 0.256220703125 0.991708984375 0.2764404296875 0.9939208984375 0.276755859375 0.971173828125 0.1863994140625 0.9676982421875 0.1863994140625 0.9604326171875 0.1869521484375 0.957646484375
7 1 0.711400390625 0.9732841796875 0.73709375 1 0.753830078125 1 0.711400390625
7 1 0.753830078125 0.9784697265625 0.776458984375 1 0.7903662109375 1 0.753830078125
2 0.4527470703125 0 0.451052734375 0.044033203125 0.3702705078125 0.0706005859375 0.3062734375 0.0832978515625 0.2338623046875 0.0983642578125 0.1979130859375 0.1042900390625 0.1990986328125 0.1098203125 0.1884326171875 0.1121904296875 0.187642578125 0.1185107421875 0.1979130859375 0.131546875 0.22003515625 0.1639404296875 0.2378125 0.1860625 0.2338623046875 0.23188671875 0.230306640625 0.251638671875 0.2069990234375 0.257564453125 0.20739453125 0.3057587890625 0.219640625 0.317609375 0.2287265625 0.309708984375 0.2231962890625 0.4021474609375 0.204234375 0.40254296875 0.196728515625 0.4021474609375 0.1959384765625 0.4053076171875 0.199494140625 0.4092578125 0.1979130859375 0.4538974609375 0.218060546875 0.47009375 0.2188505859375 0.498537109375 0.214900390625 0.5589775390625 0.1931728515625 0.5605576171875 0.1947529296875 0.6138876953125 0.218060546875 0.6217880859375 0.2160849609375 0.648650390625 0.203048828125 0.64391015625 0.19554296875 0.6431201171875 0.1927783203125 0.63758984375 0.18290234375 0.6340341796875 0.1682861328125 0.62573828125 0.1121904296875 0.6036162109375 0.092833984375 0.5799140625 0.093228515625 0.56766796875 0.092833984375 0.55858203125 0.087302734375 0.55858203125 0.08216796875 0.5621376953125 0.080982421875 0.5826796875 0.0734765625 0.5818896484375 0.0738720703125 0.570828125 0.0647861328125 0.572408203125 0.062810546875 0.5822841796875 0.0541201171875 0.581494140625 0.0553056640625 0.5743837890625 0.0359482421875 0.5649033203125 0.0209365234375 0.5668779296875 0 0.5546318359375 0.0003955078125 0.6917099609375 0.18260546875 0.684490234375 0.184296875 0.710416015625 0.187396484375 0.9437451171875 0.2045859375 0.9434638671875 0.207404296875 0.933037109375 0.2424736328125 0.9318828125 0.2460751953125 0.8642626953125 0.295146484375 0.8607373046875 0.4626884765625 0.8549052734375 0.4626884765625 0.870541015625 0.4805263671875 0.870541015625 0.4776630859375 0.81240234375 0.7593603515625 0.79641015625 0.9784873046875 0.7748857421875 0.9957783203125 0.7537138671875 0.9735478515625 0.7392470703125 0.9731943359375 0.732189453125 0.9682548828125 0.68173046875 0.972841796875 0.6799658203125 0.9724892578125 0.6743203125 0.9679013671875 0.6736142578125 0.9640205078125 0.6347998046875 0.949552734375 0.5007119140625 0.9520224609375 0.497888671875 0.9520224609375 0.4911845703125 0.9499052734375 0.4911845703125 0.928734375 0.3299267578125 0.9312041015625 0.3263974609375 0.930498046875 0.320751953125 0.926263671875 0.3189873046875 0.9068564453125 0.1640810546875 0.91920703125 0.124560546875 0.925205078125 0.0924501953125 0.9364970703125 0.0257587890625 0.9364970703125 0.0187021484375 0.92979296875 0.0176435546875 0.928734375 0.0112919921875 0.9259111328125 0.00952734375 0.9206181640625 0.0102333984375 0.9110908203125 0.0109384765625 0.89090234375 0.0171728515625 0.76694140625 0.0217626953125 0.715287109375 0.0165185546875 0.6694013671875 0.0123232421875 0.6667802734375 0 0.4527470703125 0
0 0.205330078125 0.2440400390625 0.2046572265625 0.2588505859375 0.2295654296875 0.2551474609375 0.22990234375 0.2403369140625 0.205330078125 0.2440400390625
0 0.2039833984375 0.38878125 0.203310546875 0.401572265625 0.2224970703125 0.4002255859375 0.2224970703125 0.3874345703125 0.2039833984375 0.38878125
0 0.1938857421875 0.5426103515625 0.1918662109375 0.55809375 0.2137451171875 0.5577578125 0.217111328125 0.5426103515625 0.1938857421875 0.5426103515625