9 0.5657275390625 0.4180029296875 0.5655205078125 0.4439990234375 0.57604296875 0.4450302734375 0.57625 0.46628125 0.6127685546875 0.470201171875 0.61235546875 0.423779296875 0.5657275390625 0.4180029296875
9 0.5665751953125 0.521455078125 0.5649248046875 0.557955078125 0.5768466796875 0.5586884765625 0.5768466796875 0.5748291015625 0.6212333984375 0.5784970703125 0.62068359375 0.52695703125 0.5665751953125 0.521455078125
9 0.666884765625 0.5337451171875 0.669591796875 0.5814521484375 0.710701171875 0.584666015625 0.7091787109375 0.5372978515625 0.666884765625 0.5337451171875
9 0.663501953125 0.428857421875 0.6645166015625 0.4801171875 0.7144228515625 0.4851923828125 0.71374609375 0.437484375 0.663501953125 0.428857421875
9 0.6448759765625 0.3294091796875 0.645529296875 0.3727646484375 0.67472265625 0.378646484375 0.67472265625 0.3352919921875 0.6448759765625 0.3294091796875
9 0.8733857421875 0.3780322265625 0.875755859375 0.4177314453125 0.9089375 0.42217578125 0.905974609375 0.385142578125 0.8733857421875 0.3780322265625
9 0.7561396484375 0.445828125 0.7561396484375 0.48623046875 0.78784375 0.475568359375 0.8015341796875 0.476259765625 0.8012060546875 0.452298828125 0.7561396484375 0.445828125
9 0.826640625 0.4591328125 0.8288994140625 0.4807216796875 0.8587724609375 0.4859931640625 0.8582705078125 0.4631494140625 0.826640625 0.4591328125
9 0.90982421875 0.47150390625 0.9110625 0.493048828125 0.917005859375 0.4940390625 0.915767578125 0.472494140625 0.90982421875 0.47150390625
9 0.938814453125 0.476900390625 0.93900390625 0.498146484375 0.972201171875 0.5023193359375 0.9718212890625 0.48183203125 0.938814453125 0.476900390625
9 0.7905732421875 0.546134765625 0.791560546875 0.5791083984375 0.8053818359375 0.578318359375 0.804591796875 0.547517578125 0.7905732421875 0.546134765625
9 0.82942578125 0.5476953125 0.830796875 0.580255859375 0.8657568359375 0.58333984375 0.8664423828125 0.5504375 0.82942578125 0.5476953125
9 0.915951171875 0.55373828125 0.9167421875 0.5872431640625 0.928349609375 0.5872431640625 0.927822265625 0.5547939453125 0.915951171875 0.55373828125
9 0.9803291015625 0.5904033203125 0.979349609375 0.56123828125 0.94283203125 0.5592783203125 0.943322265625 0.5879521484375 0.9803291015625 0.5904033203125
9 0.999525390625 0.6884951171875 1 0.64527734375 0.968720703125 0.64527734375 0.9698701171875 0.6887255859375 0.999525390625 0.6884951171875
9 0.9119404296875 0.642978515625 0.912400390625 0.688265625 0.944583984375 0.687576171875 0.944353515625 0.6436689453125 0.9119404296875 0.642978515625
9 0.85611328125 0.6884453125 0.8550830078125 0.66475 0.846326171875 0.6616591796875 0.846326171875 0.6426005859375 0.819025390625 0.6415703125 0.819025390625 0.6871572265625 0.85611328125 0.6884453125
9 0.7442451171875 0.6382197265625 0.7457216796875 0.686064453125 0.7858876953125 0.686359375 0.7850009765625 0.640287109375 0.7442451171875 0.6382197265625
9 0.6101455078125 0.6331533203125 0.6110302734375 0.6835927734375 0.6579306640625 0.684478515625 0.65614453125 0.6357197265625 0.6101455078125 0.6331533203125
9 0.5271435546875 0.629927734375 0.528662109375 0.6832705078125 0.5785361328125 0.6843544921875 0.576583984375 0.6323125 0.5271435546875 0.629927734375
9 0.4380087890625 0.6249130859375 0.4396982421875 0.6804560546875 0.494185546875 0.68151171875 0.4929189453125 0.6272353515625 0.4380087890625 0.6249130859375
9 0.441958984375 0.5097666015625 0.441716796875 0.548998046875 0.5238125 0.554810546875 0.522359375 0.5180009765625 0.441958984375 0.5097666015625
9 0.5238125 0.4385693359375 0.5226015625 0.4109619140625 0.4397802734375 0.396673828125 0.4392958984375 0.4264609375 0.5238125 0.4385693359375
9 0.4194384765625 0.3940390625 0.419201171875 0.4386650390625 0.43700390625 0.4298828125 0.4372412109375 0.396650390625 0.4194384765625 0.3940390625
9 0.41848828125 0.5101142578125 0.418013671875 0.5573515625 0.4367666015625 0.5511796875 0.4372412109375 0.5108271484375 0.41848828125 0.5101142578125
9 0.30346484375 0.65757421875 0.3044853515625 0.636744140625 0.2967255859375 0.6379697265625 0.2971337890625 0.657166015625 0.30346484375 0.65757421875
9 0.30346484375 0.5773173828125 0.3040771484375 0.5440302734375 0.297337890625 0.5468896484375 0.2961123046875 0.5787470703125 0.30346484375 0.5773173828125
9 0.303873046875 0.47684375 0.306119140625 0.4451904296875 0.3004013671875 0.4482529296875 0.2989716796875 0.47908984375 0.303873046875 0.47684375
9 0.2678935546875 0.6574306640625 0.26808984375 0.64463671875 0.262775390625 0.646408203125 0.2615947265625 0.657626953125 0.2678935546875 0.6574306640625
9 0.2474150390625 0.65611328125 0.2472705078125 0.6496103515625 0.244236328125 0.650765625 0.244091796875 0.65596875 0.2474150390625 0.65611328125
9 0.270361328125 0.4934853515625 0.2713671875 0.4671025390625 0.264833984375 0.4706201171875 0.2630751953125 0.496751953125 0.270361328125 0.4934853515625
9 0.2660390625 0.589484375 0.266931640625 0.55910546875 0.262017578125 0.562009765625 0.260677734375 0.5903779296875 0.2660390625 0.589484375
9 0.3442451171875 0.3514775390625 0.34540234375 0.326599609375 0.33990625 0.3306494140625 0.339328125 0.3503203125 0.3442451171875 0.3514775390625
0 0.305509765625 0.33409375 0.1806640625 0.424123046875 0.1813681640625 0.44135546875 0.3073662109375 0.3495673828125 0.352732421875 0.35625 0.352732421875 0.3474580078125 0.305509765625 0.33409375
0 0.441001953125 0.4299912109375 0.5742880859375 0.44853515625 0.575736328125 0.437525390625 0.439263671875 0.4189814453125 0.416373046875 0.432599609375 0.4172421875 0.44158203125 0.441001953125 0.4299912109375
0 0.443609375 0.5522666015625 0.5757724609375 0.5621181640625 0.5763525390625 0.55023828125 0.4392998046875 0.540966796875 0.4158515625 0.5484150390625 0.4166630859375 0.5615390625 0.443609375 0.5522666015625
0 1 0.581732421875 0.7918193359375 0.5699892578125 0.7593837890625 0.5754091796875 0.75878125 0.58715234375 0.7955166015625 0.582033203125 1 0.5955830078125 1 0.581732421875
0 0.78941015625 0.479056640625 0.999359375 0.5133818359375 1 0.4986279296875 0.789189453125 0.4676142578125 0.7529765625 0.4778515625 0.75267578125 0.4898955078125 0.78941015625 0.479056640625
0 0 0.651279296875 0.3561982421875 0.66226171875 0.35667578125 0.6049638671875 0.353634765625 0.60114453125 0 0.592072265625 0 0.651279296875
7 0.651798828125 0.8520048828125 0.6676044921875 0.8525068359375 0.670615234375 0.8502490234375 0.668859375 0.788986328125 0.6640927734375 0.7827138671875 0.661583984375 0.7721767578125 0.668859375 0.7656533203125 0.6746298828125 0.7556181640625 0.6758837890625 0.740314453125 0.6736259765625 0.730529296875 0.6635908203125 0.7197412109375 0.652802734375 0.7202431640625 0.6457783203125 0.722751953125 0.639505859375 0.7317841796875 0.63674609375 0.7423212890625 0.6392548828125 0.7561201171875 0.6457783203125 0.76519921875 0.6535556640625 0.7709697265625 0.651798828125 0.784015625 0.648287109375 0.7907890625 0.650544921875 0.848744140625 0.651798828125 0.8520048828125
7 0.8698095703125 0.8272158203125 0.8745419921875 0.8272158203125 0.87628515625 0.8244755859375 0.8675673828125 0.6634482421875 0.8767841796875 0.660458984375 0.8752890625 0.6049130859375 0.8436552734375 0.6118876953125 0.8488857421875 0.6645625 0.8595966796875 0.66555859375 0.8692490234375 0.8241787109375 0.8698095703125 0.8272158203125
8 0.743328125 0.710732421875 0.61765234375 0.71880859375 0.486951171875 0.723458984375 0.451462890625 0.7278642578125 0.4984541015625 0.759435546875 0.52684375 0.7787705078125 0.5542548828125 0.779015625 0.5542548828125 0.7633515625 0.554744140625 0.74719921875 0.561841796875 0.743283203125 0.620580078125 0.743283203125 0.6328173828125 0.751115234375 0.6367333984375 0.752828125 0.63575390625 0.7427939453125 0.6389765625 0.7313154296875 0.6451669921875 0.7223740234375 0.652388671875 0.7194501953125 0.66442578125 0.7187626953125 0.6742275390625 0.730111328125 0.676462890625 0.7407724609375 0.6762900390625 0.7491982421875 0.688791015625 0.7495419921875 0.688103515625 0.7758515625 0.865189453125 0.7651904296875 0.8646748046875 0.75698828125 0.7667783203125 0.7126904296875 0.743328125 0.710732421875
8 0.8723125 0.735859375 0.9043359375 0.758701171875 1 0.7517587890625 0.9990615234375 0.7177197265625 0.8715654296875 0.72018359375 0.8723125 0.735859375
1 0.126505859375 0.726736328125 0.12246875 0.72965234375 0.1099072265625 0.7585869140625 0.107888671875 0.77922265625 0.1146181640625 0.803447265625 0.1208984375 0.8068115234375 0.1287490234375 0.80636328125 0.1314404296875 0.8029990234375 0.1810107421875 0.8009794921875 0.180787109375 0.8081572265625 0.184599609375 0.8101767578125 0.19491796875 0.8090546875 0.19873046875 0.8043447265625 0.20075 0.800306640625 0.2027685546875 0.796044921875 0.2032548828125 0.785876953125 0.2032548828125 0.7724560546875 0.19982421875 0.7557548828125 0.2059384765625 0.754412109375 0.2080263671875 0.7524736328125 0.2066845703125 0.7485966796875 0.2042841796875 0.747005859375 0.1955615234375 0.747005859375 0.1917236328125 0.739330078125 0.184396484375 0.728775390625 0.18191015625 0.7256787109375 0.1579697265625 0.7248935546875 0.13030078125 0.725875 0.126505859375 0.726736328125
1 0.262759765625 0.7512587890625 0.2606318359375 0.7812578125 0.2633984375 0.797853515625 0.2706318359375 0.803810546875 0.275525390625 0.8025341796875 0.2810576171875 0.8055126953125 0.284673828125 0.8182783203125 0.2908447265625 0.82040625 0.305099609375 0.8195556640625 0.3185029296875 0.8125341796875 0.3674384765625 0.8116826171875 0.3704169921875 0.8161513671875 0.3791396484375 0.8155126953125 0.3859482421875 0.813384765625 0.3887138671875 0.7995556640625 0.389453125 0.7789052734375 0.384564453125 0.765869140625 0.37614453125 0.756091796875 0.3743798828125 0.7512041015625 0.3708486328125 0.7494384765625 0.364423828125 0.7489482421875 0.354775390625 0.737892578125 0.3397001953125 0.7280439453125 0.3302529296875 0.72583203125 0.3093486328125 0.7250283203125 0.3061318359375 0.7232197265625 0.30492578125 0.726033203125 0.2806044921875 0.7274404296875 0.2755791015625 0.7314609375 0.2678662109375 0.741046875 0.262759765625 0.7512587890625
6 1 1 0.9999599609375 0.7878212890625 0.87774609375 0.80466015625 0.878103515625 0.8275888671875 0.8687890625 0.8275888671875 0.8666396484375 0.805734375 0.67102734375 0.821498046875 0.671744140625 0.8515927734375 0.650609375 0.8528828125 0.647099609375 0.8235224609375 0.35235546875 0.842388671875 0.0001650390625 0.8370439453125 0 1 1 1
2 1 0.34907421875 0.48885546875 0.23456640625 0.2859609375 0.199455078125 0.2133896484375 0.3883310546875 0.2056474609375 0.40355859375 0.179419921875 0.422037109375 0.179419921875 0.440515625 0.1779296875 0.468830078125 0.190447265625 0.47151171875 0.188361328125 0.489978515625 0.2005810546875 0.4947470703125 0.197998046875 0.5962314453125 0 0.5911181640625 0 0.778658203125 0.1073603515625 0.78105859375 0.1095478515625 0.757666015625 0.1223388671875 0.72855078125 0.1290703125 0.7251845703125 0.1804130859375 0.72451171875 0.1827685546875 0.7251845703125 0.196064453125 0.7462216796875 0.20515234375 0.7460537109375 0.2080126953125 0.7490830078125 0.2090224609375 0.7524482421875 0.20596875 0.75572265625 0.200478515625 0.7574267578125 0.2035078125 0.772193359375 0.2038857421875 0.78506640625 0.2050224609375 0.7856337890625 0.2608681640625 0.784876953125 0.2612470703125 0.7646201171875 0.26276171875 0.7492861328125 0.26692578125 0.740388671875 0.2796103515625 0.7267587890625 0.30356640625 0.7248291015625 0.31024609375 0.723447265625 0.3309755859375 0.7245986328125 0.339037109375 0.726671875 0.3558505859375 0.7370361328125 0.3646025390625 0.747861328125 0.3705908203125 0.747861328125 0.3742763671875 0.7501650390625 0.3768095703125 0.7559228515625 0.38519140625 0.764810546875 0.3907646484375 0.7775947265625 0.389912109375 0.789779296875 0.4123115234375 0.7947568359375 0.460427734375 0.8080302734375 0.5464853515625 0.8118056640625 0.6301767578125 0.809220703125 0.689353515625 0.8074970703125 0.875865234375 0.7899736328125 1 0.7779091796875 1 0.34907421875
4 0 0.836388671875 0.2849287109375 0.8406376953125 0.4543955078125 0.8351142578125 0.649 0.82279296875 0.6485751953125 0.80962109375 0.54769921875 0.8123828125 0.46015234375 0.808771484375 0.3896416015625 0.790416015625 0.389216796875 0.799650390625 0.3863515625 0.8135537109375 0.3790283203125 0.815994140625 0.3702119140625 0.8164189453125 0.367240234375 0.812173828125 0.3182490234375 0.813197265625 0.3055126953125 0.8198837890625 0.2908662109375 0.8208388671875 0.28428515625 0.8183984375 0.2808896484375 0.8060419921875 0.2753701171875 0.8029638671875 0.27059375 0.80434375 0.2631630859375 0.7981875 0.260509765625 0.7860888671875 0.2039443359375 0.7857705078125 0.2031201171875 0.796736328125 0.199193359375 0.8043779296875 0.195583984375 0.8092607421875 0.184228515625 0.810640625 0.1804072265625 0.8079873046875 0.180619140625 0.80130078125 0.13151953125 0.8033173828125 0.128759765625 0.80692578125 0.12090625 0.8071376953125 0.1142587890625 0.8040703125 0.108103515625 0.7815693359375 0.0001064453125 0.778916015625 0 0.836388671875
4 0.74993359375 0.814669921875 0.867287109375 0.8050810546875 0.8669091796875 0.791328125 0.7486865234375 0.802431640625 0.6891064453125 0.807982421875 0.6699541015625 0.808361328125 0.6703330078125 0.8213564453125 0.74993359375 0.814669921875
4 1 0.7788359375 0.9501181640625 0.783310546875 0.8750341796875 0.7903203125 0.8757802734375 0.8041904296875 0.9517587890625 0.7938994140625 1 0.7871875 1 0.7788359375