9 0.71118359375 0.3350146484375 0.7089326171875 0.2552802734375 0.6156943359375 0.2385615234375 0.6150517578125 0.317974609375 0.71118359375 0.3350146484375
9 0.807373046875 0.194830078125 0.8055712890625 0.158025390625 0.7304189453125 0.1420693359375 0.7306767578125 0.1817041015625 0.807373046875 0.194830078125
9 0.900533203125 0.2145 0.8959345703125 0.178634765625 0.8262744140625 0.161392578125 0.8276533203125 0.2007060546875 0.900533203125 0.2145
9 1 0.385373046875 0.9998984375 0.3124423828125 0.9294541015625 0.29628125 0.936083984375 0.3733564453125 1 0.385373046875
9 0.7113447265625 0.499802734375 0.7110234375 0.4102431640625 0.6131171875 0.396119140625 0.6099072265625 0.4872841796875 0.7113447265625 0.499802734375
9 1 0.5373681640625 0.9998359375 0.453322265625 0.9484501953125 0.445919921875 0.954982421875 0.5308359375 1 0.5373681640625
9 0.7137685546875 0.685462890625 0.715298828125 0.5818017578125 0.6093427734375 0.5722392578125 0.6074296875 0.6774296875 0.7137685546875 0.685462890625
9 1 0.6107333984375 0.9606591796875 0.6103251953125 0.96597265625 0.703529296875 1 0.7055732421875 1 0.6107333984375
9 0.7220634765625 0.8847724609375 0.7178740234375 0.77618359375 0.6081435546875 0.7708271484375 0.6065419921875 0.8797099609375 0.7220634765625 0.8847724609375
0 0.42027734375 0.2939609375 0.4070830078125 0.3261708984375 0.3946640625 0.3279169921875 0.3684697265625 0.399708984375 0.367111328125 0.4173662109375 0.3773955078125 0.420470703125 0.39893359375 0.35973828125 0.418724609375 0.307349609375 0.4540390625 0.31239453125 0.4550087890625 0.297259765625 0.42027734375 0.2939609375
0 0.4027802734375 0.4605849609375 0.3787548828125 0.510951171875 0.3525869140625 0.5638515625 0.35217578125 0.570228515625 0.3620498046875 0.57290234375 0.3996943359375 0.4768359375 0.438779296875 0.4815673828125 0.43857421875 0.46531640625 0.4027802734375 0.4605849609375
0 0.3914345703125 0.6499052734375 0.3690595703125 0.6833388671875 0.36288671875 0.6877109375 0.33896875 0.7322041015625 0.34076953125 0.7401767578125 0.348484375 0.739662109375 0.3880908203125 0.667650390625 0.42692578125 0.6722802734375 0.426412109375 0.654791015625 0.3914345703125 0.6499052734375
0 0.3071396484375 0.6023203125 0.2780205078125 0.6908916015625 0.2833935546875 0.6936650390625 0.3080068359375 0.6120263671875 0.3308857421875 0.6134130859375 0.3305390625 0.604400390625 0.3071396484375 0.6023203125
0 0.3365341796875 0.62324609375 0.3236171875 0.6502333984375 0.3194658203125 0.649771484375 0.3077021484375 0.6790654296875 0.31416015625 0.6811416015625 0.3342275390625 0.635701171875 0.3605234375 0.6380078125 0.36121484375 0.6241689453125 0.3365341796875 0.62324609375
0 0.2850107421875 0.7084716796875 0.2762900390625 0.70954296875 0.26848828125 0.7265244140625 0.2660400390625 0.72637109375 0.25456640625 0.7610986328125 0.254107421875 0.7666064453125 0.26007421875 0.7661474609375 0.280115234375 0.713826171875 0.284857421875 0.712908203125 0.2850107421875 0.7084716796875
0 0.3257255859375 0.7637548828125 0.3083203125 0.7867548828125 0.311427734375 0.7958720703125 0.3257255859375 0.7768095703125 0.352455078125 0.778259765625 0.353283203125 0.763962890625 0.3257255859375 0.7637548828125
0 0.29602734375 0.7107939453125 0.27541796875 0.7611474609375 0.2721396484375 0.77473046875 0.277759765625 0.7766044921875 0.299541015625 0.7189912109375 0.31687109375 0.7210986328125 0.3161689453125 0.710560546875 0.29602734375 0.7107939453125
8 1 0.3347939453125 0.994833984375 0.297876953125 0.9929248046875 0.278146484375 0.9967431640625 0.2609609375 1 0.23995703125 0.98846875 0.23995703125 0.972556640625 0.2425029296875 0.962373046875 0.234228515625 0.9529560546875 0.223458984375 0.9591328125 0.205150390625 0.9591328125 0.20073828125 0.9560078125 0.19540234375 0.946779296875 0.21573828125 0.9452353515625 0.2232392578125 0.931185546875 0.2208623046875 0.920365234375 0.21640625 0.91336328125 0.20622265625 0.912583984375 0.1859169921875 0.905728515625 0.1881103515625 0.90079296875 0.1804326171875 0.8969541015625 0.1645283203125 0.9005185546875 0.1541083984375 0.9024384765625 0.1458818359375 0.898736328125 0.136009765625 0.8939375 0.129154296875 0.8928408203125 0.1148955078125 0.890373046875 0.1080400390625 0.887630859375 0.111056640625 0.887904296875 0.1264130859375 0.8857109375 0.130251953125 0.88296875 0.1390263671875 0.8813232421875 0.1453330078125 0.8785810546875 0.1480751953125 0.875291015625 0.15328515625 0.8777587890625 0.1612373046875 0.872 0.164802734375 0.86487109375 0.16151171875 0.857466796875 0.1541083984375 0.85116015625 0.1423173828125 0.84841796875 0.133267578125 0.8454013671875 0.12558984375 0.840740234375 0.1217509765625 0.836626953125 0.1340908203125 0.8377236328125 0.1513662109375 0.8418369140625 0.15849609375 0.85253125 0.1686416015625 0.8495146484375 0.17522265625 0.8459501953125 0.173302734375 0.8385458984375 0.1658994140625 0.8316904296875 0.1667216796875 0.8294970703125 0.1719326171875 0.825109375 0.179884765625 0.8155126953125 0.1818037109375 0.8083828125 0.1782392578125 0.8045439453125 0.1776904296875 0.803447265625 0.1867392578125 0.8004306640625 0.2018212890625 0.8004306640625 0.2119677734375 0.800705078125 0.222935546875 0.792478515625 0.2377431640625 0.7908330078125 0.2541962890625 0.780568359375 0.249669921875 0.7760595703125 0.250447265625 0.773728515625 0.2541787109375 0.7731064453125 0.262728515625 0.7741943359375 0.2714345703125 0.7773037109375 0.28231640625 0.778546875 0.290400390625 0.772951171875 0.2952197265625 0.7692197265625 0.2941318359375 0.7661103515625 0.28853515625 0.7614462890625 0.2855810546875 0.7577158203125 0.2849599609375 0.7519638671875 0.285892578125 0.750564453125 0.289623046875 0.74854296875 0.2983291015625 0.7460556640625 0.3171396484375 0.7438798828125 0.3176064453125 0.74248046875 0.320404296875 0.7431025390625 0.32382421875 0.7448125 0.3309755859375 0.74248046875 0.334240234375 0.7370390625 0.336572265625 0.732841796875 0.3384384765625 0.728955078125 0.3448115234375 0.727556640625 0.349630859375 0.7284892578125 0.35460546875 0.7322197265625 0.36241796875 0.7392158203125 0.37015234375 0.7463671875 0.3763701171875 0.7518076171875 0.3833662109375 0.759736328125 0.3892734375 0.771396484375 0.3933154296875 0.7754384765625 0.398912109375 0.7752822265625 0.4077734375 0.7726396484375 0.4144580078125 0.767509765625 0.4164794921875 0.764400390625 0.4130595703125 0.7598916015625 0.409638671875 0.7538291015625 0.40699609375 0.7480771484375 0.4041982421875 0.7465224609375 0.3987568359375 0.7383193359375 0.383236328125 0.7363740234375 0.3828466796875 0.7340380859375 0.382328125 0.7314443359375 0.385181640625 0.7327412109375 0.4018857421875 0.733779296875 0.4058095703125 0.7358544921875 0.4137236328125 0.7381904296875 0.422091796875 0.740525390625 0.4353896484375 0.740525390625 0.4435625 0.7324814453125 0.4458974609375 0.7259951171875 0.4446005859375 0.7214638671875 0.437310546875 0.7151748046875 0.4292294921875 0.7130439453125 0.4332236328125 0.7130439453125 0.43855078125 0.71446484375 0.445474609375 0.7094931640625 0.447427734375 0.7070068359375 0.4468955078125 0.7036337890625 0.4468955078125 0.7013251953125 0.4483154296875 0.697064453125 0.4504462890625 0.695111328125 0.4490263671875 0.69369140625 0.448138671875 0.6919150390625 0.4499140625 0.68783203125 0.4557724609375 0.6848134765625 0.4543525390625 0.6814404296875 0.4467177734375 0.6794873046875 0.439970703125 0.6755810546875 0.434111328125 0.6714970703125 0.4314482421875 0.6725625 0.4358876953125 0.6754033203125 0.445830078125 0.6752255859375 0.4543525390625 0.6718525390625 0.45896875 0.6695439453125 0.45737109375 0.6663486328125 0.4465400390625 0.665283203125 0.44174609375 0.663330078125 0.434822265625 0.6599560546875 0.4318037109375 0.657826171875 0.43109375 0.655873046875 0.434111328125 0.658853515625 0.44715625 0.661662109375 0.456013671875 0.6629580078125 0.4663818359375 0.6564775390625 0.4702705078125 0.650861328125 0.465734375 0.6467568359375 0.4633583984375 0.64265234375 0.461845703125 0.646541015625 0.4719990234375 0.653021484375 0.4864716796875 0.6586376953125 0.4983525390625 0.654533203125 0.5048330078125 0.6417890625 0.5061298828125 0.6281796875 0.5044013671875 0.61737890625 0.5009453125 0.611330078125 0.49878515625 0.6089541015625 0.5065615234375 0.6072255859375 0.5136904296875 0.613490234375 0.530107421875 0.617810546875 0.5456611328125 0.6165146484375 0.5514931640625 0.61305859375 0.55559765625 0.6126259765625 0.56056640625 0.6145703125 0.5713671875 0.618890625 0.5819521484375 0.623916015625 0.59308984375 0.62571875 0.5952529296875 0.6307666015625 0.595974609375 0.640140625 0.593810546875 0.6502353515625 0.59308984375 0.6570859375 0.594171875 0.6617724609375 0.6001201171875 0.6621337890625 0.6049873046875 0.6623134765625 0.6185078125 0.6664599609375 0.63184765625 0.6716875 0.6441064453125 0.675833984375 0.6520380859375 0.6736708984375 0.6554638671875 0.66303515625 0.6547421875 0.656544921875 0.6554638671875 0.6538408203125 0.6581669921875 0.652939453125 0.663755859375 0.654201171875 0.6742119140625 0.6531201171875 0.6796201171875 0.64374609375 0.6797998046875 0.6345517578125 0.6774560546875 0.6296845703125 0.6778173828125 0.6240966796875 0.6810615234375 0.6212119140625 0.685568359375 0.620130859375 0.6933203125 0.6204912109375 0.6980068359375 0.625177734375 0.7016123046875 0.6271611328125 0.7050380859375 0.6329296875 0.7124287109375 0.6448271484375 0.7127890625 0.652759765625 0.7111669921875 0.6669423828125 0.716826171875 0.66775390625 0.721287109375 0.6695791015625 0.728384765625 0.6797177734375 0.739740234375 0.7026318359375 0.74562109375 0.7026318359375 0.7510966796875 0.69958984375 0.7553544921875 0.696345703125 0.7563681640625 0.682556640625 0.75494921875 0.6738369140625 0.7533271484375 0.6659287109375 0.751501953125 0.6533564453125 0.7415654296875 0.643623046875 0.7344677734375 0.6397705078125 0.7346708984375 0.6373369140625 0.737509765625 0.6371337890625 0.742173828125 0.640986328125 0.749271484375 0.6450419921875 0.7567744140625 0.642609375 0.7602216796875 0.636728515625 0.7612353515625 0.633484375 0.75961328125 0.6304423828125 0.75941015625 0.6271982421875 0.75941015625 0.6255751953125 0.762654296875 0.6312529296875 0.7725908203125 0.63328125 0.77786328125 0.63530859375 0.7877998046875 0.634091796875 0.7953017578125 0.6338896484375 0.8028046875 0.6359169921875 0.8129443359375 0.6417978515625 0.8208525390625 0.647880859375 0.827138671875 0.6559921875 0.8324111328125 0.6683623046875 0.836060546875 0.6825556640625 0.8412724609375 0.694478515625 0.8412724609375 0.7093818359375 0.840900390625 0.7201865234375 0.839037109375 0.7350888671875 0.8364296875 0.7477568359375 0.842017578125 0.760423828125 0.848724609375 0.7812880859375 0.8505869140625 0.7965634765625 0.8524501953125 0.813330078125 0.8543125 0.822271484375 0.8628818359375 0.83456640625 0.880765625 0.839037109375 0.896041015625 0.842017578125 0.914296875 0.8457431640625 0.9292001953125 0.849841796875 0.936279296875 0.8550576171875 0.942240234375 0.8569208984375 0.9489462890625 0.857666015625 0.956025390625 0.8617646484375 0.9634775390625 0.8647451171875 0.982478515625 0.8710791015625 1 0.9375498046875 1 0.9496435546875 0.961736328125 0.9604638671875 0.9369130859375 0.9770126953125 0.908908203125 0.985287109375 0.8847216796875 0.996107421875 0.8668994140625 0.99992578125 0.8408037109375 1 0.646673828125 1 0.3347939453125
8 0.7989091796875 0 0.8011591796875 0.0054375 0.8009716796875 0.0073125 0.7917841796875 0.0140615234375 0.7799716796875 0.0183740234375 0.77041015625 0.0204365234375 0.76909765625 0.0213740234375 0.77022265625 0.0238115234375 0.77359765625 0.0243740234375 0.7825966796875 0.0228740234375 0.7923466796875 0.0189365234375 0.8041591796875 0.0121875 0.8041591796875 0.0176240234375 0.8024716796875 0.0211865234375 0.8011591796875 0.0239990234375 0.8024716796875 0.0277490234375 0.805470703125 0.0288740234375 0.807533203125 0.0286865234375 0.8047216796875 0.0309365234375 0.8047216796875 0.0341240234375 0.805658203125 0.0371240234375 0.809033203125 0.0388115234375 0.812595703125 0.0346865234375 0.814470703125 0.0397490234375 0.811658203125 0.042373046875 0.806783203125 0.044998046875 0.7990966796875 0.044248046875 0.7955341796875 0.049123046875 0.7964716796875 0.050248046875 0.7893466796875 0.053998046875 0.7919716796875 0.055685546875 0.7990966796875 0.055310546875 0.8045341796875 0.051560546875 0.815595703125 0.052685546875 0.817845703125 0.057185546875 0.825158203125 0.0793095703125 0.826658203125 0.0808095703125 0.828533203125 0.0787470703125 0.823845703125 0.054373046875 0.827783203125 0.052310546875 0.829095703125 0.051748046875 0.827783203125 0.048748046875 0.825720703125 0.047435546875 0.825720703125 0.043310546875 0.822908203125 0.0408740234375 0.8484072265625 0.0239990234375 0.8439072265625 0.0408740234375 0.8386572265625 0.049498046875 0.8354697265625 0.058498046875 0.8334072265625 0.064310546875 0.8334072265625 0.067498046875 0.8362197265625 0.067123046875 0.8394072265625 0.068060546875 0.8401572265625 0.063373046875 0.8405322265625 0.058498046875 0.8529072265625 0.0373115234375 0.8540322265625 0.0305615234375 0.8564697265625 0.0204365234375 0.8568447265625 0.0159365234375 0.8589072265625 0.003 0.87484375 0.0069375 0.87971875 0.009375 0.88178125 0.0114375 0.88628125 0.0268115234375 0.8892802734375 0.044435546875 0.8917177734375 0.0716220703125 0.8896552734375 0.0753720703125 0.8909677734375 0.0772470703125 0.8926552734375 0.0776220703125 0.8930302734375 0.0819345703125 0.8941552734375 0.0832470703125 0.8954677734375 0.0823095703125 0.8973427734375 0.0759345703125 0.9007177734375 0.0740595703125 0.8994052734375 0.0725595703125 0.8965927734375 0.0708720703125 0.8915302734375 0.0238115234375 0.8937802734375 0.0213740234375 0.8973427734375 0.0223115234375 0.9014677734375 0.0266240234375 0.9106552734375 0.0296240234375 0.916654296875 0.0335615234375 0.923029296875 0.0380615234375 0.924529296875 0.0406865234375 0.923216796875 0.051748046875 0.922841796875 0.055498046875 0.925091796875 0.056998046875 0.925654296875 0.055685546875 0.928841796875 0.041998046875 0.929404296875 0.051748046875 0.932404296875 0.050810546875 0.935404296875 0.047998046875 0.938779296875 0.051935546875 0.9415 0.0506728515625 0.9399072265625 0.0474873046875 0.924126953125 0.0315615234375 0.8953154296875 0.0105693359375 0.9097939453125 0.010423828125 0.9168876953125 0.00912109375 0.9297275390625 0.0035859375 0.9333125 0 0.7989091796875 0
8 1 0.014060546875 0.9946435546875 0.0102685546875 0.988798828125 0.006634765625 0.98469140625 0.0037919921875 0.978845703125 0.001263671875 0.9737900390625 0.0007900390625 0.9699990234375 0.00031640625 0.968892578125 0.00110546875 0.9687353515625 0.001421875 0.96905078125 0.002685546875 0.9714208984375 0.004265625 0.9793193359375 0.00679296875 0.9932216796875 0.0145341796875 1 0.0178515625 1 0.014060546875
8 0.9514150390625 0.035818359375 0.9563486328125 0.0406533203125 0.957828125 0.043318359375 0.9606904296875 0.044107421875 0.9623671875 0.0424296875 0.9660185546875 0.0431201171875 0.9697685546875 0.0464755859375 0.9713466796875 0.0491396484375 0.9728271484375 0.0506201171875 0.9747021484375 0.0506201171875 0.976181640625 0.0495341796875 0.977662109375 0.048646484375 0.9900947265625 0.0544677734375 0.990390625 0.0561455078125 0.991279296875 0.057921875 0.992265625 0.058119140625 0.9952255859375 0.056244140625 0.9999619140625 0.0553564453125 1 0.0510146484375 0.994732421875 0.0510146484375 0.991673828125 0.0504228515625 0.9887138671875 0.0489423828125 0.984470703125 0.0462783203125 0.9814111328125 0.045291015625 0.97904296875 0.0449951171875 0.9750966796875 0.0440087890625 0.9699658203125 0.0404560546875 0.96572265625 0.0385810546875 0.960986328125 0.03749609375 0.9552626953125 0.03374609375 0.944310546875 0.023484375 0.940166015625 0.0208203125 0.93848828125 0.0203271484375 0.9372060546875 0.022201171875 0.93809375 0.02496484375 0.9435205078125 0.029306640625 0.9514150390625 0.035818359375
8 0.99091796875 0.0650390625 0.99365234375 0.0673828125 0.99990234375 0.07666015625 1 0.07109375 0.99892578125 0.06845703125 0.99541015625 0.0640625 0.9916015625 0.06025390625 0.9888671875 0.058984375 0.9861328125 0.05830078125 0.9837890625 0.05859375 0.9828125 0.0607421875 0.98388671875 0.062890625 0.986328125 0.06357421875 0.989453125 0.06357421875 0.99091796875 0.0650390625
8 1 0.140380859375 0.9993056640625 0.139783203125 0.9767890625 0.130517578125 0.9539736328125 0.1178642578125 0.9452060546875 0.1092958984375 0.94191796875 0.105908203125 0.93952734375 0.104513671875 0.9364384765625 0.10421484375 0.93344921875 0.10541015625 0.9320546875 0.1076025390625 0.932552734375 0.1099931640625 0.93424609375 0.1105908203125 0.9381318359375 0.1103916015625 0.940623046875 0.1099931640625 0.9438115234375 0.112783203125 0.9466005859375 0.1161708984375 0.9450068359375 0.1181630859375 0.9442099609375 0.11995703125 0.9453056640625 0.12175 0.94859375 0.12194921875 0.95237890625 0.12234765625 0.9616455078125 0.1271298828125 0.966029296875 0.12962109375 0.9711103515625 0.131015625 0.983265625 0.138388671875 0.983166015625 0.1418759765625 0.984361328125 0.1435693359375 0.986154296875 0.1433701171875 0.9876494140625 0.1422744140625 0.9889443359375 0.14048046875 0.9968154296875 0.1426728515625 1 0.1448642578125 1 0.140380859375
8 1 0.1658408203125 0.9940322265625 0.1658408203125 0.986271484375 0.1644912109375 0.9786796875 0.161623046875 0.9670380859375 0.1602734375 0.955060546875 0.1602734375 0.9472998046875 0.16212890625 0.93683984375 0.166177734375 0.9312724609375 0.16752734375 0.9228369140625 0.166515625 0.901748046875 0.16381640625 0.8997236328125 0.1636474609375 0.898205078125 0.165166015625 0.89938671875 0.1668525390625 0.9020859375 0.1685400390625 0.91642578125 0.1707333984375 0.9263798828125 0.1729267578125 0.9290791015625 0.1751201171875 0.9358271484375 0.1742763671875 0.9461181640625 0.1671904296875 0.95387890625 0.164828125 0.96636328125 0.16466015625 0.9815478515625 0.1676962890625 0.987115234375 0.169552734375 0.9920078125 0.16921484375 1 0.1685400390625 1 0.1658408203125
8 0.99447265625 0.17552734375 0.9928212890625 0.17541796875 0.9913896484375 0.175748046875 0.9903984375 0.1770693359375 0.9896279296875 0.1793818359375 0.9901787109375 0.1814736328125 0.9922705078125 0.18246484375 0.9942529296875 0.182134765625 0.995353515625 0.1816943359375 0.99788671875 0.182685546875 0.9996484375 0.1840068359375 1 0.1793818359375 0.9971162109375 0.17662890625 0.99447265625 0.17552734375
8 0.9986328125 0.190234375 0.99853515625 0.19091796875 0.99892578125 0.1919921875 1 0.192578125 0.99970703125 0.18857421875 0.99892578125 0.18955078125 0.9986328125 0.190234375
8 0.0193427734375 1 0.02182421875 0.8379326171875 0.10505859375 0.8450380859375 0.1075966796875 0.7912392578125 0.1558115234375 0.797837890625 0.1522587890625 0.8516357421875 0.3781103515625 0.8765048828125 0.375572265625 0.86330859375 0.333447265625 0.856203125 0.3319248046875 0.8430078125 0.338015625 0.8298115234375 0.340552734375 0.8191533203125 0.3359853515625 0.811541015625 0.326849609375 0.803419921875 0.3207587890625 0.797837890625 0.3111162109375 0.7927626953125 0.292337890625 0.78007421875 0.2862470703125 0.776013671875 0.2725439453125 0.77296875 0.25275 0.775505859375 0.23092578125 0.77905859375 0.2268662109375 0.7810888671875 0.21722265625 0.77905859375 0.2121474609375 0.7805810546875 0.192861328125 0.7770283203125 0.1730673828125 0.776521484375 0.1674853515625 0.768908203125 0.158349609375 0.7704306640625 0.14819921875 0.7724609375 0.129419921875 0.7709384765625 0.130435546875 0.7638330078125 0.1395712890625 0.761802734375 0.1456611328125 0.7607880859375 0.14718359375 0.7562197265625 0.1451533203125 0.7491142578125 0.136525390625 0.7430244140625 0.1319580078125 0.7389638671875 0.1319580078125 0.733888671875 0.136525390625 0.7328740234375 0.13398828125 0.72373828125 0.1273896484375 0.720185546875 0.1253603515625 0.7146025390625 0.1248525390625 0.7105419921875 0.1182548828125 0.7069892578125 0.122314453125 0.698869140625 0.1238369140625 0.69582421875 0.1218076171875 0.6871962890625 0.116732421875 0.6760302734375 0.1141943359375 0.670955078125 0.122646484375 0.6707001953125 0.13074609375 0.6749423828125 0.141544921875 0.6814990234375 0.151572265625 0.678798828125 0.1585146484375 0.6722421875 0.167 0.66954296875 0.1731708984375 0.6733994140625 0.1766416015625 0.6726279296875 0.1824267578125 0.671470703125 0.19168359375 0.667228515625 0.19901171875 0.6602861328125 0.2059541015625 0.6552724609375 0.211353515625 0.6575869140625 0.2167529296875 0.6602861328125 0.2217666015625 0.65912890625 0.2236953125 0.655658203125 0.224466796875 0.6502587890625 0.2341083984375 0.6471728515625 0.2398935546875 0.6371455078125 0.2379658203125 0.62866015625 0.237580078125 0.623646484375 0.243365234375 0.6174755859375 0.251078125 0.60551953125 0.256478515625 0.6001201171875 0.25262109375 0.596263671875 0.24529296875 0.5900927734375 0.234494140625 0.5881640625 0.22639453125 0.5870068359375 0.220609375 0.5769794921875 0.2190673828125 0.5711943359375 0.232951171875 0.578521484375 0.2495361328125 0.5808359375 0.2638056640625 0.5777509765625 0.2726767578125 0.57080859375 0.2827041015625 0.562708984375 0.2915751953125 0.5534521484375 0.295431640625 0.5449677734375 0.29466015625 0.5360966796875 0.289646484375 0.53146875 0.288103515625 0.52144140625 0.2884892578125 0.5168125 0.28617578125 0.5121845703125 0.2755009765625 0.5008837890625 0.2716904296875 0.492970703125 0.268759765625 0.4844716796875 0.277845703125 0.478609375 0.2816552734375 0.46923046875 0.2822421875 0.4648349609375 0.2907412109375 0.4598515625 0.3089130859375 0.4551630859375 0.3156533203125 0.4504736328125 0.3144814453125 0.4472490234375 0.3092060546875 0.4422666015625 0.3051025390625 0.4361123046875 0.3045166015625 0.4296640625 0.3053955078125 0.424974609375 0.31213671875 0.4232158203125 0.3138955078125 0.4170615234375 0.31184375 0.4076826171875 0.3097919921875 0.40035546875 0.31213671875 0.3909765625 0.3185849609375 0.3880458984375 0.32180859375 0.3836494140625 0.3194638671875 0.375150390625 0.317119140625 0.3725126953125 0.31330859375 0.3716328125 0.3100849609375 0.375150390625 0.3045166015625 0.385701171875 0.296603515625 0.39126953125 0.2930859375 0.384822265625 0.2904482421875 0.374564453125 0.29279296875 0.3625478515625 0.29220703125 0.3496513671875 0.2954306640625 0.3449619140625 0.3042236328125 0.3449619140625 0.307740234375 0.34232421875 0.307740234375 0.337634765625 0.3048095703125 0.3311875 0.3015859375 0.327669921875 0.296603515625 0.317119140625 0.297775390625 0.308033203125 0.297775390625 0.3045166015625 0.291724609375 0.301119140625 0.2849794921875 0.2972646484375 0.278234375 0.294615234375 0.2722119140625 0.2907607421875 0.2671533203125 0.2859423828125 0.2710068359375 0.2779931640625 0.2707666015625 0.272693359375 0.266189453125 0.271248046875 0.26137109375 0.27173046875 0.2563125 0.2751025390625 0.2514951171875 0.27317578125 0.2490859375 0.2700439453125 0.2452314453125 0.2695615234375 0.242822265625 0.2722119140625 0.2380048828125 0.2808837890625 0.2329462890625 0.288111328125 0.2274052734375 0.2801611328125 0.2216240234375 0.278474609375 0.2168056640625 0.2801611328125 0.2146376953125 0.2758251953125 0.21487890625 0.2685986328125 0.21198828125 0.2642626953125 0.2066884765625 0.26209375 0.1982568359375 0.25848046875 0.194162109375 0.2539033203125 0.19440234375 0.25125390625 0.2018701171875 0.2466767578125 0.2088564453125 0.2433046875 0.2139150390625 0.238486328125 0.226923828125 0.234873046875 0.2375224609375 0.2288505859375 0.245712890625 0.2237919921875 0.2536630859375 0.2182509765625 0.2543857421875 0.21415625 0.2539033203125 0.211265625 0.2513056640625 0.2084697265625 0.2473076171875 0.2080888671875 0.243880859375 0.209611328125 0.2393115234375 0.21589453125 0.2368369140625 0.213419921875 0.23341015625 0.206375 0.2328388671875 0.2006640625 0.236265625 0.1928583984375 0.2393115234375 0.18543359375 0.237408203125 0.1833388671875 0.2353134765625 0.1837197265625 0.23188671875 0.1865751953125 0.228650390625 0.191525390625 0.225033203125 0.1955234375 0.2221767578125 0.1905732421875 0.2193212890625 0.1905732421875 0.21798828125 0.19266796875 0.2164658203125 0.1981884765625 0.2149423828125 0.2029482421875 0.211515625 0.201044921875 0.2098017578125 0.195904296875 0.2124677734375 0.192287109375 0.21741796875 0.185052734375 0.2197021484375 0.1804833984375 0.22103515625 0.1781982421875 0.224271484375 0.172296875 0.223890625 0.16639453125 0.2223671875 0.1633486328125 0.2193212890625 0.1616357421875 0.21798828125 0.155828125 0.217607421875 0.152306640625 0.2153232421875 0.1481181640625 0.211515625 0.147546875 0.2092314453125 0.1492607421875 0.2065654296875 0.152306640625 0.1957138671875 0.1618251953125 0.191525390625 0.16715625 0.1892412109375 0.171916015625 0.1861943359375 0.1717255859375 0.184671875 0.16791796875 0.184671875 0.1648720703125 0.1877177734375 0.1616357421875 0.194 0.158017578125 0.1953330078125 0.1563046875 0.1960947265625 0.153068359375 0.1945712890625 0.1513544921875 0.1920966796875 0.1484990234375 0.19266796875 0.143548828125 0.1945712890625 0.133458984375 0.191525390625 0.1317451171875 0.1882890625 0.1277470703125 0.1848623046875 0.126794921875 0.18238671875 0.12717578125 0.1789599609375 0.1325068359375 0.1753427734375 0.1302216796875 0.17305859375 0.127556640625 0.1742001953125 0.122796875 0.1785791015625 0.1222255859375 0.18238671875 0.1222255859375 0.1856240234375 0.1201318359375 0.1892412109375 0.1155625 0.192287109375 0.1085185546875 0.192287109375 0.1029970703125 0.19114453125 0.10033203125 0.187146484375 0.0976669921875 0.1793408203125 0.0961435546875 0.1829580078125 0.0902412109375 0.1821962890625 0.086052734375 0.1810546875 0.0826259765625 0.1776279296875 0.081484375 0.1793408203125 0.0761533203125 0.1776279296875 0.07348828125 0.1753427734375 0.072345703125 0.172296875 0.0727265625 0.1686796875 0.0753916015625 0.1633486328125 0.0799609375 0.1593505859375 0.0851015625 0.15916015625 0.07710546875 0.160302734375 0.0746298828125 0.160302734375 0.071583984375 0.15859375 0.0668876953125 0.1534892578125 0.064775390625 0.154369140625 0.059318359375 0.154193359375 0.0552705078125 0.1522568359375 0.053509765625 0.148560546875 0.0538623046875 0.1469765625 0.0556220703125 0.14416015625 0.0586142578125 0.14134375 0.065126953125 0.1422236328125 0.070408203125 0.145568359375 0.07216796875 0.1475048828125 0.073224609375 0.146625 0.0802646484375 0.1469765625 0.08343359375 0.1492646484375 0.0855458984375 0.151376953125 0.092234375 0.15243359375 0.0969873046875 0.148384765625 0.0955791015625 0.1464482421875 0.099099609375 0.1436318359375 0.1075478515625 0.139408203125 0.113708984375 0.1374716796875 0.11529296875 0.134126953125 0.1133564453125 0.1314873046875 0.1103642578125 0.129375 0.102091796875 0.1258544921875 0.0985712890625 0.1230380859375 0.099451171875 0.12075 0.1015634765625 0.1174052734375 0.105083984375 0.116701171875 0.1101884765625 0.119517578125 0.113533203125 0.1246220703125 0.1159970703125 0.1230380859375 0.12127734375 0.12409375 0.1244462890625 0.1205732421875 0.1262060546875 0.1175810546875 0.12655859375 0.11494140625 0.122509765625 0.1104501953125 0.1147646484375 0.10728125 0.1156455078125 0.1048173828125 0.1175810546875 0.1039375 0.122509765625 0.102880859375 0.1270859375 0.1021767578125 0.13254296875 0.1020009765625 0.1360634765625 0.0990087890625 0.1372958984375 0.09848046875 0.134126953125 0.09848046875 0.125326171875 0.0921435546875 0.125501953125 0.088447265625 0.130783203125 0.0866875 0.1372958984375 0.0879189453125 0.142751953125 0.0829912109375 0.1374716796875 0.079470703125 0.1387041015625 0.0780625 0.1420478515625 0.077181640625 0.1464482421875 0.0734853515625 0.1445126953125 0.0715498046875 0.145392578125 0.0689091796875 0.142751953125 0.065876953125 0.141197265625 0.06173046875 0.13797265625 0.0564326171875 0.13797265625 0.0532080078125 0.140736328125 0.0527470703125 0.1435009765625 0.0534384765625 0.147416015625 0.0566630859375 0.1511015625 0.059197265625 0.1524833984375 0.058736328125 0.158703125 0.06126953125 0.162158203125 0.065185546875 0.1665341796875 0.0568935546875 0.1697587890625 0.0548203125 0.1745966796875 0.0548203125 0.1801240234375 0.051787109375 0.1865595703125 0.046171875 0.18718359375 0.0399326171875 0.188431640625 0.0377490234375 0.1915517578125 0.038060546875 0.1984150390625 0.0368125 0.2049658203125 0.0340048828125 0.2099580078125 0.0321328125 0.212765625 0.029013671875 0.2193173828125 0.0293251953125 0.225556640625 0.0280771484375 0.22867578125 0.0224619140625 0.22430859375 0.0199658203125 0.2227490234375 0.0155986328125 0.2227490234375 0.0096708984375 0.2236845703125 0.009046875 0.218380859375 0.0049912109375 0.2112060546875 0.000935546875 0.209021484375 0.0003115234375 0.2096455078125 0 0.3459775390625 0 1 0.0193427734375 1
3 0.3878955078125 1 0.387154296875 0.8065166015625 0.029853515625 0.76390234375 0.022478515625 0.8408193359375 0.0206357421875 1 0.3878955078125 1
8 0.492986328125 0 0.4759384765625 0.0188525390625 0.4715263671875 0.0228642578125 0.4675146484375 0.0228642578125 0.4643056640625 0.0260732421875 0.46470703125 0.0286806640625 0.4669130859375 0.0304853515625 0.4715263671875 0.03028515625 0.4785458984375 0.02446875 0.4881728515625 0.0150419921875 0.500005859375 0.0004013671875 0.492986328125 0
8 0.440130859375 0 0.4428759765625 0.005626953125 0.446306640625 0.011802734375 0.4522080078125 0.02456640625 0.4548154296875 0.0358203125 0.4537177734375 0.0403486328125 0.45303125 0.0421328125 0.4548154296875 0.0429560546875 0.456599609375 0.0408974609375 0.4572861328125 0.04419140625 0.4578349609375 0.0469365234375 0.4589326171875 0.04734765625 0.4597568359375 0.045701171875 0.46016796875 0.042544921875 0.4592080078125 0.0373291015625 0.4568740234375 0.025115234375 0.4511103515625 0.011802734375 0.44466015625 0.0002744140625 0.440130859375 0
8 0.3959228515625 0 0.3962109375 0.0155888671875 0.400830078125 0.0642314453125 0.4018408203125 0.065962890625 0.4031396484375 0.066396484375 0.40516015625 0.065962890625 0.4053046875 0.0635087890625 0.4041494140625 0.060478515625 0.403572265625 0.0552822265625 0.400974609375 0.0259814453125 0.406458984375 0.0271357421875 0.41367578125 0.0284345703125 0.4188720703125 0.0285791015625 0.41973828125 0.0254033203125 0.4190166015625 0.02381640625 0.4113671875 0.0245380859375 0.406314453125 0.0233828125 0.4022734375 0.0225166015625 0.4001083984375 0.0215068359375 0.3992421875 0 0.3959228515625 0
8 0.2309375 0 0.2330146484375 0.002076171875 0.23627734375 0.00533984375 0.2407275390625 0.0083056640625 0.2298994140625 0.02536328125 0.22589453125 0.0370810546875 0.2254501953125 0.0398984375 0.22708203125 0.0409365234375 0.228712890625 0.0407890625 0.2297509765625 0.0385634765625 0.2325693359375 0.030109375 0.2401337890625 0.0161669921875 0.24606640625 0.0086025390625 0.2557080078125 0.00489453125 0.2657939453125 0.0037080078125 0.259119140625 0.01572265625 0.259119140625 0.022248046875 0.258822265625 0.02566015625 0.2600087890625 0.027142578125 0.2614921875 0.0268466796875 0.262234375 0.02491796875 0.264310546875 0.017056640625 0.26698046875 0.0094921875 0.2684638671875 0.007119140625 0.2717265625 0.00548828125 0.28655859375 0.00444921875 0.3123671875 0.0062294921875 0.2978310546875 0.0289228515625 0.2908603515625 0.0415302734375 0.2881904296875 0.050875 0.28685546875 0.0569560546875 0.28685546875 0.0665966796875 0.2859658203125 0.073568359375 0.28121875 0.0743095703125 0.2807744140625 0.0762373046875 0.2827021484375 0.077572265625 0.28655859375 0.0768310546875 0.2886357421875 0.093443359375 0.2905634765625 0.098634765625 0.2933818359375 0.103380859375 0.2959033203125 0.1070888671875 0.2978310546875 0.1088681640625 0.299314453125 0.108720703125 0.299314453125 0.1066435546875 0.29234375 0.0919599609375 0.2910087890625 0.077423828125 0.2982763671875 0.083357421875 0.299017578125 0.078314453125 0.29634765625 0.0763857421875 0.2908603515625 0.073271484375 0.2910087890625 0.0569560546875 0.294865234375 0.042568359375 0.299759765625 0.03470703125 0.301984375 0.0410849609375 0.304654296875 0.0436064453125 0.30732421875 0.0442001953125 0.3077685546875 0.0442001953125 0.3077685546875 0.043013671875 0.304802734375 0.0370810546875 0.30228125 0.0320380859375 0.3053955078125 0.02551171875 0.3156298828125 0.009640625 0.31755859375 0.007119140625 0.324826171875 0.0062294921875 0.314888671875 0.01468359375 0.311921875 0.0216552734375 0.3104384765625 0.027736328125 0.311625 0.0296640625 0.3135537109375 0.0296640625 0.3233427734375 0.0118662109375 0.32705078125 0.0117177734375 0.3306103515625 0.0115693359375 0.3315009765625 0.0097890625 0.3315009765625 0.008009765625 0.3335771484375 0.0068232421875 0.36387109375 0.0033828125 0.362447265625 0.0090791015625 0.3633369140625 0.011927734375 0.3645830078125 0.011927734375 0.36725390625 0.00373828125 0.3750869140625 0.0007119140625 0.354970703125 0.000177734375 0.338236328125 0.0019580078125 0.3184765625 0.0019580078125 0.31633984375 0.000177734375 0.3142041015625 0.000177734375 0.31224609375 0.001068359375 0.3120673828125 0.0019580078125 0.28055859375 0.001068359375 0.2718349609375 0 0.2627568359375 0 0.2497607421875 0.0017802734375 0.242640625 0.0042724609375 0.2337392578125 0 0.2309375 0
8 0.009486328125 0.024568359375 0.0231083984375 0.033568359375 0.0199462890625 0.0469462890625 0.01873046875 0.053271484375 0.0214052734375 0.0544873046875 0.02602734375 0.05108203125 0.0299189453125 0.038189453125 0.0357568359375 0.0430546875 0.038919921875 0.0447578125 0.042568359375 0.05837890625 0.0432978515625 0.062271484375 0.0401357421875 0.0644599609375 0.0411083984375 0.067623046875 0.0450009765625 0.0678662109375 0.0476767578125 0.0678662109375 0.04840625 0.078568359375 0.0518115234375 0.078568359375 0.0527841796875 0.077595703125 0.0522978515625 0.0875693359375 0.055216796875 0.0900009765625 0.05740625 0.0895146484375 0.0593525390625 0.079298828125 0.0700546875 0.07808203125 0.0693251953125 0.07540625 0.0647041015625 0.074919921875 0.0586220703125 0.0734609375 0.0561904296875 0.0688388671875 0.059595703125 0.0683525390625 0.07540625 0.06178515625 0.0783251953125 0.05837890625 0.0763798828125 0.05740625 0.0678662109375 0.0593525390625 0.055947265625 0.0598388671875 0.04840625 0.0610546875 0.04573046875 0.0576494140625 0.04573046875 0.0496220703125 0.04743359375 0.0432978515625 0.0535146484375 0.0447578125 0.05740625 0.04840625 0.0593525390625 0.0522978515625 0.061541015625 0.0554599609375 0.0627578125 0.055703125 0.066892578125 0.051568359375 0.0717578125 0.0469462890625 0.0885419921875 0.0454873046875 0.0853798828125 0.041595703125 0.0751630859375 0.0428115234375 0.0522978515625 0.0406220703125 0.05108203125 0.0369736328125 0.0503525390625 0.033568359375 0.0469462890625 0.03308203125 0.0391630859375 0.033568359375 0.0352705078125 0.03308203125 0.033568359375 0.027244140625 0.037216796875 0.0240810546875 0.045244140625 0.019703125 0.0518115234375 0.0214052734375 0.0608115234375 0.0267568359375 0.0661630859375 0.029189453125 0.073947265625 0.0311357421875 0.073947265625 0.0342978515625 0.0763798828125 0.034541015625 0.0800283203125 0.0321083984375 0.0841630859375 0.034541015625 0.088298828125 0.0391630859375 0.0914609375 0.0379462890625 0.0970556640625 0.0299189453125 0.1055693359375 0.0250546875 0.108974609375 0.021162109375 0.108974609375 0.0177568359375 0.1050830078125 0.0177568359375 0.0997314453125 0.0226220703125 0.09413671875 0.023837890625 0.0853798828125 0.0252978515625 0.0805146484375 0.0226220703125 0.0773525390625 0.01873046875 0.068595703125 0.01873046875 0.05837890625 0.0160546875 0.0571630859375 0.010703125 0.05473046875 0.0119189453125 0.05837890625 0.0046220703125 0.05643359375 0.0053515625 0.04208203125 0.0131357421875 0.029498046875 0.0074462890625 0.0250546875 0.003162109375 0.042568359375 0.0002431640625 0.0007294921875 0 0.00097265625 0.0051083984375 0.0038916015625 0.017513671875 0.009486328125 0.024568359375
8 0 0.0504814453125 0.001455078125 0.051275390625 0.004498046875 0.0506142578125 0.00502734375 0.049291015625 0.0038359375 0.046513671875 0.00291015625 0.0462490234375 0.0002646484375 0.0457197265625 0 0.0504814453125
2 1 1 0.999642578125 0.23891015625 0.91991796875 0.219990234375 0.9126318359375 0.1591171875 0.916392578125 0.1525361328125 0.7104599609375 0.1063408203125 0.694240234375 0.132865234375 0.67510546875 0.1635888671875 0.657857421875 0.1608935546875 0.657048828125 0.1581982421875 0.6538154296875 0.15442578125 0.64465234375 0.15442578125 0.6131201171875 0.1560419921875 0.5344638671875 0.1429267578125 0.467888671875 0.1324521484375 0.459275390625 0.12826171875 0.452525390625 0.125701171875 0.449033203125 0.124537109375 0.44484375 0.124537109375 0.441119140625 0.12826171875 0.4394892578125 0.13175390625 0.4348466796875 0.1336005859375 0.3220078125 0.4767197265625 0.2958310546875 0.5639755859375 0.2632783203125 0.6846240234375 0.246498046875 0.7562744140625 0.240625 0.7562744140625 0.23693359375 0.7738935546875 0.2401220703125 0.774732421875 0.24045703125 0.777919921875 0.2360947265625 0.7777529296875 0.2343994140625 0.780138671875 0.2343994140625 0.7859541015625 0.3889580078125 0.8028291015625 0.3889580078125 1 1 1