2 0 1 0.29505078125 0.9999658203125 0.30648046875 0.908220703125 0.2794267578125 0.9019453125 0.280767578125 0.883681640625 0.2535908203125 0.87696484375 0.2564326171875 0.8569609375 0.2224130859375 0.848103515625 0.22511328125 0.8258447265625 0.1895029296875 0.81941796875 0.19346484375 0.794326171875 0.154837890625 0.78244140625 0.1457880859375 0.7732509765625 0.1205 0.769158203125 0 0.7546455078125 0 1
2 1 0.25897265625 0.67471484375 0.1385810546875 0.6660537109375 0.1429111328125 0.5889677734375 0.2633037109375 0.4356630859375 0.5318037109375 0.4257646484375 0.6482626953125 0.4186630859375 0.652404296875 0.418958984375 0.6660146484375 0.4228056640625 0.666310546875 0.4035732421875 0.8254912109375 0.395880859375 0.831705078125 0.39647265625 0.8423564453125 0.4009111328125 0.84265234375 0.3920341796875 0.91662109375 0.3848349609375 0.92142578125 0.3848349609375 0.9295361328125 0.390810546875 0.928255859375 0.3829130859375 1 1 1 1 0.25897265625
9 0.9876005859375 0.2211669921875 0.9855146484375 0.19543359375 0.94517578125 0.180828125 0.9472626953125 0.2044755859375 0.9876005859375 0.2211669921875
9 0.905138671875 0.386236328125 0.8974208984375 0.292158203125 0.7195537109375 0.221599609375 0.71551171875 0.3186171875 0.905138671875 0.386236328125
9 0.91991015625 0.6277880859375 0.9127236328125 0.50223046875 0.713607421875 0.4405087890625 0.7093798828125 0.5686025390625 0.91991015625 0.6277880859375
9 0.5795673828125 0.3480849609375 0.576986328125 0.4220908203125 0.6479794921875 0.3248505859375 0.647119140625 0.2560078125 0.5795673828125 0.3480849609375
9 0.4442509765625 0.561025390625 0.43451953125 0.633375 0.4835986328125 0.5720263671875 0.4861376953125 0.502638671875 0.4442509765625 0.561025390625
9 0.6336123046875 0.571017578125 0.6344638671875 0.4637119140625 0.5625009765625 0.5522822265625 0.5561142578125 0.6502197265625 0.6336123046875 0.571017578125
9 0.4210625 1 0.4345556640625 0.9901513671875 0.43971484375 0.888556640625 0.400029296875 0.919908203125 0.391298828125 1 0.4210625 1
9 0.4242373046875 0.727037109375 0.41630078125 0.8075986328125 0.4555888671875 0.7695009765625 0.4583671875 0.690923828125 0.4242373046875 0.727037109375
9 0.5392861328125 0.8017421875 0.53130078125 0.929509765625 0.6138173828125 0.8831943359375 0.6175439453125 0.7378583984375 0.5392861328125 0.8017421875
9 0.924375 0.918453125 0.9216826171875 0.76986328125 0.7014912109375 0.71871875 0.6971845703125 0.886150390625 0.924375 0.918453125
8 0.7923291015625 0.9993525390625 0.7981748046875 0.98800390625 0.8112431640625 0.9769990234375 0.8219033203125 0.97046484375 0.82809375 0.9618681640625 0.8360029296875 0.9591171875 0.842880859375 0.954646484375 0.8470078125 0.9481123046875 0.8480390625 0.9381396484375 0.8439130859375 0.9305732421875 0.83703515625 0.9295419921875 0.8260302734375 0.9298857421875 0.82018359375 0.9226640625 0.841505859375 0.9020302734375 0.8538857421875 0.8855234375 0.87555078125 0.865234375 0.89343359375 0.8305009765625 0.918880859375 0.78063671875 0.93091796875 0.76137890625 0.9426103515625 0.74349609375 0.9522392578125 0.729740234375 0.954646484375 0.710826171875 0.9477685546875 0.6987900390625 0.9384833984375 0.6946630859375 0.91745703125 0.713408203125 0.9159345703125 0.7328232421875 0.901087890625 0.753 0.8831953125 0.7766025390625 0.8759619140625 0.770892578125 0.874439453125 0.7587099609375 0.8790078125 0.7381533203125 0.887001953125 0.71036328125 0.8972802734375 0.67115234375 0.89651953125 0.653640625 0.8934736328125 0.6475498046875 0.8858603515625 0.649072265625 0.8812919921875 0.67115234375 0.8725361328125 0.693232421875 0.864921875 0.6947548828125 0.856166015625 0.7126474609375 0.85578515625 0.744244140625 0.84893359375 0.7503349609375 0.842841796875 0.74538671875 0.842841796875 0.73548828125 0.8466494140625 0.721783203125 0.84893359375 0.7126474609375 0.85578515625 0.69780078125 0.86149609375 0.6852373046875 0.8729169921875 0.666583984375 0.877865234375 0.649072265625 0.8713935546875 0.6391748046875 0.8626376953125 0.640697265625 0.853501953125 0.6460263671875 0.84893359375 0.65287890625 0.848552734375 0.666583984375 0.8424619140625 0.683333984375 0.8279951171875 0.6985615234375 0.8120068359375 0.713408203125 0.8146708984375 0.7073173828125 0.81391015625 0.701607421875 0.8108642578125 0.6989423828125 0.7937333984375 0.7076982421875 0.7853583984375 0.7065556640625 0.783455078125 0.7031298828125 0.7891650390625 0.6947548828125 0.7944951171875 0.6856181640625 0.79982421875 0.6650615234375 0.8078193359375 0.649072265625 0.8116259765625 0.6346064453125 0.8120068359375 0.622423828125 0.8074384765625 0.618236328125 0.800205078125 0.623947265625 0.79506640625 0.6372705078125 0.7906884765625 0.6513564453125 0.7857392578125 0.66544140625 0.782693359375 0.6780048828125 0.779267578125 0.679908203125 0.7758408203125 0.67115234375 0.7758408203125 0.66125390625 0.7758408203125 0.64869140625 0.7754609375 0.636509765625 0.7720341796875 0.628134765625 0.765943359375 0.6254697265625 0.762517578125 0.632703125 0.761755859375 0.6505947265625 0.761755859375 0.6677255859375 0.76213671875 0.6802890625 0.74723046875 0.7012470703125 0.744931640625 0.6925107421875 0.744931640625 0.6727373046875 0.744931640625 0.6460673828125 0.7421728515625 0.634111328125 0.73435546875 0.6313525390625 0.7297568359375 0.637330078125 0.7338955078125 0.6566435546875 0.73113671875 0.6736572265625 0.7210205078125 0.6768759765625 0.717341796875 0.6681396484375 0.717341796875 0.657103515625 0.718720703125 0.6377900390625 0.715501953125 0.6166376953125 0.7095244140625 0.6115791015625 0.703546875 0.616177734375 0.700787109375 0.635951171875 0.699408203125 0.661701171875 0.696189453125 0.6805546875 0.6989482421875 0.6957294921875 0.6902109375 0.721939453125 0.6823935546875 0.733435546875 0.67549609375 0.7601064453125 0.6685986328125 0.7573466796875 0.66583984375 0.751369140625 0.664919921875 0.735275390625 0.664919921875 0.72469921875 0.663541015625 0.7021669921875 0.65940234375 0.691130859375 0.64652734375 0.6892919921875 0.637330078125 0.6957294921875 0.6239951171875 0.7003271484375 0.6189365234375 0.6998681640625 0.6102001953125 0.703546875 0.61066015625 0.7168818359375 0.60422265625 0.723779296875 0.5964052734375 0.723779296875 0.5899677734375 0.70492578125 0.5890478515625 0.6934296875 0.5890478515625 0.679634765625 0.582150390625 0.6672197265625 0.575712890625 0.6644609375 0.5619169921875 0.6741171875 0.553640625 0.675037109375 0.5481220703125 0.679634765625 0.5370859375 0.6934296875 0.5255908203125 0.7086044921875 0.5182333984375 0.7086044921875 0.5150146484375 0.6980283203125 0.520072265625 0.6897509765625 0.5306484375 0.67549609375 0.5449033203125 0.65618359375 0.5637568359375 0.6322724609375 0.563296875 0.6216962890625 0.5573193359375 0.616177734375 0.547203125 0.6166376953125 0.53892578125 0.6216962890625 0.5177734375 0.6515849609375 0.526509765625 0.6230751953125 0.52283203125 0.609740234375 0.5177734375 0.6023828125 0.50949609375 0.6028427734375 0.5048984375 0.6069814453125 0.5012197265625 0.6189365234375 0.4984599609375 0.64146875 0.4929423828125 0.664919921875 0.489263671875 0.696189453125 0.4823662109375 0.6998681640625 0.480986328125 0.6902109375 0.480986328125 0.6718173828125 0.4897236328125 0.6460673828125 0.4888037109375 0.6304326171875 0.48374609375 0.6272138671875 0.48374609375 0.6189365234375 0.4915625 0.6010029296875 0.492482421875 0.5743330078125 0.4915625 0.5508818359375 0.4913037109375 0.5345830078125 0.487697265625 0.535384765625 0.484205078125 0.5384658203125 0.480986328125 0.5426044921875 0.4791474609375 0.5513408203125 0.473169921875 0.5807705078125 0.468111328125 0.5959453125 0.4635126953125 0.61387890625 0.4602939453125 0.651125 0.4506376953125 0.692970703125 0.4327041015625 0.7044658203125 0.420748046875 0.718720703125 0.420748046875 0.7104443359375 0.41844921875 0.691130859375 0.4124716796875 0.684693359375 0.4074130859375 0.6865322265625 0.4032744140625 0.696189453125 0.3977568359375 0.704005859375 0.39545703125 0.715501953125 0.397296875 0.73113671875 0.401435546875 0.7486103515625 0.406953125 0.7683828125 0.406953125 0.79597265625 0.404654296875 0.7982724609375 0.397296875 0.7899951171875 0.3917783203125 0.775740234375 0.3871806640625 0.7601064453125 0.3853408203125 0.7490703125 0.3853408203125 0.7338955078125 0.383501953125 0.7265380859375 0.3779833984375 0.725158203125 0.3715458984375 0.7288369140625 0.3715458984375 0.7371142578125 0.377064453125 0.7729814453125 0.3756845703125 0.78631640625 0.3710859375 0.7922939453125 0.3618896484375 0.791375 0.3517734375 0.78815625 0.3448759765625 0.78815625 0.337978515625 0.78815625 0.336138671875 0.800111328125 0.3398173828125 0.81390625 0.3471748046875 0.8368984375 0.35637109375 0.853912109375 0.3549921875 0.8608095703125 0.355912109375 0.8764443359375 0.3595908203125 0.884720703125 0.3775234375 0.8916181640625 0.3862607421875 0.9040341796875 0.3977568359375 0.9307041015625 0.4041943359375 0.94771875 0.412931640625 0.958294921875 0.420748046875 0.9725498046875 0.4377626953125 0.9895634765625 0.4520166015625 1 0.7923291015625 0.9993525390625
9 0.170970703125 0.855541015625 0.1764638671875 0.8206953125 0.1453935546875 0.8134853515625 0.1397294921875 0.846443359375 0.170970703125 0.855541015625
9 0.2055517578125 0.8851181640625 0.2088447265625 0.8514951171875 0.1837138671875 0.84594921875 0.1785146484375 0.8793994140625 0.2055517578125 0.8851181640625
9 0.2368359375 0.9116923828125 0.2409501953125 0.881720703125 0.2172470703125 0.8760390625 0.212544921875 0.906794921875 0.2368359375 0.9116923828125
9 0.264830078125 0.935908203125 0.2667255859375 0.906904296875 0.246630859375 0.9027333984375 0.2443564453125 0.93173828125 0.264830078125 0.935908203125
9 0.289046875 0.9575615234375 0.290546875 0.9292783203125 0.27619140625 0.926279296875 0.2744765625 0.953919921875 0.289046875 0.9575615234375
9 0.283701171875 1 0.2848037109375 0.98174609375 0.2678994140625 0.979357421875 0.2662451171875 1 0.283701171875 1
9 0.229005859375 0.972083984375 0.2324580078125 0.941833984375 0.20894921875 0.93706640625 0.20500390625 0.966494140625 0.229005859375 0.972083984375
9 0.1588369140625 0.9224384765625 0.1641640625 0.88652734375 0.1333837890625 0.8810029296875 0.128845703125 0.9143486328125 0.1588369140625 0.9224384765625
9 0.19595703125 0.9490673828125 0.1994873046875 0.91711328125 0.173712890625 0.9118173828125 0.1701826171875 0.942888671875 0.19595703125 0.9490673828125
9 0.14927734375 0.9916572265625 0.1535478515625 0.9565654296875 0.1229130859375 0.9496962890625 0.11845703125 0.9833017578125 0.14927734375 0.9916572265625
9 0.1889267578125 1 0.1907578125 0.9804951171875 0.1640517578125 0.975306640625 0.1619150390625 1 0.1889267578125 1
9 0.2568642578125 0.99303515625 0.258072265625 0.969482421875 0.2528388671875 0.96706640625 0.2504228515625 0.9646513671875 0.2504228515625 0.96102734375 0.24055859375 0.96102734375 0.2383447265625 0.9890087890625 0.2568642578125 0.99303515625
8 0.0327236328125 0.8272216796875 0.0327236328125 0.819669921875 0.043736328125 0.794498046875 0.049400390625 0.7837998046875 0.0575810546875 0.772787109375 0.06796484375 0.7649208984375 0.0761455078125 0.757369140625 0.0843271484375 0.751076171875 0.08275390625 0.7441533203125 0.0792919921875 0.7406923828125 0.071111328125 0.7388046875 0.0594697265625 0.7410068359375 0.052232421875 0.741951171875 0.052861328125 0.7372314453125 0.055064453125 0.729365234375 0.0600986328125 0.7205546875 0.065447265625 0.70859765625 0.0660771484375 0.696955078125 0.0651328125 0.6890888671875 0.061671875 0.686572265625 0.055693359375 0.68971875 0.0481416015625 0.699787109375 0.0399609375 0.713947265625 0.025171875 0.7296796875 0.0204521484375 0.733455078125 0.0173056640625 0.73030859375 0.0198232421875 0.721498046875 0.0232841796875 0.7095419921875 0.0358701171875 0.6884599609375 0.04279296875 0.678390625 0.0443662109375 0.67146875 0.0421630859375 0.664861328125 0.0377587890625 0.66297265625 0.027060546875 0.6827958984375 0.027060546875 0.677447265625 0.0320947265625 0.6702099609375 0.0308359375 0.664861328125 0.02800390625 0.662029296875 0.0207666015625 0.665490234375 0.01541796875 0.673986328125 0.0125859375 0.677447265625 0.0100693359375 0.6730419921875 0.0113271484375 0.6673779296875 0.017935546875 0.662029296875 0.024228515625 0.6566796875 0.0320947265625 0.6450380859375 0.0361845703125 0.628990234375 0.037443359375 0.6148310546875 0.0349267578125 0.609796875 0.0295771484375 0.6082236328125 0.034296875 0.600671875 0.037443359375 0.59091796875 0.0349267578125 0.584939453125 0.0308359375 0.5843095703125 0.0267451171875 0.591232421875 0.022025390625 0.60004296875 0.0204521484375 0.5987841796875 0.016046875 0.600671875 0.016046875 0.6113701171875 0.015732421875 0.6245849609375 0.0103837890625 0.6333955078125 0.0040908203125 0.64346484375 0.0009443359375 0.64346484375 0.0004345703125 0.6397275390625 0 0.8634072265625 0.012271484375 0.8580576171875 0.021396484375 0.847359375 0.03020703125 0.83414453125 0.0327236328125 0.8272216796875
8 0.190935546875 0.817974609375 0.2265673828125 0.8246982421875 0.222982421875 0.847556640625 0.25659765625 0.8565205078125 0.2541328125 0.876689453125 0.2810244140625 0.8834130859375 0.279904296875 0.9017890625 0.30500390625 0.9073916015625 0.3103818359375 0.9085126953125 0.3115029296875 0.9064951171875 0.314416015625 0.9043662109375 0.319794921875 0.90291015625 0.323828125 0.9004443359375 0.3245009765625 0.896859375 0.320466796875 0.8932734375 0.3134013671875 0.8900244140625 0.307361328125 0.8881650390625 0.298998046875 0.8865390625 0.2927255859375 0.883287109375 0.290169921875 0.878640625 0.289240234375 0.873529296875 0.288775390625 0.8707412109375 0.28459375 0.8614482421875 0.27623046875 0.8577314453125 0.2653115234375 0.854478515625 0.2602001953125 0.8512265625 0.258341796875 0.846115234375 0.2560185546875 0.8391455078125 0.2520693359375 0.8340341796875 0.24788671875 0.8303173828125 0.2418466796875 0.827296875 0.2325537109375 0.8256708984375 0.231857421875 0.8200947265625 0.2325537109375 0.81358984375 0.2281396484375 0.805458984375 0.2253515625 0.7975595703125 0.2253515625 0.7898935546875 0.2218671875 0.7840849609375 0.211876953125 0.7806005859375 0.2065341796875 0.781994140625 0.20281640625 0.7852470703125 0.198634765625 0.791287109375 0.1963115234375 0.79546875 0.1931767578125 0.80183984375 0.190935546875 0.817974609375
9 0.0973134765625 0.979626953125 0.1034775390625 0.9462158203125 0.0778515625 0.932591796875 0.0729853515625 0.963408203125 0.0973134765625 0.979626953125
8 0.3750751953125 1 0.3766806640625 0.9889619140625 0.3764794921875 0.978927734375 0.374673828125 0.972505859375 0.3700576171875 0.9666865234375 0.3662451171875 0.9640771484375 0.361228515625 0.9626728515625 0.35721484375 0.962271484375 0.353802734375 0.9640771484375 0.3461767578125 0.9813359375 0.34758203125 0.9682919921875 0.3471806640625 0.96046484375 0.3433671875 0.95404296875 0.337146484375 0.9504306640625 0.330724609375 0.949427734375 0.3263095703125 0.95023046875 0.3204892578125 0.9578564453125 0.3150712890625 0.9680908203125 0.3124619140625 0.97973046875 0.3116591796875 1 0.3750751953125 1
7 0.25244140625 0.9595703125 0.25107421875 0.96201171875 0.25107421875 0.9634765625 0.2513671875 0.9646484375 0.253125 0.9666015625 0.2564453125 0.968359375 0.26015625 0.9701171875 0.26474609375 0.97021484375 0.26787109375 0.9681640625 0.26884765625 0.96396484375 0.26787109375 0.96025390625 0.26533203125 0.95791015625 0.26376953125 0.9556640625 0.2640625 0.954296875 0.38890234375 0.94878515625 0.388416015625 0.946109375 0.26510546875 0.95267578125 0.2614521484375 0.9525966796875 0.2584599609375 0.9521357421875 0.250634765625 0.9491435546875 0.233603515625 0.94316015625 0.1663056640625 0.9210458984375 0.0746328125 0.8850234375 0.034943359375 0.8666884765625 0.0351591796875 0.868845703125 0.039904296875 0.872296875 0.07376953125 0.88890625 0.123166015625 0.908103515625 0.1643642578125 0.9236337890625 0.201896484375 0.9363603515625 0.2524755859375 0.9525966796875 0.25673828125 0.9546875 0.25380859375 0.95703125 0.25244140625 0.9595703125