9 0.1926923828125 0.1663779296875 0.200302734375 0.1103515625 0.1051826171875 0.1074345703125 0.0954189453125 0.16612109375 0.1926923828125 0.1663779296875
9 0.1783740234375 0.295302734375 0.1821767578125 0.234291015625 0.0819638671875 0.22970703125 0.0760986328125 0.2908486328125 0.1783740234375 0.295302734375
9 0.3058642578125 0.2979697265625 0.310501953125 0.2411640625 0.214732421875 0.2366171875 0.2083564453125 0.29542578125 0.3058642578125 0.2979697265625
9 0.314111328125 0.1702890625 0.3201015625 0.1173935546875 0.2283056640625 0.113953125 0.2231953125 0.1672353515625 0.314111328125 0.1702890625
9 0.447578125 0.1983740234375 0.4502958984375 0.1372734375 0.352291015625 0.13176953125 0.346279296875 0.1929814453125 0.447578125 0.1983740234375
9 0.4415107421875 0.33533203125 0.44496484375 0.2703154296875 0.3397080078125 0.26357421875 0.3369169921875 0.3294794921875 0.4415107421875 0.33533203125
9 0.628013671875 0.210654296875 0.63046484375 0.1500595703125 0.484662109375 0.138853515625 0.4813798828125 0.1983203125 0.628013671875 0.210654296875
9 0.6284775390625 0.34696875 0.6270791015625 0.2829033203125 0.4772578125 0.2735390625 0.4775869140625 0.3376767578125 0.6284775390625 0.34696875
9 0.8043974609375 0.2264501953125 0.802751953125 0.170916015625 0.65948828125 0.155623046875 0.661603515625 0.2146005859375 0.8043974609375 0.2264501953125
9 0.808431640625 0.3602880859375 0.805623046875 0.2985703125 0.6626474609375 0.285626953125 0.661763671875 0.3498271484375 0.808431640625 0.3602880859375
9 0.8086416015625 0.4980419921875 0.806978515625 0.43416796875 0.6615185546875 0.4263291015625 0.662599609375 0.4921259765625 0.8086416015625 0.4980419921875
9 0.627224609375 0.48928515625 0.6270673828125 0.424603515625 0.4725361328125 0.4150625 0.4711708984375 0.484080078125 0.627224609375 0.48928515625
9 0.4359423828125 0.482646484375 0.4390244140625 0.4165029296875 0.3317314453125 0.4125166015625 0.3296728515625 0.479291015625 0.4359423828125 0.482646484375
9 0.8167392578125 0.64471484375 0.8142685546875 0.5757802734375 0.66414453125 0.5725673828125 0.6614189453125 0.6447041015625 0.8167392578125 0.64471484375
9 0.629837890625 0.6423291015625 0.630119140625 0.5732958984375 0.4726865234375 0.5679853515625 0.4692021484375 0.64034375 0.629837890625 0.6423291015625
9 0.32810546875 0.6334794921875 0.43374609375 0.636998046875 0.435794921875 0.567447265625 0.3281767578125 0.5629404296875 0.32810546875 0.6334794921875
9 0.435248046875 0.7924287109375 0.4327529296875 0.720357421875 0.32370703125 0.7179248046875 0.3254892578125 0.7908974609375 0.435248046875 0.7924287109375
9 0.287787109375 0.7234638671875 0.287009765625 0.655904296875 0.18955859375 0.6502158203125 0.187853515625 0.7197197265625 0.287787109375 0.7234638671875
9 0.2882626953125 0.574001953125 0.2899423828125 0.51112890625 0.195912109375 0.5072529296875 0.19131640625 0.57213671875 0.2882626953125 0.574001953125
9 0.2946845703125 0.431689453125 0.2965869140625 0.371283203125 0.1986923828125 0.366490234375 0.1969111328125 0.42648828125 0.2946845703125 0.431689453125
9 0.0706953125 0.423376953125 0.167677734375 0.4282236328125 0.1700234375 0.3640166015625 0.0751552734375 0.3600263671875 0.0706953125 0.423376953125
9 0.062802734375 0.5689072265625 0.160767578125 0.5718603515625 0.161009765625 0.5020634765625 0.0644462890625 0.501619140625 0.062802734375 0.5689072265625
1 0.5604052734375 0.8630107421875 0.5648583984375 0.863767578125 0.5693115234375 0.86185546875 0.5846416015625 0.878509765625 0.5845634765625 0.8974150390625 0.586650390625 0.9055224609375 0.592568359375 0.907501953125 0.60191796875 0.9091025390625 0.609552734375 0.9075205078125 0.615837890625 0.9042919921875 0.6241611328125 0.8963427734375 0.6413994140625 0.8914443359375 0.6672724609375 0.89419921875 0.7088876953125 0.8940224609375 0.75483984375 0.894154296875 0.760365234375 0.90472265625 0.7673115234375 0.910017578125 0.774744140625 0.9107626953125 0.783384765625 0.9083427734375 0.786201171875 0.9038935546875 0.792763671875 0.897060546875 0.8027802734375 0.886283203125 0.80566015625 0.8751728515625 0.806048828125 0.856759765625 0.80426953125 0.8437060546875 0.8051982421875 0.832654296875 0.8016884765625 0.81612890625 0.7866982421875 0.79148046875 0.7721591796875 0.769716796875 0.757609375 0.7553291015625 0.7413544921875 0.7475498046875 0.69242578125 0.7404189453125 0.641755859375 0.73847265625 0.613357421875 0.7414970703125 0.6041552734375 0.74407421875 0.596466796875 0.7484521484375 0.5819150390625 0.7687880859375 0.5789609375 0.7740712890625 0.5741552734375 0.7686640625 0.568283203125 0.7711376953125 0.565666015625 0.7745146484375 0.563357421875 0.7818427734375 0.564845703125 0.7886015625 0.5571669921875 0.7962099609375 0.5536708984375 0.8007587890625 0.553396484375 0.808927734375 0.5531611328125 0.821609375 0.5529111328125 0.834919921875 0.5524892578125 0.8481455078125 0.5533203125 0.8565888671875 0.5554755859375 0.859537109375 0.5604052734375 0.8630107421875
6 1 0.8688408203125 0.9316103515625 0.8709560546875 0.852037109375 0.8750830078125 0.8088466796875 0.87614453125 0.805146484375 0.888015625 0.7921220703125 0.899994140625 0.78683984375 0.9045361328125 0.7838369140625 0.9095234375 0.77594921875 0.911462890625 0.7676298828125 0.91096875 0.7596552734375 0.9053173828125 0.7537998046875 0.8947158203125 0.676109375 0.8953994140625 0.665376953125 0.89529296875 0.6466640625 0.8929580078125 0.6407548828125 0.8922109375 0.62523828125 0.896708984375 0.614291015625 0.906767578125 0.6061767578125 0.909380859375 0.598646484375 0.9098486328125 0.58569921875 0.9064619140625 0.583294921875 0.8991796875 0.583720703125 0.87894921875 0.5691982421875 0.8629638671875 0.565806640625 0.864427734375 0.560193359375 0.8638671875 0.5551279296875 0.8606650390625 0.552388671875 0.8573232421875 0.551029296875 0.849466796875 0.543349609375 0.84865625 0.524478515625 0.8450830078125 0.5166064453125 0.8444052734375 0.4923857421875 0.8508125 0.454435546875 0.8511962890625 0.2880654296875 0.8479755859375 0.235052734375 0.8491005859375 0.17012109375 0.8465986328125 0 0.81657421875 0 1 1 0.999783203125 1 0.8688408203125
2 0.173349609375 0.8446982421875 0.23090625 0.8467548828125 0.29102734375 0.8452763671875 0.4907490234375 0.849541015625 0.516296875 0.842640625 0.549982421875 0.8463955078125 0.551435546875 0.79940625 0.5632841796875 0.7880126953125 0.5622431640625 0.7797939453125 0.56330859375 0.7744716796875 0.5665498046875 0.769396484375 0.571384765625 0.7669765625 0.57596875 0.7675478515625 0.579078125 0.7700634765625 0.5817431640625 0.76662109375 0.5854150390625 0.7599189453125 0.5972158203125 0.745236328125 0.605921875 0.739041015625 0.6349150390625 0.735884765625 0.707421875 0.7389375 0.743603515625 0.7444306640625 0.76351953125 0.7565224609375 0.7828623046875 0.780060546875 0.8051416015625 0.814234375 0.81012890625 0.842126953125 0.9989443359375 0.837119140625 1 0.154435546875 0.8153193359375 0.124888671875 0.3537685546875 0.086876953125 0.352568359375 0.073859375 0.0012001953125 0.0694609375 0 0.813515625 0.173349609375 0.8446982421875
8 0.771103515625 0 0.758810546875 0.01235546875 0.7534228515625 0.0253017578125 0.751416015625 0.0471611328125 0.7448212890625 0.0582822265625 0.73165234375 0.0562275390625 0.7089638671875 0.050689453125 0.6807158203125 0.0447138671875 0.667462890625 0.050126953125 0.663154296875 0.062447265625 0.6601064453125 0.07847265625 0.671396484375 0.10255078125 0.69419140625 0.1142734375 0.81763671875 0.1230380859375 1 0.1529140625 0.999443359375 0 0.771103515625 0
8 0.038513671875 0.058595703125 0.0291630859375 0.08859765625 0.0173447265625 0.1221533203125 0.0013232421875 0.1602314453125 0.003240234375 0.811193359375 0.1758876953125 0.841841796875 0.290146484375 0.8421982421875 0.2895283203125 0.8092802734375 0.2841396484375 0.80132421875 0.2752294921875 0.791392578125 0.278369140625 0.7776328125 0.2872763671875 0.774259765625 0.2826962890625 0.7623623046875 0.2714375 0.7544599609375 0.241830078125 0.751443359375 0.223552734375 0.7586826171875 0.206087890625 0.77475390625 0.1889013671875 0.7682734375 0.185080078125 0.7464072265625 0.178376953125 0.714697265625 0.1688232421875 0.6962705078125 0.14101171875 0.672068359375 0.138291015625 0.657541015625 0.149703125 0.6372099609375 0.1551748046875 0.6135390625 0.148001953125 0.5995009765625 0.1489814453125 0.581716796875 0.1343828125 0.567861328125 0.113201171875 0.5548388671875 0.12441015625 0.538552734375 0.133341796875 0.514927734375 0.126443359375 0.5061865234375 0.095533203125 0.5275048828125 0.0940234375 0.5174873046875 0.103 0.4996279296875 0.119623046875 0.4887841796875 0.1276044921875 0.4722197265625 0.1291728515625 0.44758203125 0.1172958984375 0.4463837890625 0.090953125 0.46323828125 0.0816982421875 0.4599736328125 0.084228515625 0.44676953125 0.0949853515625 0.42709375 0.0968984375 0.397345703125 0.1029921875 0.3780224609375 0.106439453125 0.352646484375 0.098416015625 0.3306103515625 0.0933388671875 0.31720703125 0.0934052734375 0.306943359375 0.0887294921875 0.2906318359375 0.0751435546875 0.267322265625 0.070435546875 0.2537568359375 0.0643330078125 0.24533984375 0.0716259765625 0.224892578125 0.0758828125 0.18844921875 0.0776162109375 0.15747265625 0.082005859375 0.1333125 0.081083984375 0.114599609375 0.07594921875 0.062404296875 0.0729658203125 0.0295859375 0.0633994140625 0.0214306640625 0.0553349609375 0.0255419921875 0.0435419921875 0.0477890625 0.038513671875 0.058595703125
8 0.458009765625 0.84728125 0.4913515625 0.84810546875 0.5153564453125 0.840923828125 0.5482841796875 0.843896484375 0.549626953125 0.7994326171875 0.5601064453125 0.7873408203125 0.561796875 0.77621875 0.5640419921875 0.7700419921875 0.5695390625 0.7649892578125 0.5781787109375 0.7670791015625 0.586037109375 0.7557802734375 0.603962890625 0.7366669921875 0.632328125 0.73439453125 0.699240234375 0.7365478515625 0.7432265625 0.742353515625 0.76377734375 0.752359375 0.780826171875 0.774490234375 0.8083271484375 0.8160126953125 0.807052734375 0.83700390625 0.806724609375 0.8450078125 0.8074931640625 0.8746787109375 0.99841796875 0.8668125 0.99915625 0.8605419921875 0.9976142578125 0.8341875 0.9975693359375 0.722458984375 0.9868564453125 0.7240546875 0.967099609375 0.7399384765625 0.922103515625 0.752666015625 0.9017158203125 0.76265234375 0.8877216796875 0.755763671875 0.8841865234375 0.7263857421875 0.8930458984375 0.6889052734375 0.9064052734375 0.667173828125 0.9058818359375 0.659072265625 0.905359375 0.656705078125 0.88533203125 0.6608076171875 0.865232421875 0.6566875 0.8667021484375 0.62266015625 0.8574189453125 0.602966796875 0.847369140625 0.599265625 0.8348642578125 0.6131767578125 0.8234384765625 0.61942578125 0.801623046875 0.627771484375 0.7754091796875 0.628751953125 0.752115234375 0.6330537109375 0.7177392578125 0.6408720703125 0.702921875 0.6167626953125 0.695275390625 0.611197265625 0.6881708984375 0.6190341796875 0.693703125 0.6483994140625 0.6819921875 0.6575458984375 0.670724609375 0.6716865234375 0.666544921875 0.6840087890625 0.667310546875 0.69928125 0.656634765625 0.700203125 0.6415595703125 0.703767578125 0.6280146484375 0.704611328125 0.62513671875 0.6965478515625 0.6248115234375 0.68105078125 0.6207392578125 0.6804765625 0.6159765625 0.68966015625 0.6131376953125 0.713484375 0.5919609375 0.7127900390625 0.5810283203125 0.7116171875 0.5733642578125 0.7045927734375 0.5723916015625 0.6939775390625 0.5697587890625 0.687015625 0.561396484375 0.689419921875 0.558662109375 0.6983125 0.5479921875 0.6959755859375 0.5397080078125 0.694072265625 0.5356572265625 0.6876865234375 0.532943359375 0.688162109375 0.515279296875 0.693044921875 0.501931640625 0.69561328125 0.4928330078125 0.700703125 0.48875 0.7083623046875 0.4828232421875 0.714767578125 0.4803447265625 0.71864453125 0.4814384765625 0.7270908203125 0.4869140625 0.7401826171875 0.4769189453125 0.7450498046875 0.4706025390625 0.751318359375 0.467546875 0.7587255859375 0.4707900390625 0.7649873046875 0.4780126953125 0.7710478515625 0.47632421875 0.77589453125 0.466900390625 0.78094140625 0.4584521484375 0.78765234375 0.4514716796875 0.796751953125 0.452603515625 0.810064453125 0.4534833984375 0.82301171875 0.4561513671875 0.8390615234375 0.458009765625 0.84728125