2 0.000673828125 0.8108291015625 0.014154296875 0.8128515625 0.0242646484375 0.820939453125 0.0227060546875 0.859759765625 0.2935087890625 0.8552109375 0.2972998046875 0.885537109375 0.5650888671875 0.8787138671875 0.9987587890625 0.8461123046875 1 0.4132001953125 0.999767578125 0.3461572265625 0.985935546875 0.3530732421875 0.9426181640625 0.33679296875 0.819884765625 0.3196689453125 0.6964375 0.3189560546875 0.6100966796875 0.3268037109375 0.5431650390625 0.3413447265625 0.46358984375 0.3638427734375 0.4427353515625 0.3539658203125 0.424625 0.3561611328125 0.424076171875 0.370427734375 0.4163935546875 0.3781103515625 0.2737060546875 0.4274970703125 0.2572421875 0.418716796875 0.222119140625 0.4395693359375 0.19577734375 0.4510927734375 0.1815087890625 0.4445078125 0.1496787109375 0.4609697265625 0.1546171875 0.4401171875 0.1436416015625 0.432984375 0.12553125 0.4357275390625 0.120591796875 0.4730419921875 0.1118115234375 0.46975 0.0437607421875 0.501576171875 0.0338828125 0.499380859375 0 0.5117744140625 0.000673828125 0.8108291015625
5 0.29348046875 0.888947265625 0.2904423828125 0.8561357421875 0.0386611328125 0.8617294921875 0.0361171875 0.9619423828125 0.102046875 0.9673837890625 0.1003564453125 0.962166015625 0.0998974609375 0.9543759765625 0.102953125 0.9493349609375 0.1064658203125 0.944599609375 0.1115068359375 0.9424609375 0.117005859375 0.9426142578125 0.120671875 0.944447265625 0.1247958984375 0.9500986328125 0.1276982421875 0.9559033203125 0.12815625 0.9610966796875 0.1251015625 0.96888671875 0.121587890625 0.972552734375 0.1225986328125 0.9748798828125 0.24022265625 0.9866279296875 0.615107421875 0.99680859375 0.6089658203125 0.8809814453125 0.29348046875 0.888947265625
9 0.0285673828125 0.5436279296875 0.029169921875 0.52060546875 0.0150673828125 0.5255478515625 0.0146484375 0.5453125 0.0285673828125 0.5436279296875
9 0.108671875 0.520228515625 0.1081611328125 0.4936982421875 0.0918349609375 0.4959091796875 0.092345703125 0.522439453125 0.108671875 0.520228515625
9 0.1803095703125 0.4967958984375 0.180134765625 0.468310546875 0.16160546875 0.4726533203125 0.1618212890625 0.5009111328125 0.1803095703125 0.4967958984375
9 0.245994140625 0.4764521484375 0.2585615234375 0.4693134765625 0.25808203125 0.446607421875 0.2377744140625 0.449005859375 0.2376904296875 0.476798828125 0.245994140625 0.4764521484375
9 0.3982138671875 0.443224609375 0.3974599609375 0.406935546875 0.372369140625 0.414796875 0.3717236328125 0.449470703125 0.3982138671875 0.443224609375
9 0.5251103515625 0.415435546875 0.5231162109375 0.3768828125 0.48921484375 0.384443359375 0.4895751953125 0.4208857421875 0.5251103515625 0.415435546875
9 0.66814453125 0.3999677734375 0.66465234375 0.3582431640625 0.622927734375 0.3646767578125 0.626603515625 0.4064013671875 0.66814453125 0.3999677734375
9 0.8083359375 0.38949609375 0.8043251953125 0.35107421875 0.766958984375 0.3525517578125 0.767380859375 0.392240234375 0.8083359375 0.38949609375
9 0.9362900390625 0.3926083984375 0.930744140625 0.3565634765625 0.900984375 0.356748046875 0.90560546875 0.3931630859375 0.9362900390625 0.3926083984375
9 0.9833515625 0.4868740234375 0.9765185546875 0.4408828125 0.9502900390625 0.44014453125 0.9554619140625 0.487982421875 0.9833515625 0.4868740234375
9 0.944392578125 0.48474609375 0.939529296875 0.4354873046875 0.9098798828125 0.434388671875 0.9134873046875 0.4850595703125 0.944392578125 0.48474609375
9 0.7450986328125 0.4709169921875 0.8197333984375 0.4687314453125 0.8512734375 0.4681064453125 0.8606044921875 0.464544921875 0.8586474609375 0.44588671875 0.7434951171875 0.447990234375 0.7450986328125 0.4709169921875
0 0.7544052734375 0.5064404296875 0.8848564453125 0.5032060546875 0.8814951171875 0.46568359375 0.750580078125 0.4722294921875 0.7418349609375 0.4802978515625 0.7447021484375 0.5129091796875 0.7544052734375 0.5064404296875
9 0.9621005859375 0.591048828125 0.9546796875 0.5333564453125 0.9223623046875 0.533595703125 0.9257138671875 0.5896123046875 0.9621005859375 0.591048828125
9 0.999923828125 0.591767578125 0.9996845703125 0.5819521484375 0.99369921875 0.53479296875 0.9621005859375 0.5350322265625 0.96832421875 0.5903310546875 0.999923828125 0.591767578125
9 0.97065625 0.69793359375 0.9650009765625 0.6377802734375 0.93183984375 0.64009375 0.9367236328125 0.69793359375 0.97065625 0.69793359375
9 1 0.6984482421875 0.9994716796875 0.639322265625 0.9740224609375 0.6377802734375 0.978392578125 0.6976767578125 1 0.6984482421875
9 0.977720703125 0.805423828125 0.9735078125 0.7485751953125 0.940603515625 0.7493466796875 0.94451171875 0.807572265625 0.977720703125 0.805423828125
9 1 0.7465390625 0.984400390625 0.747884765625 0.9868662109375 0.8055 1 0.8054345703125 1 0.7465390625
5 1 0.847041015625 0.7235205078125 0.8716298828125 0.7256484375 0.99207421875 0.8218662109375 0.987078125 1 0.9634765625 1 0.847041015625
0 0.7731240234375 0.851060546875 0.91158984375 0.8398896484375 0.9112587890625 0.7993876953125 0.762421875 0.8129287109375 0.763771484375 0.851580078125 0.7731240234375 0.851060546875
9 0.767490234375 0.8120615234375 0.890564453125 0.801134765625 0.8894140625 0.7666279296875 0.7666279296875 0.7732412109375 0.767490234375 0.8120615234375
0 0.76710546875 0.733072265625 0.9054443359375 0.7247470703125 0.9030126953125 0.685115234375 0.76255078125 0.695431640625 0.756548828125 0.699162109375 0.758291015625 0.7355205078125 0.76710546875 0.733072265625
9 0.8857822265625 0.6848271484375 0.8820107421875 0.6553349609375 0.761642578125 0.6611650390625 0.762671875 0.6940859375 0.8857822265625 0.6848271484375
0 0.7600654296875 0.6188330078125 0.8988720703125 0.613712890625 0.8961728515625 0.5746953125 0.755296875 0.5808349609375 0.747619140625 0.586923828125 0.7517099609375 0.6242236328125 0.7600654296875 0.6188330078125
9 0.8740419921875 0.5756484375 0.8718740234375 0.5488173828125 0.7526123046875 0.553642578125 0.753708984375 0.5805263671875 0.8740419921875 0.5756484375
9 0.710982421875 0.8254404296875 0.7095673828125 0.7665302734375 0.6199541015625 0.773025390625 0.6226142578125 0.828744140625 0.710982421875 0.8254404296875
9 0.7081337890625 0.709775390625 0.7048505859375 0.6534990234375 0.61571484375 0.66037109375 0.6184208984375 0.7163603515625 0.7081337890625 0.709775390625
9 0.7032099609375 0.598396484375 0.69805078125 0.54376171875 0.61058984375 0.5524384765625 0.61223046875 0.6051962890625 0.7032099609375 0.598396484375
9 0.6960146484375 0.4930390625 0.6916845703125 0.4370859375 0.6040888671875 0.4460390625 0.606392578125 0.500412109375 0.6960146484375 0.4930390625
9 0.55396875 0.4900888671875 0.5519013671875 0.459966796875 0.4462060546875 0.478412109375 0.4464990234375 0.4839755859375 0.446791015625 0.5062265625 0.55396875 0.4900888671875
0 0.552759765625 0.5293896484375 0.5639375 0.5324375 0.5639375 0.4994150390625 0.5502197265625 0.4923017578125 0.4192861328125 0.511025390625 0.4216826171875 0.5451396484375 0.552759765625 0.5293896484375
9 0.5520771484375 0.5966357421875 0.5506279296875 0.5771435546875 0.4508681640625 0.589525390625 0.4512392578125 0.609572265625 0.5520771484375 0.5966357421875
0 0.5532685546875 0.635572265625 0.5669853515625 0.64014453125 0.566271484375 0.600154296875 0.552181640625 0.598140625 0.41972265625 0.6131748046875 0.4221904296875 0.6503056640625 0.5532685546875 0.635572265625
9 0.561197265625 0.7097958984375 0.560970703125 0.6799853515625 0.452673828125 0.691287109375 0.4520986328125 0.7185244140625 0.561197265625 0.7097958984375
0 0.5588564453125 0.7498837890625 0.5674931640625 0.750900390625 0.5669853515625 0.7163525390625 0.55682421875 0.7127958984375 0.4200693359375 0.72251953125 0.4206669921875 0.7580126953125 0.5588564453125 0.7498837890625
9 0.5646474609375 0.824640625 0.5635693359375 0.7892548828125 0.452470703125 0.7977060546875 0.452638671875 0.82947265625 0.5646474609375 0.824640625
0 0.5591162109375 0.865763671875 0.5690673828125 0.86539453125 0.5678515625 0.82625390625 0.421388671875 0.8324306640625 0.4231142578125 0.8698173828125 0.5591162109375 0.865763671875
9 0.3971396484375 0.841013671875 0.3982841796875 0.78951171875 0.3320947265625 0.794662109375 0.330568359375 0.843302734375 0.3971396484375 0.841013671875
9 0.39766015625 0.735908203125 0.3964462890625 0.686447265625 0.3377509765625 0.694173828125 0.3377509765625 0.740951171875 0.39766015625 0.735908203125
9 0.3360322265625 0.6428076171875 0.3969736328125 0.6348955078125 0.395220703125 0.583849609375 0.3358505859375 0.5956796875 0.3360322265625 0.6428076171875
9 0.3971083984375 0.5323837890625 0.395787109375 0.488525390625 0.338884765625 0.5027998046875 0.339646484375 0.544921875 0.3971083984375 0.5323837890625
9 0.2676435546875 0.5641337890625 0.268330078125 0.516970703125 0.2316982421875 0.525212890625 0.23032421875 0.5707734375 0.2676435546875 0.5641337890625
9 0.2672529296875 0.659669921875 0.2660107421875 0.6068720703125 0.22920703125 0.614169921875 0.2281201171875 0.661533203125 0.2672529296875 0.659669921875
9 0.2638369140625 0.7539306640625 0.2632158203125 0.7011328125 0.225791015625 0.705791015625 0.224859375 0.7561044921875 0.2638369140625 0.7539306640625
9 0.260927734375 0.85369140625 0.261126953125 0.7999130859375 0.2235068359375 0.8030810546875 0.2234814453125 0.8550859375 0.260927734375 0.85369140625
9 0.182791015625 0.8523291015625 0.18198828125 0.803060546875 0.1566318359375 0.802900390625 0.155990234375 0.8532919921875 0.182791015625 0.8523291015625
9 0.143740234375 0.8543798828125 0.1453076171875 0.8037802734375 0.12157421875 0.804228515625 0.1209033203125 0.853708984375 0.143740234375 0.8543798828125
9 0.1841357421875 0.760951171875 0.1834248046875 0.7116591796875 0.158541015625 0.7116591796875 0.158541015625 0.76071484375 0.1841357421875 0.760951171875
9 0.14623828125 0.7607080078125 0.1469140625 0.7131630859375 0.125056640625 0.7154169921875 0.1246064453125 0.761609375 0.14623828125 0.7607080078125
9 0.185552734375 0.66790234375 0.1868408203125 0.6193662109375 0.164935546875 0.6193662109375 0.163861328125 0.66790234375 0.185552734375 0.66790234375
9 0.1483447265625 0.6682216796875 0.1485361328125 0.6212548828125 0.1286806640625 0.623927734375 0.1269619140625 0.6705126953125 0.1483447265625 0.6682216796875
9 0.179826171875 0.5790380859375 0.1808759765625 0.5418125 0.1485517578125 0.54834765625 0.1478515625 0.5803212890625 0.179826171875 0.5790380859375
9 0.1027939453125 0.6014169921875 0.1035380859375 0.5629814453125 0.0770205078125 0.56834375 0.075013671875 0.6058076171875 0.1027939453125 0.6014169921875
9 0.099833984375 0.68591015625 0.099337890625 0.6418466796875 0.072154296875 0.645818359375 0.0709130859375 0.6869033203125 0.099833984375 0.68591015625
9 0.098326171875 0.768310546875 0.097494140625 0.72488671875 0.0688779296875 0.7280478515625 0.06837890625 0.770306640625 0.098326171875 0.768310546875
9 0.0938515625 0.85667578125 0.0930498046875 0.8103515625 0.065548828125 0.8114189453125 0.0644814453125 0.8570771484375 0.0938515625 0.85667578125
9 0 0.7774228515625 0.0192197265625 0.7772939453125 0.0199931640625 0.7327919921875 0 0.7344697265625 0 0.7774228515625
9 0 0.701009765625 0.0209775390625 0.6980888671875 0.0212431640625 0.6571962890625 0 0.6593203125 0 0.701009765625
9 0.02483203125 0.6207958984375 0.0254814453125 0.5886611328125 0.005193359375 0.591419921875 0.0043818359375 0.624529296875 0.02483203125 0.6207958984375
7 0.1181103515625 1 0.117998046875 0.995373046875 0.1155185546875 0.99503515625 0.115630859375 0.993119140625 0.1185615234375 0.9928935546875 0.118673828125 0.98590625 0.1169609375 0.9850537109375 0.117509765625 0.9743583984375 0.1210751953125 0.971890625 0.1250517578125 0.967091796875 0.1273828125 0.9621552734375 0.126697265625 0.955984375 0.1239541015625 0.949814453125 0.1203896484375 0.9454267578125 0.1164130859375 0.9435068359375 0.1114765625 0.94391796875 0.1076376953125 0.9447412109375 0.103935546875 0.948580078125 0.1010556640625 0.953791015625 0.10126953125 0.9603515625 0.103125 0.966015625 0.10595703125 0.970703125 0.1091796875 0.9728515625 0.10869140625 0.98544921875 0.1048828125 0.9861328125 0.1056640625 0.9919921875 0.1076171875 0.99228515625 0.1076162109375 0.994798828125 0.104041015625 0.99516796875 0.1036708984375 1 0.1181103515625 1
7 0.0077666015625 1 0.0102060546875 0.9199287109375 0.0108837890625 0.9017744140625 0.019091796875 0.9007041015625 0.027603515625 0.899103515625 0.028125 0.89580078125 0.02841796875 0.89111328125 0.0202177734375 0.891279296875 0.0201923828125 0.8882099609375 0.025998046875 0.8854228515625 0.02920703125 0.88039453125 0.027865234375 0.878337890625 0.0207685546875 0.8780244140625 0.020974609375 0.8753125 0.026822265625 0.873640625 0.029326171875 0.8698837890625 0.02887890625 0.86779296875 0.0208017578125 0.867240234375 0.0210224609375 0.86403125 0.0160048828125 0.8623984375 0.012505859375 0.861763671875 0.0123759765625 0.85746484375 0.023279296875 0.857240234375 0.0235439453125 0.82152734375 0.0154755859375 0.8206015625 0.0148642578125 0.8143271484375 0.0050048828125 0.814478515625 0.0050048828125 0.818421875 0 0.818421875 0 0.8552783203125 0.002578125 0.8564921875 0.0010615234375 0.93399609375 0 1 0.0077666015625 1
7 0.4100654296875 1 0.4092197265625 0.9274423828125 0.4061171875 0.8763955078125 0.4020283203125 0.87625390625 0.39697265625 0.8771484375 0.39326171875 0.87880859375 0.385546875 0.8814453125 0.38486328125 0.8849609375 0.38623046875 0.887109375 0.38857421875 0.88837890625 0.3931640625 0.88837890625 0.3935546875 0.8923828125 0.38671875 0.892578125 0.38662109375 0.89482421875 0.3876953125 0.898046875 0.38896484375 0.89921875 0.39365234375 0.9001953125 0.39404296875 0.90380859375 0.38701171875 0.904296875 0.38623046875 0.90537109375 0.38779296875 0.90966796875 0.390625 0.9109375 0.39462890625 0.91162109375 0.3953125 0.91689453125 0.400830078125 0.9190029296875 0.402859375 0.99996484375 0.4100654296875 1
8 0.1696689453125 1 0.16921484375 0.965705078125 0.173763671875 0.8569892578125 0.1928681640625 0.846072265625 0.226984375 0.829697265625 0.2379013671875 0.8215087890625 0.243814453125 0.8096826171875 0.2274384765625 0.7964912109375 0.226865234375 0.7811572265625 0.2280625 0.7596083984375 0.2154921875 0.7422490234375 0.2023232421875 0.7284814453125 0.1723935546875 0.7218974609375 0.1476484375 0.72089453125 0.1286875 0.7225078125 0.117404296875 0.7243486328125 0.1117119140625 0.72755078125 0.107798828125 0.7382236328125 0.1025869140625 0.7585615234375 0.0993359375 0.7693984375 0.089943359375 0.78384765625 0.0775908203125 0.7912890625 0.0741728515625 0.80564453125 0.0834013671875 0.8176083984375 0.0954462890625 0.8307744140625 0.1071005859375 0.84087890625 0.1248984375 0.8493095703125 0.14925390625 0.8533681640625 0.160931640625 0.8559296875 0.1602177734375 0.92456640625 0.157619140625 0.9997734375 0.1696689453125 1
6 1 0.96236328125 0.8276865234375 0.9876025390625 0.6175927734375 0.994849609375 0.6155146484375 1 1 1 1 0.96236328125
6 0.0862412109375 1 0.0862412109375 0.998884765625 0.0094775390625 0.9894072265625 0.0082919921875 1 0.0862412109375 1
8 0.02606640625 0.941556640625 0.033271484375 0.94028515625 0.0406884765625 0.9371064453125 0.051265625 0.93697265625 0.0606513671875 0.939861328125 0.0570419921875 0.9340849609375 0.0531904296875 0.9311962890625 0.0553564453125 0.924216796875 0.0543935546875 0.919884765625 0.0488583984375 0.9165146484375 0.0413974609375 0.9090537109375 0.0363427734375 0.9044814453125 0.0300849609375 0.9129052734375 0.0199765625 0.926142578125 0.014681640625 0.9343251953125 0.0120341796875 0.9297529296875 0.0132373046875 0.921810546875 0.01564453125 0.91771875 0.0142001953125 0.9109794921875 0.011552734375 0.912423828125 0.009626953125 0.9266240234375 0.009626953125 0.943953125 0.01441015625 0.9409208984375 0.02606640625 0.941556640625