2 1 0.0977431640625 0.9683505859375 0.1123623046875 0.96425 0.1132529296875 0.9633583984375 0.1164619140625 0.958009765625 0.1189580078125 0.9578310546875 0.1205625 0.975482421875 0.128228515625 0.97673046875 0.137498046875 0.94873828125 0.15015625 0.9385751953125 0.1453427734375 0.9366142578125 0.1473037109375 0.93572265625 0.1530078125 0.9148623046875 0.142646484375 0.9109404296875 0.1442509765625 0.9066611328125 0.149599609375 0.8579873046875 0.17348828125 0.853708984375 0.17437890625 0.85388671875 0.1790146484375 0.8652978515625 0.1856103515625 0.8665458984375 0.19113671875 0.8422978515625 0.2018330078125 0.825181640625 0.196841796875 0.8203681640625 0.19416796875 0.8167744140625 0.1949853515625 0.810712890625 0.1990849609375 0.783791015625 0.211564453125 0.784326171875 0.217447265625 0.7930625 0.22012109375 0.7766591796875 0.2286787109375 0.7750546875 0.2320654296875 0.7561552734375 0.2279658203125 0.7499150390625 0.2293916015625 0.745814453125 0.2352744140625 0.7051640625 0.2547060546875 0.7053427734375 0.259341796875 0.711939453125 0.2598759765625 0.7155048828125 0.2623720703125 0.715693359375 0.2697392578125 0.7085615234375 0.2729482421875 0.6836005859375 0.268669921875 0.67201171875 0.2724140625 0.666306640625 0.278296875 0.6666630859375 0.2733046875 0.6643447265625 0.2715224609375 0.660779296875 0.2654609375 0.6573916015625 0.2663525390625 0.649724609375 0.2690263671875 0.6404541015625 0.271166015625 0.640275390625 0.2891708984375 0.6367099609375 0.293271484375 0.6461591796875 0.30040234375 0.645802734375 0.3030771484375 0.6229814453125 0.3000458984375 0.61014453125 0.3057509765625 0.610669921875 0.3088857421875 0.5821435546875 0.3224345703125 0.583212890625 0.3263564453125 0.58998828125 0.328673828125 0.58998828125 0.3334873046875 0.5764375 0.33045703125 0.56199609375 0.3342001953125 0.5559345703125 0.3393701171875 0.533826171875 0.349888671875 0.53311328125 0.35505859375 0.51813671875 0.3566630859375 0.528833984375 0.35551953125 0.51510546875 0.3608671875 0.5135009765625 0.3638984375 0.4740986328125 0.3811904296875 0.4216923828125 0.4127451171875 0.42080078125 0.416310546875 0.408498046875 0.4141708984375 0.4199091796875 0.431263671875 0.417056640625 0.4467734375 0.429001953125 0.46353125 0.4204443359375 0.4802890625 0.41580859375 0.5013251953125 0.419552734375 0.515408203125 0.4262412109375 0.5135810546875 0.4420908203125 0.52606640625 0.4368076171875 0.5558408203125 0.4555380859375 0.5592021484375 0.463703125 0.636998046875 0.4497744140625 0.64228125 0.418556640625 0.6792578125 0.423359375 0.6850205078125 0.449294921875 0.6827607421875 0.4536171875 0.690923828125 0.4934794921875 0.6899638671875 0.4922890625 0.6196376953125 0.4922890625 0.6064912109375 0.514201171875 0.605919921875 0.5313505859375 0.610111328125 0.5340185546875 0.6415478515625 0.58984765625 0.63659375 0.5909912109375 0.59696484375 0.58737109375 0.5937265625 0.5890859375 0.5880107421875 0.6125224609375 0.585724609375 0.63824609375 0.59201171875 0.636912109375 0.6284013671875 0.7324521484375 0.6165888671875 0.7334052734375 0.5706728515625 0.7294033203125 0.5681962890625 0.730166015625 0.5626708984375 0.7617958984375 0.5573359375 0.780087890625 0.561146484375 0.7867578125 0.5655283203125 0.78751953125 0.6070625 0.8900615234375 0.5918212890625 0.887775390625 0.5426884765625 0.881296875 0.53887890625 0.88053515625 0.5339248046875 0.92455078125 0.5242080078125 0.9523701171875 0.5308759765625 0.9548466796875 0.5714580078125 1 0.56155078125 1 0.0977431640625
9 1 0.131296875 0.992505859375 0.134228515625 0.9933984375 0.1651962890625 1 0.16124609375 1 0.131296875
9 0.8970419921875 0.20980078125 0.9133564453125 0.20202734375 0.9109345703125 0.1686376953125 0.895767578125 0.175646484375 0.8970419921875 0.20980078125
9 0.8750419921875 0.2206748046875 0.8911005859375 0.2125185546875 0.8886796875 0.1802763671875 0.87351171875 0.1879228515625 0.8750419921875 0.2206748046875
9 0.8032998046875 0.2544873046875 0.8166826171875 0.24798828125 0.8155615234375 0.217857421875 0.8026630859375 0.2245390625 0.8032998046875 0.2544873046875
9 0.7390625 0.284255859375 0.750916015625 0.2799228515625 0.749513671875 0.2502822265625 0.738552734375 0.2558359375 0.7390625 0.284255859375
9 0.7223662109375 0.2947060546875 0.733708984375 0.2892265625 0.733658203125 0.259287109375 0.7214736328125 0.265521484375 0.7223662109375 0.2947060546875
9 0.6614794921875 0.30016015625 0.6536162109375 0.3028857421875 0.653197265625 0.3302470703125 0.6618994140625 0.32594921875 0.6614794921875 0.30016015625
9 0.667560546875 0.323119140625 0.676158203125 0.317982421875 0.676052734375 0.2913544921875 0.6671416015625 0.2961767578125 0.667560546875 0.323119140625
9 0.603646484375 0.3549306640625 0.603490234375 0.33025 0.5961474609375 0.3341552734375 0.5963037109375 0.3581328125 0.603646484375 0.3549306640625
9 0.61598828125 0.3483701171875 0.61591015625 0.323923828125 0.6095048828125 0.3272041015625 0.6097392578125 0.351103515625 0.61598828125 0.3483701171875
9 0.4692529296875 0.4005966796875 0.4643447265625 0.402875 0.46371484375 0.4212880859375 0.468427734375 0.41975390625 0.4692529296875 0.4005966796875
9 0.4718505859375 0.418599609375 0.4771220703125 0.4160087890625 0.4774794921875 0.3960849609375 0.47158203125 0.3992119140625 0.4718505859375 0.418599609375
9 0.55413671875 0.379486328125 0.563158203125 0.375859375 0.5628017578125 0.3492021484375 0.5542294921875 0.3532607421875 0.55413671875 0.379486328125
9 0.54390625 0.38400390625 0.551904296875 0.3805634765625 0.551998046875 0.3552685546875 0.54390625 0.3593603515625 0.54390625 0.38400390625
9 0.5101455078125 0.401580078125 0.518330078125 0.3978603515625 0.518515625 0.3738671875 0.510703125 0.37684375 0.5101455078125 0.401580078125
9 0.500658203125 0.4067880859375 0.50828515625 0.4025107421875 0.509314453125 0.378271484375 0.5014951171875 0.382609375 0.500658203125 0.4067880859375
9 0.4320439453125 0.441103515625 0.4364970703125 0.4390732421875 0.43615234375 0.4208203125 0.4318095703125 0.4225146484375 0.4320439453125 0.441103515625
9 0.236666015625 0.5189267578125 0.23229296875 0.5206162109375 0.232193359375 0.533833984375 0.2363681640625 0.5316474609375 0.236666015625 0.5189267578125
9 0.129078125 0.5975283203125 0.131734375 0.5965126953125 0.131578125 0.588 0.12892578125 0.58869140625 0.129078125 0.5975283203125
9 0.1342333984375 0.594638671875 0.1368896484375 0.593310546875 0.136640625 0.5844921875 0.1340771484375 0.5855 0.1342333984375 0.594638671875
9 0.139154296875 0.5912802734375 0.141888671875 0.5895615234375 0.141888671875 0.581126953125 0.138919921875 0.5821416015625 0.139154296875 0.5912802734375
9 0.1439970703125 0.5889365234375 0.1475908203125 0.5870625 0.1475126953125 0.5772216796875 0.1443095703125 0.579095703125 0.1439970703125 0.5889365234375
9 0.15133984375 0.5843291015625 0.15532421875 0.5825322265625 0.1554794921875 0.57222265625 0.15157421875 0.57355078125 0.15133984375 0.5843291015625
9 0.1579013671875 0.580501953125 0.161962890625 0.5778466796875 0.16212890625 0.56779296875 0.1581357421875 0.5695673828125 0.1579013671875 0.580501953125
9 0.1649345703125 0.576046875 0.1689189453125 0.5728447265625 0.16876953125 0.5633984375 0.1647001953125 0.5647216796875 0.1649345703125 0.576046875
9 0.17094921875 0.5715166015625 0.17407421875 0.5696416015625 0.17391796875 0.55917578125 0.17063671875 0.56066015625 0.17094921875 0.5715166015625
9 0.1758701171875 0.568705078125 0.1797763671875 0.566517578125 0.1794140625 0.5548046875 0.17548046875 0.5564423828125 0.1758701171875 0.568705078125
9 0.1807919921875 0.5655810546875 0.185791015625 0.5627685546875 0.185712890625 0.5505068359375 0.1811826171875 0.553474609375 0.1807919921875 0.5655810546875
9 0.1894873046875 0.561435546875 0.194564453125 0.5585458984375 0.194251953125 0.5451904296875 0.1898779296875 0.548001953125 0.1894873046875 0.561435546875
9 0.1988603515625 0.55565625 0.204796875 0.552453125 0.2044140625 0.53859375 0.1987822265625 0.5419873046875 0.1988603515625 0.55565625
9 0.208 0.5489384765625 0.214716796875 0.545501953125 0.2140146484375 0.532302734375 0.207609375 0.5351923828125 0.208 0.5489384765625
9 0.218822265625 0.542572265625 0.22497265625 0.5395419921875 0.2248056640625 0.5242578125 0.219 0.528578125 0.218822265625 0.542572265625
9 0 0.6110634765625 0.00921484375 0.6105166015625 0.00944921875 0.5968486328125 0 0.5966142578125 0 0.6110634765625
9 0.046865234375 0.608798828125 0.06076953125 0.608798828125 0.06100390625 0.594740234375 0.046796875 0.59474609375 0.046865234375 0.608798828125
9 0.0647529296875 0.6115322265625 0.0785009765625 0.6116103515625 0.0790478515625 0.5968486328125 0.0651435546875 0.5963798828125 0.0647529296875 0.6115322265625
9 0 0.6406298828125 0.0101884765625 0.6405517578125 0.0105009765625 0.6200107421875 0 0.6200107421875 0 0.6200888671875 0 0.6406298828125
9 0.029169921875 0.6419580078125 0.04065234375 0.6423486328125 0.04112109375 0.622587890625 0.02931640625 0.6221875 0.029169921875 0.6419580078125
9 0.0472138671875 0.6428955078125 0.0590087890625 0.6427392578125 0.0589306640625 0.623603515625 0.0472919921875 0.623603515625 0.0472138671875 0.6428955078125
9 0 0.66876953125 0.0092880859375 0.66876171875 0.0092880859375 0.647986328125 0 0.648064453125 0 0.66876953125
9 0 0.6975498046875 0.0089755859375 0.6973935546875 0.0090537109375 0.6759150390625 0 0.6759931640625 0 0.6975498046875
9 1 0.2396484375 0.985130859375 0.24530859375 0.98634375 0.26633203125 1 0.261884765625 1 0.2396484375
9 0.8778662109375 0.2900966796875 0.8789169921875 0.319115234375 0.8883720703125 0.3159638671875 0.887453125 0.2914091796875 0.8778662109375 0.2900966796875
9 0.9348603515625 0.2971865234375 0.9359111328125 0.2743388671875 0.9152939453125 0.282611328125 0.9154248046875 0.305197265625 0.9348603515625 0.2971865234375
9 0.7913935546875 0.3642548828125 0.8315791015625 0.3488671875 0.8289697265625 0.2963193359375 0.7912451171875 0.313755859375 0.7913935546875 0.3642548828125
9 0.793962890625 0.4640908203125 0.83421875 0.4522724609375 0.832333984375 0.3978046875 0.79344921875 0.410650390625 0.793962890625 0.4640908203125
9 0.8839228515625 0.42868359375 0.8930009765625 0.4264873046875 0.8924150390625 0.3913486328125 0.8828974609375 0.3913486328125 0.8839228515625 0.42868359375
9 0.9212783203125 0.4182353515625 0.941025390625 0.4127939453125 0.9404033203125 0.3807666015625 0.9211220703125 0.3857421875 0.9212783203125 0.4182353515625
9 0.658490234375 0.4058642578125 0.657611328125 0.384056640625 0.6436611328125 0.3848466796875 0.6438916015625 0.41166796875 0.658490234375 0.4058642578125
9 0.6589638671875 0.4661279296875 0.644541015625 0.4675341796875 0.644716796875 0.4986630859375 0.658435546875 0.495673828125 0.6589638671875 0.4661279296875
9 0.7578662109375 0.4725712890625 0.757736328125 0.4425859375 0.7467841796875 0.443498046875 0.747044921875 0.4719189453125 0.7578662109375 0.4725712890625
9 0.756693359375 0.375982421875 0.756041015625 0.348865234375 0.7456103515625 0.352515625 0.74587109375 0.3745478515625 0.756693359375 0.375982421875
9 0.5902451171875 0.55853515625 0.5906181640625 0.5775751953125 0.615296875 0.5739423828125 0.614669921875 0.55440234375 0.5902451171875 0.55853515625
9 0.590994140625 0.5224765625 0.6142939453125 0.515587890625 0.6140439453125 0.5134580078125 0.612666015625 0.5134580078125 0.6124150390625 0.509701171875 0.614419921875 0.5093251953125 0.6140439453125 0.472123046875 0.590869140625 0.479638671875 0.590994140625 0.5224765625
9 0.61366796875 0.4333974609375 0.6151708984375 0.3914365234375 0.5926220703125 0.400580078125 0.5926220703125 0.4409130859375 0.61366796875 0.4333974609375
9 0.5112734375 0.4735634765625 0.5115703125 0.4696005859375 0.5103818359375 0.46880859375 0.510083984375 0.466232421875 0.51454296875 0.459990234375 0.5153359375 0.43522265625 0.4985908203125 0.44235546875 0.498392578125 0.478517578125 0.5112734375 0.4735634765625
0 0.5704873046875 0.4470810546875 0.547810546875 0.445873046875 0.5154677734375 0.4591611328125 0.510169921875 0.46678125 0.510634765625 0.46817578125 0.5514345703125 0.4505185546875 0.570765625 0.451541015625 0.5704873046875 0.4470810546875
0 0.5676953125 0.53334765625 0.567798828125 0.5280546875 0.5505693359375 0.5269130859375 0.5084287109375 0.5393662109375 0.50863671875 0.545490234375 0.553267578125 0.5324130859375 0.5676953125 0.53334765625
9 0.495568359375 0.5473671875 0.5083916015625 0.5449296875 0.5084970703125 0.5388896484375 0.5130546875 0.5376181640625 0.513583984375 0.5058291015625 0.495673828125 0.5125048828125 0.495568359375 0.5473671875
9 0.49700390625 0.607330078125 0.5080634765625 0.6060283203125 0.5116884765625 0.6071435546875 0.5119775390625 0.5770458984375 0.4965390625 0.5810302734375 0.49700390625 0.607330078125
9 0.4604873046875 0.4864873046875 0.466642578125 0.4846630859375 0.4740517578125 0.4850048828125 0.4737099609375 0.4669970703125 0.4731552734375 0.46702734375 0.460373046875 0.4669970703125 0.4604873046875 0.4864873046875
9 0.42731640625 0.50529296875 0.43096484375 0.50529296875 0.43734765625 0.50278515625 0.4387158203125 0.501189453125 0.44042578125 0.4712138671875 0.4276591796875 0.4762294921875 0.42731640625 0.50529296875
0 1 0.3841796875 0.9361484375 0.4025986328125 0.9348662109375 0.405654296875 0.938087890625 0.4065751953125 0.939314453125 0.413169921875 1 0.395837890625 1 0.3841796875
0 1 0.2607412109375 0.930724609375 0.2880439453125 0.929037109375 0.289423828125 0.92934375 0.2920322265625 0.932412109375 0.2920322265625 0.9337919921875 0.2972470703125 1 0.272091796875 1 0.2607412109375
0 0.675369140625 0.31796875 0.9813388671875 0.1719931640625 0.98048828125 0.1655185546875 0.6757431640625 0.3114267578125 0.675369140625 0.31796875
9 0.9381435546875 0.75749609375 0.9457900390625 0.7584228515625 0.9450947265625 0.7060654296875 0.94001953125 0.70683984375 0.9381435546875 0.75749609375
9 0.9576064453125 0.7570322265625 0.9997744140625 0.7581904296875 1 0.7042119140625 0.9576064453125 0.7053701171875 0.9576064453125 0.7570322265625
9 0.7715224609375 0.7552841796875 0.89737109375 0.75624609375 0.8967939453125 0.70910546875 0.77171484375 0.7119912109375 0.7715224609375 0.7552841796875
9 0.7390048828125 0.7556806640625 0.7376455078125 0.7135244140625 0.621267578125 0.7154677734375 0.6206845703125 0.7523779296875 0.7390048828125 0.7556806640625
9 0.5955048828125 0.7501435546875 0.59433984375 0.7161474609375 0.51256640625 0.7166015625 0.5115732421875 0.7470361328125 0.5955048828125 0.7501435546875
7 0.4713359375 0.5185498046875 0.4714951171875 0.51491015625 0.4680126953125 0.5115859375 0.4312890625 0.5093701171875 0.429072265625 0.5126943359375 0.4298642578125 0.5179169921875 0.4333466796875 0.52044921875 0.4589892578125 0.5267802734375 0.4627890625 0.527888671875 0.4656376953125 0.7744677734375 0.47434375 0.7741513671875 0.4745517578125 0.7726513671875 0.4695947265625 0.5213994140625 0.4713359375 0.5185498046875
1 0.3136181640625 0.784287109375 0.311578125 0.784626953125 0.3093681640625 0.787685546875 0.3086884765625 0.7924453125 0.30069921875 0.801283203125 0.2976396484375 0.8079111328125 0.2964501953125 0.8313662109375 0.2978095703125 0.84309375 0.299 0.8459833984375 0.3066484375 0.8480224609375 0.311408203125 0.8478525390625 0.3146376953125 0.844962890625 0.316337890625 0.8381650390625 0.33435546875 0.842923828125 0.3370751953125 0.8534619140625 0.340984375 0.859580078125 0.350333984375 0.8628095703125 0.3571328125 0.861109375 0.36172265625 0.8563505859375 0.3642724609375 0.8473427734375 0.3811005859375 0.8485322265625 0.3811005859375 0.8534619140625 0.3845 0.8551611328125 0.390958984375 0.8555009765625 0.3929990234375 0.8543115234375 0.3940185546875 0.850572265625 0.4225751953125 0.85040234375 0.4269951171875 0.859919921875 0.4288642578125 0.86773828125 0.4356640625 0.868927734375 0.440763671875 0.86841796875 0.44093359375 0.8643388671875 0.4399130859375 0.8568603515625 0.4397431640625 0.850302734375 0.441953125 0.8399345703125 0.4439931640625 0.832626953125 0.442802734375 0.8220888671875 0.4400830078125 0.8207294921875 0.4375341796875 0.816140625 0.4390634765625 0.8115517578125 0.43736328125 0.81053125 0.4332841796875 0.8067919921875 0.4319248046875 0.7979541015625 0.4344736328125 0.793705078125 0.44059375 0.7882666015625 0.4334541015625 0.7795986328125 0.423595703125 0.7727998046875 0.3987783203125 0.76787109375 0.3963984375 0.7660009765625 0.3926591796875 0.76719140625 0.3540732421875 0.7648115234375 0.3426845703125 0.7653212890625 0.334185546875 0.76855078125 0.3175341796875 0.7842080078125 0.3136181640625 0.784287109375
1 0.167931640625 0.7429150390625 0.15166015625 0.741404296875 0.1482900390625 0.743263671875 0.14329296875 0.7510498046875 0.1405029296875 0.7522119140625 0.139921875 0.75372265625 0.1400380859375 0.759533203125 0.1372490234375 0.7734775390625 0.136435546875 0.7778935546875 0.136900390625 0.7837041015625 0.13759765625 0.784982421875 0.1395732421875 0.7850986328125 0.1412001953125 0.784982421875 0.1437578125 0.7883525390625 0.14608203125 0.7888173828125 0.1473603515625 0.7888173828125 0.1493359375 0.787771484375 0.150265625 0.7841689453125 0.1747880859375 0.788701171875 0.1783916015625 0.7885849609375 0.1814130859375 0.7636005859375 0.181529296875 0.746052734375 0.180599609375 0.7454716796875 0.167931640625 0.7429150390625
1 0.1074794921875 0.7615107421875 0.1074794921875 0.7755693359375 0.1100576171875 0.777443359375 0.114353515625 0.776349609375 0.115759765625 0.7743193359375 0.117947265625 0.7751787109375 0.1188056640625 0.778380859375 0.1204462890625 0.78006640625 0.1247421875 0.78076953125 0.1278671875 0.78006640625 0.1282578125 0.7778017578125 0.1352880859375 0.7785048828125 0.139427734375 0.760697265625 0.139505859375 0.75358984375 0.140521484375 0.75132421875 0.1432548828125 0.75054296875 0.14794140625 0.7429677734375 0.15169140625 0.7410146484375 0.164658203125 0.7417958984375 0.1656728515625 0.7417958984375 0.1563779296875 0.7346201171875 0.1470048828125 0.7329013671875 0.1293515625 0.7328232421875 0.1263046875 0.7322763671875 0.1223994140625 0.7339169921875 0.115015625 0.745541015625 0.113935546875 0.7429228515625 0.1102646484375 0.7433916015625 0.1095615234375 0.7453447265625 0.1099521484375 0.747140625 0.113388671875 0.747296875 0.113544921875 0.748859375 0.1122451171875 0.749482421875 0.1079482421875 0.75619921875 0.1074794921875 0.7615107421875
1 0.11309375 0.733794921875 0.11008203125 0.7338740234375 0.105802734375 0.7360927734375 0.1033466796875 0.7389453125 0.10176171875 0.742115234375 0.09875 0.7421943359375 0.0970859375 0.7433037109375 0.0970859375 0.7452841796875 0.0985126953125 0.7463935546875 0.0982744140625 0.7490087890625 0.096373046875 0.7536044921875 0.0957392578125 0.7639052734375 0.0962939453125 0.769134765625 0.0988291015625 0.770640625 0.10096875 0.7703232421875 0.102158203125 0.769689453125 0.10398046875 0.7712744140625 0.1042978515625 0.7738896484375 0.106041015625 0.7740478515625 0.1070712890625 0.7729384765625 0.1072294921875 0.7585966796875 0.1072578125 0.7558486328125 0.1122568359375 0.7487412109375 0.1110849609375 0.7475693359375 0.1093671875 0.7474912109375 0.1089765625 0.7456953125 0.1096787109375 0.7431953125 0.1113974609375 0.7424150390625 0.1149130859375 0.7422587890625 0.116083984375 0.7431171875 0.1211875 0.7348505859375 0.114916015625 0.7345078125 0.11309375 0.733794921875
1 0.0834111328125 0.7290693359375 0.0818818359375 0.7294716796875 0.0787412109375 0.7326923828125 0.07551953125 0.738248046875 0.072298828125 0.7430791015625 0.0713330078125 0.747587890625 0.07052734375 0.7588603515625 0.0718154296875 0.7616787109375 0.0731044921875 0.7621611328125 0.0756005859375 0.7620810546875 0.0763251953125 0.762724609375 0.078177734375 0.7636103515625 0.08099609375 0.7638525390625 0.081720703125 0.7635302734375 0.082767578125 0.76183984375 0.083814453125 0.759021484375 0.08808203125 0.758779296875 0.0890478515625 0.7512919921875 0.0935576171875 0.7455751953125 0.0942021484375 0.7438037109375 0.0896123046875 0.7431591796875 0.0896923828125 0.7406630859375 0.0903369140625 0.7399384765625 0.0936376953125 0.739697265625 0.095490234375 0.7412275390625 0.097181640625 0.737603515625 0.1003212890625 0.734302734375 0.1016904296875 0.73317578125 0.1005634765625 0.7312431640625 0.0843779296875 0.729955078125 0.0834111328125 0.7290693359375
1 0.1021787109375 0.731693359375 0.1016318359375 0.732162109375 0.1024130859375 0.733490234375 0.0977255859375 0.7371611328125 0.0956953125 0.74145703125 0.0935078125 0.74012890625 0.0906181640625 0.74020703125 0.0902275390625 0.74114453125 0.0902275390625 0.7427841796875 0.0945234375 0.7428623046875 0.0941328125 0.746220703125 0.0931953125 0.747861328125 0.0898369140625 0.7512197265625 0.0882744140625 0.7598896484375 0.0884306640625 0.7643408203125 0.0898369140625 0.7659033203125 0.0923359375 0.7661376953125 0.0930390625 0.7641064453125 0.0938203125 0.7637939453125 0.0951484375 0.7646533203125 0.0958515625 0.753640625 0.0977255859375 0.748876953125 0.0980380859375 0.746533203125 0.0969453125 0.745673828125 0.0966328125 0.7437998046875 0.0981943359375 0.74161328125 0.1016318359375 0.74153515625 0.104130859375 0.7370048828125 0.105458984375 0.7355205078125 0.1096767578125 0.733568359375 0.106552734375 0.731849609375 0.1021787109375 0.731693359375
1 0.059103515625 0.7146201171875 0.05383984375 0.7135498046875 0.0347490234375 0.7135498046875 0.033767578125 0.7176533203125 0.032875 0.737099609375 0.033142578125 0.74334375 0.03510546875 0.7437900390625 0.036533203125 0.7437900390625 0.0387626953125 0.74494921875 0.0404580078125 0.7445927734375 0.04063671875 0.7427197265625 0.040904296875 0.7422734375 0.048041015625 0.7423623046875 0.0482197265625 0.74494921875 0.0500927734375 0.745484375 0.051431640625 0.7443251953125 0.0529482421875 0.742541015625 0.0558916015625 0.7424521484375 0.0559814453125 0.745484375 0.0566953125 0.7461982421875 0.05830078125 0.746376953125 0.059193359375 0.745306640625 0.0594609375 0.7366533203125 0.0625830078125 0.7334423828125 0.0625830078125 0.728982421875 0.0620478515625 0.716404296875 0.059103515625 0.7146201171875
8 0.4613994140625 0.785923828125 0.4652900390625 0.7871201171875 0.4661875 0.777544921875 0.493419921875 0.7724580078125 0.493419921875 0.7721591796875 0.4940185546875 0.6100166015625 0.4973095703125 0.603732421875 0.4958134765625 0.607623046875 0.5092802734375 0.606724609375 0.517060546875 0.607921875 0.5164619140625 0.6010400390625 0.5182578125 0.590267578125 0.5215498046875 0.585779296875 0.5284326171875 0.575306640625 0.519455078125 0.569919921875 0.5134697265625 0.5687236328125 0.5012001953125 0.5651328125 0.49611328125 0.564833984375 0.4874345703125 0.567826171875 0.4928212890625 0.5555576171875 0.4997041015625 0.5522666015625 0.503294921875 0.5450849609375 0.5092802734375 0.5312333984375 0.5188564453125 0.5258466796875 0.517060546875 0.5213583984375 0.51975390625 0.511484375 0.5272353515625 0.4866484375 0.5296298828125 0.474978515625 0.5269365234375 0.4722861328125 0.522447265625 0.4770732421875 0.5146669921875 0.496822265625 0.51287109375 0.50400390625 0.5026962890625 0.49801953125 0.49222265625 0.4872470703125 0.481150390625 0.4845537109375 0.4748662109375 0.483955078125 0.4685810546875 0.4815615234375 0.459603515625 0.4804013671875 0.4563115234375 0.469330078125 0.45780859375 0.4537705078125 0.4616982421875 0.43671484375 0.4697783203125 0.4256435546875 0.4805517578125 0.419060546875 0.4808505859375 0.4109814453125 0.4748662109375 0.4097841796875 0.4652900390625 0.4124775390625 0.4521220703125 0.4023037109375 0.4518232421875 0.3915322265625 0.444341796875 0.38195703125 0.4338681640625 0.37597265625 0.4302763671875 0.3646015625 0.434765625 0.36011328125 0.4317734375 0.3565224609375 0.4272841796875 0.35712109375 0.425189453125 0.3532314453125 0.4192041015625 0.352931640625 0.4138173828125 0.350837890625 0.406037109375 0.3430576171875 0.403044921875 0.3316875 0.3970595703125 0.327498046875 0.3904755859375 0.3218125 0.3904755859375 0.318521484375 0.3877822265625 0.3164267578125 0.378505859375 0.3146318359375 0.37341796875 0.310142578125 0.365337890625 0.311041015625 0.365337890625 0.3005673828125 0.3632431640625 0.299669921875 0.36264453125 0.285431640625 0.3632431640625 0.2743603515625 0.355462890625 0.2668798828125 0.3464853515625 0.284234375 0.3455869140625 0.29261328125 0.344689453125 0.2968017578125 0.333916015625 0.2977001953125 0.3204501953125 0.316251953125 0.31057421875 0.3216376953125 0.308779296875 0.33241015625 0.299203125 0.347669921875 0.283341796875 0.3470712890625 0.27226953125 0.35784375 0.265087890625 0.37430078125 0.25551171875 0.3760966796875 0.250423828125 0.3820810546875 0.2495263671875 0.394998046875 0.2417451171875 0.4024794921875 0.24084765625 0.4335986328125 0.23785546875 0.4440712890625 0.23007421875 0.4533466796875 0.228578125 0.4620244140625 0.2330673828125 0.465615234375 0.23396484375 0.472796875 0.2279794921875 0.4710009765625 0.2246875 0.47429296875 0.221396484375 0.4674111328125 0.2198994140625 0.479080078125 0.2225927734375 0.4886552734375 0.218703125 0.4940419921875 0.2154111328125 0.49075 0.21331640625 0.49823046875 0.209126953125 0.5030185546875 0.2079296875 0.5093017578125 0.195361328125 0.511396484375 0.19176953125 0.5176806640625 0.1938642578125 0.5221689453125 0.201046875 0.5244384765625 0.2028427734375 0.5322177734375 0.2028427734375 0.547478515625 0.2019443359375 0.551966796875 0.19266796875 0.5552587890625 0.189974609375 0.5630380859375 0.19176953125 0.5720146484375 0.1884775390625 0.5744091796875 0.179201171875 0.5750068359375 0.1717197265625 0.5806923828125 0.1812958984375 0.5890703125 0.1854853515625 0.5926611328125 0.1989453125 0.5973251953125 0.19655078125 0.603908203125 0.1851787109375 0.609892578125 0.1833837890625 0.614380859375 0.1791943359375 0.621861328125 0.1675234375 0.6230576171875 0.15435546875 0.626349609375 0.1441806640625 0.62515234375 0.1438818359375 0.6284443359375 0.138794921875 0.6209638671875 0.1346044921875 0.6182705078125 0.1316123046875 0.6110888671875 0.1262255859375 0.5988212890625 0.1178466796875 0.59223828125 0.111861328125 0.591041015625 0.1028837890625 0.5904423828125 0.082833984375 0.5958291015625 0.0795419921875 0.6033095703125 0.0684697265625 0.6146796875 0.062484375 0.62515234375 0.054404296875 0.6407119140625 0.050513671875 0.64998828125 0.0481201171875 0.6550751953125 0.0424345703125 0.652681640625 0.040638671875 0.6449013671875 0.03644921875 0.6437041015625 0.033755859375 0.6425078125 0.029865234375 0.646697265625 0.0220849609375 0.6520830078125 0.0190751953125 0.6596513671875 0.0133896484375 0.6632412109375 0.011294921875 0.668029296875 0.0065068359375 0.6713203125 0.005908203125 0.6749111328125 0.0086015625 0.685982421875 0.01099609375 0.689873046875 0.019375 0.6922666015625 0.02386328125 0.69466015625 0.0271552734375 0.7027392578125 0.0283525390625 0.7090224609375 0.0283525390625 0.71351171875 0.0283525390625 0.7144091796875 0.0284814453125 0.7164697265625 0.0334033203125 0.7161416015625 0.0346328125 0.712779296875 0.0536630859375 0.713025390625 0.059486328125 0.714255859375 0.062767578125 0.7158955078125 0.063587890625 0.7291826171875 0.065064453125 0.7291826171875 0.067197265625 0.7254091796875 0.0707236328125 0.72458984375 0.0722822265625 0.7249990234375 0.0757275390625 0.7266396484375 0.081140625 0.7272138671875 0.0845859375 0.7291826171875 0.1022216796875 0.731150390625 0.106662109375 0.7315849609375 0.1107626953125 0.733224609375 0.1134697265625 0.733306640625 0.1151923828125 0.734208984375 0.12126171875 0.734619140625 0.1224921875 0.733470703125 0.1261015625 0.7318310546875 0.147837890625 0.7324052734375 0.1568603515625 0.734208984375 0.167099609375 0.7421650390625 0.180533203125 0.7445068359375 0.1809091796875 0.7448828125 0.1800322265625 0.7236982421875 0.1840439453125 0.7230712890625 0.208875 0.7258291015625 0.2686748046875 0.7267060546875 0.2698037109375 0.7245751953125 0.2729375 0.724701171875 0.2738876953125 0.7442607421875 0.29516015625 0.745443359375 0.2963427734375 0.7640546875 0.292796875 0.7800068359375 0.3084560546875 0.7856201171875 0.3100029296875 0.785794921875 0.3112705078125 0.7838349609375 0.317263671875 0.7833740234375 0.3338623046875 0.7677001953125 0.3427373046875 0.7645888671875 0.3529951171875 0.7640126953125 0.392431640625 0.7666630859375 0.3960048828125 0.7651650390625 0.399462890625 0.7672392578125 0.4243095703125 0.7721953125 0.4341064453125 0.7787646484375 0.4406767578125 0.786716796875 0.4426728515625 0.7868740234375 0.4563115234375 0.7871201171875 0.4613994140625 0.785923828125
8 0 0 0 0.5505693359375 0.00960546875 0.5467197265625 0.0086494140625 0.538587890625 0.0249130859375 0.53045703125 0.028740234375 0.5211298828125 0.02706640625 0.5184990234375 0.0222822265625 0.5184990234375 0.0139111328125 0.5194560546875 0.006017578125 0.5196953125 0.0081708984375 0.510845703125 0.0086494140625 0.5072587890625 0.0129541015625 0.49960546875 0.0179775390625 0.4919521484375 0.023 0.4907568359375 0.023478515625 0.487029296875 0.0170205078125 0.48655078125 0.0222822265625 0.4808115234375 0.0227607421875 0.477224609375 0.0206083984375 0.4738759765625 0.0170205078125 0.4681357421875 0.01462890625 0.4690927734375 0.0124755859375 0.4702890625 0.007453125 0.469810546875 0.0041044921875 0.4643095703125 0.0076923828125 0.461439453125 0.00434375 0.4403935546875 0.0105625 0.4332197265625 0.013193359375 0.4332197265625 0.015345703125 0.4339365234375 0.0179775390625 0.43106640625 0.01893359375 0.422935546875 0.01773828125 0.4203046875 0.013671875 0.4145947265625 0.0105625 0.409572265625 0.0041044921875 0.3930703125 0.0098447265625 0.3899609375 0.006974609375 0.38039453125 0.009126953125 0.3739375 0.027783203125 0.3703505859375 0.0241962890625 0.365806640625 0.011998046875 0.3615009765625 0.008888671875 0.353130859375 0.0165419921875 0.347869140625 0.0232392578125 0.3490654296875 0.032328125 0.34284765625 0.02826171875 0.3373466796875 0.02706640625 0.3313681640625 0.0285009765625 0.3235048828125 0.0304150390625 0.32015625 0.0366337890625 0.32111328125 0.0440478515625 0.31800390625 0.04261328125 0.3129814453125 0.0361552734375 0.3084375 0.028740234375 0.3108291015625 0.0253916015625 0.30078515625 0.0378291015625 0.2943271484375 0.04165625 0.2962412109375 0.048353515625 0.2869140625 0.03639453125 0.2852392578125 0.0330458984375 0.273759765625 0.0440478515625 0.255583984375 0.04165625 0.25080078125 0.04069921875 0.2400390625 0.0325673828125 0.242669921875 0.0356767578125 0.2302333984375 0.0454833984375 0.2290380859375 0.043330078125 0.2228193359375 0.0404599609375 0.2151669921875 0.038546875 0.2082314453125 0.03639453125 0.2072744140625 0.04261328125 0.2003388671875 0.058876953125 0.1943603515625 0.0978642578125 0.17894140625 0.0574423828125 0.1973564453125 0.0672490234375 0.2016611328125 0.0720322265625 0.20046484375 0.0734677734375 0.19616015625 0.07179296875 0.1930517578125 0.0756201171875 0.193529296875 0.094515625 0.1985517578125 0.1036044921875 0.1968779296875 0.10480078125 0.2057265625 0.1129326171875 0.2069228515625 0.119390625 0.20237890625 0.1244130859375 0.1968779296875 0.140677734375 0.19185546875 0.135416015625 0.1882685546875 0.115802734375 0.1889853515625 0.130392578125 0.1798974609375 0.1404384765625 0.167701171875 0.1512021484375 0.1605263671875 0.15885546875 0.1578955078125 0.1626826171875 0.1526337890625 0.1657919921875 0.147611328125 0.164595703125 0.1447421875 0.1612470703125 0.1423505859375 0.156703125 0.13948046875 0.1466572265625 0.1531123046875 0.1418740234375 0.1574169921875 0.1382861328125 0.1557431640625 0.134458984375 0.155982421875 0.1306318359375 0.1533515625 0.1311103515625 0.1430673828125 0.1361328125 0.132544921875 0.13398046875 0.1308701171875 0.1222607421875 0.136849609375 0.12034765625 0.1323056640625 0.115802734375 0.1339794921875 0.1100625 0.1232177734375 0.118912109375 0.1248916015625 0.1201083984375 0.1215439453125 0.116759765625 0.1162822265625 0.117955078125 0.1076708984375 0.1227392578125 0.1012138671875 0.130392578125 0.098822265625 0.1275224609375 0.089734375 0.1227392578125 0.0878212890625 0.1191513671875 0.0969091796875 0.116759765625 0.0957138671875 0.1174765625 0.0873427734375 0.1160419921875 0.0856689453125 0.111736328125 0.0885390625 0.1081484375 0.0847119140625 0.10599609375 0.0885390625 0.099298828125 0.103126953125 0.097146484375 0.1076708984375 0.0973857421875 0.1129326171875 0.097625 0.120107421875 0.0947548828125 0.1289560546875 0.0926015625 0.1268037109375 0.0942763671875 0.1236953125 0.09355859375 0.120107421875 0.094037109375 0.11412890625 0.09355859375 0.1124541015625 0.0866220703125 0.11532421875 0.085666015625 0.11628125 0.082556640625 0.111498046875 0.0796865234375 0.1124541015625 0.0725107421875 0.1229775390625 0.0725107421875 0.1260859375 0.06748828125 0.126564453125 0.0600732421875 0.134935546875 0.05816015625 0.134935546875 0.0528974609375 0.133978515625 0.05816015625 0.1181943359375 0.0708369140625 0.1095849609375 0.081599609375 0.1002578125 0.086861328125 0.0835166015625 0.084708984375 0.0820810546875 0.07681640625 0.08016796875 0.075859375 0.078015625 0.0808818359375 0.068927734375 0.077533203125 0.066296875 0.07059765625 0.0679716796875 0.0689228515625 0.0610361328125 0.070119140625 0.0591220703125 0.08925390625 0.0569697265625 0.1000166015625 0.0569697265625 0.1026474609375 0.05242578125 0.1103017578125 0.049556640625 0.1150849609375 0.0521865234375 0.1196298828125 0.0509912109375 0.1174765625 0.0447734375 0.1181943359375 0.0392021484375 0.1244130859375 0.0358544921875 0.127283203125 0.029158203125 0.1263271484375 0.021265625 0.119869140625 0.02341796875 0.1119755859375 0.036810546875 0.1103017578125 0.0370498046875 0.1100625 0.0284404296875 0.104322265625 0.0284404296875 0.1026474609375 0.032984375 0.101212890625 0.0365712890625 0.0957119140625 0.034658203125 0.09355859375 0.029875 0.0969072265625 0.025091796875 0.09977734375 0.022939453125 0.1036044921875 0.019591796875 0.107431640625 0.0205478515625 0.112693359375 0.013134765625 0.115802734375 0.009546875 0.114845703125 0.007873046875 0.1083876953125 0.007873046875 0.1103017578125 0.0028505859375 0.1071923828125 0.0021328125 0.0988212890625 0.0054814453125 0.096189453125 0.0028505859375 0.0988212890625 0 0 0
8 1 0.44407421875 0.995630859375 0.439669921875 0.9912255859375 0.4401328125 0.9905302734375 0.443146484375 0.9891396484375 0.4466240234375 0.9889072265625 0.4480146484375 0.9898349609375 0.4519560546875 0.98937109375 0.456591796875 0.9898349609375 0.4637783203125 0.983806640625 0.4658642578125 0.9789384765625 0.4684140625 0.977546875 0.4718916015625 0.9803291015625 0.4753681640625 0.987052734375 0.477455078125 0.9812568359375 0.4851044921875 0.98079296875 0.49136328125 0.9754609375 0.5015634765625 0.969201171875 0.50272265625 0.9527412109375 0.501099609375 0.9369755859375 0.4955361328125 0.9209794921875 0.4955361328125 0.9130966796875 0.4962314453125 0.8938544921875 0.48997265625 0.881103515625 0.4927548828125 0.876234375 0.4953046875 0.8674248046875 0.491595703125 0.8627880859375 0.4927548828125 0.8544423828125 0.4925224609375 0.84771875 0.4932177734375 0.84238671875 0.4964638671875 0.8396044921875 0.4953046875 0.8342724609375 0.4934501953125 0.82592578125 0.494609375 0.812015625 0.495072265625 0.809697265625 0.4948408203125 0.8032060546875 0.4881181640625 0.7985693359375 0.486263671875 0.787208984375 0.478150390625 0.782572265625 0.4776865234375 0.77353125 0.4839453125 0.7763134765625 0.484177734375 0.7816455078125 0.484177734375 0.782841796875 0.491431640625 0.7791318359375 0.49119921875 0.773568359375 0.490736328125 0.76730859375 0.4923583984375 0.76012109375 0.4916630859375 0.7559482421875 0.48841796875 0.753166015625 0.486099609375 0.7533984375 0.4830859375 0.748529296875 0.475900390625 0.7450517578125 0.4777548828125 0.7420380859375 0.4830859375 0.7369375 0.49050390625 0.73021484375 0.492126953125 0.7181591796875 0.49653125 0.710740234375 0.4925908203125 0.70448046875 0.4932861328125 0.7005390625 0.497921875 0.7012353515625 0.5023271484375 0.6996123046875 0.5064990234375 0.689875 0.509048828125 0.6824560546875 0.5120625 0.6826875 0.5171630859375 0.68454296875 0.519712890625 0.6831513671875 0.5255078125 0.6857021484375 0.5294482421875 0.6894111328125 0.5317666015625 0.6903388671875 0.5398798828125 0.6917294921875 0.544748046875 0.692193359375 0.54567578125 0.686861328125 0.5533251953125 0.689875 0.5584248046875 0.6956708984375 0.5560791015625 0.6908017578125 0.563361328125 0.696134765625 0.5689248046875 0.69984375 0.5724013671875 0.7304462890625 0.5682294921875 0.730677734375 0.565447265625 0.7605849609375 0.5582607421875 0.7737998046875 0.558724609375 0.788173828125 0.5642880859375 0.788173828125 0.60763671875 0.8918046875 0.5918740234375 0.8890224609375 0.5427294921875 0.8832265625 0.537861328125 0.8820673828125 0.5355439453125 0.8929638671875 0.5322978515625 0.9254208984375 0.525576171875 0.95069140625 0.530443359375 0.95366796875 0.571310546875 1 0.56157421875 1 0.44407421875
7 1 0.6041728515625 0.9636767578125 0.602103515625 0.95462109375 0.606759765625 0.952810546875 0.6002919921875 0.9458251953125 0.599775390625 0.943755859375 0.6015859375 0.9453076171875 1 0.95565625 1 0.9577255859375 0.68617578125 0.9592783203125 0.68617578125 0.964193359375 0.6913486328125 1 0.6918662109375 1 0.6041728515625
3 1 0.6933466796875 0.966498046875 0.6930361328125 0.959677734375 0.689626953125 0.9593681640625 0.8879755859375 0.9649482421875 0.8792958984375 1 0.8740263671875 1 0.6933466796875
3 1 0.49034765625 0.5053037109375 0.597291015625 0.502984375 0.6051240234375 0.50162890625 0.606091796875 0.4927216796875 0.6078349609375 0.492333984375 0.6126748046875 0.49349609375 0.6130625 0.4931083984375 0.7731884765625 0.492140625 0.7950673828125 0.49794921875 0.797583984375 0.49794921875 0.7981650390625 0.5047265625 0.7971962890625 0.5056953125 0.790419921875 0.5082119140625 0.789064453125 0.5163447265625 0.7902265625 0.5161513671875 0.7942919921875 0.5132470703125 0.7966162109375 0.527962890625 0.8076513671875 0.5304794921875 0.8190751953125 0.5407421875 0.8208173828125 0.54751953125 0.826044921875 0.549068359375 0.824689453125 0.5577822265625 0.82759375 0.5632041015625 0.832240234375 0.565720703125 0.8382421875 0.570755859375 0.8359189453125 0.586439453125 0.8386298828125 0.587794921875 0.8337890625 0.58082421875 0.8312724609375 0.5719169921875 0.833595703125 0.5703681640625 0.8312724609375 0.58353515625 0.826044921875 0.58179296875 0.8213984375 0.570755859375 0.8190751953125 0.565140625 0.8146220703125 0.563978515625 0.80939453125 0.5705615234375 0.808232421875 0.576564453125 0.809974609375 0.5771455078125 0.8152021484375 0.5854716796875 0.81830078125 0.5876015625 0.8210107421875 0.5908935546875 0.8196552734375 0.5920556640625 0.8150087890625 0.59883203125 0.8130732421875 0.615484375 0.8150087890625 0.615484375 0.81113671875 0.6226494140625 0.8055224609375 0.6241982421875 0.796421875 0.628845703125 0.7946796875 0.636203125 0.7950673828125 0.6381396484375 0.8014560546875 0.636009765625 0.8055224609375 0.6294267578125 0.8055224609375 0.6211005859375 0.81287890625 0.624779296875 0.8152021484375 0.6344609375 0.8146220703125 0.6323310546875 0.82004296875 0.62594140625 0.8212041015625 0.6211005859375 0.824689453125 0.614904296875 0.8256572265625 0.612193359375 0.829142578125 0.6189697265625 0.8297236328125 0.6214873046875 0.8314658203125 0.6272958984375 0.8492783203125 0.6280712890625 0.8571357421875 0.645884765625 0.8598466796875 0.648595703125 0.8538447265625 0.643173828125 0.8507470703125 0.637365234375 0.8462939453125 0.634267578125 0.8356455078125 0.634267578125 0.827513671875 0.64569140625 0.8178330078125 0.6563408203125 0.815896484375 0.67899609375 0.818994140625 0.6894521484375 0.8209306640625 0.700876953125 0.8207373046875 0.701263671875 0.815703125 0.70475 0.811056640625 0.706298828125 0.80369921875 0.7075654296875 0.7996328125 0.71550390625 0.795955078125 0.7195703125 0.7984716796875 0.7213134765625 0.8027314453125 0.719376953125 0.8056357421875 0.7091142578125 0.8108623046875 0.7046611328125 0.81705859375 0.705822265625 0.8255771484375 0.7195703125 0.82596484375 0.718021484375 0.8296435546875 0.7156982421875 0.8315791015625 0.712599609375 0.8325478515625 0.7087275390625 0.8327412109375 0.705822265625 0.8373876953125 0.69749609375 0.8418408203125 0.7048544921875 0.8433896484375 0.70833984375 0.8466806640625 0.7151171875 0.8716572265625 0.80721875 0.88462890625 0.8045078125 0.8641064453125 0.801216796875 0.862169921875 0.7952138671875 0.8431962890625 0.8035400390625 0.8282880859375 0.80683203125 0.8257705078125 0.812640625 0.824802734375 0.8238017578125 0.8251904296875 0.832708984375 0.8253837890625 0.84277734375 0.8238349609375 0.85091015625 0.8222861328125 0.8545888671875 0.82015625 0.86349609375 0.818607421875 0.8671748046875 0.814154296875 0.8689697265625 0.8068046875 0.8730634765625 0.80362109375 0.8782119140625 0.8027314453125 0.8832470703125 0.8040859375 0.885763671875 0.8075712890625 0.884408203125 0.811443359375 0.882666015625 0.8135732421875 0.8764697265625 0.815703125 0.87337109375 0.818994140625 0.8735654296875 0.8251904296875 0.8766630859375 0.8269326171875 0.88692578125 0.830611328125 0.8873134765625 0.83487109375 0.87433984375 0.83932421875 0.8693056640625 0.84551953125 0.86349609375 0.8490048828125 0.86891796875 0.850359375 0.87433984375 0.8511337890625 0.87840625 0.8575234375 0.8764697265625 0.893341796875 0.943466796875 0.90244140625 0.9426923828125 0.6020830078125 0.9446279296875 0.59859765625 0.952955078125 0.5989853515625 0.95616015625 0.60440625 0.9625498046875 0.6005341796875 1 0.6027646484375 1 0.49034765625
8 0.0658046875 0.779853515625 0.066470703125 0.7747470703125 0.06447265625 0.7715283203125 0.0608095703125 0.77041796875 0.056701171875 0.77175 0.0528154296875 0.7743037109375 0.051927734375 0.773748046875 0.04759765625 0.7706396484375 0.0465986328125 0.7128974609375 0.04493359375 0.7127861328125 0.0446005859375 0.7688642578125 0.0438232421875 0.7688642578125 0.0430458984375 0.7714169921875 0.04282421875 0.7749697265625 0.0410478515625 0.7747470703125 0.0390498046875 0.7726376953125 0.036384765625 0.7726376953125 0.0346083984375 0.773748046875 0.03227734375 0.7748583984375 0.030833984375 0.7754130859375 0.0309453125 0.776634765625 0.0360517578125 0.7801865234375 0.0368291015625 0.7802978515625 0.044267578125 0.7814072265625 0.065361328125 0.781185546875 0.0658046875 0.779853515625
7 0.0646767578125 0.771107421875 0.0662392578125 0.773529296875 0.0667861328125 0.7631416015625 0.0651455078125 0.7627509765625 0.0632705078125 0.7632197265625 0.063115234375 0.7704833984375 0.0646767578125 0.771107421875
7 0.0774091796875 0.7683740234375 0.0769404296875 0.7700146484375 0.0780341796875 0.824912109375 0.083033203125 0.824833984375 0.081705078125 0.7696240234375 0.081392578125 0.7682177734375 0.0797529296875 0.7680615234375 0.0774091796875 0.7683740234375
7 0.0125 0.758501953125 0.014 0.7382138671875 0.013029296875 0.737244140625 0.0105595703125 0.7375087890625 0.0102060546875 0.736802734375 0.0095888671875 0.73609765625 0.0080888671875 0.7365380859375 0.007294921875 0.75743359375 0.0091474609375 0.7578740234375 0.0095 0.75866796875 0.0121474609375 0.7589326171875 0.0125 0.758501953125
2 0 0.72073828125 0.0087783203125 0.72148828125 0.0119052734375 0.7194873046875 0.017533203125 0.7186123046875 0.0266630859375 0.7201123046875 0.0286640625 0.716861328125 0.032416015625 0.716111328125 0.0342744140625 0.7115263671875 0.0534189453125 0.7122021484375 0.059275390625 0.7131025390625 0.064455078125 0.7020673828125 0.077068359375 0.700716796875 0.0484638671875 0.6768447265625 0.0477880859375 0.6664853515625 0.042869140625 0.652044921875 0.0477900390625 0.653919921875 0.0538046875 0.64031640625 0.068099609375 0.6140732421875 0.0790419921875 0.602546875 0.0824013671875 0.595439453125 0.1028662109375 0.5898935546875 0.1184892578125 0.5918466796875 0.127048828125 0.5984755859375 0.1352509765625 0.617923828125 0.139234375 0.6205009765625 0.141755859375 0.63593359375 0.1496572265625 0.65085546875 0.158728515625 0.6514404296875 0.1713115234375 0.642078125 0.1900390625 0.6391513671875 0.19618359375 0.6335927734375 0.207595703125 0.6391513671875 0.2140341796875 0.634177734375 0.2362734375 0.63271484375 0.2432666015625 0.623638671875 0.242751953125 0.5288193359375 0.2436943359375 0.5032255859375 0.2021474609375 0.5331923828125 0.1720390625 0.5522451171875 0.171009765625 0.5558466796875 0.144255859375 0.5743662109375 0.14335546875 0.5708935546875 0.144126953125 0.56909375 0.143998046875 0.5571328125 0.140525390625 0.55700390625 0.1402685546875 0.5617626953125 0.137953125 0.5616337890625 0.1380810546875 0.563048828125 0.1362802734375 0.5626630859375 0.1230322265625 0.5148349609375 0.123546875 0.513548828125 0.1216171875 0.5111044921875 0.1213603515625 0.4986298828125 0.122775390625 0.4956708984375 0.12367578125 0.4939990234375 0.1230322265625 0.49194140625 0.122005859375 0.4884453125 0.11953515625 0.482267578125 0.1207705078125 0.4631171875 0.1189169921875 0.461470703125 0.116240234375 0.48412109375 0.1137685546875 0.4855625 0.11212109375 0.4892685546875 0.111091796875 0.4911220703125 0.111296875 0.4931806640625 0.1123271484375 0.495240234375 0.11212109375 0.5042998046875 0.1106796875 0.506771484375 0.10923828125 0.51609765625 0.084525390625 0.583224609375 0.0495166015625 0.58075390625 0.047251953125 0.5852841796875 0 0.5817841796875 0 0.72073828125
6 0.9434833984375 1 0.9424794921875 0.9034765625 0.8748623046875 0.8941044921875 0.8715146484375 0.9302529296875 0.86816796875 0.9533466796875 0.85125 0.9573291015625 0.847775390625 0.9590654296875 0.8549169921875 0.9731533203125 0.851056640625 0.9731533203125 0.839669921875 0.9552060546875 0.8348447265625 0.972380859375 0.830984375 0.977591796875 0.8230712890625 0.9801005859375 0.817474609375 0.9789423828125 0.8093681640625 0.9640830078125 0.7935419921875 0.9698720703125 0.7925771484375 0.96543359375 0.8105263671875 0.9573291015625 0.8118779296875 0.951732421875 0.8002978515625 0.948837890625 0.801220703125 0.9269052734375 0.7985419921875 0.9121787109375 0.80925390625 0.898791015625 0.8079150390625 0.887076171875 0.7168662109375 0.8732548828125 0.7028671875 0.9277958984375 0.6988134765625 0.932427734375 0.6878125 0.929146484375 0.6876201171875 0.9376376953125 0.68701171875 0.94140625 0.67529296875 0.939453125 0.66748046875 0.9462890625 0.65966796875 0.9462890625 0.65478515625 0.9404296875 0.6455078125 0.93798828125 0.6474609375 0.93017578125 0.647072265625 0.9241728515625 0.6399306640625 0.91491015625 0.6401240234375 0.9112431640625 0.645025390625 0.9052802734375 0.6460810546875 0.8963076171875 0.64344140625 0.8891826171875 0.6418583984375 0.87968359375 0.64476171875 0.8670166015625 0.64476171875 0.861474609375 0.6294541015625 0.858572265625 0.637107421875 0.8841689453125 0.6339404296875 0.8873359375 0.622328125 0.8891826171875 0.62140234375 0.9083486328125 0.60905078125 0.9141376953125 0.603453125 0.9091201171875 0.59727734375 0.9041025390625 0.5938037109375 0.908734375 0.5945751953125 0.9216640625 0.5914873046875 0.9220498046875 0.5872412109375 0.910857421875 0.5845390625 0.9114365234375 0.581837890625 0.918576171875 0.576240234375 0.9210849609375 0.5653720703125 0.9184765625 0.56103515625 0.9091796875 0.55437109375 0.9036171875 0.5545634765625 0.8999501953125 0.551861328125 0.89551171875 0.542404296875 0.8972490234375 0.53738671875 0.8970556640625 0.537193359375 0.9036171875 0.5350703125 0.9051611328125 0.526771484375 0.8933896484375 0.5177001953125 0.8930029296875 0.51131640625 0.8916943359375 0.4989638671875 0.9038515625 0.491244140625 0.90288671875 0.4850673828125 0.9007646484375 0.4852607421875 0.8922734375 0.488734375 0.8812734375 0.48583984375 0.87702734375 0.4779267578125 0.8747119140625 0.4783125 0.8868701171875 0.47509765625 0.888671875 0.473294921875 0.8785712890625 0.4705927734375 0.8754833984375 0.4665400390625 0.8754833984375 0.463451171875 0.8828173828125 0.460556640625 0.8857119140625 0.455345703125 0.88609765625 0.4516787109375 0.88609765625 0.443572265625 0.8818525390625 0.44144921875 0.8696943359375 0.4345009765625 0.8702734375 0.4275537109375 0.86834375 0.424658203125 0.8615888671875 0.4207978515625 0.8529052734375 0.39608203125 0.85130859375 0.392994140625 0.8559404296875 0.390677734375 0.856712890625 0.384501953125 0.856326171875 0.3800625 0.85458984375 0.3789052734375 0.849572265625 0.3652021484375 0.8484140625 0.363658203125 0.8559404296875 0.35791015625 0.8623046875 0.34521484375 0.86328125 0.338111328125 0.8582978515625 0.3344443359375 0.8525087890625 0.333478515625 0.8442109375 0.317845703125 0.839 0.3164951171875 0.8447900390625 0.3130205078125 0.849228515625 0.309546875 0.850193359375 0.297966796875 0.8457548828125 0.295650390625 0.8405439453125 0.2962294921875 0.8227900390625 0.2964228515625 0.80503515625 0.306265625 0.7938427734375 0.306265625 0.7890185546875 0.2910185546875 0.7826494140625 0.2786669921875 0.8198955078125 0.2769296875 0.8237548828125 0.2834912109375 0.8334033203125 0.2626474609375 0.833982421875 0.2533837890625 0.8295439453125 0.22607421875 0.81640625 0.20458984375 0.8125 0.171359375 0.7983310546875 0.1737861328125 0.7926220703125 0.1519482421875 0.7881982421875 0.147666015625 0.7900537109375 0.1446689453125 0.789197265625 0.14049609375 0.7858701171875 0.13683203125 0.785388671875 0.135578125 0.7797958984375 0.13037109375 0.77883203125 0.1284423828125 0.7806640625 0.1245859375 0.781146484375 0.120439453125 0.7807607421875 0.118607421875 0.7792177734375 0.117740234375 0.77584375 0.116197265625 0.775072265625 0.1147509765625 0.777 0.11021875 0.7781572265625 0.1069404296875 0.7757470703125 0.106748046875 0.77430078125 0.1046259765625 0.7743974609375 0.1032763671875 0.774494140625 0.103373046875 0.7721796875 0.1016376953125 0.7710224609375 0.0993232421875 0.771408203125 0.096044921875 0.7698662109375 0.0945986328125 0.765333984375 0.0936337890625 0.7654306640625 0.0927666015625 0.7669736328125 0.0896806640625 0.766587890625 0.0865849609375 0.7637138671875 0.0810888671875 0.76429296875 0.078099609375 0.7641962890625 0.0750146484375 0.762806640625 0.071447265625 0.762556640625 0.0697109375 0.7602431640625 0.0656611328125 0.7585078125 0.0591044921875 0.7533017578125 0.0583330078125 0.7487705078125 0.0559228515625 0.746552734375 0.0548623046875 0.744142578125 0.0538017578125 0.7435634765625 0.0508125 0.7459736328125 0.0483056640625 0.7455888671875 0.0483056640625 0.76998046875 0.052451171875 0.7735478515625 0.0556337890625 0.7715234375 0.061033203125 0.770173828125 0.0650830078125 0.771041015625 0.06671484375 0.774232421875 0.0662294921875 0.780927734375 0.0680732421875 0.7820927734375 0.0674912109375 0.8160537109375 0.066326171875 0.816732421875 0.0352724609375 0.8163447265625 0.0285771484375 0.8090673828125 0.027703125 0.7752431640625 0.0315849609375 0.7747578125 0.03333203125 0.7737880859375 0.03585546875 0.77233203125 0.03954296875 0.772138671875 0.0412890625 0.7740791015625 0.0420654296875 0.774564453125 0.042357421875 0.7705859375 0.044201171875 0.76748046875 0.0439091796875 0.7429716796875 0.04138671875 0.7432626953125 0.041095703125 0.745009765625 0.0383916015625 0.7453994140625 0.0361259765625 0.744384765625 0.032533203125 0.743603515625 0.030423828125 0.741572265625 0.023875 0.740125 0.019734375 0.7377041015625 0.01611328125 0.7392578125 0.0180166015625 0.734501953125 0.012705078125 0.7310654296875 0 0.72911328125 0 0.742390625 0 0.75146484375 0.00048828125 1 0.9434833984375 1