9 0.292462890625 0.11829296875 0.2900146484375 0.0234306640625 0.157490234375 0.02116796875 0.157447265625 0.1174296875 0.292462890625 0.11829296875
9 0.2973212890625 0.307068359375 0.2942451171875 0.2042021484375 0.155796875 0.20490625 0.157251953125 0.3087646484375 0.2973212890625 0.307068359375
9 0.3092646484375 0.517154296875 0.3031552734375 0.4043125 0.1617236328125 0.40642578125 0.1640419921875 0.5171240234375 0.3092646484375 0.517154296875
9 0.4901220703125 0.1231435546875 0.485689453125 0.0551240234375 0.3725029296875 0.0492724609375 0.3766474609375 0.1232177734375 0.4901220703125 0.1231435546875
9 0.6444951171875 0.1420390625 0.6343173828125 0.0710244140625 0.5755078125 0.0663544921875 0.5837353515625 0.137728515625 0.6444951171875 0.1420390625
9 0.503544921875 0.3304345703125 0.496314453125 0.219474609375 0.381865234375 0.213515625 0.3883125 0.3314267578125 0.503544921875 0.3304345703125
9 0.66090234375 0.304279296875 0.6534248046875 0.229224609375 0.592576171875 0.226388671875 0.59790234375 0.3035615234375 0.66090234375 0.304279296875
9 0.5214189453125 0.549826171875 0.5091494140625 0.3986572265625 0.386650390625 0.39934375 0.402974609375 0.553052734375 0.5214189453125 0.549826171875
9 0.6761171875 0.4759658203125 0.66913671875 0.402009765625 0.60455078125 0.4009052734375 0.609794921875 0.479755859375 0.6761171875 0.4759658203125
0 0.3353671875 0.1674189453125 0.3901640625 0.1517158203125 0.446349609375 0.1450205078125 0.5075869140625 0.1465390625 0.5690224609375 0.1593271484375 0.7326591796875 0.1767158203125 0.7421884765625 0.1750654296875 0.727921875 0.0830869140625 0.6460625 0.0747109375 0.5709326171875 0.0664970703125 0.5375830078125 0.057775390625 0.490560546875 0.048876953125 0.4341435546875 0.0461845703125 0.3946416015625 0.0527939453125 0.3535048828125 0.0625166015625 0.3217529296875 0.07604296875 0.30421875 0.089857421875 0.310978515625 0.183771484375 0.3353671875 0.1674189453125
0 0.3742900390625 0.3680078125 0.43116796875 0.360068359375 0.58321875 0.35891015625 0.7333466796875 0.3628984375 0.74328515625 0.36633984375 0.736849609375 0.265544921875 0.70553515625 0.2610810546875 0.615353515625 0.2577626953125 0.5802001953125 0.2573193359375 0.5546220703125 0.245921875 0.5111630859375 0.24297265625 0.4175263671875 0.2470107421875 0.370970703125 0.253498046875 0.3091201171875 0.2742763671875 0.314826171875 0.3781845703125 0.3742900390625 0.3680078125
8 0.7101240234375 0 0.7023154296875 0.015732421875 0.74892578125 0.0319638671875 0.7517333984375 0.0748154296875 0.73042578125 0.1156005859375 0.6830126953125 0.1254404296875 0.6580205078125 0.1523095703125 0.650724609375 0.1826875 0.6056259765625 0.18132421875 0.5555810546875 0.1710859375 0.5049892578125 0.158599609375 0.454646484375 0.159490234375 0.4440029296875 0.1792587890625 0.4215625 0.201869140625 0.42005078125 0.2447734375 0.3688642578125 0.2377275390625 0.3497578125 0.2486875 0.3271474609375 0.2611064453125 0.2942919921875 0.3067451171875 0.252224609375 0.312947265625 0.20413671875 0.3289697265625 0.1746630859375 0.35156640625 0.1326015625 0.35305078125 0.063037109375 0.3731162109375 0.042439453125 0.401044921875 0.027853515625 0.4189033203125 0.0003310546875 0.423546875 0 0.58924609375 0.0092333984375 0.607658203125 0.0156650390625 0.6632919921875 0.00894921875 0.7027470703125 0.0235888671875 0.7179873046875 0.06999609375 0.738767578125 0.1105185546875 0.766109375 0.143798828125 0.79295703125 0.1561904296875 0.821736328125 0.18241796875 0.8386162109375 0.2173310546875 0.839115234375 0.2576640625 0.8201162109375 0.30251953125 0.8185166015625 0.4178837890625 0.8127392578125 0.5083701171875 0.809884765625 0.5402939453125 0.8045478515625 0.5367841796875 0.7226708984375 0.53341015625 0.683802734375 0.5362421875 0.6661484375 0.543865234375 0.65989453125 0.5550390625 0.659779296875 0.5657158203125 0.6708486328125 0.567884765625 0.6911728515625 0.5711484375 0.8136396484375 0.5864111328125 0.8741845703125 0.5830029296875 0.94182421875 0.5942607421875 0.968767578125 0.620251953125 0.988529296875 0.6685224609375 1 1 0.9995302734375 1 0 0.7101240234375 0
2 0 0 0 0.7315830078125 0.0129482421875 0.7023994140625 0.03293359375 0.686546875 0.0434931640625 0.6832099609375 0.044134765625 0.638046875 0.0492900390625 0.6305400390625 0.0583662109375 0.6292880859375 0.0645068359375 0.6372705078125 0.065623046875 0.6811142578125 0.12405859375 0.670171875 0.1966533203125 0.6501474609375 0.2449697265625 0.623720703125 0.2821865234375 0.58844921875 0.3032041015625 0.567857421875 0.359390625 0.548630859375 0.8102490234375 0.5303984375 0.75054296875 0.0239853515625 0.7040732421875 0.0171806640625 0.706451171875 0 0 0
7 0.5505 0.819650390625 0.5597373046875 0.8194140625 0.5687587890625 0.817447265625 0.5647333984375 0.67633203125 0.5619306640625 0.6690830078125 0.5550986328125 0.6622705078125 0.5462802734375 0.661962890625 0.54078125 0.6638779296875 0.5376279296875 0.6708330078125 0.5353330078125 0.684912109375 0.543068359375 0.8168955078125 0.5505 0.819650390625
7 0.049814453125 0.688259765625 0.058052734375 0.68759765625 0.0645146484375 0.6850712890625 0.063216796875 0.6377177734375 0.0573125 0.630439453125 0.051119140625 0.63201953125 0.0475732421875 0.635318359375 0.0459990234375 0.6401943359375 0.0454453125 0.6816728515625 0.049814453125 0.688259765625
6 1 0.722478515625 0.984583984375 0.734689453125 0.9586044921875 0.7431533203125 0.610095703125 0.8151748046875 0.56143359375 0.8241474609375 0.54001953125 0.8190390625 0.5388798828125 0.807349609375 0.50991015625 0.8119482421875 0.25923046875 0.8225556640625 0.215177734375 0.842060546875 0.1808681640625 0.8401640625 0.1541513671875 0.82271875 0.1423828125 0.794537109375 0.10823046875 0.766390625 0.070125 0.7401865234375 0.02341796875 0.7200556640625 0.012251953125 0.7081953125 0.0054765625 0.72409375 0 0.7350087890625 0.000162109375 0.9988759765625 1 1 0.9974384765625 0.9684912109375 0.87255078125 0.965 0.7724794921875 0.9613349609375 0.6995625 0.9460380859375 0.6735009765625 0.9302841796875 0.6617265625 0.905703125 0.6644072265625 0.8838251953125 0.6822939453125 0.8635703125 0.732044921875 0.8338564453125 0.8124443359375 0.8108515625 1 0.773330078125 1 0.722478515625