9 0.1201259765625 0.3606767578125 0.2441552734375 0.3459619140625 0.24848046875 0.2727607421875 0.1290224609375 0.2886650390625 0.1201259765625 0.3606767578125
9 0 0.3481591796875 0.0363427734375 0.339302734375 0.0565 0.350908203125 0.0619970703125 0.3115107421875 0 0.3313623046875 0 0.3481591796875
0 0 0.40514453125 0.025009765625 0.3995166015625 0.0495888671875 0.4133154296875 0.056654296875 0.3521318359375 0.036146484375 0.3408837890625 0 0.34941796875 0 0.40514453125
9 0.0233388671875 0.256240234375 0.0556728515625 0.247974609375 0.0624794921875 0.21661328125 0.0284443359375 0.2277958984375 0.0233388671875 0.256240234375
9 0.1967578125 0.2151396484375 0.24101171875 0.2106015625 0.2416923828125 0.1772412109375 0.19925390625 0.181552734375 0.1967578125 0.2151396484375
9 0.4140126953125 0.201498046875 0.456921875 0.20091796875 0.4572119140625 0.160908203125 0.4145927734375 0.1623583984375 0.4140126953125 0.201498046875
9 0.610806640625 0.3323017578125 0.7491435546875 0.33266796875 0.7396279296875 0.2583759765625 0.6064150390625 0.2576435546875 0.610806640625 0.3323017578125
9 0.3274248046875 0.30444140625 0.52791015625 0.3016123046875 0.527556640625 0.2726181640625 0.3284853515625 0.276861328125 0.3274248046875 0.30444140625
0 0.30585546875 0.361015625 0.53823828125 0.35746875 0.5359130859375 0.3034130859375 0.3071904296875 0.3063193359375 0.30585546875 0.361015625
9 0.324501953125 0.46558984375 0.5324208984375 0.4641044921875 0.5320498046875 0.4336591796875 0.3267294921875 0.43588671875 0.324501953125 0.46558984375
0 0.29702734375 0.5287080078125 0.5431884765625 0.526109375 0.5431884765625 0.46558984375 0.298140625 0.4670751953125 0.29702734375 0.5287080078125
9 0.31138671875 0.6438330078125 0.5355244140625 0.6419521484375 0.535900390625 0.604345703125 0.313642578125 0.6062255859375 0.31138671875 0.6438330078125
0 0.2828037109375 0.7180029296875 0.544173828125 0.7167939453125 0.543421875 0.6434599609375 0.2858369140625 0.6452177734375 0.2828037109375 0.7180029296875
9 0.3110625 0.8395634765625 0.532322265625 0.843384765625 0.53155859375 0.7895029296875 0.3118271484375 0.787974609375 0.3110625 0.8395634765625
0 0.2758251953125 0.9162392578125 0.542640625 0.9186669921875 0.542640625 0.8452958984375 0.2768115234375 0.83996875 0.2758251953125 0.9162392578125
5 0.264146484375 1 0.2671572265625 0.93440625 0 0.9189189453125 0 1 0.264146484375 1
9 0.4311435546875 0.9996240234375 0.51040234375 1 0.5110859375 0.97229296875 0.431826171875 0.9712685546875 0.4311435546875 0.9996240234375
9 0.3097197265625 0.999775390625 0.3873447265625 1 0.38994140625 0.9706982421875 0.3110185546875 0.969919921875 0.3097197265625 0.999775390625
9 0.07026953125 0.8521240234375 0.208791015625 0.8577783203125 0.21363671875 0.761662109375 0.0771357421875 0.7604501953125 0.07026953125 0.8521240234375
9 0.087865234375 0.675466796875 0.220212890625 0.674642578125 0.224880859375 0.58403125 0.0955537109375 0.59062109375 0.087865234375 0.675466796875
9 0.1061103515625 0.50943359375 0.2307646484375 0.499904296875 0.2361728515625 0.4205791015625 0.112806640625 0.4319111328125 0.1061103515625 0.50943359375
9 0 0.498072265625 0.01649609375 0.493470703125 0.03541015625 0.502572265625 0.040453125 0.4657294921875 0 0.4763408203125 0 0.498072265625
0 0 0.5512607421875 0.0307373046875 0.56556640625 0.035654296875 0.5039208984375 0.016478515625 0.4946328125 0 0.4991279296875 0 0.5512607421875
0 0 0.7391298828125 0.0157412109375 0.7412763671875 0.0195576171875 0.665908203125 0.00023828125 0.6587529296875 0 0.7391298828125
9 0 0.65758984375 0.018279296875 0.664609375 0.0204853515625 0.6297705078125 0 0.630755859375 0 0.65758984375
9 0.7937841796875 1 0.7937841796875 0.9630146484375 0.7259375 0.9655947265625 0.7254208984375 1 0.7937841796875 1
9 0.607056640625 0.999681640625 0.68503125 1 0.6854892578125 0.9684921875 0.605451171875 0.9698681640625 0.607056640625 0.999681640625
9 0.62729296875 0.8611123046875 0.78071875 0.854318359375 0.7787373046875 0.7552421875 0.627576171875 0.7583564453125 0.62729296875 0.8611123046875
9 0.6260576171875 0.673140625 0.7764375 0.6691455078125 0.7695888671875 0.5744091796875 0.624345703125 0.5772626953125 0.6260576171875 0.673140625
9 0.620833984375 0.4933056640625 0.762501953125 0.491705078125 0.7544990234375 0.410865234375 0.61683203125 0.410865234375 0.620833984375 0.4933056640625
2 0.8545 1 0.8551044921875 0.879873046875 0.851177734375 0.7421376953125 0.8412470703125 0.593455078125 0.8282353515625 0.452587890625 0.809 0.292484375 0.830462890625 0.2202607421875 0.83067578125 0.2067451171875 0.8153583984375 0.20648046875 0.7358818359375 0.2043681640625 0.6754189453125 0.198294921875 0.48450390625 0.1798818359375 0.482404296875 0.1370107421875 0.3805712890625 0.1396357421875 0.385998046875 0.18215625 0.293060546875 0.1931806640625 0.2645380859375 0.1494345703125 0.1707646484375 0.1650087890625 0.1810888671875 0.1790068359375 0.176732421875 0.22502734375 0.1328115234375 0.2316767578125 0.0758583984375 0.1877880859375 0.0055732421875 0.2122490234375 0.01393359375 0.2199892578125 0.00464453125 0.2655048828125 0 0.26813671875 0 1 0.8545 1
9 0.938025390625 0.8201201171875 0.9547880859375 0.8151904296875 0.9547880859375 0.80208984375 0.9374619140625 0.808146484375 0.938025390625 0.8201201171875
9 1 0.782513671875 0.9921171875 0.7868798828125 0.9923994140625 0.8018115234375 1 0.7987138671875 1 0.782513671875
9 0.9670390625 0.849931640625 0.987896484375 0.844056640625 0.9869658203125 0.8278671875 0.966265625 0.835486328125 0.9670390625 0.849931640625
9 0.97225 0.8912294921875 0.991615234375 0.8868916015625 0.990869140625 0.871298828125 0.972095703125 0.8771318359375 0.97225 0.8912294921875
9 0.8893037109375 0.913509765625 0.914798828125 0.90763671875 0.914369140625 0.893314453125 0.889017578125 0.9000458984375 0.8893037109375 0.913509765625
9 0.923353515625 0.9475009765625 0.9383759765625 0.944974609375 0.937814453125 0.92714453125 0.9232138671875 0.930794921875 0.923353515625 0.9475009765625
9 0.902107421875 0.95178125 0.9158369140625 0.9500341796875 0.9154619140625 0.932560546875 0.9016083984375 0.9346826171875 0.902107421875 0.95178125
9 0.9665390625 0.9834443359375 0.9924033203125 0.98098828125 0.991248046875 0.958447265625 0.96610546875 0.9622041015625 0.9665390625 0.9834443359375
9 0.9245009765625 0.988830078125 0.9383955078125 0.98771875 0.9381171875 0.967572265625 0.924083984375 0.9691005859375 0.9245009765625 0.988830078125
2 1 0.7768193359375 0.898443359375 0.81908984375 0.8986357421875 0.835998046875 0.865513671875 0.8469130859375 0.8601083984375 1 1 1 1 0.7768193359375
8 0.3107705078125 0.85289453125 0.3321259765625 0.8524501953125 0.33368359375 0.8500029296875 0.3343505859375 0.8451083984375 0.3334609375 0.841994140625 0.3296787109375 0.8395478515625 0.3263427734375 0.8362109375 0.3261201171875 0.8302041015625 0.32478515625 0.8235302734375 0.3214482421875 0.8175244140625 0.3154423828125 0.816857421875 0.309212890625 0.8215283203125 0.3081005859375 0.83131640625 0.3105478515625 0.8393251953125 0.3107705078125 0.85289453125
8 0.3350390625 0.798412109375 0.33234375 0.8017294921875 0.3304775390625 0.8054619140625 0.330892578125 0.8098154296875 0.3329658203125 0.8137548828125 0.3416728515625 0.8164501953125 0.3489296875 0.820181640625 0.35411328125 0.8259873046875 0.354734375 0.831169921875 0.360125 0.8371826171875 0.3566005859375 0.83801171875 0.35452734375 0.839048828125 0.353283203125 0.8411220703125 0.355564453125 0.847548828125 0.3636494140625 0.853353515625 0.36841796875 0.858744140625 0.3829306640625 0.858537109375 0.3850048828125 0.850451171875 0.3868701171875 0.8452685546875 0.3881142578125 0.839462890625 0.387078125 0.832828125 0.3827236328125 0.8259873046875 0.375052734375 0.8222548828125 0.3651015625 0.817072265625 0.3574296875 0.8123037109375 0.3470634765625 0.8042177734375 0.3373193359375 0.7969609375 0.3350390625 0.798412109375