7 0.0691298828125 0.06562109375 0.1006240234375 0.054673828125 0.1164990234375 0.0346416015625 0.1227705078125 0.011623046875 0.12100390625 0.000052734375 0 0 0.00121875 0.028037109375 0.0319033203125 0.0500361328125 0.0691298828125 0.06562109375
2 0.0017431640625 0.58766015625 0.3213466796875 0.5819833984375 0.3257607421875 0.78905859375 0.4762919921875 0.7730283203125 0.65370703125 0.752939453125 0.6798359375 0.7575029296875 0.725787109375 0.7581171875 0.7284912109375 0.7329541015625 0.7417939453125 0.7136708984375 0.7515595703125 0.7038505859375 0.8042529296875 0.6943271484375 0.80346875 0.6097578125 0.7952470703125 0.6032880859375 0.7934677734375 0.56425 0.678126953125 0.553833984375 0.672228515625 0.5431083984375 0.6633955078125 0.5375703125 0.655796875 0.348955078125 0.6942021484375 0.33521875 0.688015625 0.3143203125 0.6606005859375 0.2543544921875 0.63344140625 0.215974609375 0.3062529296875 0.1049462890625 0.282380859375 0.101142578125 0.002185546875 0.179423828125 0.0012216796875 0.5864287109375 0.0017431640625 0.58766015625
9 0.467341796875 0.39300390625 0.468572265625 0.3142529296875 0.4345107421875 0.306357421875 0.4341025390625 0.3854072265625 0.467341796875 0.39300390625
9 0.5449296875 0.410919921875 0.5461826171875 0.3370654296875 0.513162109375 0.3294580078125 0.5129970703125 0.4065439453125 0.5449296875 0.410919921875
9 0.4323603515625 0.573130859375 0.4707177734375 0.5742099609375 0.4721982421875 0.4595654296875 0.433017578125 0.4531728515625 0.4323603515625 0.573130859375
9 0.550181640625 0.5571044921875 0.5500322265625 0.4718681640625 0.5159072265625 0.4655771484375 0.51447265625 0.5542119140625 0.550181640625 0.5571044921875
9 0.6187138671875 0.564498046875 0.6168427734375 0.48522265625 0.586458984375 0.4785302734375 0.5878134765625 0.56353515625 0.6187138671875 0.564498046875
9 0.6161337890625 0.430810546875 0.6142548828125 0.357861328125 0.582357421875 0.3508310546875 0.58528125 0.425830078125 0.6161337890625 0.430810546875
9 0.6178359375 0.6962568359375 0.618525390625 0.6226083984375 0.58984765625 0.6221943359375 0.5894560546875 0.6987421875 0.6178359375 0.6962568359375
9 0.685447265625 0.6880048828125 0.6879970703125 0.624404296875 0.6856376953125 0.6214287109375 0.6810205078125 0.6197861328125 0.6759599609375 0.61978515625 0.67118359375 0.62158984375 0.668841796875 0.6238740234375 0.6679443359375 0.626904296875 0.668375 0.68873828125 0.685447265625 0.6880048828125
9 0.2393720703125 0.5374716796875 0.239703125 0.458234375 0.1978427734375 0.4633681640625 0.19646875 0.5412373046875 0.2393720703125 0.5374716796875
9 0.1519296875 0.548033203125 0.1526962890625 0.468162109375 0.1160283203125 0.473037109375 0.1139765625 0.5514755859375 0.1519296875 0.548033203125
9 0.0729296875 0.5523994140625 0.0740947265625 0.48077734375 0.039419921875 0.4849375 0.0379462890625 0.5560458984375 0.0729296875 0.5523994140625
9 0.078119140625 0.4088056640625 0.0800859375 0.3433974609375 0.0483447265625 0.3495712890625 0.04510546875 0.41433203125 0.078119140625 0.4088056640625
9 0.160416015625 0.3869462890625 0.15918359375 0.322025390625 0.1243837890625 0.3321650390625 0.1231572265625 0.3949296875 0.160416015625 0.3869462890625
9 0.248953125 0.371849609375 0.24805859375 0.306298828125 0.2053125 0.3156630859375 0.2070029296875 0.3797314453125 0.248953125 0.371849609375
9 0.4718583984375 0.229794921875 0.4719873046875 0.180935546875 0.4308525390625 0.1700703125 0.42980859375 0.2182314453125 0.4718583984375 0.229794921875
9 0.610369140625 0.27550390625 0.610287109375 0.23370703125 0.5754453125 0.2242880859375 0.575484375 0.2658193359375 0.610369140625 0.27550390625
9 0.5401171875 0.251626953125 0.5389052734375 0.213529296875 0.5074501953125 0.2022822265625 0.5070283203125 0.2413388671875 0.5401171875 0.251626953125
9 0.8344873046875 0.598318359375 0.8338154296875 0.555412109375 0.822326171875 0.5570126953125 0.823287109375 0.5984287109375 0.8344873046875 0.598318359375
9 0.879201171875 0.599431640625 0.8781865234375 0.5595419921875 0.868005859375 0.559689453125 0.86930078125 0.5998203125 0.879201171875 0.599431640625
9 0.935748046875 0.6011455078125 0.935021484375 0.554267578125 0.922025390625 0.55508984375 0.9237578125 0.6016123046875 0.935748046875 0.6011455078125
2 1 0.450060546875 0.853240234375 0.452978515625 0.7627958984375 0.4300595703125 0.73996484375 0.4369599609375 0.716142578125 0.4669091796875 0.6988955078125 0.484755859375 0.6636552734375 0.4892705078125 0.6652353515625 0.53387109375 0.6745478515625 0.5418349609375 0.6818369140625 0.551966796875 0.7959580078125 0.5618056640625 0.796603515625 0.601849609375 0.805361328125 0.6088818359375 0.8069755859375 0.693302734375 0.8295869140625 0.698451171875 0.8429384765625 0.703298828125 0.8578212890625 0.71455859375 0.85897265625 0.7058193359375 0.8649560546875 0.6998994140625 0.875796875 0.6939267578125 0.9070556640625 0.6896552734375 0.912900390625 0.68830078125 0.922388671875 0.6793671875 0.9377744140625 0.6763134765625 0.964361328125 0.6733427734375 0.9809365234375 0.6730205078125 0.98194140625 0.6419423828125 0.96488671875 0.6432802734375 0.9666103515625 0.5579951171875 1 0.5587919921875 1 0.450060546875
7 1 0.5594697265625 0.968201171875 0.5592939453125 0.9665498046875 0.641529296875 0.984181640625 0.6405966796875 0.9767529296875 0.805076171875 0.9825673828125 0.805302734375 0.9851728515625 0.8005791015625 0.9896240234375 0.6452021484375 1 0.644587890625 1 0.5594697265625
1 0.97098046875 0.67356640625 0.957056640625 0.67455078125 0.9370419921875 0.6768857421875 0.9221455078125 0.6798486328125 0.9110556640625 0.6908505859375 0.916544921875 0.6911650390625 0.9222900390625 0.69158984375 0.927580078125 0.6944921875 0.934509765625 0.7001298828125 0.9417607421875 0.7102578125 0.9469013671875 0.7166953125 0.94778515625 0.729078125 0.9532431640625 0.73215234375 0.95749609375 0.7304833984375 0.9586171875 0.7271298828125 0.9707607421875 0.72340234375 0.972517578125 0.7260341796875 0.9763115234375 0.727193359375 0.9789287109375 0.7265537109375 0.98048046875 0.6928310546875 0.9798115234375 0.6814306640625 0.976193359375 0.6754990234375 0.97098046875 0.67356640625
1 0.8603037109375 0.722638671875 0.8714453125 0.7272109375 0.87694921875 0.7319453125 0.879306640625 0.7402177734375 0.879560546875 0.750853515625 0.8789677734375 0.7630693359375 0.8803759765625 0.763587890625 0.88474609375 0.7632041015625 0.886798828125 0.762361328125 0.88803515625 0.75736328125 0.893505859375 0.7570166015625 0.895408203125 0.76102734375 0.898712890625 0.7619365234375 0.9040634765625 0.761232421875 0.9104267578125 0.760486328125 0.91431640625 0.758744140625 0.915400390625 0.7557099609375 0.9143974609375 0.7511435546875 0.9318779296875 0.74844921875 0.9333466796875 0.7551015625 0.937470703125 0.7560576171875 0.9422119140625 0.755859375 0.944802734375 0.7545830078125 0.9473798828125 0.7512275390625 0.94806640625 0.745759765625 0.9472294921875 0.73259765625 0.946595703125 0.717556640625 0.93703515625 0.7054970703125 0.932388671875 0.6992109375 0.92289453125 0.6928583984375 0.90858203125 0.6904462890625 0.8763466796875 0.6948486328125 0.86598046875 0.70053515625 0.85978125 0.7065654296875 0.8592255859375 0.7159423828125 0.8603037109375 0.722638671875
1 0.7291279296875 0.770958984375 0.7347578125 0.775064453125 0.736693359375 0.7814716796875 0.740587890625 0.7833916015625 0.747017578125 0.7839990234375 0.7535537109375 0.783736328125 0.7569365234375 0.78076171875 0.7569384765625 0.7744267578125 0.7891884765625 0.7714619140625 0.7920732421875 0.7746494140625 0.7951591796875 0.7771025390625 0.800369140625 0.77821484375 0.8026640625 0.776935546875 0.8065947265625 0.7726669921875 0.812359375 0.7768994140625 0.818265625 0.780439453125 0.824599609375 0.780873046875 0.8304814453125 0.7781787109375 0.8328134765625 0.7733251953125 0.8601513671875 0.7685068359375 0.8660068359375 0.769724609375 0.8711904296875 0.7702958984375 0.8742314453125 0.768923828125 0.87617578125 0.7672822265625 0.8779189453125 0.7642177734375 0.878681640625 0.75617578125 0.877828125 0.74300390625 0.8769833984375 0.7338623046875 0.8718681640625 0.72843359375 0.859630859375 0.72341796875 0.8583837890625 0.71626953125 0.843515625 0.70505859375 0.8339453125 0.700705078125 0.8176787109375 0.69712109375 0.806193359375 0.694974609375 0.7532060546875 0.7042763671875 0.7443701171875 0.7117841796875 0.7294970703125 0.73324609375 0.72913671875 0.737998046875 0.7263212890625 0.7641650390625 0.7291279296875 0.770958984375
1 0 0.812162109375 0.0381083984375 0.8142431640625 0.0396748046875 0.8267041015625 0.0440380859375 0.8280322265625 0.0511865234375 0.8275517578125 0.0582978515625 0.8268837890625 0.0635810546875 0.825640625 0.0656064453125 0.818375 0.068103515625 0.8052626953125 0.069146484375 0.79188671875 0.063921875 0.7803974609375 0.0627783203125 0.7670048828125 0.0591650390625 0.7561025390625 0.0513193359375 0.7501416015625 0.044615234375 0.7386044921875 0.03250390625 0.7280712890625 0.0188173828125 0.7245244140625 0.0004833984375 0.723396484375 0 0.812162109375
7 0.1471708984375 0.8196328125 0.1465615234375 0.6732880859375 0.157234375 0.672916015625 0.1574912109375 0.6273271484375 0.1276376953125 0.626724609375 0.1261474609375 0.6737880859375 0.137728515625 0.674896484375 0.139513671875 0.8182470703125 0.1471708984375 0.8196328125
8 0.274703125 0.8472822265625 0.2947177734375 0.8504814453125 0.3859150390625 0.8315078125 0.3297373046875 0.822115234375 0.3022421875 0.809376953125 0.2938359375 0.80578515625 0.2869345703125 0.8085556640625 0.2834375 0.8185634765625 0.2642626953125 0.811375 0.2564091796875 0.8035703125 0.25072265625 0.801169921875 0.251369140625 0.7392001953125 0.2477294921875 0.6655380859375 0.2484365234375 0.636541015625 0.2480341796875 0.548572265625 0.2606103515625 0.5393310546875 0.2905576171875 0.52944921875 0.3179189453125 0.51888671875 0.3444541015625 0.511787109375 0.3579638671875 0.4996611328125 0.3659765625 0.4670068359375 0.375755859375 0.4334775390625 0.3884033203125 0.395947265625 0.399970703125 0.36690234375 0.3963818359375 0.329166015625 0.3901123046875 0.3123095703125 0.3545390625 0.289259765625 0.3244541015625 0.2669775390625 0.2778798828125 0.26102734375 0.2494443359375 0.2696904296875 0.2161328125 0.28372265625 0.181224609375 0.30252734375 0.1591337890625 0.3197978515625 0.1345419921875 0.325494140625 0.1206845703125 0.3363876953125 0.113439453125 0.3486083984375 0.1001318359375 0.3755419921875 0.106326171875 0.4034833984375 0.1110498046875 0.4216982421875 0.0997216796875 0.4393916015625 0.0997177734375 0.459458984375 0.1163154296875 0.4793701171875 0.1335263671875 0.5086748046875 0.160875 0.5243125 0.19283203125 0.528052734375 0.21853125 0.544681640625 0.228568359375 0.5602919921875 0.23353125 0.5852900390625 0.232841796875 0.7989013671875 0.2109267578125 0.80298828125 0.1803046875 0.8004228515625 0.1495234375 0.79833984375 0.1118818359375 0.793484375 0.0824345703125 0.7905732421875 0.0758544921875 0.793353515625 0.0699130859375 0.794869140625 0.06766015625 0.8150390625 0.145705078125 0.8272568359375 0.274703125 0.8472822265625
5 0 0.721791015625 0.0167939453125 0.7231064453125 0.0331240234375 0.7270166015625 0.046869140625 0.7389951171875 0.05165625 0.749298828125 0.06060546875 0.7555419921875 0.0637236328125 0.767498046875 0.3078896484375 0.7865810546875 0.324546875 0.7877529296875 0.3198408203125 0.584001953125 0.0008740234375 0.5886201171875 0 0.5899736328125 0 0.721791015625
7 0.9486728515625 0.408349609375 0.9526103515625 0.411185546875 0.9691513671875 0.428873046875 0.971859375 0.5546796875 0.9799775390625 0.5542890625 0.9755947265625 0.4335498046875 0.9760751953125 0.424244140625 0.9550341796875 0.404365234375 0.9529052734375 0.4006962890625 0.949572265625 0.39400390625 0.94486328125 0.3913271484375 0.9371201171875 0.3922236328125 0.9311982421875 0.3962509765625 0.9302587890625 0.40154296875 0.9351103515625 0.40598046875 0.9463095703125 0.4075771484375 0.9486728515625 0.408349609375
6 1 0.6480654296875 0.991615234375 0.64679296875 0.98741796875 0.8032939453125 0.9831494140625 0.80635546875 0.97641796875 0.80384765625 0.980193359375 0.7260419921875 0.9733056640625 0.7250439453125 0.9705888671875 0.7243203125 0.9618232421875 0.72865625 0.95439453125 0.7327685546875 0.9498251953125 0.7320966796875 0.9485556640625 0.7516962890625 0.9451337890625 0.7557294921875 0.940076171875 0.756814453125 0.933978515625 0.756724609375 0.9303232421875 0.7493583984375 0.916314453125 0.752486328125 0.9153369140625 0.7589833984375 0.9118935546875 0.7618232421875 0.89707421875 0.7629814453125 0.8927958984375 0.757826171875 0.88930078125 0.7581162109375 0.88789453125 0.7632412109375 0.88024609375 0.764779296875 0.8767314453125 0.76920703125 0.8719833984375 0.7708896484375 0.8596171875 0.769701171875 0.83420703125 0.773783203125 0.831826171875 0.777603515625 0.8247626953125 0.7814541015625 0.817783203125 0.7809755859375 0.8066357421875 0.77412890625 0.8017578125 0.779029296875 0.7964150390625 0.77887890625 0.7931728515625 0.776986328125 0.7886943359375 0.7723701171875 0.75754296875 0.77478125 0.75764453125 0.780650390625 0.7541162109375 0.7843251953125 0.74340625 0.78471484375 0.73545703125 0.78172265625 0.7338037109375 0.7753349609375 0.7276591796875 0.77133984375 0.7249072265625 0.764052734375 0.7264453125 0.759078125 0.6790361328125 0.758373046875 0.654779296875 0.7539130859375 0.327412109375 0.790171875 0.3194609375 0.788875 0.2527255859375 0.7835419921875 0.2517421875 0.799349609375 0.2573046875 0.801626953125 0.26455078125 0.8098349609375 0.282349609375 0.8169404296875 0.286087890625 0.8075771484375 0.2939384765625 0.8042314453125 0.3297587890625 0.820072265625 0.3893310546875 0.8300634765625 0.2938671875 0.8515341796875 0.0682880859375 0.8162099609375 0.063392578125 0.8275048828125 0.0498408203125 0.8290419921875 0.0380029296875 0.8276513671875 0.0369541015625 0.815263671875 0.0005400390625 0.8131572265625 0.0007587890625 0.81803125 0 0.999837890625 1 0.999837890625 1 0.8118759765625 1 0.6480654296875
6 0.070318359375 0.79375390625 0.0828818359375 0.7894130859375 0.145587890625 0.7967236328125 0.21068359375 0.8018056640625 0.2316328125 0.7980849609375 0.231837890625 0.7815546875 0.0642158203125 0.76788671875 0.0649462890625 0.778544921875 0.070318359375 0.79375390625