9 0.1889990234375 0.4350712890625 0.1977939453125 0.38641796875 0.1124638671875 0.377623046875 0.10404296875 0.4262763671875 0.1889990234375 0.4350712890625
9 0.091828125 0.4945751953125 0.0855068359375 0.5433173828125 0.1730458984375 0.552892578125 0.17925390625 0.504392578125 0.091828125 0.4945751953125
9 0.0481298828125 0.6080908203125 0.03871875 0.6627607421875 0.158408203125 0.6757568359375 0.167146484375 0.61794921875 0.0481298828125 0.6080908203125
9 0.0864404296875 0.7397548828125 0.0819892578125 0.7976298828125 0.148396484375 0.8035654296875 0.15358984375 0.7471748046875 0.0864404296875 0.7397548828125
9 0.26699609375 0.8158369140625 0.270994140625 0.7601533203125 0.1844697265625 0.7510146484375 0.1801865234375 0.805841796875 0.26699609375 0.8158369140625
9 0.2619228515625 0.9477958984375 0.263638671875 0.8870361328125 0.1730126953125 0.8777666015625 0.169923828125 0.9381845703125 0.2619228515625 0.9477958984375
9 0.1208271484375 0.87272265625 0.1197353515625 0.8927392578125 0.1407138671875 0.9072607421875 0.142873046875 0.873791015625 0.1208271484375 0.87272265625
9 0.27509375 0.68738671875 0.2817275390625 0.6308310546875 0.1941015625 0.623849609375 0.19026171875 0.6779609375 0.27509375 0.68738671875
9 0.2855673828125 0.56415234375 0.293248046875 0.5114375 0.210859375 0.502361328125 0.204923828125 0.5543779296875 0.2855673828125 0.56415234375
9 0.29953125 0.446853515625 0.3061640625 0.3976298828125 0.225171875 0.387505859375 0.2181904296875 0.438474609375 0.29953125 0.446853515625
9 0 0.4166142578125 0.075783203125 0.424775390625 0.0843330078125 0.373865234375 0 0.365703125 0 0.4166142578125
9 0.4180205078125 0.4805693359375 0.423046875 0.4266767578125 0.3350859375 0.4174619140625 0.328943359375 0.4710751953125 0.4180205078125 0.4805693359375
9 0.584078125 0.49767578125 0.5875751953125 0.4437109375 0.4549541015625 0.4297197265625 0.4507060546875 0.483435546875 0.584078125 0.49767578125
9 0.32171484375 0.5411181640625 0.3180205078125 0.59937890625 0.409533203125 0.60762109375 0.414080078125 0.550212890625 0.32171484375 0.5411181640625
9 0.3999833984375 0.7418251953125 0.40451953125 0.680796875 0.30844140625 0.6721376953125 0.3043173828125 0.733166015625 0.3999833984375 0.7418251953125
9 0.3006064453125 0.8073896484375 0.2952451171875 0.87212890625 0.3929736328125 0.879138671875 0.3966845703125 0.8168740234375 0.3006064453125 0.8073896484375
9 0.3897216796875 1 0.3913935546875 0.9555009765625 0.2950078125 0.9479794921875 0.2944501953125 1 0.3897216796875 1
9 0.57086328125 0.891515625 0.5745322265625 0.83134765625 0.429248046875 0.8203408203125 0.4281474609375 0.8834443359375 0.57086328125 0.891515625
9 0.574533203125 0.755171875 0.5764140625 0.69652734375 0.4359169921875 0.6842958984375 0.4340361328125 0.746390625 0.574533203125 0.755171875
9 0.5798994140625 0.624228515625 0.5810146484375 0.56623828125 0.4455185546875 0.553134765625 0.4424521484375 0.6116826171875 0.5798994140625 0.624228515625
9 0.7422470703125 0.765234375 0.743431640625 0.7074091796875 0.608822265625 0.6981669921875 0.608111328125 0.7583623046875 0.7422470703125 0.765234375
9 0.744853515625 0.6384462890625 0.7446171875 0.58062109375 0.6137998046875 0.5697197265625 0.6114296875 0.6270703125 0.744853515625 0.6384462890625
9 0.7436689453125 0.5142646484375 0.7450908203125 0.4611787109375 0.61640625 0.4483818359375 0.6154580078125 0.501466796875 0.7436689453125 0.5142646484375
9 0.742125 0.8980283203125 0.7433310546875 0.837416015625 0.60491796875 0.83198828125 0.60341015625 0.893806640625 0.742125 0.8980283203125
9 0.497955078125 0.962216796875 0.426650390625 0.957515625 0.4258671875 0.9990439453125 0.4791494140625 1 0.497955078125 0.962216796875
1 0.6436015625 1 0.641576171875 0.9978046875 0.62521875 0.97729296875 0.61691015625 0.973138671875 0.58705078125 0.9676865234375 0.5265029296875 0.9632724609375 0.5039140625 0.965869140625 0.491451171875 0.9804091796875 0.4813251953125 1 0.6436015625 1
8 0 1 0.18753515625 0.9997529296875 0.179041015625 0.994525390625 0.1655185546875 0.9803486328125 0.1655185546875 0.9679970703125 0.167166015625 0.9502919921875 0.1589306640625 0.929705078125 0.1502841796875 0.9231171875 0.144931640625 0.90582421875 0.1358740234375 0.8852373046875 0.130109375 0.871650390625 0.1309326171875 0.8634150390625 0.138755859375 0.8485927734375 0.140814453125 0.8415927734375 0.1358740234375 0.8382998046875 0.1198154296875 0.8457109375 0.1338154296875 0.8304765625 0.1354619140625 0.821005859375 0.13628515625 0.8074189453125 0.12791796875 0.8037880859375 0.119689453125 0.8112685546875 0.109216796875 0.8194970703125 0.0927587890625 0.8157568359375 0.0890185546875 0.8075283203125 0.0860263671875 0.7992998046875 0.09163671875 0.788078125 0.1065986328125 0.7772314453125 0.1230556640625 0.7645146484375 0.127169921875 0.755912109375 0.1275439453125 0.745439453125 0.1223076171875 0.7431953125 0.110712890625 0.751423828125 0.0964990234375 0.7611484375 0.0837822265625 0.76264453125 0.0871484375 0.7503017578125 0.0978388671875 0.7367470703125 0.111490234375 0.72537109375 0.1246875 0.698521484375 0.123322265625 0.6880556640625 0.11794140625 0.68841015625 0.1095771484375 0.6962177734375 0.097587890625 0.7068125 0.0867138671875 0.7084853515625 0.07667578125 0.7051396484375 0.07890625 0.6962177734375 0.0867138671875 0.6867373046875 0.0945205078125 0.672517578125 0.09730859375 0.65801953125 0.0922900390625 0.6527216796875 0.0922900390625 0.6446357421875 0.0922900390625 0.63153125 0.0967509765625 0.6173115234375 0.0992607421875 0.607552734375 0.097587890625 0.6028125 0.092568359375 0.6042060546875 0.08476171875 0.6159169921875 0.076955078125 0.62121484375 0.0878291015625 0.6036484375 0.0945205078125 0.587755859375 0.0947998046875 0.581064453125 0.0934052734375 0.5793916015625 0.0878291015625 0.5791123046875 0.0828095703125 0.5871982421875 0.07221484375 0.5947265625 0.0783486328125 0.5827373046875 0.088107421875 0.5654501953125 0.0886650390625 0.555970703125 0.085041015625 0.5503935546875 0.0808583984375 0.5450966796875 0.07221484375 0.5450966796875 0.075560546875 0.535337890625 0.075560546875 0.5286455078125 0.0783486328125 0.5244638671875 0.077791015625 0.51888671875 0.0750029296875 0.5174931640625 0.069705078125 0.5174931640625 0.061619140625 0.5208388671875 0.0635712890625 0.5105224609375 0.066638671875 0.4999267578125 0.0694267578125 0.490447265625 0.0716572265625 0.4818037109375 0.0705419921875 0.4784580078125 0.0680322265625 0.467583984375 0.071099609375 0.4586611328125 0.073609375 0.4475087890625 0.0761181640625 0.438865234375 0.07305078125 0.43189453125 0.0702626953125 0.421578125 0.0702626953125 0.412376953125 0.0772333984375 0.4109833984375 0.0786279296875 0.406521484375 0.0775126953125 0.402060546875 0.06775390625 0.3903505859375 0.071099609375 0.385052734375 0.0752822265625 0.3764091796875 0.0780703125 0.36916015625 0.077791015625 0.362189453125 0.0790361328125 0.3468818359375 0.077154296875 0.3242998046875 0.078095703125 0.303234375 0.077154296875 0.2938251953125 0.073390625 0.2881806640625 0.069 0.2903759765625 0.066177734375 0.2947666015625 0.0655498046875 0.3029208984375 0.0611591796875 0.31605859375 0.057708984375 0.3088447265625 0.053318359375 0.30853125 0.0530048828125 0.312294921875 0.0552001953125 0.3201357421875 0.051123046875 0.3298583984375 0.0445361328125 0.35055859375 0.042654296875 0.363103515625 0.0354404296875 0.3649853515625 0.0319912109375 0.3696904296875 0.0335595703125 0.3750224609375 0.0410859375 0.3806669921875 0.0348134765625 0.3853720703125 0.03136328125 0.3958095703125 0.02697265625 0.3970634765625 0.02477734375 0.400513671875 0.025404296875 0.4067861328125 0.020072265625 0.4136865234375 0.0150546875 0.4240361328125 0.012859375 0.444109375 0.0131728515625 0.461986328125 0.0111083984375 0.467318359375 0.0084951171875 0.47319921875 0 0.4816943359375 0 1
8 1 0.969365234375 0.9967490234375 0.966236328125 0.98423046875 0.9724951171875 0.968974609375 0.9807099609375 0.9482412109375 0.9834482421875 0.9384619140625 0.9814921875 0.933767578125 0.9736689453125 0.9290732421875 0.985404296875 0.9181201171875 0.9783623046875 0.912642578125 0.9724951171875 0.9060302734375 0.979515625 0.89062890625 0.98215625 0.8783076171875 0.98567578125 0.8752275390625 0.9843564453125 0.8703876953125 0.966314453125 0.8664267578125 0.95707421875 0.8602666015625 0.9830361328125 0.846185546875 0.992716796875 0.803501953125 0.997556640625 0.7925009765625 0.9931572265625 0.7920615234375 0.9830361328125 0.7854052734375 0.9651552734375 0.775650390625 0.9592431640625 0.76973828125 0.9497841796875 0.766486328125 0.9423935546875 0.762939453125 0.9320478515625 0.76234765625 0.919041015625 0.764712890625 0.9037724609375 0.7590966796875 0.890173828125 0.7484541015625 0.8771669921875 0.741951171875 0.8671171875 0.7289443359375 0.889287109375 0.7251015625 0.872142578125 0.7230322265625 0.86800390625 0.7062158203125 0.891060546875 0.6929140625 0.8818974609375 0.68375 0.86977734375 0.6799072265625 0.8585439453125 0.667787109375 0.8878095703125 0.6571455078125 0.88071484375 0.645025390625 0.8544052734375 0.64266015625 0.8473115234375 0.6379306640625 0.8886962890625 0.6237412109375 0.8922431640625 0.6169423828125 0.866525390625 0.6116220703125 0.8635693359375 0.6107353515625 0.8804189453125 0.606892578125 0.899337890625 0.5903994140625 0.91312890625 0.5700029296875 0.9219970703125 0.55965625 0.9302744140625 0.5439892578125 0.939142578125 0.5265478515625 0.945349609375 0.4945498046875 0.9474189453125 0.481248046875 0.9465322265625 0.471197265625 0.940029296875 0.46351171875 0.93677734375 0.4540517578125 0.9370732421875 0.444296875 0.9361865234375 0.438384765625 0.9355947265625 0.431880859375 0.9287958984375 0.4268564453125 0.9456455078125 0.42330859375 0.9521484375 0.4230126953125 0.964859375 0.4150322265625 0.9710673828125 0.406458984375 0.976388671875 0.403798828125 0.9814140625 0.40143359375 0.9879169921875 0.402025390625 0.9938291015625 0.397 0.9976728515625 0.3975986328125 1 0.4792666015625 1 0.489876953125 0.9790546875 0.5040244140625 0.96362109375 0.5242802734375 0.962013671875 0.591291015625 0.9658720703125 0.6173349609375 0.97198046875 0.6256943359375 0.9758388671875 0.6452197265625 1 1 1 1 0.969365234375
8 1 0.2288857421875 0.998083984375 0.224095703125 0.995119140625 0.2163408203125 0.988732421875 0.213603515625 0.98143359375 0.2163408203125 0.9812060546875 0.212462890625 0.9777841796875 0.208357421875 0.9718544921875 0.21041015625 0.9656962890625 0.2161123046875 0.9538349609375 0.22911328125 0.9634150390625 0.2133759765625 0.96387109375 0.2060771484375 0.96090625 0.196041015625 0.959537109375 0.193076171875 0.95566015625 0.1871455078125 0.951326171875 0.18577734375 0.9444833984375 0.1898828125 0.935033203125 0.1994619140625 0.93412109375 0.2047080078125 0.939138671875 0.212462890625 0.9334365234375 0.2133759765625 0.9281904296875 0.212462890625 0.9252255859375 0.21155078125 0.9218046875 0.2037958984375 0.9172421875 0.1953564453125 0.91199609375 0.193759765625 0.901732421875 0.1910224609375 0.89443359375 0.19398828125 0.885994140625 0.1955849609375 0.8823447265625 0.1996904296875 0.8814326171875 0.203111328125 0.8809765625 0.21041015625 0.8699306640625 0.21703515625 0.8544208984375 0.2174921875 0.84575390625 0.2197724609375 0.838455078125 0.2220537109375 0.8359462890625 0.227755859375 0.8334365234375 0.2375634765625 0.83115625 0.2457744140625 0.832068359375 0.256951171875 0.83115625 0.2667587890625 0.824998046875 0.2813564453125 0.820435546875 0.2653896484375 0.8172421875 0.249423828125 0.812453125 0.24440625 0.80720703125 0.2448623046875 0.799908203125 0.2469150390625 0.7910126953125 0.245318359375 0.7828017578125 0.24737109375 0.7752744140625 0.2501083984375 0.772537109375 0.25672265625 0.771625 0.2635654296875 0.7624892578125 0.272884765625 0.755646484375 0.27721875 0.74834765625 0.2817802734375 0.7456103515625 0.287482421875 0.7453828125 0.2936416015625 0.74948828125 0.2986591796875 0.742041015625 0.3034326171875 0.7404443359375 0.308451171875 0.7415849609375 0.318486328125 0.7413564453125 0.32692578125 0.73770703125 0.3305751953125 0.7324609375 0.335365234375 0.734513671875 0.341751953125 0.74112890625 0.3449443359375 0.745005859375 0.3501904296875 0.739759765625 0.350875 0.7266865234375 0.3460849609375 0.723265625 0.3410673828125 0.71687890625 0.343576171875 0.7123173828125 0.34334765625 0.7093515625 0.3369619140625 0.706615234375 0.3326279296875 0.7006845703125 0.332171875 0.69589453125 0.3410673828125 0.6883681640625 0.3401552734375 0.68471875 0.3303466796875 0.6828935546875 0.3262412109375 0.677419921875 0.3241884765625 0.672857421875 0.32920703125 0.6676123046875 0.3408388671875 0.6662431640625 0.333083984375 0.6644189453125 0.328978515625 0.65962890625 0.3285224609375 0.6543828125 0.3317158203125 0.6495927734375 0.3376455078125 0.64685546875 0.3519384765625 0.6518740234375 0.3612900390625 0.6598564453125 0.3761162109375 0.664646484375 0.38501171875 0.6621376953125 0.391169921875 0.6568916015625 0.399380859375 0.650048828125 0.4071357421875 0.65184765625 0.409103515625 0.92603125 0.4419609375 0.9358505859375 0.4457373046875 0.945669921875 0.4582001953125 0.957 0.78365234375 0.9649306640625 0.784408203125 0.976638671875 0.7870517578125 0.993255859375 0.786673828125 1 0.78251953125 1 0.2657216796875 0.996943359375 0.264125 0.9894169921875 0.262072265625 0.9821181640625 0.2545458984375 0.981662109375 0.244509765625 0.985767578125 0.2385791015625 0.99306640625 0.2376669921875 1 0.2406318359375 1 0.231166015625 1 0.2288857421875
8 0.9631396484375 0.9454775390625 0.958724609375 0.98190625 0.9690830078125 0.97840625 0.9960703125 0.9646669921875 0.9990146484375 0.9651572265625 0.9985234375 0.883705078125 0.98969140625 0.87830859375 0.9818408203125 0.8738916015625 0.9835615234375 0.946029296875 0.9631396484375 0.9454775390625
8 0.89227734375 0 0.8945673828125 0.007302734375 0.8876982421875 0.0228984375 0.8907509765625 0.0328212890625 0.911359375 0.04198046875 0.9144130859375 0.05724609375 0.9212822265625 0.0511396484375 0.94341796875 0.050376953125 0.9396015625 0.076328125 0.9487607421875 0.0870146484375 0.954103515625 0.1015166015625 0.9724228515625 0.1015166015625 0.9876884765625 0.0969365234375 0.9915048828125 0.084724609375 1 0.0912646484375 1 0 0.89227734375 0
2 1 0.8068828125 0.9771240234375 0.8106982421875 0.9750693359375 0.82155859375 0.9677314453125 0.826548828125 0.9653828125 0.8344736328125 0.95687109375 0.8365283203125 0.9574580078125 0.8189169921875 0.9452001953125 0.4585234375 0.935908203125 0.446328125 0.9266162109375 0.4424560546875 0.652705078125 0.40993359375 0.3413125 0.3738125 0.3395703125 0.37245703125 0.337634765625 0.3596806640625 0.00038671875 0.327544921875 0 0.3270029296875 0 1 0.4801962890625 1 0.4907578125 0.9803515625 0.5045283203125 0.96489453125 0.5273271484375 0.962833984375 0.54497265625 0.9638642578125 0.5909609375 0.967599609375 0.6180107421875 0.97261328125 0.6252236328125 0.9763486328125 0.644544921875 1 0.9583388671875 1 0.9574580078125 0.9460107421875 0.9824072265625 0.9448369140625 0.980939453125 0.8729248046875 1 0.882904296875 1 0.8068828125