0 0.999966796875 0.496150390625 0.99966015625 0.3980244140625 0.673251953125 0.399734375 0.671767578125 0.493283203125 0.999966796875 0.496150390625
0 0.9997705078125 0.2684052734375 0.9997705078125 0.1815400390625 0.9129052734375 0.1831669921875 0.6858037109375 0.1866572265625 0.68084375 0.2756787109375 0.9997705078125 0.2684052734375
9 0.6120625 0.2009794921875 0.61865234375 0.1219052734375 0.5504765625 0.1282421875 0.4686142578125 0.135337890625 0.4176953125 0.1396669921875 0.410646484375 0.21511328125 0.6120625 0.2009794921875
9 0.59016796875 0.413369140625 0.5967744140625 0.4083359375 0.6011787109375 0.3164765625 0.5319697265625 0.3199365234375 0.3878515625 0.3267705078125 0.374978515625 0.41496875 0.59016796875 0.413369140625
9 0.5741982421875 0.64271484375 0.5817216796875 0.54141796875 0.360841796875 0.5389189453125 0.352138671875 0.6368837890625 0.5741982421875 0.64271484375
9 0.93022265625 0.257767578125 0.9258759765625 0.159529296875 0.7515673828125 0.166048828125 0.7528720703125 0.2621142578125 0.93022265625 0.257767578125
9 0.927388671875 0.486146484375 0.926998046875 0.3479169921875 0.7408916015625 0.349556640625 0.7405654296875 0.486638671875 0.927388671875 0.486146484375
9 0.925326171875 0.6558203125 0.92501171875 0.5673486328125 0.731798828125 0.5677802734375 0.729220703125 0.6518837890625 0.925326171875 0.6558203125
0 0.13914453125 0.5054111328125 0.1944892578125 0.531517578125 0.198927734375 0.497318359375 0.1469765625 0.46886328125 0.13940625 0.468080078125 0.11904296875 0.4678193359375 0.11773828125 0.505150390625 0.13914453125 0.5054111328125
9 0.1435830078125 0.5046279296875 0.15794140625 0.51219921875 0.161595703125 0.4592041015625 0.141494140625 0.447978515625 0.1341845703125 0.447978515625 0.1289638671875 0.502017578125 0.1435830078125 0.5046279296875
9 0.6291298828125 0.0229052734375 0.629740234375 0.0003056640625 0.4440556640625 0 0.441001953125 0.04153515625 0.6291298828125 0.0229052734375
5 0.41063671875 0.941755859375 0.5616240234375 0.9466572265625 0.7350556640625 0.9517041015625 0.7339501953125 0.990943359375 0.711291015625 0.99370703125 0.71184375 0.9997861328125 0.7784912109375 0.9954443359375 0.953623046875 1 0.999447265625 0.9958330078125 0.999447265625 0.7989453125 0.465904296875 0.7698740234375 0.372501953125 0.763794921875 0.3738798828125 0.77160546875 0.37229296875 0.936609375 0.41063671875 0.941755859375
2 0 0.931435546875 0.1582705078125 0.951640625 0.206087890625 0.951640625 0.2047412109375 0.9186396484375 0.284212890625 0.9179658203125 0.2808447265625 0.787982421875 0.2835390625 0.7482470703125 0.2862333984375 0.7280419921875 1 0.7627587890625 0.997572265625 0.0030693359375 0.35856640625 0.0031728515625 0.375490234375 0.0296162109375 0.3247197265625 0.296689453125 0.278708984375 0.6050146484375 0.2163037109375 0.5769853515625 0.1846318359375 0.5700517578125 0.1901708984375 0.54743359375 0.1970947265625 0.5340478515625 0.2058642578125 0.4648115234375 0.2224814453125 0.469888671875 0.224328125 0.4634267578125 0.186939453125 0.438962890625 0 0.3234892578125 0 0.931435546875
0 1 0.639912109375 0.657265625 0.635294921875 0.65348828125 0.6802001953125 1 0.68565625 1 0.639912109375
6 0.710236328125 1 0.710603515625 0.997119140625 0.7113369140625 0.9954677734375 0.714822265625 0.9954677734375 0.7265615234375 0.9960185546875 0.7310283203125 0.9944287109375 0.7321796875 0.991666015625 0.7339814453125 0.979671875 0.5186357421875 0.9781162109375 0.3989912109375 0.9782890625 0.386748046875 0.9777109375 0.3574501953125 0.979376953125 0.321890625 0.982896484375 0.264556640625 0.99273046875 0.25331640625 0.9946494140625 0.20589453125 0.9883427734375 0.206529296875 0.9724755859375 0.20348046875 0.9706904296875 0.1559755859375 0.9627724609375 0.1557685546875 0.964607421875 0.1533828125 0.972138671875 0.15037109375 0.9751513671875 0.1464794921875 0.976029296875 0.1340537109375 0.9756533203125 0.1053095703125 0.9713857421875 0.079076171875 0.965611328125 0.07468359375 0.9614697265625 0.07468359375 0.9577041015625 0.074181640625 0.9539384765625 0.0697880859375 0.951302734375 0.067654296875 0.9486669921875 0.0680859375 0.9407275390625 0 0.9315322265625 0 1 0.710236328125 1
6 1 0.9955078125 0.999609375 0.99609375 0.95634765625 1 1 1 1 0.9955078125
9 0.084818359375 0.4614951171875 0.0955048828125 0.417416015625 0.05209375 0.3940400390625 0.0440791015625 0.4357822265625 0.084818359375 0.4614951171875
9 0.074005859375 0.562447265625 0.081662109375 0.5124296875 0.0357275390625 0.49150390625 0.029091796875 0.5369287109375 0.074005859375 0.562447265625
0 1 0.077955078125 0.9936162109375 0.0012373046875 0.6916953125 0.00309375 0.689220703125 0.087853515625 1 0.077955078125