9 0.092337890625 0.4096484375 0.0948017578125 0.374279296875 0.0720439453125 0.381671875 0.07059375 0.415591796875 0.092337890625 0.4096484375
9 0.2121123046875 0.38786328125 0.215900390625 0.3829384765625 0.2172255859375 0.348849609375 0.1842724609375 0.354341796875 0.1840830078125 0.39183984375 0.2121123046875 0.38786328125
9 0.3617431640625 0.3709853515625 0.3627333984375 0.336494140625 0.3223017578125 0.3386396484375 0.321806640625 0.37296484375 0.3617431640625 0.3709853515625
9 0.5165732421875 0.3727255859375 0.515294921875 0.3335673828125 0.47541015625 0.33304296875 0.4761357421875 0.373205078125 0.5165732421875 0.3727255859375
9 0.6271669921875 0.3806328125 0.629408203125 0.3823759765625 0.6574228515625 0.384244140625 0.6594150390625 0.3825009765625 0.6589169921875 0.3465166015625 0.6251748046875 0.342283203125 0.625921875 0.378640625 0.6271669921875 0.3806328125
9 0.7836484375 0.398890625 0.780115234375 0.3610859375 0.756388671875 0.3582109375 0.7537236328125 0.3588037109375 0.7560927734375 0.39847265625 0.7836484375 0.398890625
9 0.0763662109375 0.5030439453125 0.0787900390625 0.5002734375 0.0817333984375 0.453865234375 0.0294384765625 0.467544921875 0.027013671875 0.511529296875 0.0763662109375 0.5030439453125
9 0.06862109375 0.6058896484375 0.0729091796875 0.5528642578125 0.016765625 0.5633916015625 0.0140361328125 0.6111533203125 0.06862109375 0.6058896484375
9 0.0626455078125 0.7112294921875 0.065806640625 0.6576748046875 0.0086953125 0.66241796875 0.0053359375 0.7141943359375 0.0626455078125 0.7112294921875
9 0.001587890625 0.820384765625 0.0564443359375 0.8200322265625 0.057150390625 0.8189736328125 0.05997265625 0.7634111328125 0.0008818359375 0.7651748046875 0.000529296875 0.819150390625 0.001587890625 0.820384765625
9 0.220541015625 0.8169765625 0.221353515625 0.76742578125 0.11433203125 0.76884765625 0.11453515625 0.7714873046875 0.11412890625 0.8153515625 0.220541015625 0.8169765625
9 0.22411328125 0.7038779296875 0.2268427734375 0.6498974609375 0.1188798828125 0.6544462890625 0.1197900390625 0.65717578125 0.1188798828125 0.703271484375 0.22411328125 0.7038779296875
9 0.228873046875 0.5883447265625 0.2319755859375 0.532484375 0.1198603515625 0.5455517578125 0.118998046875 0.58981640625 0.228873046875 0.5883447265625
9 0.224537109375 0.4753681640625 0.2348486328125 0.4782041015625 0.2366533203125 0.4305126953125 0.1301845703125 0.4467529296875 0.1296689453125 0.4831015625 0.224537109375 0.4753681640625
9 0.3787978515625 0.4732177734375 0.3804794921875 0.4166220703125 0.2866201171875 0.421384765625 0.285779296875 0.4777001953125 0.3787978515625 0.4732177734375
9 0.3749150390625 0.5879306640625 0.3775869140625 0.5849033203125 0.37723046875 0.525771484375 0.28301171875 0.52915625 0.2806962890625 0.589177734375 0.3749150390625 0.5879306640625
9 0.37332421875 0.7010556640625 0.3750400390625 0.6407548828125 0.2784609375 0.64394140625 0.2772353515625 0.7039970703125 0.37332421875 0.7010556640625
9 0.370783203125 0.8227216796875 0.3727275390625 0.7593046875 0.275779296875 0.7595478515625 0.2743212890625 0.8219931640625 0.370783203125 0.8227216796875
9 0.57482421875 0.82535546875 0.573244140625 0.7668720703125 0.4307236328125 0.767134765625 0.4301962890625 0.8240380859375 0.57482421875 0.82535546875
9 0.4316689453125 0.6437861328125 0.4316689453125 0.6944599609375 0.575171875 0.6939052734375 0.5755419921875 0.645265625 0.4316689453125 0.6437861328125
9 0.4319794921875 0.5285283203125 0.431267578125 0.57953125 0.57075390625 0.5823779296875 0.5721767578125 0.5306630859375 0.4319794921875 0.5285283203125
9 0.5695556640625 0.4931083984375 0.5695556640625 0.421171875 0.4325673828125 0.419509765625 0.4309052734375 0.4914462890625 0.5695556640625 0.4931083984375
9 0.6564052734375 0.479306640625 0.6535078125 0.4280009765625 0.6219736328125 0.425615234375 0.6212919921875 0.4266376953125 0.623337890625 0.4796474609375 0.6564052734375 0.479306640625
9 0.668181640625 0.432658203125 0.6699111328125 0.4840166015625 0.701728515625 0.4855732421875 0.69948046875 0.434041015625 0.668181640625 0.432658203125
9 0.6649365234375 0.59334375 0.66390625 0.53342578125 0.6259638671875 0.531193359375 0.626994140625 0.5921416015625 0.6649365234375 0.59334375
9 0.7130078125 0.595232421875 0.71008984375 0.5361728515625 0.6738642578125 0.5341123046875 0.675751953125 0.593515625 0.7130078125 0.595232421875
9 0.6694345703125 0.7075927734375 0.6675673828125 0.645169921875 0.63003125 0.642888671875 0.630861328125 0.7075927734375 0.6694345703125 0.7075927734375
9 0.717546875 0.7086298828125 0.71505859375 0.64579296875 0.6789736328125 0.645169921875 0.6798037109375 0.7075927734375 0.717546875 0.7086298828125
9 0.6692958984375 0.8232822265625 0.6695048828125 0.7613525390625 0.63247265625 0.761771484375 0.632263671875 0.824119140625 0.6692958984375 0.8232822265625
9 0.7199267578125 0.822236328125 0.71908984375 0.7609345703125 0.68205859375 0.7609345703125 0.6816396484375 0.7623984375 0.68205859375 0.822654296875 0.7199267578125 0.822236328125
9 0.7701171875 0.48423828125 0.83219921875 0.495140625 0.83098828125 0.461525390625 0.7483134765625 0.4472919921875 0.751947265625 0.491203125 0.7701171875 0.48423828125
9 0.83975390625 0.557087890625 0.7556328125 0.5473916015625 0.757330078125 0.5980576171875 0.8407236328125 0.5999970703125 0.8412080078125 0.560724609375 0.83975390625 0.557087890625
9 0.7721171875 0.707875 0.779390625 0.707875 0.842419921875 0.7102998046875 0.841693359375 0.66302734375 0.762177734375 0.6579365234375 0.7629052734375 0.713451171875 0.7721171875 0.707875
9 0.766119140625 0.7651826171875 0.766431640625 0.823921875 0.84923046875 0.8186103515625 0.8529794921875 0.767369140625 0.766119140625 0.7651826171875
9 0.939609375 0.8253544921875 0.9377529296875 0.768021484375 0.893619140625 0.7657529296875 0.8948564453125 0.824736328125 0.939609375 0.8253544921875
9 0.892990234375 0.7201669921875 0.933162109375 0.7243515625 0.9352548828125 0.7243515625 0.9319072265625 0.6720439453125 0.9291875 0.669115234375 0.889224609375 0.66451171875 0.89131640625 0.7184931640625 0.892990234375 0.7201669921875
9 0.8832080078125 0.572060546875 0.88595703125 0.6172958984375 0.9234443359375 0.6220439453125 0.9196953125 0.5750595703125 0.8832080078125 0.572060546875
9 0.9132890625 0.5278173828125 0.90984375 0.485609375 0.875388671875 0.4722578125 0.879048828125 0.5172646484375 0.9132890625 0.5278173828125
9 0.981904296875 0.8259404296875 0.9813125 0.793861328125 0.9807216796875 0.7759736328125 0.9591376953125 0.77242578125 0.960912109375 0.826828125 0.981904296875 0.8259404296875
9 0.9776005859375 0.7256396484375 0.97691796875 0.7031259765625 0.98101171875 0.7008525390625 0.98101171875 0.6976689453125 0.9812392578125 0.687890625 0.9544052734375 0.681978515625 0.954177734375 0.6844794921875 0.95576953125 0.7290498046875 0.9776005859375 0.7256396484375
9 0.966984375 0.62397265625 0.974228515625 0.624287109375 0.9732841796875 0.6034990234375 0.9490302734375 0.5943642578125 0.9499755859375 0.6258623046875 0.966984375 0.62397265625
9 0.965365234375 0.536453125 0.96744921875 0.5368701171875 0.9670322265625 0.5176953125 0.9420224609375 0.5047744140625 0.9445234375 0.5410380859375 0.965365234375 0.536453125
0 0.2172216796875 0.620044921875 0.2313134765625 0.6279501953125 0.2323447265625 0.5784560546875 0.2168779296875 0.57605078125 0.09039453125 0.584986328125 0.08730078125 0.6234814453125 0.2172216796875 0.620044921875
0 0.219640625 0.462330078125 0.097166015625 0.4776962890625 0.0967138671875 0.5192744140625 0.221900390625 0.5043603515625 0.2363623046875 0.5102353515625 0.236814453125 0.468205078125 0.219640625 0.462330078125
0 0.2095576171875 0.733453125 0.2272216796875 0.73706640625 0.2280244140625 0.6941103515625 0.2115654296875 0.690095703125 0.0814951171875 0.695716796875 0.079888671875 0.7354599609375 0.2095576171875 0.733453125
0 0.207390625 0.85789453125 0.22287890625 0.8620498046875 0.222123046875 0.8110517578125 0.2051240234375 0.8061416015625 0.0755517578125 0.80878515625 0.0751748046875 0.8556279296875 0.207390625 0.85789453125
0 0.591595703125 0.856330078125 0.5908046875 0.8068662109375 0.4261865234375 0.809240234375 0.42658203125 0.8591005859375 0.591595703125 0.856330078125
0 0.5876064453125 0.7344150390625 0.586859375 0.6817431640625 0.4258564453125 0.6832373046875 0.425482421875 0.6899619140625 0.4262294921875 0.7359091796875 0.5876064453125 0.7344150390625
0 0.58611328125 0.6168779296875 0.58611328125 0.567548828125 0.4285791015625 0.568609375 0.4275185546875 0.614755859375 0.58611328125 0.6168779296875
0 0.5826748046875 0.4995048828125 0.5836533203125 0.4525390625 0.4280771484375 0.4530283203125 0.42856640625 0.4628125 0.4280771484375 0.499015625 0.5826748046875 0.4995048828125
0 0.7709189453125 0.51223046875 0.871494140625 0.5300068359375 0.87055859375 0.4902451171875 0.770451171875 0.473404296875 0.7503359375 0.4785498046875 0.751271484375 0.5215869140625 0.7709189453125 0.51223046875
0 0.7768798828125 0.623486328125 0.8783505859375 0.6322060546875 0.8783505859375 0.5925693359375 0.7748984375 0.583453125 0.7554765625 0.5937587890625 0.7570615234375 0.63062109375 0.7768798828125 0.623486328125
0 0.781537109375 0.7368203125 0.8856533203125 0.74216015625 0.883984375 0.699779296875 0.7825380859375 0.693439453125 0.7621826171875 0.700447265625 0.7621826171875 0.743828125 0.781537109375 0.7368203125
0 0.77596875 0.8111240234375 0.761267578125 0.8162373046875 0.7609482421875 0.85746484375 0.77405078125 0.856505859375 0.8881455078125 0.854908203125 0.8891044921875 0.8101650390625 0.77596875 0.8111240234375
0 1 0.8130341796875 0.9754970703125 0.81231640625 0.9593583984375 0.81590234375 0.9600751953125 0.852125 0.9780078125 0.8481806640625 1 0.847462890625 1 0.8130341796875
0 0.979357421875 0.7506396484375 0.9998447265625 0.752654296875 0.9998447265625 0.721755859375 0.9753271484375 0.7173896484375 0.95483984375 0.722427734375 0.95752734375 0.753662109375 0.979357421875 0.7506396484375
0 0.974072265625 0.6563828125 0.9985771484375 0.66192578125 0.999744140625 0.6254599609375 0.9743642578125 0.6199169921875 0.950150390625 0.6245849609375 0.950734375 0.6601748046875 0.974072265625 0.6563828125
0 1 0.5418984375 0.96560546875 0.5278818359375 0.9433056640625 0.52979296875 0.9439423828125 0.566748046875 0.9665615234375 0.5635625 1 0.5804462890625 1 0.5418984375
5 0 0.9527255859375 0.06363671875 0.9591357421875 0.0672998046875 0.8776435546875 0 0.8758115234375 0 0.9527255859375
5 0.21059765625 0.9875205078125 0.216091796875 0.877185546875 0.078287109375 0.8721494140625 0.080576171875 0.9756171875 0.21059765625 0.9875205078125
5 0.7583388671875 0.9824814453125 0.757859375 0.8783291015625 0.5941923828125 0.8821689453125 0.592751953125 0.9916005859375 0.7583388671875 0.9824814453125
5 0.8631845703125 0.9661611328125 0.863689453125 0.8808525390625 0.769798828125 0.884890625 0.77080859375 0.9807998046875 0.8631845703125 0.9661611328125
5 0.9484931640625 0.9525322265625 0.9495029296875 0.874794921875 0.8874140625 0.8798427734375 0.8874140625 0.96111328125 0.9484931640625 0.9525322265625
9 1 0.92490625 0.9982548828125 0.8719521484375 0.9631904296875 0.8755302734375 0.9635478515625 0.9320625 1 0.92490625
7 0.022490234375 1 0.0242197265625 0.94037890625 0.0256357421875 0.893146484375 0.0287802734375 0.8453359375 0.0278369140625 0.8429765625 0.0245341796875 0.8428193359375 0.0218603515625 0.8439208984375 0.0176142578125 0.8505263671875 0.00660546875 0.8517841796875 0.0031455078125 0.85319921875 0.0025166015625 0.8557158203125 0.0037744140625 0.87962109375 0.008177734375 0.8830810546875 0.0115703125 0.8869404296875 0.012302734375 0.8894306640625 0.019185546875 0.8916279296875 0.0177216796875 0.940837890625 0.0171357421875 1 0.022490234375 1
2 1 0.494125 0.9438271484375 0.454705078125 0.9433125 0.427216796875 0.94228515625 0.4207939453125 0.9167197265625 0.4035810546875 0.9123525390625 0.404095703125 0.8843505859375 0.41334375 0.88280859375 0.4079599609375 0.8848642578125 0.3892060546875 0.8843505859375 0.386123046875 0.848546875 0.3699384765625 0.844435546875 0.370708984375 0.805900390625 0.38458203125 0.796078125 0.3757724609375 0.795103515625 0.369271484375 0.8009541015625 0.3539931640625 0.7986787109375 0.351392578125 0.7414677734375 0.339365234375 0.7271357421875 0.34262890625 0.6869638671875 0.3295498046875 0.6289248046875 0.316470703125 0.5109873046875 0.3022236328125 0.402419921875 0.301755859375 0.3279150390625 0.306427734375 0.2430830078125 0.32119140625 0.1758232421875 0.3315458984375 0.1711533203125 0.3285009765625 0.165265625 0.3246435546875 0.15653515625 0.325861328125 0.1471962890625 0.329515625 0.1469609375 0.3325947265625 0.1469609375 0.340330078125 0.1406318359375 0.346658203125 0.117779296875 0.354041015625 0.1037158203125 0.350525390625 0.0973876953125 0.350876953125 0.0615263671875 0.3624794921875 0.0543671875 0.364119140625 0.0524794921875 0.36676171875 0.052857421875 0.373935546875 0.0241630859375 0.382619140625 0 0.3920576171875 0 0.978234375 0.0649384765625 0.9857861328125 0.1302548828125 0.9922041015625 0.17858203125 0.994091796875 0.271458984375 1 0.6260986328125 0.9993232421875 0.6684169921875 0.995212890625 0.7614267578125 0.9893037109375 0.8621318359375 0.9777431640625 0.99289453125 0.9546220703125 1 0.9517958984375 1 0.494125
6 1 0.9517578125 0.99345703125 0.95498046875 0.92744140625 0.9666015625 0.8620078125 0.9782265625 0.7876640625 0.9868203125 0.7615087890625 0.989830078125 0.669921875 0.9955078125 0.6272236328125 0.99951171875 0.619498046875 1 1 1 1 0.9517578125
6 0 1 0.2656025390625 0.99983984375 0.1986396484375 0.996296875 0.1276015625 0.99275390625 0.0010634765625 0.9792900390625 0 0.97858203125 0 1
7 0.829958984375 1 0.830521484375 0.9968349609375 0.832208984375 0.8991357421875 0.836146484375 0.894447265625 0.837271484375 0.889009765625 0.836736328125 0.8804384765625 0.837083984375 0.8749453125 0.836521484375 0.8603193359375 0.835021484375 0.857318359375 0.8383349609375 0.853791015625 0.8444638671875 0.8516591796875 0.8460849609375 0.8374736328125 0.8464599609375 0.8181591796875 0.8451474609375 0.799970703125 0.8209580078125 0.802783203125 0.8070810546875 0.804470703125 0.798080078125 0.8151591796875 0.798642578125 0.8179716796875 0.8050185546875 0.82341015625 0.798642578125 0.834458984375 0.8080185546875 0.8427099609375 0.8022060546875 0.8488984375 0.8050185546875 0.8522734375 0.8020185546875 0.8580869140625 0.8035185546875 0.8663369140625 0.8083935546875 0.8774013671875 0.8122421875 0.879736328125 0.8210419921875 0.8543447265625 0.8210419921875 0.873130859375 0.8176259765625 0.875265625 0.812076171875 0.8863671875 0.8112216796875 0.895546875 0.8129296875 0.9002431640625 0.816986328125 0.9008837890625 0.8234853515625 0.898998046875 0.8232802734375 0.99802734375 0.8228330078125 1 0.829958984375 1