2 1 0.191177734375 0.79607421875 0.136314453125 0.7950751953125 0.132279296875 0.5042587890625 0.073216796875 0.4927197265625 0.0755869140625 0.39765625 0.21003515625 0.209296875 0.5004326171875 0.2053544921875 0.6974697265625 0.202546875 0.7384208984375 0.4773662109375 0.6701220703125 1 0.680427734375 1 0.191177734375
9 0.6620849609375 0.29717578125 0.6630078125 0.18160546875 0.5103154296875 0.159333984375 0.5065986328125 0.272140625 0.6620849609375 0.29717578125
9 0.9679580078125 0.35059375 0.960615234375 0.24680078125 0.7019619140625 0.18941796875 0.7021796875 0.3029306640625 0.9679580078125 0.35059375
9 0.6687099609375 0.582357421875 0.665193359375 0.3900703125 0.502515625 0.3699228515625 0.4963349609375 0.5708623046875 0.6687099609375 0.582357421875
9 0.984197265625 0.5985498046875 0.9747568359375 0.4335205078125 0.71637109375 0.3978154296875 0.7141240234375 0.588 0.984197265625 0.5985498046875
9 0.4829873046875 0.271234375 0.4882255859375 0.1617392578125 0.4446650390625 0.214263671875 0.447421875 0.305787109375 0.4829873046875 0.271234375
9 0.4283095703125 0.5958720703125 0.471501953125 0.57607421875 0.4756806640625 0.373927734375 0.43293359375 0.4153486328125 0.4283095703125 0.5958720703125
9 0.3618193359375 0.4066044921875 0.4330908203125 0.327865234375 0.4280048828125 0.2349287109375 0.3599267578125 0.32480078125 0.3618193359375 0.4066044921875
9 0.416353515625 0.6016943359375 0.4184267578125 0.426423828125 0.3599892578125 0.4817939453125 0.35315234375 0.6332236328125 0.416353515625 0.6016943359375
9 0.305392578125 0.4715576171875 0.3515380859375 0.4180927734375 0.3501240234375 0.341875 0.3046044921875 0.3998759765625 0.305392578125 0.4715576171875
9 0.3380009765625 0.637744140625 0.340361328125 0.5013056640625 0.30356640625 0.5332998046875 0.299341796875 0.6580908203125 0.3380009765625 0.637744140625
9 0.2988544921875 0.479716796875 0.2962568359375 0.4152158203125 0.2753310546875 0.445134765625 0.2710185546875 0.5100517578125 0.2988544921875 0.479716796875
9 0.2878994140625 0.6609140625 0.29217578125 0.546671875 0.2660166015625 0.5672548828125 0.2628232421875 0.6730361328125 0.2878994140625 0.6609140625
9 0.2550751953125 0.6782236328125 0.2590947265625 0.5789208984375 0.2391064453125 0.59552734375 0.23680078125 0.6861123046875 0.2550751953125 0.6782236328125
9 0.263390625 0.5219501953125 0.265181640625 0.4606796875 0.2456201171875 0.4892666015625 0.240130859375 0.54690234375 0.263390625 0.5219501953125
9 0.20790234375 0.69844140625 0.229423828125 0.6884091796875 0.2296845703125 0.6067412109375 0.2095888671875 0.6216884765625 0.20790234375 0.69844140625
9 0.23315234375 0.55685546875 0.2349814453125 0.5058759765625 0.21584375 0.5297294921875 0.2158857421875 0.573478515625 0.23315234375 0.55685546875
5 0.20417578125 0.74526171875 0.2095234375 0.7457568359375 0.2103583984375 0.8463876953125 0.21599609375 0.8504970703125 0.254978515625 0.8526630859375 0.2542060546875 0.8658974609375 0.4740146484375 0.955708984375 0.9985595703125 0.9271494140625 0.9993154296875 0.6830078125 0.480390625 0.6715927734375 0.20433203125 0.739947265625 0.20417578125 0.74526171875
4 0 1 0.24130859375 0.99883203125 0.2347421875 0.9943720703125 0.2347421875 0.982583984375 0.2303369140625 0.9775615234375 0.232794921875 0.967396484375 0.226890625 0.9189609375 0.2142578125 0.8807802734375 0.197521484375 0.848517578125 0.1813046875 0.8367900390625 0.1640087890625 0.8134736328125 0.150673828125 0.808119140625 0.1466259765625 0.802544921875 0.040578125 0.797599609375 0.0128017578125 0.8158740234375 0.00001953125 0.8131015625 0 1
4 0.03749609375 0.78736328125 0.063123046875 0.7882158203125 0.06273046875 0.7611708984375 0.0377431640625 0.760416015625 0.03749609375 0.78736328125
2 0.144712890625 0.8011279296875 0.1514970703125 0.8062607421875 0.1633828125 0.811546875 0.1780166015625 0.82830078125 0.1955576171875 0.830287109375 0.19366796875 0.8018564453125 0.208515625 0.8011708984375 0.2083916015625 0.7481064453125 0.2036640625 0.7470595703125 0.2016787109375 0.74088671875 0.2048115234375 0.65926953125 0.205056640625 0.5531357421875 0.1438662109375 0.5572109375 0.14251171875 0.6308662109375 0.124458984375 0.6306103515625 0.1204296875 0.634685546875 0.117673828125 0.799556640625 0.144712890625 0.8011279296875
8 0.8684248046875 1 0.91937109375 0.99068359375 0.9732822265625 0.9855048828125 0.9998798828125 0.9771572265625 0.999044921875 0.8578291015625 0.9819345703125 0.859740234375 0.9546455078125 0.8600263671875 0.9369404296875 0.865576171875 0.9070283203125 0.8693984375 0.8827548828125 0.87513671875 0.8631904296875 0.8768193359375 0.8312255859375 0.881015625 0.7949716796875 0.8815517578125 0.748201171875 0.88534765625 0.7212783203125 0.88507421875 0.7122998046875 0.895521484375 0.7171162109375 0.9129951171875 0.7233525390625 0.929865234375 0.723125 0.946638671875 0.721994140625 0.9691591796875 0.703177734375 0.975837890625 0.6801044921875 0.9890732421875 0.6785712890625 0.9764833984375 0.680375 0.9578427734375 0.6805595703125 0.94523828125 0.685921875 0.9316474609375 0.681111328125 0.91461328125 0.6695546875 0.8969306640625 0.663091796875 0.8883154296875 0.635771484375 0.8872236328125 0.5983876953125 0.8888818359375 0.5659287109375 0.89153125 0.5522353515625 0.9021416015625 0.544638671875 0.9153232421875 0.545078125 0.93393359375 0.546615234375 0.959783203125 0.5464912109375 0.9782265625 0.5564521484375 0.998755859375 0.8684248046875 1
8 0.496630859375 0.830314453125 0.4989013671875 0.85571484375 0.4992568359375 0.8922421875 0.50703125 0.9021552734375 0.5191474609375 0.904001953125 0.530837890625 0.9100009765625 0.540203125 0.9053212890625 0.5440126953125 0.892771484375 0.5533232421875 0.8764150390625 0.556275390625 0.85922265625 0.549330078125 0.84234375 0.5407783203125 0.82578515625 0.5281484375 0.8180625 0.513044921875 0.8182431640625 0.504642578125 0.8249140625 0.49790234375 0.8310107421875 0.496630859375 0.830314453125
8 0 0.8104443359375 0.0078388671875 0.8125224609375 0.0169423828125 0.810955078125 0.0247763671875 0.8054345703125 0.0355341796875 0.7980458984375 0.0359638671875 0.7580693359375 0.0639091796875 0.7602578125 0.063501953125 0.741490234375 0.064107421875 0.7261220703125 0.0586318359375 0.7181162109375 0.0570576171875 0.7049755859375 0.0594775390625 0.692884765625 0.06691015625 0.684412109375 0.081697265625 0.6786298828125 0.0892626953125 0.6702099609375 0.0921513671875 0.6603203125 0.091447265625 0.650439453125 0.0871640625 0.6444189453125 0.0739541015625 0.643498046875 0.0652236328125 0.639646484375 0.06408203125 0.6259619140625 0.068953125 0.608845703125 0.09098046875 0.599068359375 0.1141767578125 0.5987421875 0.1300576171875 0.5992998046875 0.137943359375 0.584232421875 0.1390185546875 0.5625693359375 0.1469873046875 0.5519130859375 0.1572373046875 0.53861328125 0.1641806640625 0.5306640625 0.1740859375 0.5104755859375 0.178197265625 0.4935068359375 0.179005859375 0.4584853515625 0.160095703125 0.4522646484375 0.13803515625 0.455130859375 0.1169423828125 0.43831640625 0.0986796875 0.4347490234375 0.0812451171875 0.4015009765625 0.053755859375 0.3856513671875 0.0322705078125 0.389146484375 0.0229482421875 0.353177734375 0.0166650390625 0.2631220703125 0.009453125 0.2585810546875 0.0026435546875 0.26233984375 0 0.269970703125 0 0.6535771484375 0 0.8104443359375
6 0.2118427734375 0.8709599609375 0.219318359375 0.88774609375 0.228421875 0.918466796875 0.2350126953125 0.968068359375 0.2321904296875 0.97694140625 0.2358505859375 0.9820107421875 0.236611328125 0.9932578125 0.2427861328125 0.9996728515625 0.5541494140625 0.999908203125 0.5441904296875 0.977955078125 0.54527734375 0.9543193359375 0.47193359375 0.9576591796875 0.2525673828125 0.866486328125 0.25392578125 0.8532158203125 0.2159951171875 0.851830078125 0.2086728515625 0.846283203125 0.2091796875 0.8063720703125 0.2073271484375 0.8021572265625 0.1953681640625 0.8021572265625 0.196544921875 0.83137890625 0.1780029296875 0.8288857421875 0.181322265625 0.836349609375 0.1988798828125 0.8468798828125 0.2118427734375 0.8709599609375