9 0.001123046875 0.410638671875 0.03671875 0.3930947265625 0.0438291015625 0.34049609375 0.0006962890625 0.3639775390625 0.001123046875 0.410638671875
9 0.1060654296875 0.3591513671875 0.1131015625 0.3057353515625 0.0565791015625 0.3352177734375 0.0455791015625 0.388974609375 0.1060654296875 0.3591513671875
9 0.196345703125 0.3202666015625 0.2063056640625 0.256947265625 0.1279013671875 0.2977490234375 0.12108984375 0.3534775390625 0.196345703125 0.3202666015625
9 0.32181640625 0.2683134765625 0.3284013671875 0.20228125 0.2222578125 0.249541015625 0.212603515625 0.312931640625 0.32181640625 0.2683134765625
9 0.4068720703125 0.23395703125 0.4953623046875 0.263962890625 0.4996083984375 0.1907275390625 0.4154267578125 0.16133203125 0.34297265625 0.1880546875 0.3356572265625 0.2616650390625 0.4068720703125 0.23395703125
9 0.582240234375 0.2949111328125 0.586806640625 0.22905078125 0.5199755859375 0.2022724609375 0.5140146484375 0.2712587890625 0.582240234375 0.2949111328125
9 0.6391494140625 0.318904296875 0.6592197265625 0.318962890625 0.66298828125 0.26130078125 0.605580078125 0.23790625 0.601359375 0.3034443359375 0.6391494140625 0.318904296875
9 0 0.4906953125 0.0303603515625 0.482162109375 0.0334482421875 0.4282275390625 0 0.4412421875 0 0.4906953125
9 0.092966796875 0.462314453125 0.0988740234375 0.4040556640625 0.0435107421875 0.42382421875 0.0374140625 0.4803056640625 0.092966796875 0.462314453125
9 0.1839375 0.4324482421875 0.19017578125 0.36860546875 0.11590234375 0.3949365234375 0.107693359375 0.4561044921875 0.1839375 0.4324482421875
9 0.3010419921875 0.3986572265625 0.3094267578125 0.324345703125 0.207078125 0.360169921875 0.199244140625 0.430134765625 0.3010419921875 0.3986572265625
9 0.393431640625 0.372794921875 0.4868046875 0.3946103515625 0.49242578125 0.31765234375 0.4074208984375 0.2913037109375 0.3953740234375 0.2920439453125 0.332451171875 0.3143994140625 0.32215625 0.393984375 0.393431640625 0.372794921875
9 0.5764814453125 0.4231669921875 0.5796552734375 0.3502099609375 0.5085732421875 0.324353515625 0.5048798828125 0.40263671875 0.5764814453125 0.4231669921875
9 0.6373447265625 0.4358818359375 0.7855693359375 0.4285419921875 0.786951171875 0.3571826171875 0.6388798828125 0.36681640625 0.58987109375 0.3561806640625 0.5877060546875 0.4256083984375 0.6373447265625 0.4358818359375
9 0.9123134765625 0.4213115234375 0.9144736328125 0.346419921875 0.8167177734375 0.3524296875 0.8179326171875 0.4267587890625 0.9123134765625 0.4213115234375
9 0.917017578125 0.6022431640625 0.9177060546875 0.4819697265625 0.81825 0.4872724609375 0.8142275390625 0.6039794921875 0.917017578125 0.6022431640625
9 0.629615234375 0.60425390625 0.7831689453125 0.602841796875 0.782755859375 0.4843212890625 0.6308603515625 0.489732421875 0.588404296875 0.4842080078125 0.5845615234375 0.5997294921875 0.629615234375 0.60425390625
9 0.56323828125 0.593912109375 0.5707958984375 0.4754833984375 0.51008984375 0.4626103515625 0.51005859375 0.461990234375 0.5040966796875 0.5809091796875 0.56323828125 0.593912109375
9 0.379146484375 0.56534765625 0.4772802734375 0.5816005859375 0.483255859375 0.4598359375 0.392171875 0.43737890625 0.3158916015625 0.4528515625 0.3079267578125 0.576392578125 0.379146484375 0.56534765625
9 0.2900390625 0.5771875 0.29851953125 0.456970703125 0.1945322265625 0.4816982421875 0.1852236328125 0.585197265625 0.2900390625 0.5771875
9 0.168744140625 0.5880986328125 0.178951171875 0.4838037109375 0.1060087890625 0.50184765625 0.095712890625 0.5948427734375 0.168744140625 0.5880986328125
9 0.0787685546875 0.5981005859375 0.087791015625 0.506455078125 0.0355068359375 0.5176455078125 0.0264658203125 0.6022138671875 0.0787685546875 0.5981005859375
9 0 0.6045302734375 0.0147109375 0.6039541015625 0.0232939453125 0.5207919921875 0 0.5260546875 0 0.6045302734375
9 0.749908203125 0.31198828125 0.751216796875 0.3039775390625 0.6691396484375 0.26456640625 0.6667412109375 0.315103515625 0.749908203125 0.31198828125
9 0.92688671875 0.41936328125 0.945619140625 0.4378818359375 0.94482421875 0.3766259765625 0.926533203125 0.354384765625 0.92688671875 0.41936328125
9 0.9767802734375 0.479439453125 0.9768603515625 0.4211826171875 0.953646484375 0.3897431640625 0.95301171875 0.45346875 0.9767802734375 0.479439453125
9 1 0.4595 0.9842275390625 0.43648828125 0.9826123046875 0.4880263671875 1 0.5121689453125 1 0.4595
9 0.9466533203125 0.6095986328125 0.945599609375 0.497744140625 0.9278427734375 0.4850595703125 0.9275947265625 0.5995615234375 0.9466533203125 0.6095986328125
9 0.9537919921875 0.6155380859375 0.977625 0.6301396484375 0.9803076171875 0.535830078125 0.955078125 0.5077705078125 0.9537919921875 0.6155380859375
9 0.9956484375 0.554275390625 0.992994140625 0.636380859375 1 0.6398076171875 0.999611328125 0.558078125 0.9959462890625 0.55493359375 0.9956484375 0.554275390625
6 1 0.80869921875 0.9698330078125 0.80522265625 0.953599609375 0.8116513671875 0.9506708984375 0.8230361328125 0.9403447265625 0.8230869140625 0.93165625 0.8225224609375 0.8520791015625 0.8395302734375 0.751880859375 0.83619921875 0.4528046875 0.8292939453125 0.4078310546875 0.82794921875 0.3508671875 0.8081240234375 0.35255859375 0.86835546875 0.3363154296875 0.8785068359375 0 0.855568359375 0.0000859375 0.998658203125 1 1 1 0.80869921875
7 0.0004033203125 0.3858935546875 0.002615234375 0.387509765625 0.004181640625 0.3610390625 0.014017578125 0.3090302734375 0.0272880859375 0.3165556640625 0.040419921875 0.318615234375 0.0502861328125 0.3176650390625 0.0544091796875 0.3134482421875 0.056884765625 0.304947265625 0.05523828125 0.2959951171875 0.0518037109375 0.2906171875 0.041888671875 0.2860419921875 0.0280185546875 0.2859501953125 0.0136650390625 0.292908203125 0.0066279296875 0.30058984375 0 0.361869140625 0.0004033203125 0.3858935546875
2 0 0.63916015625 0.374748046875 0.62702734375 0.6226142578125 0.6528115234375 0.9265556640625 0.6547734375 1 0.6812158203125 0.9996572265625 0.4172451171875 0.9280673828125 0.294798828125 0.828775390625 0.2995810546875 0.823736328125 0.2920615234375 0.4218955078125 0.10941015625 0.100353515625 0.2740185546875 0.0000966796875 0.31744140625 0 0.63916015625
7 0.35419921875 0.806787109375 0.354083984375 0.7919931640625 0.3581650390625 0.7910517578125 0.359109375 0.7773955078125 0.3550517578125 0.77504296875 0.3605537109375 0.7699521484375 0.36398828125 0.76161328125 0.36303125 0.75083203125 0.359087890625 0.7417314453125 0.3607177734375 0.7326416015625 0.3629736328125 0.6389443359375 0.3305498046875 0.6355048828125 0.3286083984375 0.7384091796875 0.3379248046875 0.7407216796875 0.3320146484375 0.748697265625 0.3306220703125 0.7559345703125 0.331203125 0.7622080078125 0.336369140625 0.77084375 0.33280859375 0.7710751953125 0.331837890625 0.786529296875 0.325814453125 0.788958984375 0.325734375 0.8037431640625 0.35419921875 0.806787109375
4 0.85329296875 0.8383583984375 0.932517578125 0.820494140625 0.9399501953125 0.822265625 0.9377431640625 0.761216796875 0.8393505859375 0.759685546875 0.7650390625 0.7621142578125 0.75978515625 0.76619921875 0.7602421875 0.8348037109375 0.85329296875 0.8383583984375
7 0 0.866345703125 0.0567978515625 0.86951953125 0.0567685546875 0.889951171875 0.0979736328125 0.89546875 0.09972265625 0.867232421875 0.1417861328125 0.856015625 0.1544970703125 0.8515966796875 0.1532578125 0.9528701171875 0.16301953125 0.9530986328125 0.1650927734375 0.83791015625 0.1546474609375 0.8377255859375 0.097337890625 0.861826171875 0.055576171875 0.860419921875 0 0.8559453125 0 0.866345703125
3 0 0.8558359375 0.3361044921875 0.877830078125 0.349640625 0.8673408203125 0.3491318359375 0.80648828125 0 0.7495849609375 0 0.8558359375