5 1 0.8345791015625 0.9149599609375 0.841142578125 0.7661240234375 0.848322265625 0.5429150390625 0.855521484375 0.341380859375 0.8525849609375 0.3387744140625 0.902158203125 0.3696396484375 0.909224609375 0.4190986328125 0.914802734375 0.4243046875 0.9185205078125 0.4034794921875 0.9174052734375 0.4002939453125 0.9219482421875 0.3993154296875 0.955224609375 0.4286767578125 0.959138671875 0.425013671875 0.9640078125 0.3950517578125 0.963580078125 0.3958408203125 0.9998525390625 1 1 1 0.8345791015625
9 0.54655859375 0.83611328125 0.5514794921875 0.754357421875 0.430736328125 0.7619267578125 0.4231669921875 0.8376279296875 0.54655859375 0.83611328125
9 0.81934765625 0.754888671875 0.695873046875 0.7643427734375 0.6907158203125 0.8328125 0.81838671875 0.82493359375 0.81934765625 0.754888671875
9 0.824830078125 0.5584453125 0.6964677734375 0.5820322265625 0.6902138671875 0.6968115234375 0.822171875 0.6799501953125 0.824830078125 0.5584453125
9 0.56121875 0.652107421875 0.565630859375 0.577984375 0.445419921875 0.6008740234375 0.439814453125 0.669296875 0.56121875 0.652107421875
9 0.5735068359375 0.4817451171875 0.5778291015625 0.41358984375 0.4649677734375 0.4466142578125 0.4592001953125 0.51077734375 0.5735068359375 0.4817451171875
9 0.827720703125 0.4113349609375 0.8274404296875 0.383837890625 0.7129619140625 0.4147021484375 0.71269921875 0.44174609375 0.827720703125 0.4113349609375
9 0.58930078125 0.32549609375 0.593732421875 0.264828125 0.484416015625 0.30723046875 0.475462890625 0.362646484375 0.58930078125 0.32549609375
9 0.828583984375 0.3019462890625 0.8260595703125 0.2282265625 0.7119462890625 0.2666015625 0.71144140625 0.335271484375 0.828583984375 0.3019462890625
9 1 0.3425146484375 0.9805859375 0.3495732421875 0.982734375 0.4223125 1 0.4220048828125 1 0.3425146484375
9 0.999681640625 0.5256064453125 0.981646484375 0.5274462890625 0.9823828125 0.61983203125 1 0.618728515625 0.999681640625 0.5256064453125
9 1 0.7282353515625 0.9813515625 0.7298564453125 0.9845927734375 0.826111328125 1 0.825787109375 1 0.7282353515625
0 0.599041015625 0.8525068359375 0.8455205078125 0.8426435546875 0.8822783203125 0.8414296875 0.880931640625 0.8179326171875 0.8444765625 0.8083759765625 0.6106181640625 0.821486328125 0.6025673828125 0.8230341796875 0.6002041015625 0.8516142578125 0.599041015625 0.8525068359375
0 0.885607421875 0.6179306640625 0.844783203125 0.59891015625 0.6139228515625 0.636013671875 0.60870703125 0.706859375 0.6139580078125 0.7149375 0.8455546875 0.6890986328125 0.88282421875 0.7060732421875 0.885607421875 0.6179306640625
0 0.6585595703125 0.5265654296875 0.8471240234375 0.485552734375 0.8850712890625 0.5092998046875 0.8832666015625 0.429453125 0.8459169921875 0.4054462890625 0.625681640625 0.4606533203125 0.6209326171875 0.5342626953125 0.6585595703125 0.5265654296875
0 0.6347900390625 0.356630859375 0.6367041015625 0.3674765625 0.8523408203125 0.3055927734375 0.8689287109375 0.3164375 0.874669921875 0.327921875 0.8810498046875 0.3266455078125 0.8816884765625 0.25901953125 0.8434091796875 0.2335009765625 0.6398935546875 0.29666015625 0.6347900390625 0.356630859375
2 0.3775283203125 0.8508076171875 0.60029296875 0.85302734375 0.8833212890625 0.8416728515625 0.99969921875 0.8336630859375 0.9993623046875 0.0874716796875 0.6682705078125 0.206361328125 0.6394365234375 0.187138671875 0.445884765625 0.2677119140625 0.4345791015625 0.274947265625 0.4314140625 0.280826171875 0.444076171875 0.2889658203125 0.444474609375 0.297208984375 0.41970703125 0.3052412109375 0.4217158203125 0.3105966796875 0.439119140625 0.3219765625 0.3774794921875 0.8507998046875 0.3775283203125 0.8508076171875
7 0.2433212890625 1 0.2360009765625 0.8534189453125 0.2272158203125 0.853052734375 0.2191640625 0.848294921875 0.1649912109375 0.829263671875 0.1584033203125 0.83219140625 0.158037109375 0.826701171875 0.1540107421875 0.824505859375 0.1474423828125 0.82470703125 0.134611328125 1 0.211111328125 1 0.215869140625 0.9291787109375 0.224654296875 0.9302763671875 0.2279482421875 0.9302763671875 0.230876953125 1 0.2433212890625 1