2 0.99940234375 1 1 0.1236416015625 0.9084072265625 0.0291259765625 0.8871533203125 0.0055107421875 0.876919921875 0 0.4605869140625 0.061048828125 0.4436630859375 0.0604443359375 0.4194853515625 0.0592353515625 0.3995380859375 0.0580263671875 0.38503125 0.0550048828125 0.386240234375 0.0616533203125 0.386240234375 0.0676982421875 0.3741513671875 0.0616533203125 0.3717333984375 0.0689072265625 0.201884765625 0.0284091796875 0.190400390625 0.02055078125 0.1837509765625 0.0247822265625 0.1746845703125 0.0223642578125 0.170453125 0.035662109375 0.0507734375 0.0084619140625 0.0398935546875 0.0018134765625 0.031431640625 0 0.0211552734375 0.065884765625 0.001208984375 0.0622578125 0 1 0.99940234375 1
9 0.6379912109375 0.3462646484375 0.6400791015625 0.25644921875 0.5873974609375 0.2390439453125 0.538427734375 0.2241904296875 0.5272880859375 0.3142373046875 0.6379912109375 0.3462646484375
9 0.2795263671875 0.259859375 0.3418056640625 0.2746103515625 0.34380859375 0.25421484375 0.27369921875 0.2383720703125 0.270603515625 0.2556708984375 0.2795263671875 0.259859375
9 0.182955078125 0.281716796875 0.1902392578125 0.23994140625 0.124041015625 0.2238740234375 0.11504296875 0.263078125 0.182955078125 0.281716796875
9 0.0696240234375 0.4235478515625 0.063822265625 0.4463095703125 0.1490673828125 0.4655009765625 0.1593330078125 0.4001162109375 0.1265283203125 0.3909677734375 0.0787734375 0.3833798828125 0.0696240234375 0.4235478515625
9 0.3484912109375 0.50407421875 0.364677734375 0.3904423828125 0.2797841796875 0.37029296875 0.244439453125 0.364677734375 0.22528125 0.4753359375 0.3484912109375 0.50407421875
9 0.2087646484375 0.588966796875 0.1925791015625 0.7214267578125 0.3270205078125 0.7428984375 0.3402333984375 0.61440234375 0.2090947265625 0.5879765625 0.2087646484375 0.588966796875
9 0.1025908203125 0.6969453125 0.1204326171875 0.6094091796875 0.0328955078125 0.5865498046875 0.01449609375 0.6785458984375 0.1025908203125 0.6969453125
9 0.50329296875 0.5291474609375 0.63030859375 0.55425 0.6353291015625 0.4485703125 0.51584375 0.4202060546875 0.50329296875 0.5291474609375
9 0.4861171875 0.771259765625 0.62573828125 0.789744140625 0.6312451171875 0.6599560546875 0.5580908203125 0.6473701171875 0.4949482421875 0.636943359375 0.486259765625 0.7604775390625 0.4861171875 0.771259765625
9 0.2604130859375 0.985806640625 0.30759765625 0.9905849609375 0.314765625 0.86306640625 0.2666845703125 0.856197265625 0.2021787109375 0.8454462890625 0.1797802734375 0.8424599609375 0.1744052734375 0.973263671875 0.2604130859375 0.985806640625
9 0.7597255859375 0.80030078125 0.80030078125 0.802232421875 0.80030078125 0.713740234375 0.7597255859375 0.7091025390625 0.755861328125 0.794890625 0.7597255859375 0.80030078125
9 0.0874794921875 0.082115234375 0.112650390625 0.086654296875 0.1165703125 0.0596259765625 0.0963505859375 0.056119140625 0.0711796875 0.0534365234375 0.067259765625 0.0781953125 0.0874794921875 0.082115234375
8 1 0.6249453125 0.996833984375 0.62109765625 0.9801630859375 0.611693359375 0.972896484375 0.6082744140625 0.966484375 0.6104111328125 0.960927734375 0.6129755859375 0.9587900390625 0.594595703125 0.9502412109375 0.58134375 0.939126953125 0.58134375 0.939126953125 0.5890380859375 0.9446845703125 0.6078466796875 0.9553701171875 0.6279375 0.951951171875 0.6352041015625 0.9515234375 0.648455078125 0.945111328125 0.6561494140625 0.9344248046875 0.6437529296875 0.92459375 0.64204296875 0.921173828125 0.6373408203125 0.9156171875 0.621525390625 0.909205078125 0.6129755859375 0.902365234375 0.6142587890625 0.899373046875 0.620669921875 0.9040751953125 0.6322119140625 0.9136767578125 0.6452314453125 0.9208994140625 0.6560654296875 0.9273193359375 0.6656962890625 0.9289248046875 0.678134765625 0.92571484375 0.6889697265625 0.916083984375 0.69057421875 0.916083984375 0.698599609375 0.9084599609375 0.7010068359375 0.90685546875 0.68495703125 0.9012373046875 0.6737216796875 0.894416015625 0.67171484375 0.89361328125 0.676931640625 0.8976259765625 0.69057421875 0.90525 0.707427734375 0.9096640625 0.726287109375 0.8956201171875 0.7098349609375 0.8932119140625 0.69940234375 0.888798828125 0.6961923828125 0.882779296875 0.69659375 0.887193359375 0.7090322265625 0.87796484375 0.69940234375 0.856697265625 0.69498828125 0.833423828125 0.6937841796875 0.8149658203125 0.695791015625 0.8020458984375 0.6993271484375 0.7952626953125 0.7044951171875 0.785572265625 0.7196767578125 0.7829873046875 0.73356640625 0.7778193359375 0.7458408203125 0.777173828125 0.75876171875 0.7810498046875 0.7668369140625 0.7904169921875 0.769744140625 0.7950771484375 0.7834150390625 0.7909951171875 0.7845810546875 0.778458984375 0.7907041015625 0.780791015625 0.7947861328125 0.783123046875 0.8084892578125 0.7845810546875 0.8160693359375 0.7869140625 0.81840234375 0.8076142578125 0.8274404296875 0.8192763671875 0.8274404296875 0.8318134765625 0.82481640625 0.8402685546875 0.819859375 0.850181640625 0.8172353515625 0.86359375 0.816361328125 0.872048828125 0.8140283203125 0.8799248046875 0.8246806640625 0.87745703125 0.827908203125 0.8713818359375 0.8294267578125 0.8740400390625 0.83379296875 0.8795458984375 0.83948828125 0.886759765625 0.8467021484375 0.8804951171875 0.8493603515625 0.87366015625 0.8474619140625 0.8689140625 0.843095703125 0.8645478515625 0.83758984375 0.8609404296875 0.8370205078125 0.859232421875 0.8400576171875 0.8605615234375 0.8463232421875 0.8651171875 0.85277734375 0.87176171875 0.857333984375 0.87840625 0.85847265625 0.884861328125 0.8579033203125 0.892455078125 0.854486328125 0.89644140625 0.8510693359375 0.9055537109375 0.8493603515625 0.90937890625 0.8458388671875 0.9114287109375 0.850962890625 0.9138203125 0.8571123046875 0.911087890625 0.86069921875 0.9056220703125 0.86445703125 0.9045966796875 0.8714599609375 0.9056220703125 0.8801708984375 0.905451171875 0.8861494140625 0.9011806640625 0.8887119140625 0.8963984375 0.8880283203125 0.8905908203125 0.882904296875 0.885125 0.8808544921875 0.8823916015625 0.8815380859375 0.884783203125 0.8863203125 0.888541015625 0.8921279296875 0.89571484375 0.89503125 0.90323046875 0.89571484375 0.9090380859375 0.8929814453125 0.9148447265625 0.8883701171875 0.9251240234375 0.8947666015625 0.928845703125 0.8954521484375 0.9355048828125 0.8960400390625 0.9357001953125 0.9018173828125 0.9369736328125 0.906322265625 0.9434365234375 0.910533203125 0.9482353515625 0.916310546875 0.9520546875 0.92953125 0.95225 0.934623046875 0.9544052734375 0.94098828125 0.95636328125 0.9465703125 0.9572451171875 0.95910546875 0.958322265625 0.964099609375 0.962533203125 0.9698779296875 0.97173828125 0.983 0.9797685546875 0.994947265625 0.98125 1 1 1 1 0.6249453125
9 0.652048828125 1 0.6559189453125 0.903296875 0.5010888671875 0.8902763671875 0.4386318359375 0.8842509765625 0.433232421875 0.9992294921875 0.652048828125 1
9 0.9097568359375 1 0.9097568359375 0.896052734375 0.7324912109375 0.8889794921875 0.7289541015625 0.9999365234375 0.9097568359375 1
0 0.7665615234375 0.572935546875 0.82550390625 0.5747685546875 0.8682607421875 0.58209765625 0.9046201171875 0.5932509765625 0.9017666015625 0.5850068359375 0.8843271484375 0.5796162109375 0.8729130859375 0.577080078125 0.8573759765625 0.573275390625 0.84564453125 0.5710556640625 0.8307412109375 0.5682021484375 0.8148876953125 0.56693359375 0.794912109375 0.5647138671875 0.77588671875 0.562494140625 0.76288671875 0.56154296875 0.7603505859375 0.572640625 0.7665615234375 0.572935546875
0 0.753083984375 0.35515234375 0.7513017578125 0.3939208984375 0.955837890625 0.4491767578125 0.9580654296875 0.4108544921875 0.955392578125 0.3948125 0.9482626953125 0.38991015625 0.8475537109375 0.357826171875 0.76155078125 0.334654296875 0.7557578125 0.3506962890625 0.753083984375 0.35515234375
9 0.714462890625 0.1595947265625 0.71481640625 0.13659375 0.6376728515625 0.1107607421875 0.632365234375 0.13482421875 0.714462890625 0.1595947265625
9 0.7994736328125 0.18473046875 0.800703125 0.1610625 0.7478359375 0.138931640625 0.7441474609375 0.16598046875 0.7994736328125 0.18473046875
9 0.8354912109375 0.1858984375 0.8487060546875 0.189802734375 0.8475048828125 0.1756875 0.813568359375 0.1654765625 0.813568359375 0.184396484375 0.8354912109375 0.1858984375
9 0.8721611328125 0.1964033203125 0.8800078125 0.20125 0.901009765625 0.216251953125 0.903779296875 0.2185595703125 0.9017021484375 0.194326171875 0.860390625 0.1779404296875 0.860390625 0.1927109375 0.8721611328125 0.1964033203125
9 0 0.24117578125 0.0399072265625 0.2533212890625 0.051705078125 0.1846123046875 0 0.1696904296875 0 0.24117578125
9 0.76288671875 0.57232421875 0.771765625 0.57232421875 0.783814453125 0.57232421875 0.794912109375 0.5729580078125 0.80727734375 0.5729580078125 0.8069609375 0.5238115234375 0.767326171875 0.51525 0.76288671875 0.57232421875