2 1 0.00048828125 0.70166015625 0 0.6012705078125 0.207021484375 0.343775390625 0.8374619140625 0.3193359375 0.96533203125 0.31640625 0.99755859375 1 1 1 0.3749345703125 1 0.11962890625 0.9951171875 0.11767578125 1 0.11669921875 1 0.00048828125
8 0.4945341796875 0.9985927734375 0.4945390625 0.98680859375 0.4861708984375 0.9637607421875 0.447837890625 0.941900390625 0.4288505859375 0.929712890625 0.4119091796875 0.919865234375 0.383306640625 0.9091337890625 0.3533330078125 0.90934765625 0.3321279296875 0.9137138671875 0.3165458984375 0.9530234375 0.293814453125 0.9566767578125 0.2858056640625 0.9449560546875 0.26961328125 0.9258740234375 0.267595703125 0.8957548828125 0.249720703125 0.8701298828125 0.2356044921875 0.8650986328125 0.222357421875 0.8742412109375 0.1932783203125 0.899935546875 0.1729892578125 0.899365234375 0.150646484375 0.8907353515625 0.1330947265625 0.8962568359375 0.121330078125 0.9113037109375 0.1048369140625 0.932654296875 0.103455078125 0.9506787109375 0.1133505859375 0.97839453125 0.1292041015625 1 0.4945341796875 0.9985927734375
9 0.7226337890625 0.9099052734375 0.941650390625 0.76650390625 0.944041015625 0.5270625 0.740421875 0.733154296875 0.7226337890625 0.9099052734375
9 0.7537626953125 0.5853056640625 0.9383154296875 0.3785400390625 0.9343115234375 0.1795791015625 0.7682158203125 0.44857421875 0.7537626953125 0.5853056640625
9 0.775998046875 0.3267548828125 0.930533203125 0.0988681640625 0.92597265625 0.021126953125 0.7871162109375 0.241158203125 0.775998046875 0.3267548828125
9 0.7150263671875 0.163400390625 0.7598564453125 0.08166015625 0.7623837890625 0.0429326171875 0.7188359375 0.1188681640625 0.7150263671875 0.163400390625
9 0.706529296875 0.07521484375 0.6813310546875 0.1232626953125 0.676935546875 0.155197265625 0.702720703125 0.1030478515625 0.706529296875 0.07521484375
9 0.6880703125 0.189353515625 0.66375 0.2286123046875 0.6568837890625 0.272615234375 0.6851396484375 0.2230458984375 0.6880703125 0.189353515625
9 0.6900185546875 0.4620634765625 0.7273603515625 0.4069462890625 0.729849609375 0.346849609375 0.6888037109375 0.4109169921875 0.6900185546875 0.4620634765625
9 0.588763671875 0.3821123046875 0.5401005859375 0.474892578125 0.533501953125 0.52148828125 0.58340234375 0.42912109375 0.588763671875 0.3821123046875
9 0.4504912109375 0.8181826171875 0.4231923828125 0.8458427734375 0.416640625 0.89461328125 0.44466796875 0.860037109375 0.4504912109375 0.8181826171875