2 1 0.38926171875 0.9942490234375 0.3894970703125 0.926498046875 0.3673818359375 0.9256015625 0.3604609375 0.94099609375 0.350138671875 0.9406220703125 0.343849609375 0.888810546875 0.32808984375 0.8863369140625 0.3211611328125 0.8833310546875 0.3197734375 0.87915625 0.3230654296875 0.8754443359375 0.32921875 0.84294140625 0.354669921875 0.7822998046875 0.3369052734375 0.750646484375 0.3606845703125 0.6568447265625 0.3354677734375 0.649365234375 0.3317236328125 0.621294921875 0.3380078125 0.5779453125 0.3523037109375 0.52497265625 0.3354208984375 0.5205908203125 0.3389453125 0.51793359375 0.3458251953125 0.5091904296875 0.357560546875 0.4959970703125 0.35706640625 0.4912900390625 0.3590361328125 0.445845703125 0.42441796875 0.4459443359375 0.4461201171875 0.4159423828125 0.48746484375 0.36669921875 0.559740234375 0.3651494140625 0.56499609375 0.37148828125 0.5665166015625 0.3993369140625 0.5729697265625 0.3962900390625 0.613859375 0.3934482421875 0.6435126953125 0.3792451171875 0.9139599609375 0.3113447265625 0.9333896484375 0.3096669921875 0.938806640625 0.3013671875 0.944916015625 0.3007109375 0.99986328125 0.4143857421875 0.99932421875 0.414203125 0.98035546875 0.39946484375 0.9779267578125 0.3999541015625 0.968783203125 0.5081171875 0.951490234375 0.5676533203125 0.953716796875 0.6576142578125 0.958814453125 0.9169765625 0.9641005859375 0.9175234375 0.9718349609375 0.913892578125 0.98040625 1 0.976658203125 1 0.38926171875
9 0.8313642578125 0.4188359375 0.83015625 0.3826044921875 0.7999453125 0.3754990234375 0.8008642578125 0.4125654296875 0.8313642578125 0.4188359375
9 0.871330078125 0.4295888671875 0.8698671875 0.3947421875 0.840318359375 0.3862177734375 0.8418076171875 0.4225048828125 0.871330078125 0.4295888671875
9 0.9715927734375 0.5131650390625 0.964486328125 0.43779296875 0.926701171875 0.4273544921875 0.9327470703125 0.505142578125 0.9715927734375 0.5131650390625
9 0.9816630859375 0.625720703125 0.974162109375 0.5452705078125 0.9378134765625 0.53816015625 0.9421201171875 0.619755859375 0.9816630859375 0.625720703125
9 0.8429140625 0.5343662109375 0.857189453125 0.5376787109375 0.8556962890625 0.51204296875 0.8409462890625 0.50832421875 0.8429140625 0.5343662109375
9 0.98684375 0.742880859375 0.982708984375 0.66024609375 0.9438408203125 0.6544013671875 0.947720703125 0.7388515625 0.98684375 0.742880859375
9 0.84794140625 0.6487109375 0.8622109375 0.6503466796875 0.8613359375 0.621326171875 0.8462197265625 0.61908203125 0.84794140625 0.6487109375
9 0.8506181640625 0.76621875 0.8650009765625 0.767634765625 0.864193359375 0.7415908203125 0.849212890625 0.7401953125 0.8506181640625 0.76621875
9 0.9930302734375 0.866591796875 0.98991796875 0.7778984375 0.949837890625 0.774658203125 0.9529853515625 0.86515625 0.9930302734375 0.866591796875
9 0.99613671875 0.9665107421875 0.99418359375 0.9078388671875 0.9533349609375 0.90712890625 0.955201171875 0.9674208984375 0.99613671875 0.9665107421875
9 0.8533681640625 0.8908447265625 0.868236328125 0.8916484375 0.8683212890625 0.85828125 0.852810546875 0.8571953125 0.8533681640625 0.8908447265625
5 0.90057421875 1 0.9007255859375 0.9912216796875 0.901802734375 0.9850087890625 0.9120966796875 0.9807666015625 0.91644140625 0.971904296875 0.91621875 0.964623046875 0.74951171875 0.96157421875 0.5224248046875 0.9529150390625 0.507966796875 0.9524599609375 0.3998642578125 0.970171875 0.4004501953125 0.976982421875 0.4153662109375 0.979607421875 0.41521875 1 0.90057421875 1
4 1 0.9774091796875 0.9131640625 0.9814912109375 0.9025283203125 0.985744140625 0.901666015625 0.9915791015625 0.9015458984375 1 1 1 1 0.9774091796875
7 0.859267578125 1 0.859203125 0.9668662109375 0.8562783203125 0.9637685546875 0.8527958984375 0.9628154296875 0.8089375 0.9629150390625 0.8063544921875 0.964955078125 0.8046767578125 0.96829296875 0.8051162109375 1 0.859267578125 1
8 1 0.2177734375 0.9910810546875 0.21473046875 0.987119140625 0.2191337890625 0.98777734375 0.2297275390625 0.989529296875 0.235427734375 0.98074609375 0.2379208984375 0.97678125 0.2466669921875 0.9783740234375 0.265201171875 0.970884765625 0.2419208984375 0.9649072265625 0.236287109375 0.9590009765625 0.2373271484375 0.9610205078125 0.2534755859375 0.972162109375 0.2754169921875 0.9767412109375 0.281220703125 0.9750908203125 0.2899453125 0.9775146484375 0.2989375 0.9718642578125 0.3075146484375 0.9742333984375 0.3162578125 0.9603564453125 0.2992197265625 0.9558115234375 0.3003369140625 0.9571767578125 0.3093134765625 0.9648369140625 0.3236630859375 0.96823046875 0.3305859375 0.9626953125 0.34057421875 0.9671787109375 0.3458583984375 0.98731640625 0.3425751953125 0.9960810546875 0.3492333984375 0.99507421875 0.3633828125 0.9848154296875 0.35700390625 0.981755859375 0.3596787109375 0.9820654296875 0.3694794921875 0.9819248046875 0.3740869140625 0.9762529296875 0.376701171875 0.9769345703125 0.385263671875 0.9769814453125 0.395994140625 0.9678642578125 0.4031455078125 0.9632001953125 0.40859375 0.960478515625 0.414626953125 0.9626787109375 0.42061328125 0.9706728515625 0.4248193359375 0.99287109375 0.417330078125 1 0.404744140625 1 0.2177734375
7 0.1873779296875 1 0.1894287109375 0.9618486328125 0.1914443359375 0.9397294921875 0.2453515625 0.9450673828125 0.24637890625 0.9436494140625 0.2480498046875 0.901642578125 0.24535546875 0.8990234375 0.192306640625 0.8912275390625 0.1876376953125 0.8896240234375 0.1846337890625 0.8928466796875 0.181763671875 0.93511328125 0.177177734375 0.94219921875 0.17626171875 1 0.1873779296875 1
9 0.357345703125 0.76884765625 0.3582021484375 0.737732421875 0.333416015625 0.7354833984375 0.3316123046875 0.7660712890625 0.357345703125 0.76884765625
9 0.3542021484375 0.825552734375 0.35527734375 0.7940322265625 0.33046875 0.790888671875 0.3286318359375 0.8230205078125 0.3542021484375 0.825552734375
9 0.29707421875 0.81856640625 0.299291015625 0.779822265625 0.2689658203125 0.7767021484375 0.26718359375 0.815015625 0.29707421875 0.81856640625
9 0.3522861328125 0.8826640625 0.3532890625 0.84983984375 0.327240234375 0.8474072265625 0.325681640625 0.88004296875 0.3522861328125 0.8826640625
9 0.29312890625 0.8740693359375 0.29541796875 0.8366865234375 0.2662958984375 0.83421875 0.264654296875 0.870984375 0.29312890625 0.8740693359375
9 0.29123046875 0.9324228515625 0.2931689453125 0.8961484375 0.262916015625 0.8942392578125 0.2611064453125 0.9298359375 0.29123046875 0.9324228515625
9 0.3496904296875 0.935474609375 0.3502373046875 0.906908203125 0.3246572265625 0.9058515625 0.3240419921875 0.934775390625 0.3496904296875 0.935474609375
9 0.2883525390625 0.9887783203125 0.289203125 0.95697265625 0.2591005859375 0.9561103515625 0.258111328125 0.98735546875 0.2883525390625 0.9887783203125
0 0.8402451171875 0.541115234375 0.846900390625 0.5402607421875 0.8937724609375 0.5490595703125 0.8921328125 0.538681640625 0.8479013671875 0.53036328125 0.840369140625 0.532111328125 0.8402451171875 0.541115234375
0 0.85258984375 0.6625166015625 0.898982421875 0.669373046875 0.898978515625 0.6591533203125 0.8515419921875 0.6512265625 0.8440712890625 0.6510234375 0.8447841796875 0.6627607421875 0.85258984375 0.6625166015625
0 0.853361328125 0.7899208984375 0.90373828125 0.7938828125 0.90422265625 0.7825556640625 0.8578193359375 0.7780537109375 0.84703125 0.7786337890625 0.846947265625 0.7895732421875 0.853361328125 0.7899208984375
0 0.863341796875 0.92196875 0.9082255859375 0.9223251953125 0.908029296875 0.9103056640625 0.8584501953125 0.9098505859375 0.8493779296875 0.9102197265625 0.84980078125 0.921720703125 0.863341796875 0.92196875
0 0.3029462890625 0.944193359375 0.302076171875 0.9454541015625 0.3019208984375 0.9656865234375 0.3787666015625 0.9509638671875 0.3806826171875 0.9160087890625 0.37966796875 0.9151689453125 0.31207421875 0.933392578125 0.309837890625 0.9397548828125 0.3029462890625 0.944193359375
8 0 0.95841015625 0.009234375 0.9582666015625 0.0095341796875 0.93725390625 0.01170703125 0.9350146484375 0.023255859375 0.935150390625 0.030330078125 0.92948046875 0.0318876953125 0.9228251953125 0.037537109375 0.9190205078125 0.042443359375 0.9132763671875 0.04423828125 0.906416015625 0.0468720703125 0.9020361328125 0.0533662109375 0.903439453125 0.066787109375 0.911380859375 0.069123046875 0.9180146484375 0.0616533203125 0.9239599609375 0.05418359375 0.9283642578125 0.0509833984375 0.9317294921875 0.05016015625 0.9363994140625 0.0517939453125 0.94178515625 0.048662109375 0.9471298828125 0.044037109375 0.95028515625 0.04267578125 0.9533115234375 0.04609375 0.95962890625 0.0468330078125 0.9660966796875 0.0437421875 0.9689228515625 0.04301953125 0.971998046875 0.046666015625 0.975109375 0.054251953125 0.9766533203125 0.06221484375 0.9774453125 0.067533203125 0.9763525390625 0.0711982421875 0.9727041015625 0.0759189453125 0.9679765625 0.08416015625 0.967951171875 0.090685546875 0.9702880859375 0.0948896484375 0.9792353515625 0.0981279296875 0.983689453125 0.09846484375 0.987396484375 0.100267578125 0.99201171875 0.101318359375 0.999646484375 0.1086669921875 0.9998017578125 0.123123046875 1 0.125427734375 0.959986328125 0.1356298828125 0.9620498046875 0.1525859375 0.9677890625 0.1542724609375 0.9762666015625 0.153330078125 0.987181640625 0.1516650390625 0.9989814453125 0.300548828125 1 0.30241796875 0.9768154296875 0.305591796875 0.9454482421875 0.3062705078125 0.935369140625 0.2979248046875 0.9374794921875 0.287380859375 0.9395166015625 0.2756708984375 0.9358427734375 0.2616494140625 0.935615234375 0.250998046875 0.93490234375 0.251689453125 0.901998046875 0.2624248046875 0.8990390625 0.2825166015625 0.9019736328125 0.292064453125 0.895234375 0.2981796875 0.8896748046875 0.29844140625 0.881998046875 0.290734375 0.871296875 0.2853046875 0.8640654296875 0.283896484375 0.851912109375 0.292140625 0.8415390625 0.2966494140625 0.8326259765625 0.2957265625 0.823490234375 0.29044140625 0.8093232421875 0.28034765625 0.7958642578125 0.2787099609375 0.7838681640625 0.28295703125 0.7626142578125 0.286498046875 0.749513671875 0.284849609375 0.720197265625 0.2854296875 0.694984375 0.289029296875 0.6765 0.2890859375 0.656369140625 0.297634765625 0.6461220703125 0.2999609375 0.637259765625 0.29858984375 0.6091728515625 0.3025009765625 0.592908203125 0.3013935546875 0.5801689453125 0.2936884765625 0.5688984375 0.2940439453125 0.5576376953125 0.295388671875 0.53927734375 0.3003447265625 0.5318271484375 0.3021220703125 0.517791015625 0.30091796875 0.5070947265625 0.29259375 0.500212890625 0.2936669921875 0.4772138671875 0.298796875 0.455232421875 0.2941240234375 0.4359326171875 0.280091796875 0.41326171875 0.2710615234375 0.4076787109375 0.2470087890625 0.4187431640625 0.2365234375 0.4271220703125 0.224017578125 0.4433974609375 0.214515625 0.4590625 0.2150302734375 0.467962890625 0.2083828125 0.4821865234375 0.2049091796875 0.4980791015625 0.203734375 0.515169921875 0.20845703125 0.523134765625 0.20633984375 0.5433505859375 0.2075341796875 0.552416015625 0.2041591796875 0.5603154296875 0.20026953125 0.5753330078125 0.19535546875 0.578267578125 0.1934169921875 0.5863046875 0.1853193359375 0.59384375 0.1798974609375 0.6053037109375 0.173494140625 0.5980234375 0.1560009765625 0.59 0.1516865234375 0.5932158203125 0.1516953125 0.5987978515625 0.1565791015625 0.6091708984375 0.164423828125 0.6218388671875 0.1547939453125 0.6297158203125 0.1471318359375 0.6349775390625 0.1371923828125 0.637052734375 0.13411328125 0.641529296875 0.1333544921875 0.648859375 0.13534765625 0.66007421875 0.129158203125 0.67045703125 0.1260263671875 0.6788095703125 0.1246181640625 0.6878076171875 0.1176083984375 0.700193359375 0.1055390625 0.698599609375 0.1024580078125 0.7039501953125 0.1015615234375 0.7129365234375 0.109345703125 0.718619140625 0.1069560546875 0.7249482421875 0.1016689453125 0.7353349609375 0.0964443359375 0.7441474609375 0.0920205078125 0.7509150390625 0.09141015625 0.7619775390625 0.092232421875 0.7721640625 0.084130859375 0.771859375 0.078337890625 0.7736943359375 0.0775830078125 0.7785302734375 0.0805546875 0.79057421875 0.07127734375 0.7812822265625 0.064484375 0.777130859375 0.0634482421875 0.7819755859375 0.066796875 0.79229296875 0.061447265625 0.7923427734375 0.058447265625 0.8006103515625 0.061994140625 0.8105107421875 0.0578271484375 0.819837890625 0.0560771484375 0.8256513671875 0.0612109375 0.8344111328125 0.066513671875 0.8414580078125 0.0559765625 0.8451728515625 0.0522548828125 0.8528388671875 0.050806640625 0.86364453125 0.042982421875 0.866216796875 0.038015625 0.866154296875 0.0276064453125 0.85923828125 0.025345703125 0.840193359375 0.018390625 0.82800390625 0.0185234375 0.8160048828125 0.026953125 0.8049951171875 0.0286884765625 0.791265625 0.0269267578125 0.7816787109375 0.017640625 0.771521484375 0.0119609375 0.764193359375 0.00930078125 0.7574560546875 0.0049033203125 0.7580400390625 0 0.7627412109375 0 0.95841015625
9 0.01942578125 0.9538681640625 0.01951171875 0.942251953125 0.0121494140625 0.9414365234375 0.0119267578125 0.9531611328125 0.01942578125 0.9538681640625
9 0.037158203125 0.95703125 0.037580078125 0.9457392578125 0.0301201171875 0.9447275390625 0.0297373046875 0.9560927734375 0.037158203125 0.95703125
9 0.0556044921875 0.96016015625 0.0556416015625 0.9487470703125 0.0480361328125 0.948283203125 0.047779296875 0.95937890625 0.0556044921875 0.96016015625
9 0.061 0.97970703125 0.0611689453125 0.9681884765625 0.05328515625 0.9677666015625 0.05283984375 0.979119140625 0.061 0.97970703125
1 0.0768134765625 0.96853125 0.0722646484375 0.9724775390625 0.0694990234375 0.9774814453125 0.0679462890625 0.9786591796875 0.066677734375 0.980248046875 0.0668876953125 0.983240234375 0.0658388671875 0.985146484375 0.0653291015625 1 0.1005625 0.99996875 0.0998671875 0.9928818359375 0.0980732421875 0.9873271484375 0.0977333984375 0.9841083984375 0.09446484375 0.9793740234375 0.0908125 0.9709853515625 0.0871953125 0.9693271484375 0.0842470703125 0.9689970703125 0.081396484375 0.9684619140625 0.0768134765625 0.96853125
1 0.0002412109375 0.996740234375 0.0015283203125 0.996861328125 0.0032890625 0.9960283203125 0.0045078125 0.9942724609375 0.0054404296875 0.991203125 0.014232421875 0.9875673828125 0.0169853515625 0.9884765625 0.020103515625 0.9885263671875 0.0220595703125 0.986775390625 0.0226787109375 0.98180078125 0.0211943359375 0.9739609375 0.0171591796875 0.9657734375 0.01352734375 0.9602470703125 0.0096171875 0.95919140625 0 0.959521484375 0.0002412109375 0.996740234375
1 0.0170185546875 0.964845703125 0.0212744140625 0.972638671875 0.022208984375 0.9748935546875 0.03310546875 0.9756298828125 0.0343623046875 0.9783642578125 0.0358837890625 0.9787109375 0.03733984375 0.9784326171875 0.0378369140625 0.9769755859375 0.037640625 0.972283203125 0.0340068359375 0.9634365234375 0.0309306640625 0.9608330078125 0.0192138671875 0.9600615234375 0.017638671875 0.9617060546875 0.0170185546875 0.964845703125
2 0.0128681640625 0.9590830078125 0.0165126953125 0.96354296875 0.0182666015625 0.959970703125 0.01912890625 0.9594296875 0.030982421875 0.96026171875 0.0338984375 0.96201171875 0.035513671875 0.96562890625 0.03819140625 0.9722236328125 0.0389794921875 0.9784013671875 0.065193359375 0.981205078125 0.0756630859375 0.9673349609375 0.084337890625 0.9674794921875 0.0911015625 0.969568359375 0.095171875 0.9785224609375 0.098734375 0.983578125 0.0994794921875 0.9872158203125 0.10603515625 0.98728125 0.1069521484375 0.9471396484375 0.0117373046875 0.935115234375 0.010232421875 0.93657421875 0.0097900390625 0.9576630859375 0.0128681640625 0.9590830078125
2 0.30135546875 0.6990126953125 0.2971748046875 0.7056416015625 0.2999091796875 0.70871875 0.2904306640625 0.712125 0.2861572265625 0.7217294921875 0.2709736328125 0.723236328125 0.26587109375 0.7266494140625 0.252931640625 0.7463369140625 0.236873046875 0.9984921875 0.2994228515625 1 0.2996962890625 0.9862392578125 0.300546875 0.94473046875 0.308255859375 0.9393125 0.31073046875 0.932716796875 0.3781796875 0.9131015625 0.3909873046875 0.6784541015625 0.3251015625 0.7013388671875 0.30135546875 0.6990126953125
8 0.9721689453125 0.6479716796875 0.9679091796875 0.655107421875 0.973552734375 0.6689501953125 0.986896484375 0.6970400390625 0.9746650390625 0.7006337890625 0.9713369140625 0.7127021484375 0.9612294921875 0.7330712890625 0.9565126953125 0.7490302734375 0.957556640625 0.7639560546875 0.96633984375 0.78844140625 0.961880859375 0.8168154296875 0.9661298828125 0.8333408203125 0.97703515625 0.83571875 1 0.8392861328125 0.9976875 0.6731240234375 0.981884765625 0.6530458984375 0.9721689453125 0.6479716796875
9 0.40594140625 0.935470703125 0.4150380859375 0.93368359375 0.4161748046875 0.8737509765625 0.4075654296875 0.8768369140625 0.40594140625 0.935470703125
9 0.4696171875 0.9201875 0.481974609375 0.9165771484375 0.484357421875 0.8452568359375 0.47114453125 0.849658203125 0.4696171875 0.9201875
9 0.41069921875 0.8235234375 0.4186513671875 0.819013671875 0.4196005859375 0.7633544921875 0.4124794921875 0.7672705078125 0.41069921875 0.8235234375
9 0.475384765625 0.7871240234375 0.4855927734375 0.781546875 0.487927734375 0.7152578125 0.4772841796875 0.7213564453125 0.475384765625 0.7871240234375
9 0.4161875 0.713365234375 0.4236953125 0.706771484375 0.4263427734375 0.6561806640625 0.418216796875 0.6631494140625 0.4161875 0.713365234375
9 0.4795771484375 0.65904296875 0.4927783203125 0.6488369140625 0.49433203125 0.588427734375 0.4821630859375 0.598212890625 0.4795771484375 0.65904296875
9 0.48778515625 0.5334658203125 0.4996650390625 0.520166015625 0.500189453125 0.471626953125 0.4899169921875 0.4820751953125 0.48778515625 0.5334658203125
9 0.42356640625 0.6034345703125 0.4314375 0.5955634765625 0.43303125 0.5526142578125 0.4253544921875 0.560265625 0.42356640625 0.6034345703125
9 0.765744140625 0.9197783203125 0.808408203125 0.920546875 0.8075673828125 0.8476904296875 0.7672822265625 0.845029296875 0.765744140625 0.9197783203125
9 0.7651826171875 0.78437109375 0.8069541015625 0.787611328125 0.8061884765625 0.7171982421875 0.764822265625 0.7128388671875 0.7651826171875 0.78437109375
9 0.7634140625 0.6516279296875 0.803501953125 0.6584345703125 0.8015517578125 0.59143359375 0.762658203125 0.584771484375 0.7634140625 0.6516279296875
9 0.760091796875 0.52669140625 0.799640625 0.5344892578125 0.7965126953125 0.4731435546875 0.7595341796875 0.46449609375 0.760091796875 0.52669140625