9 0.204736328125 0.60849609375 0.33818359375 0.589865234375 0.337314453125 0.48162890625 0.204736328125 0.5090146484375 0.204736328125 0.60849609375
9 0.4819970703125 0.606958984375 0.476359375 0.505486328125 0.3899189453125 0.475419921875 0.391798828125 0.58816796875 0.4819970703125 0.606958984375
9 0 0.460353515625 0.047169921875 0.4466201171875 0.0463408203125 0.364107421875 0 0.38183203125 0 0.460353515625
9 0.33153125 0.3626865234375 0.3284833984375 0.2685439453125 0.2140224609375 0.306810546875 0.21368359375 0.39655078125 0.33153125 0.3626865234375
9 0.469421875 0.4016357421875 0.463984375 0.3193515625 0.3813369140625 0.267515625 0.38351171875 0.361400390625 0.469421875 0.4016357421875
9 0 0.2986982421875 0.05479296875 0.2752158203125 0.05510546875 0.2373310546875 0 0.2639443359375 0 0.2986982421875
9 0.325419921875 0.1649228515625 0.3230068359375 0.090103515625 0.2118271484375 0.1363681640625 0.211150390625 0.20810546875 0.325419921875 0.1649228515625
9 0.455455078125 0.215787109375 0.45417578125 0.1475537109375 0.37528125 0.0806005859375 0.378693359375 0.164185546875 0.455455078125 0.215787109375
9 0.6497890625 0.640470703125 0.646263671875 0.5807802734375 0.599669921875 0.5659208984375 0.6016845703125 0.640974609375 0.6497890625 0.640470703125
9 0.7270400390625 0.6570107421875 0.7250888671875 0.5950302734375 0.6878017578125 0.5799375 0.6909736328125 0.64751171875 0.7270400390625 0.6570107421875
9 0.8313515625 0.6849765625 0.8273798828125 0.6263505859375 0.806009765625 0.621244140625 0.8101708984375 0.683462890625 0.8313515625 0.6849765625
9 0.786638671875 0.672185546875 0.786033203125 0.6107197265625 0.7575712890625 0.602544921875 0.759388671875 0.6655244140625 0.786638671875 0.672185546875
9 0.6668466796875 0.759224609375 0.6681298828125 0.730998046875 0.6700546875 0.725224609375 0.6055830078125 0.7210546875 0.608791015625 0.75794140625 0.6668466796875 0.759224609375
9 0.741431640625 0.762568359375 0.7424580078125 0.7319921875 0.694232421875 0.7282978515625 0.6958740234375 0.76236328125 0.741431640625 0.762568359375
9 0.7935302734375 0.7668740234375 0.7941640625 0.73619921875 0.7643359375 0.7357763671875 0.76581640625 0.7647587890625 0.7935302734375 0.7668740234375
9 0.836482421875 0.766076171875 0.8360517578125 0.74540625 0.83928125 0.7438994140625 0.83928125 0.741099609375 0.812798828125 0.7404541015625 0.8132294921875 0.7656455078125 0.836482421875 0.766076171875
9 0.8735703125 0.767044921875 0.873416015625 0.74890625 0.8752607421875 0.7466005859375 0.8747998046875 0.7433720703125 0.8552783203125 0.7435263671875 0.8551240234375 0.7664296875 0.8735703125 0.767044921875
9 0.90788671875 0.7688759765625 0.907072265625 0.7512763671875 0.9103310546875 0.7501357421875 0.9103310546875 0.7462236328125 0.8891455078125 0.7460615234375 0.8894716796875 0.7687138671875 0.90788671875 0.7688759765625
3 0 0.9994892578125 0.5542509765625 0.9994892578125 0.580083984375 1 0.5790615234375 0.9674873046875 0.5855712890625 0.92801171875 0.5946923828125 0.9164580078125 0.6117177734375 0.889703125 0.6117177734375 0.8738935546875 0.6584423828125 0.855837890625 0.5757177734375 0.864107421875 0.5437724609375 0.8648017578125 0.52641015625 0.854384765625 0.224458984375 0.87024609375 0.001203125 0.8594140625 0 0.9994892578125
3 0.78675390625 0.843654296875 0.7960498046875 0.843654296875 0.838583984375 0.8450634765625 0.848724609375 0.8275986328125 0.7864716796875 0.8377392578125 0.78675390625 0.843654296875
7 0.78166796875 0.8424755859375 0.788533203125 0.84312890625 0.7683740234375 0.5424736328125 0.7677509765625 0.528140625 0.7805263671875 0.520662109375 0.7904970703125 0.522220703125 0.8010908203125 0.520662109375 0.806076171875 0.51879296875 0.810126953125 0.514119140625 0.808880859375 0.50539453125 0.8038955078125 0.50290234375 0.7886279296875 0.5050830078125 0.779591796875 0.5131845703125 0.756845703125 0.5184814453125 0.760134765625 0.532626953125 0.77194921875 0.687990234375 0.78166796875 0.8424755859375
9 0.6099931640625 0.45609765625 0.6375048828125 0.45609765625 0.6327763671875 0.4096708984375 0.5897880859375 0.3881767578125 0.594947265625 0.4591064453125 0.6099931640625 0.45609765625
9 0.7076796875 0.486107421875 0.70888671875 0.456419921875 0.6772685546875 0.440248046875 0.677509765625 0.475970703125 0.7076796875 0.486107421875
9 0.7666240234375 0.521404296875 0.7657265625 0.490888671875 0.748392578125 0.482095703125 0.7489599609375 0.5166240234375 0.7666240234375 0.521404296875
9 0.9024208984375 0.656490234375 0.8841279296875 0.6509013671875 0.8861611328125 0.6958701171875 0.90419921875 0.7001884765625 0.9024208984375 0.656490234375
9 0.894345703125 0.59760546875 0.89462109375 0.565154296875 0.8748203125 0.5525029296875 0.8761953125 0.58798046875 0.894345703125 0.59760546875
9 0.8852578125 0.497419921875 0.8843271484375 0.4748515625 0.8701357421875 0.46321875 0.8703681640625 0.485787109375 0.8852578125 0.497419921875
9 0.8070048828125 0.4337822265625 0.803701171875 0.408482421875 0.7849296875 0.3925673828125 0.7867666015625 0.43439453125 0.8070048828125 0.4337822265625
9 0.753953125 0.391556640625 0.754451171875 0.42420703125 0.764669921875 0.4291923828125 0.7591865234375 0.37037109375 0.733265625 0.3509306640625 0.7342626953125 0.374857421875 0.753953125 0.391556640625
9 0.6213740234375 0.289189453125 0.6208623046875 0.2666689453125 0.57326171875 0.230328125 0.5773564453125 0.2902138671875 0.6213740234375 0.289189453125
9 0.7058017578125 0.353205078125 0.7058017578125 0.3246083984375 0.66016796875 0.2896220703125 0.6632099609375 0.3243037109375 0.7058017578125 0.353205078125
9 0.30691796875 0.857779296875 0.30485546875 0.780728515625 0.2071318359375 0.7860390625 0.2101357421875 0.857779296875 0.30691796875 0.857779296875
9 0.49384375 0.712990234375 0.4181494140625 0.706275390625 0.4236435546875 0.832025390625 0.4987275390625 0.832025390625 0.49384375 0.712990234375
9 0 0.63716796875 0.0421455078125 0.6332861328125 0.0421455078125 0.5379052734375 0 0.5463798828125 0 0.63716796875
1 0.8617373046875 1 0.9012568359375 0.9918369140625 0.9120986328125 0.994634765625 0.9302841796875 0.99428515625 0.9407763671875 0.98309375 0.9488203125 0.9575634765625 0.950568359375 0.9369296875 0.9463720703125 0.9138466796875 0.9271455078125 0.8893974609375 0.912751953125 0.8845087890625 0.8733740234375 0.8540927734375 0.8514560546875 0.8462353515625 0.8394248046875 0.84578125 0.7869892578125 0.84373828125 0.780841796875 0.84326171875 0.776130859375 0.8403173828125 0.73746875 0.8430810546875 0.694861328125 0.8494267578125 0.6617734375 0.8566787109375 0.615146484375 0.8756796875 0.61369921875 0.89353125 0.587646484375 0.9297158203125 0.5808916015625 0.9678310546875 0.5818564453125 1 0.8617373046875 1
1 0.8563662109375 0.846818359375 0.87357421875 0.85233203125 0.8868505859375 0.86118359375 0.910748046875 0.8824248046875 0.9288916015625 0.88729296875 0.9488056640625 0.9120751953125 0.9514609375 0.9333173828125 0.951904296875 0.9532314453125 0.947478515625 0.96960546875 0.96341015625 0.970490234375 0.9766865234375 0.9669501953125 0.98465234375 0.96208203125 0.9881923828125 0.9448232421875 0.9996982421875 0.9350869140625 0.999857421875 0.7907841796875 0.9012119140625 0.796515625 0.8786298828125 0.7999365234375 0.8669970703125 0.8035859375 0.8551357421875 0.816587890625 0.8407431640625 0.8436357421875 0.8563662109375 0.846818359375
8 0 0.6490888671875 0.0077734375 0.6490888671875 0.0161953125 0.646498046875 0.029150390625 0.628359375 0.0505107421875 0.6103369140625 0.053119140625 0.5966181640625 0.039515625 0.606982421875 0.02720703125 0.6141083984375 0.005830078125 0.6160517578125 0.0129560546875 0.60892578125 0.021376953125 0.583662109375 0.0265595703125 0.5707060546875 0.0362763671875 0.5609892578125 0.0550625 0.5493291015625 0.0563583984375 0.536373046875 0.0446982421875 0.532486328125 0.0446982421875 0.5279521484375 0.041458984375 0.51499609375 0.0161953125 0.5201787109375 0.02008203125 0.516291015625 0.0304462890625 0.496857421875 0.037572265625 0.487140625 0.029150390625 0.47548046875 0.03498046875 0.4638203125 0.021376953125 0.4592861328125 0.0226728515625 0.446330078125 0.021376953125 0.4327265625 0.0103642578125 0.4210654296875 0 0.4132919921875 0 0.6490888671875
8 1 0.532958984375 0.9956689453125 0.5254111328125 0.9904443359375 0.53992578125 0.99160546875 0.5556005859375 0.979994140625 0.5643095703125 0.975349609375 0.5457314453125 0.98231640625 0.5137998046875 0.979994140625 0.49348046875 0.9718662109375 0.484771484375 0.9579326171875 0.481869140625 0.95270703125 0.48709375 0.9387734375 0.48709375 0.924259765625 0.49173828125 0.9277431640625 0.51031640625 0.9300654296875 0.5271533203125 0.922517578125 0.535861328125 0.9230986328125 0.5439892578125 0.927162109375 0.554439453125 0.947482421875 0.5718564453125 0.94341796875 0.57708203125 0.9352900390625 0.5765009765625 0.929484375 0.5706953125 0.9114873046875 0.5643095703125 0.901037109375 0.568373046875 0.905681640625 0.57533984375 0.9091650390625 0.588693359375 0.9016171875 0.5881123046875 0.885361328125 0.5788232421875 0.8749111328125 0.56779296875 0.8540107421875 0.556181640625 0.8377548828125 0.5521171875 0.8331103515625 0.5602451171875 0.8400771484375 0.56779296875 0.8516884765625 0.5765009765625 0.863880859375 0.584048828125 0.877814453125 0.591595703125 0.8836201171875 0.6061103515625 0.892978515625 0.63009765625 0.8946083984375 0.642732421875 0.900314453125 0.6545517578125 0.9056123046875 0.6671865234375 0.906427734375 0.679005859375 0.907494140625 0.6997255859375 0.9155537109375 0.7036064453125 0.9406298828125 0.7089794921875 0.9412265625 0.729279296875 0.9439130859375 0.7355478515625 0.922419921875 0.7355478515625 0.9101806640625 0.7370400390625 0.9104794921875 0.7427119140625 0.9101806640625 0.7540556640625 0.9107783203125 0.76868359375 0.8836123046875 0.766294921875 0.8042021484375 0.7652431640625 0.7580947265625 0.7630986328125 0.6166484375 0.7550517578125 0.5871865234375 0.7550517578125 0.535798828125 0.7550517578125 0.517984375 0.7509404296875 0.5317216796875 0.709138671875 0.535970703125 0.7059521484375 0.5460634765625 0.691078125 0.551375 0.6666435546875 0.55509375 0.641146484375 0.568373046875 0.6204296875 0.5848408203125 0.604494140625 0.6225830078125 0.564578125 0.6354736328125 0.5538369140625 0.64535546875 0.539658203125 0.64965234375 0.5271982421875 0.63891015625 0.5263388671875 0.6333251953125 0.534501953125 0.6187158203125 0.5469619140625 0.606255859375 0.5598525390625 0.605826171875 0.5529775390625 0.5972333984375 0.5508291015625 0.5852021484375 0.5654375 0.5890693359375 0.544814453125 0.5937958984375 0.534072265625 0.602388671875 0.50915234375 0.605396484375 0.49540234375 0.604107421875 0.4833720703125 0.5950849609375 0.4803642578125 0.5929365234375 0.4880986328125 0.5877802734375 0.50571484375 0.5856318359375 0.49626171875 0.57746875 0.4898173828125 0.5761796875 0.4812236328125 0.569734375 0.4786455078125 0.5667265625 0.4855205078125 0.5675859375 0.50141796875 0.5621572265625 0.4950869140625 0.55396484375 0.4950869140625 0.5544775390625 0.4751201171875 0.5467978515625 0.4648798828125 0.5406533203125 0.4720478515625 0.5370693359375 0.49355078125 0.5304140625 0.5022548828125 0.526318359375 0.512494140625 0.5176142578125 0.526318359375 0.5181259765625 0.510958984375 0.5140302734375 0.496623046875 0.5145419921875 0.488943359375 0.518638671875 0.4710244140625 0.519150390625 0.4572001953125 0.518638671875 0.4423525390625 0.510958984375 0.4423525390625 0.507375 0.4525927734375 0.50020703125 0.482287109375 0.4899677734375 0.519662109375 0.481263671875 0.54526171875 0.4720478515625 0.5278544921875 0.467935546875 0.49570703125 0.468458984375 0.4852275390625 0.4653154296875 0.4731748046875 0.457455078125 0.471603515625 0.4511669921875 0.484703125 0.4454033203125 0.486798828125 0.4438310546875 0.479462890625 0.455359375 0.4674111328125 0.45902734375 0.4564072265625 0.450119140625 0.4511669921875 0.435970703125 0.46688671875 0.4454033203125 0.453787109375 0.4333505859375 0.4454033203125 0.428634765625 0.4532626953125 0.4223466796875 0.4616474609375 0.4171064453125 0.4726513671875 0.41605859375 0.4705556640625 0.406626953125 0.4658388671875 0.4055791015625 0.4726513671875 0.3982431640625 0.4742236328125 0.396146484375 0.4695068359375 0.39405078125 0.4600751953125 0.3819990234375 0.45902734375 0.381474609375 0.4674111328125 0.37937890625 0.4773671875 0.374138671875 0.4962314453125 0.3683740234375 0.5093310546875 0.359466796875 0.50985546875 0.3552744140625 0.5061875 0.3500341796875 0.4904677734375 0.3516064453125 0.479462890625 0.3537021484375 0.46688671875 0.3479384765625 0.457455078125 0.3395546875 0.4585029296875 0.334837890625 0.4695068359375 0.3285498046875 0.461123046875 0.3170224609375 0.464791015625 0.316498046875 0.4784150390625 0.310734375 0.4815595703125 0.3013017578125 0.46636328125 0.2955380859375 0.47003125 0.294490234375 0.48051171875 0.295013671875 0.5014716796875 0.291345703125 0.511951171875 0.2967373046875 0.54235546875 0.284892578125 0.5467197265625 0.2761650390625 0.5548232421875 0.268060546875 0.565421875 0.261203125 0.5573173828125 0.249982421875 0.54547265625 0.2456181640625 0.5548232421875 0.2590625 0.5852080078125 0.2852412109375 0.604296875 0.3023623046875 0.6410947265625 0.341583984375 0.6838818359375 0.316625 0.6738974609375 0.3004736328125 0.6713291015625 0.2941572265625 0.6496728515625 0.279720703125 0.6424541015625 0.271599609375 0.6532822265625 0.265283203125 0.6641103515625 0.275208984375 0.6785478515625 0.33837109375 0.692984375 0.36544140625 0.714640625 0.3970224609375 0.7534404296875 0.36183203125 0.7480263671875 0.261673828125 0.7417099609375 0.1533955078125 0.7417099609375 0.080306640625 0.7408076171875 0.0360927734375 0.7399052734375 0 0.7353935546875 0 0.896765625 0.509841796875 0.8896484375 0.5435341796875 0.8861181640625 0.5441396484375 0.8982236328125 0.605271484375 0.8873291015625 0.6101142578125 0.870986328125 0.6464306640625 0.8570654296875 0.66163671875 0.853091796875 0.7354453125 0.8408291015625 0.7758046875 0.8379462890625 0.788296875 0.8350634765625 0.8487705078125 0.82669140625 0.864681640625 0.8013642578125 0.888708984375 0.7951953125 0.9799501953125 0.7896748046875 1 0.79108984375 1 0.532958984375
8 0.812767578125 0 0.8068857421875 0.0141142578125 0.8057099609375 0.0341103515625 0.813943359375 0.0446962890625 0.8374677734375 0.0505771484375 0.844525390625 0.0717490234375 0.8407158203125 0.1052041015625 0.8526083984375 0.1216708984375 0.846205078125 0.1326484375 0.8315673828125 0.1582626953125 0.8379716796875 0.172900390625 0.8645009765625 0.18479296875 0.889201171875 0.1838779296875 0.893775390625 0.1857080078125 0.9074970703125 0.2030888671875 0.902923828125 0.229619140625 0.89651953125 0.2506591796875 0.8956044921875 0.263466796875 0.89651953125 0.272615234375 0.9093271484375 0.296400390625 0.919390625 0.3064638671875 0.9349423828125 0.3183564453125 0.9523232421875 0.3211005859375 0.9998935546875 0.3476298828125 1 0 0.812767578125 0
0 0.59323046875 0.64930078125 0.6189228515625 0.6449345703125 0.6596376953125 0.6449345703125 0.704310546875 0.6545478515625 0.7758447265625 0.670947265625 0.778671875 0.670947265625 0.781216796875 0.662748046875 0.778955078125 0.6528515625 0.6864345703125 0.628716796875 0.6665947265625 0.621759765625 0.6377353515625 0.6163486328125 0.5949619140625 0.621244140625 0.58929296875 0.6194404296875 0.586458984375 0.6261396484375 0.5898056640625 0.64330859375 0.59323046875 0.64930078125
0 0.8216669921875 0.6892734375 0.8448359375 0.6884462890625 0.8646953125 0.69148046875 0.903861328125 0.701685546875 0.9071708984375 0.7008583984375 0.90772265625 0.692583984375 0.9027578125 0.68513671875 0.877107421875 0.679068359375 0.8492490234375 0.673 0.8062216796875 0.673 0.8029111328125 0.6774130859375 0.8029111328125 0.682654296875 0.80456640625 0.69148046875 0.8216669921875 0.6892734375
0 0.598275390625 0.461390625 0.636884765625 0.4633046875 0.65443359375 0.4687294921875 0.6911279296875 0.488193359375 0.7523916015625 0.5223349609375 0.7606875 0.5226533203125 0.7664306640625 0.5207392578125 0.76994140625 0.515953125 0.7696220703125 0.5105283203125 0.752072265625 0.4990419921875 0.706125 0.4741533203125 0.651880859375 0.4457548828125 0.6356083984375 0.4387353515625 0.6097626953125 0.438416015625 0.58168359375 0.441607421875 0.5820029296875 0.4661767578125 0.598275390625 0.461390625
0 0.569408203125 0.2997080078125 0.592908203125 0.29428515625 0.61170703125 0.2932001953125 0.6261689453125 0.2968154296875 0.6471376953125 0.3112763671875 0.703447265625 0.3564375 0.7514990234375 0.39262890625 0.7557568359375 0.376814453125 0.6760751953125 0.313470703125 0.648779296875 0.2927841796875 0.6214833984375 0.2726708984375 0.59217578125 0.2720966796875 0.568328125 0.2778427734375 0.569408203125 0.2997080078125
0 0.8092353515625 0.4480263671875 0.826265625 0.4515322265625 0.85555078125 0.476037109375 0.8946982421875 0.50801171875 0.9215927734375 0.531619140625 0.9239833984375 0.52474609375 0.9209951171875 0.5193671875 0.9171103515625 0.511 0.8970166015625 0.4960146484375 0.8693349609375 0.47207421875 0.8326767578125 0.439904296875 0.8202080078125 0.432173828125 0.7887861328125 0.433669921875 0.7793095703125 0.4359140625 0.7813046875 0.4506279296875 0.8092353515625 0.4480263671875
0 0.7931064453125 0.5675322265625 0.821880859375 0.5652197265625 0.83601171875 0.5665048828125 0.854509765625 0.5775517578125 0.8945888671875 0.5973349609375 0.9349248046875 0.6217421875 0.9354384765625 0.6178876953125 0.935953125 0.609923828125 0.9315849609375 0.605298828125 0.9035810546875 0.5880859375 0.85836328125 0.554171875 0.8316435546875 0.548263671875 0.805181640625 0.549291015625 0.7925927734375 0.5521171875 0.7931064453125 0.5670185546875 0.7931064453125 0.5675322265625
2 0.32212109375 0 0.27551953125 0.0025712890625 0.26826953125 0.0004453125 0.168431640625 0 0.1666630859375 0.0053046875 0.1741787109375 0.0123779296875 0.1733359375 0.053375 0.1580107421875 0.0591875 0.1062216796875 0.0327646484375 0.0576025390625 0.0623583984375 0.065529296875 0.0687001953125 0.0613017578125 0.10886328125 0 0.1442705078125 0 0.730966796875 0.0417294921875 0.7386171875 0.3011025390625 0.7419443359375 0.39330859375 0.7502841796875 0.6822509765625 0.7582333984375 0.71499609375 0.75855078125 0.7820771484375 0.7623662109375 0.9057431640625 0.766619140625 0.99890234375 0.766619140625 0.9991416015625 0.5523515625 0.9682099609375 0.5160185546875 0.9682099609375 0.50619921875 0.9510263671875 0.4899970703125 0.920234375 0.4761005859375 0.8895078125 0.4816875 0.8879560546875 0.47889453125 0.8888876953125 0.4742392578125 0.8929345703125 0.4684580078125 0.889099609375 0.46385546875 0.887505859375 0.4597685546875 0.8917119140625 0.4562099609375 0.9014189453125 0.454916015625 0.90368359375 0.4500625 0.849482421875 0.39308984375 0.8484619140625 0.3759365234375 0.85050390625 0.3751201171875 0.8518837890625 0.371552734375 0.8407724609375 0.36018359375 0.8252705078125 0.3632841796875 0.824236328125 0.3508818359375 0.82837109375 0.347005859375 0.813642578125 0.3335703125 0.79780859375 0.337755859375 0.7960830078125 0.32337890625 0.7987666015625 0.3228037109375 0.8004921875 0.3187783203125 0.78496484375 0.3042099609375 0.76598828125 0.3084267578125 0.76431640625 0.292259765625 0.7679267578125 0.291357421875 0.769009765625 0.2868447265625 0.752763671875 0.270236328125 0.7305595703125 0.2758330078125 0.728212890625 0.2554345703125 0.73200390625 0.253990234375 0.73266015625 0.2511435546875 0.7128330078125 0.23131640625 0.6878134765625 0.2369814453125 0.685453125 0.214322265625 0.6892294921875 0.2081845703125 0.6670419921875 0.1878857421875 0.6386201171875 0.1946123046875 0.6339248046875 0.1685244140625 0.64070703125 0.161220703125 0.6120107421875 0.1372197265625 0.585923828125 0.1471328125 0.57809765625 0.1424375 0.57548828125 0.115306640625 0.5807060546875 0.108001953125 0.548357421875 0.0782626953125 0.51653125 0.0897412109375 0.5062578125 0.0814716796875 0.5043740234375 0.051802734375 0.5086123046875 0.05133203125 0.510966796875 0.0442685546875 0.47187890625 0.0117734375 0.43655859375 0.02448828125 0.405005859375 0 0.32212109375 0
9 0.8009853515625 0.5656748046875 0.8225185546875 0.563541015625 0.8156728515625 0.50634375 0.8097421875 0.505787109375 0.8110390625 0.5154248046875 0.8056640625 0.52005859375 0.7975224609375 0.5237255859375 0.8009853515625 0.5656748046875
6 0.868849609375 0.9999873046875 1 0.9997294921875 0.9997294921875 0.9362177734375 0.9894443359375 0.9452177734375 0.985357421875 0.9639931640625 0.964591796875 0.971380859375 0.9466220703125 0.9703818359375 0.9424287109375 0.983560546875 0.9312470703125 0.995740234375 0.9118798828125 0.995939453125 0.90109765625 0.99334375 0.867953125 0.9995341796875 0.868849609375 0.9999873046875