2 1 0.0929072265625 0.8514833984375 0.1029599609375 0.847669921875 0.0977607421875 0.8213232421875 0.0991474609375 0.8171630859375 0.106080078125 0.60008203125 0.1196005859375 0.59475 0.1208212890625 0.5280126953125 0.13669921875 0.5285087890625 0.156794921875 0.4992333984375 0.1575400390625 0.49767578125 0.15505859375 0.4904814453125 0.1498486328125 0.4892412109375 0.136451171875 0.486263671875 0.134962890625 0.4827900390625 0.1369482421875 0.4798134765625 0.152330078125 0.4703857421875 0.153322265625 0.4693212890625 0.1603125 0.24627734375 0.1700712890625 0.2076884765625 0.1698935546875 0.1390712890625 0.0711865234375 0 0.0852490234375 0 1 0.693990234375 1 0.70905859375 0.9874365234375 0.8079580078125 0.9068876953125 0.90658984375 0.836451171875 0.917548828125 0.826587890625 0.9904267578125 0.778642578125 0.9907001953125 0.76768359375 1 0.765765625 1 0.0929072265625
9 0.8928271484375 0.59676953125 0.9908916015625 0.5980107421875 1 0.597390625 0.9995810546875 0.4536162109375 0.9880986328125 0.45516796875 0.976306640625 0.4623056640625 0.8915849609375 0.463857421875 0.8782412109375 0.45516796875 0.8382080078125 0.452064453125 0.8357255859375 0.45246484375 0.8441044921875 0.5955283203125 0.8928271484375 0.59676953125
9 0.751015625 0.8876044921875 0.80933203125 0.8782919921875 0.8053408203125 0.7112021484375 0.696025390625 0.710537109375 0.693365234375 0.88538671875 0.751015625 0.8876044921875
9 0.060576171875 0.8628623046875 0.086638671875 0.7600234375 0.0535322265625 0.760375 0.0288798828125 0.861453125 0.060576171875 0.8628623046875
9 0.0926259765625 0.7378349609375 0.101078125 0.7047294921875 0.06832421875 0.704376953125 0.05951953125 0.7364267578125 0.0926259765625 0.7378349609375
9 0.12537890625 0.5994248046875 0.1468623046875 0.5191259765625 0.1158701171875 0.5180693359375 0.0940341796875 0.5990732421875 0.12537890625 0.5994248046875
9 0.150736328125 0.4972900390625 0.1581328125 0.47228515625 0.1278447265625 0.473341796875 0.126435546875 0.473341796875 0.12080078125 0.4965859375 0.150736328125 0.4972900390625
9 0.3413515625 0.340845703125 0.3532353515625 0.2718173828125 0.2960908203125 0.272828125 0.2831953125 0.342869140625 0.3413515625 0.340845703125
9 0.496185546875 0.3366923828125 0.5070908203125 0.26680078125 0.4471123046875 0.2697744140625 0.4404208984375 0.3369404296875 0.496185546875 0.3366923828125
9 0 0.2211435546875 0.010498046875 0.2211435546875 0.0382685546875 0.1469775390625 0.031833984375 0.1429130859375 0.0233671875 0.14155859375 0.007111328125 0.1442685546875 0 0.1462998046875 0 0.2211435546875
4 0.354744140625 1 0.373212890625 0.894416015625 0.482826171875 0.8984931640625 0.4811474609375 0.914083984375 0.4957783203125 0.9066484375 0.497697265625 0.89657421875 0.5379921875 0.895375 0.538388671875 0.8927275390625 0.415126953125 0.873609375 0.219779296875 0.8885966796875 0.2250458984375 0.8914052734375 0.2039384765625 1 0.222080078125 1 0.242228515625 0.8921611328125 0.3542646484375 0.8950390625 0.33843359375 1 0.354744140625 1
8 0.6951689453125 1 0.70108203125 0.9929853515625 0.8145341796875 0.8998583984375 0.78903515625 0.8976416015625 0.7724052734375 0.8976416015625 0.764275390625 0.8939462890625 0.746537109375 0.89320703125 0.72916796875 0.9013369140625 0.714755859375 0.909466796875 0.6792783203125 0.9157490234375 0.6430625 0.9242490234375 0.615345703125 0.9360751953125 0.615345703125 0.9427265625 0.6057373046875 0.9327490234375 0.5913251953125 0.925357421875 0.5898466796875 0.9157490234375 0.634193359375 0.9028154296875 0.6314375 0.8980107421875 0.6064345703125 0.8961630859375 0.5905439453125 0.8994892578125 0.5728056640625 0.9031845703125 0.5572841796875 0.9017060546875 0.554697265625 0.895423828125 0.54767578125 0.8887724609375 0.5395458984375 0.8906201171875 0.516263671875 0.893576171875 0.4996337890625 0.8895107421875 0.490025390625 0.888033203125 0.482634765625 0.8928369140625 0.4763525390625 0.902076171875 0.4556572265625 0.903923828125 0.4379189453125 0.909466796875 0.4238759765625 0.9224013671875 0.40059375 0.930162109375 0.3813779296875 0.9427265625 0.3743564453125 0.95307421875 0.3688125 0.9700732421875 0.36461328125 0.981529296875 0.366091796875 0.9922470703125 0.371265625 1 0.6951689453125 1
1 1 0.765908203125 0.9931953125 0.768564453125 0.9924365234375 0.7706513671875 0.9918671875 0.7810859375 0.9184443359375 0.8273779296875 0.9089580078125 0.8368642578125 0.8792421875 0.85601953125 0.858751953125 0.8689208984375 0.8418837890625 0.882212890625 0.707998046875 0.9902109375 0.6978134765625 1 1 1 1 0.765908203125
0 0.295759765625 0.641240234375 0.294125 0.6505771484375 0.48951171875 0.65127734375 0.5119208984375 0.66575 0.5186904296875 0.599921875 0.520791015625 0.5945537109375 0.521724609375 0.57587890625 0.498615234375 0.5465546875 0.318392578125 0.5473037109375 0.3015947265625 0.6419404296875 0.295759765625 0.641240234375
0 0.6416943359375 0.6410546875 0.6404150390625 0.6589599609375 0.85559375 0.6608779296875 0.8552744140625 0.6439326171875 0.8453623046875 0.642013671875 0.8421650390625 0.556966796875 0.6496875 0.5556875 0.6480888671875 0.640095703125 0.6416943359375 0.6410546875
8 0.660158203125 0.62203515625 0.6644375 0.62203515625 0.6663828125 0.611919921875 0.6644375 0.582744140625 0.6873896484375 0.5842998046875 0.695947265625 0.58235546875 0.701783203125 0.5772978515625 0.700615234375 0.567572265625 0.709173828125 0.560181640625 0.7231787109375 0.560958984375 0.737572265625 0.560958984375 0.7815302734375 0.560958984375 0.7924228515625 0.5574580078125 0.7869765625 0.554345703125 0.77491796875 0.5524013671875 0.746908203125 0.5527900390625 0.7297919921875 0.5481220703125 0.7142314453125 0.5481220703125 0.7080068359375 0.553568359375 0.695947265625 0.551234375 0.671828125 0.551234375 0.6624921875 0.5531787109375 0.6566572265625 0.5551240234375 0.65315625 0.564849609375 0.6566572265625 0.58041015625 0.6593798828125 0.61619921875 0.660158203125 0.62203515625
3 0.69156640625 1 0.695234375 0.997208984375 0.7392470703125 0.9576787109375 0.7300537109375 0.9576318359375 0 0.95116796875 0 1 0.69156640625 1
9 0.3655712890625 0.85991796875 0.361359375 0.8731533203125 0.452515625 0.878267578125 0.4705673828125 0.717330078125 0.4645869140625 0.717341796875 0.3848251953125 0.717330078125 0.3655712890625 0.85991796875
9 0.1730478515625 0.8657294921875 0.2540703125 0.8734453125 0.27909765625 0.718412109375 0.2045068359375 0.7179462890625 0.1730478515625 0.8657294921875
9 0.2255537109375 0.5999384765625 0.298408203125 0.5991201171875 0.3194189453125 0.4796181640625 0.25216796875 0.4793642578125 0.2255537109375 0.5999384765625
9 0.792548828125 0.47 0.7085673828125 0.471083984375 0.707212890625 0.5699208984375 0.788755859375 0.569650390625 0.792548828125 0.47
9 0.43798828125 0.6092734375 0.4523857421875 0.477595703125 0.4168154296875 0.4780185546875 0.4019951171875 0.6063095703125 0.43798828125 0.6092734375
9 0.7095791015625 0.3629150390625 0.7899462890625 0.3602431640625 0.7858359375 0.25880078125 0.711634765625 0.260650390625 0.7095791015625 0.3629150390625
9 0.88227734375 0.3564775390625 0.964572265625 0.3530419921875 0.954607421875 0.2503125 0.876951171875 0.253232421875 0.88227734375 0.3564775390625
9 0.9119111328125 0.831453125 0.98903125 0.7794677734375 0.9922080078125 0.7679150390625 0.9994296875 0.7658935546875 1 0.7224873046875 0.905845703125 0.7207548828125 0.9119111328125 0.831453125