2 0.3974013671875 0 0.2119150390625 0.2096572265625 0.0751640625 0.361505859375 0.07288671875 0.3643828125 0.07096875 0.369107421875 0.071087890625 0.371025390625 0.0727666015625 0.371984375 0.073005859375 0.3749814453125 0.0740849609375 0.3774990234375 0.078154296875 0.3788955078125 0 0.6080419921875 0 1 0.999998046875 1 1 0.4326650390625 0.8887109375 0.3325634765625 0.8862724609375 0.330345703125 0.8784365234375 0.2965859375 0.8797158203125 0.295466796875 0.8813154296875 0.2906689453125 0.883234375 0.287630859375 0.8824345703125 0.2845927734375 0.806236328125 0.2078212890625 0.803197265625 0.207181640625 0.8008662109375 0.2081484375 0.77512109375 0.227337890625 0.773841796875 0.2265380859375 0.672244140625 0.130333984375 0.5284345703125 0 0.3974013671875 0
9 0.5116298828125 0.7410927734375 0.5080576171875 0.8535244140625 0.63523046875 0.879248046875 0.6304072265625 0.77599609375 0.5116298828125 0.7410927734375
9 0.671791015625 0.788912109375 0.6790625 0.8883271484375 0.7417880859375 0.9010537109375 0.7317880859375 0.8066943359375 0.671791015625 0.788912109375
9 0.80701953125 0.8324404296875 0.8182216796875 0.917322265625 0.8531220703125 0.924431640625 0.840626953125 0.8414892578125 0.80701953125 0.8324404296875
9 0.5179765625 0.5096533203125 0.5149248046875 0.585671875 0.6242353515625 0.6328359375 0.6225712890625 0.5604248046875 0.5179765625 0.5096533203125
9 0.6577646484375 0.579767578125 0.661376953125 0.6486259765625 0.7168466796875 0.67200390625 0.7098330078125 0.605908203125 0.6577646484375 0.579767578125
9 0.766375 0.6340869140625 0.7753271484375 0.69823828125 0.819783203125 0.7162939453125 0.8094658203125 0.655765625 0.766375 0.6340869140625
9 0.7449091796875 0.4808125 0.751048828125 0.5284970703125 0.791466796875 0.5516904296875 0.784474609375 0.5051328125 0.7449091796875 0.4808125
9 0.6451943359375 0.4173623046875 0.6480087890625 0.4677119140625 0.6971806640625 0.4948642578125 0.6928759765625 0.4485068359375 0.6451943359375 0.4173623046875
9 0.519369140625 0.3358291015625 0.51693359375 0.390080078125 0.6128359375 0.445005859375 0.610501953125 0.3966318359375 0.519369140625 0.3358291015625
9 0.5205654296875 0.196072265625 0.519943359375 0.236296875 0.6064580078125 0.2983291015625 0.60505859375 0.26006640625 0.5205654296875 0.196072265625
9 0.6355712890625 0.2843955078125 0.6367177734375 0.32130859375 0.683087890625 0.3537509765625 0.68128515625 0.316837890625 0.6355712890625 0.2843955078125
9 0.7283447265625 0.3550478515625 0.732703125 0.38950390625 0.769779296875 0.4160048828125 0.765525390625 0.3837841796875 0.7283447265625 0.3550478515625
9 0.7158544921875 0.246716796875 0.7158544921875 0.273470703125 0.7544677734375 0.3031171875 0.7511416015625 0.27578515625 0.7158544921875 0.246716796875
9 0.627625 0.170412109375 0.6281416015625 0.19973828125 0.669294921875 0.232572265625 0.667572265625 0.2070888671875 0.627625 0.170412109375
9 0.5232353515625 0.0801201171875 0.52346875 0.1102529296875 0.6010205078125 0.1758916015625 0.6019541015625 0.1473935546875 0.5232353515625 0.0801201171875
9 0.94098046875 0.4370068359375 0.948626953125 0.462912109375 0.9939658203125 0.49912890625 0.9868564453125 0.472837890625 0.94098046875 0.4370068359375
9 1 0.5559765625 0.969572265625 0.5342607421875 0.976794921875 0.563287109375 1 0.5817392578125 1 0.5559765625
9 0.225654296875 0.661501953125 0.2393232421875 0.5897939453125 0.209072265625 0.6099619140625 0.194955078125 0.679876953125 0.225654296875 0.661501953125
9 0.2601640625 0.466763671875 0.270248046875 0.4194814453125 0.2426845703125 0.4436826171875 0.2326015625 0.4898515625 0.2601640625 0.466763671875
9 0.2883984375 0.31775390625 0.2971376953125 0.2814521484375 0.27248828125 0.3040849609375 0.26755859375 0.3363525390625 0.2883984375 0.31775390625
9 0.31416796875 0.1945068359375 0.3179775390625 0.16783984375 0.294224609375 0.192490234375 0.29019140625 0.21669140625 0.31416796875 0.1945068359375
9 0.2357021484375 0.2747236328125 0.2406708984375 0.2510927734375 0.2121923828125 0.280783203125 0.2087998046875 0.3005361328125 0.2357021484375 0.2747236328125
9 0.2069609375 0.396498046875 0.21354296875 0.3647744140625 0.18376171875 0.39207421875 0.1757763671875 0.4233095703125 0.2069609375 0.396498046875
9 0.149609375 0.5245458984375 0.14990234375 0.55390625 0.171484375 0.54306640625 0.18203125 0.4951171875 0.149609375 0.5245458984375
9 0.1757255859375 0.8246201171875 0.1692763671875 0.914900390625 0.1745166015625 0.914900390625 0.19466796875 0.817365234375 0.1757255859375 0.8246201171875
8 0.1640673828125 1 0.1698046875 0.98899609375 0.1766884765625 0.9746552734375 0.1743935546875 0.9677705078125 0.1698046875 0.9597392578125 0.1709521484375 0.9505615234375 0.16521484375 0.943103515625 0.1646416015625 0.930482421875 0.1743935546875 0.9235986328125 0.1743935546875 0.914419921875 0.1807041015625 0.8937685546875 0.18127734375 0.886310546875 0.178298828125 0.8731826171875 0.185708984375 0.859232421875 0.183529296875 0.8496416015625 0.180478515625 0.8470263671875 0.1778623046875 0.83136328125 0.1774267578125 0.8195927734375 0.1800419921875 0.8043349609375 0.178298828125 0.79648828125 0.173939453125 0.7895126953125 0.1778623046875 0.78558984375 0.1839658203125 0.7821015625 0.185708984375 0.770767578125 0.184837890625 0.7633564453125 0.1861455078125 0.744611328125 0.1819296875 0.741494140625 0.1834609375 0.73805078125 0.1840341796875 0.7319287109375 0.179826171875 0.7259990234375 0.1847998046875 0.720068359375 0.186521484375 0.7083984375 0.1844169921875 0.697876953125 0.1803994140625 0.6927119140625 0.178869140625 0.6883115234375 0.1817392578125 0.67989453125 0.1853740234375 0.676259765625 0.1876689453125 0.6710009765625 0.185947265625 0.662201171875 0.179634765625 0.6501484375 0.1826953125 0.6386708984375 0.1817392578125 0.6340791015625 0.179060546875 0.6296787109375 0.178486328125 0.6201142578125 0.1775302734375 0.612771484375 0.1777216796875 0.604544921875 0.1731298828125 0.5967021484375 0.17466015625 0.5894326171875 0.172173828125 0.587328125 0.171982421875 0.5817802734375 0.171791015625 0.5783369140625 0.1696865234375 0.5701103515625 0.16834765625 0.5614609375 0.1666259765625 0.55457421875 0.164521484375 0.5486435546875 0.164904296875 0.5385048828125 0.1620341796875 0.537166015625 0.156869140625 0.5411826171875 0.15342578125 0.5383134765625 0.1478779296875 0.5346787109375 0.1406083984375 0.5314267578125 0.13926953125 0.5239658203125 0.1415654296875 0.51803515625 0.1404169921875 0.504728515625 0.1371650390625 0.5022412109375 0.13066015625 0.4980322265625 0.127025390625 0.49420703125 0.123390625 0.4907626953125 0.1187998046875 0.490189453125 0.112677734375 0.4919111328125 0.10942578125 0.5020498046875 0.10196484375 0.5085546875 0.1011533203125 0.5142939453125 0.1013447265625 0.52175390625 0.098857421875 0.5297890625 0.0894833984375 0.5422236328125 0.0869970703125 0.5462412109375 0.0734140625 0.555423828125 0.0718837890625 0.5638447265625 0.06614453125 0.5749404296875 0.0565791015625 0.591201171875 0.054857421875 0.597513671875 0.0514140625 0.60172265625 0.047396484375 0.6095703125 0.0460576171875 0.616265625 0.0428056640625 0.6258310546875 0.0372578125 0.6308046875 0.0313271484375 0.6336748046875 0.0276923828125 0.6292744140625 0.0232919921875 0.6265966796875 0.0231005859375 0.620666015625 0.0209970703125 0.6116748046875 0.0135361328125 0.6038310546875 0.00760546875 0.6011533203125 0.0018662109375 0.605552734375 0 0.6116748046875 0 1 0.1640673828125 1
9 0.944552734375 0.9988017578125 0.9275029296875 0.9175830078125 0.909212890625 0.9219228515625 0.9240927734375 1 0.944552734375 0.9988017578125
9 0.92254296875 0.8859228515625 0.88875390625 0.7234052734375 0.87232421875 0.728365234375 0.9020830078125 0.8908828125 0.92254296875 0.8859228515625
9 0.88193359375 0.699966796875 0.854654296875 0.5657392578125 0.8407041015625 0.571939453125 0.865814453125 0.7049267578125 0.88193359375 0.699966796875
9 0.8509345703125 0.5452802734375 0.8279951171875 0.4355419921875 0.8159052734375 0.4429814453125 0.835744140625 0.55241015625 0.8509345703125 0.5452802734375
9 0.825205078125 0.4173955078125 0.800095703125 0.290607421875 0.788005859375 0.2980478515625 0.8115654296875 0.4253125 0.825205078125 0.4173955078125