2 0.151333984375 0 0.158169921875 0.093693359375 0.10357421875 0.079630859375 0.08404296875 0.075626953125 0.07681640625 0.076017578125 0.07515625 0.078361328125 0.07505859375 0.08378125 0.0882421875 0.15673046875 0.10396484375 0.23473828125 0.11509765625 0.2907294921875 0.123203125 0.3340888671875 0.1230078125 0.338908203125 0.10286328125 0.4472060546875 0.0818251953125 0.55390625 0.0560439453125 0.53916015625 0.04921875 0.54609375 0.0349609375 0.53798828125 0.0388671875 0.51259765625 0.03076171875 0.5072265625 0.0203125 0.5072265625 0.0169921875 0.52890625 0 0.5173828125 0 1 0.860357421875 1 0.863705078125 0.99575390625 1 0.985337890625 1 0.203822265625 0.9717890625 0.1944384765625 0.9701796875 0.1833017578125 0.9724072265625 0.178970703125 0.971912109375 0.175134765625 0.9466689453125 0.1677099609375 0.943328125 0.168453125 0.9311552734375 0.1825595703125 0.925958984375 0.18181640625 0.9244736328125 0.163998046875 0.9196474609375 0.159791015625 0.9156884765625 0.159048828125 0.9088828125 0.1625126953125 0.8991064453125 0.174763671875 0.81879296875 0.1534384765625 0.799984375 0.1509638671875 0.7992421875 0.1373525390625 0.7928076171875 0.1369814453125 0.7928076171875 0.1503447265625 0.7911123046875 0.14679296875 0.36055078125 0.0339765625 0.2368720703125 0 0.151333984375 0
9 0.3423896484375 0.432681640625 0.3503564453125 0.3418994140625 0.2558916015625 0.3261552734375 0.242423828125 0.41997265625 0.3423896484375 0.432681640625
9 0.220939453125 0.41875 0.2333369140625 0.3294423828125 0.21316796875 0.3356650390625 0.19966015625 0.4241162109375 0.220939453125 0.41875
9 0.368205078125 0.35101953125 0.359279296875 0.4378818359375 0.3780244140625 0.446361328125 0.38449609375 0.3632958984375 0.368205078125 0.35101953125
9 0.3822646484375 0.195880859375 0.3762392578125 0.2677861328125 0.3914140625 0.280505859375 0.3965458984375 0.2101630859375 0.3822646484375 0.195880859375
9 0.2782958984375 0.1655322265625 0.26624609375 0.24564453125 0.3597255859375 0.2626044921875 0.3648583984375 0.1847236328125 0.2782958984375 0.1655322265625
9 0.2468310546875 0.24363671875 0.25754296875 0.169326171875 0.2381279296875 0.176689453125 0.2267470703125 0.2503310546875 0.2468310546875 0.24363671875
9 0.599537109375 0.2750263671875 0.6000576171875 0.3088837890625 0.6128193359375 0.30992578125 0.612298828125 0.2765888671875 0.599537109375 0.2750263671875
9 0.5998505859375 0.578578125 0.5996748046875 0.6251669921875 0.6165517578125 0.6248154296875 0.6160244140625 0.5796328125 0.5998505859375 0.578578125
9 0.6850478515625 0.5767275390625 0.6871513671875 0.664435546875 0.7466748046875 0.667169921875 0.741626953125 0.581775390625 0.6850478515625 0.5767275390625
9 0.6789482421875 0.4196103515625 0.6810517578125 0.4946982421875 0.737 0.50248046875 0.7334248046875 0.4278134765625 0.6789482421875 0.4196103515625
9 0.673900390625 0.2795302734375 0.6755830078125 0.3472568359375 0.7290078125 0.3558798828125 0.7258525390625 0.2915185546875 0.673900390625 0.2795302734375
9 0.670947265625 0.1611171875 0.6710693359375 0.2123076171875 0.7218984375 0.221169921875 0.72125390625 0.17428125 0.670947265625 0.1611171875
9 0.60038671875 0.4215732421875 0.60038671875 0.4559150390625 0.613708984375 0.4568037109375 0.6119326171875 0.4227578125 0.60038671875 0.4215732421875
9 0.6231826171875 0.1465439453125 0.623478515625 0.18058984375 0.6421298828125 0.182662109375 0.641833984375 0.15128125 0.6231826171875 0.1465439453125
9 0.34606640625 0.912505859375 0.3587177734375 0.77285546875 0.1309990234375 0.7680400390625 0.1052890625 0.9157705078125 0.34606640625 0.912505859375
9 0.2290107421875 0.512267578125 0.2111064453125 0.625302734375 0.3225390625 0.63278515625 0.332158203125 0.522154296875 0.2290107421875 0.512267578125
9 0.3511318359375 0.5285673828125 0.342580078125 0.6351904296875 0.360216796875 0.640267578125 0.3695703125 0.53872265625 0.3511318359375 0.5285673828125
9 0.1891435546875 0.6256064453125 0.2051630859375 0.5151552734375 0.1838037109375 0.51965234375 0.16637890625 0.628697265625 0.1891435546875 0.6256064453125
8 0.075994140625 0.9690087890625 0.0771806640625 0.971646484375 0.0800830078125 0.9729658203125 0.083908203125 0.9720419921875 0.09287890625 0.9675576171875 0.1064658203125 0.9678212890625 0.1143798828125 0.9701953125 0.1255927734375 0.9658701171875 0.1292861328125 0.9609892578125 0.1307373046875 0.9559765625 0.129681640625 0.951623046875 0.126912109375 0.9487216796875 0.1287587890625 0.944236328125 0.1287587890625 0.9397509765625 0.1266484375 0.93711328125 0.123482421875 0.9352666015625 0.1238779296875 0.9326279296875 0.1341669921875 0.923125 0.1369375 0.92022265625 0.136673828125 0.916265625 0.1316611328125 0.9112529296875 0.128890625 0.9078232421875 0.1312646484375 0.901623046875 0.1320439453125 0.8958193359375 0.1294052734375 0.8914658203125 0.12584375 0.8912021484375 0.1208310546875 0.894236328125 0.1163466796875 0.8967431640625 0.1125205078125 0.89621484375 0.108958984375 0.8960830078125 0.108431640625 0.89278515625 0.105001953125 0.890279296875 0.10130859375 0.8910703125 0.1005166015625 0.89278515625 0.096427734375 0.897138671875 0.0899638671875 0.8987275390625 0.08864453125 0.9007060546875 0.08864453125 0.9041357421875 0.09101953125 0.90690625 0.090095703125 0.9127099609375 0.091810546875 0.91772265625 0.0885126953125 0.9144248046875 0.0846875 0.907830078125 0.0784873046875 0.9041357421875 0.075453125 0.9050595703125 0.0730791015625 0.90809375 0.0713642578125 0.9127099609375 0.0718916015625 0.9182509765625 0.07149609375 0.9231318359375 0.06978125 0.9218125 0.06687890625 0.91666796875 0.0642412109375 0.910072265625 0.0616025390625 0.909544921875 0.0590966796875 0.91086328125 0.0567216796875 0.914029296875 0.0539521484375 0.917458984375 0.0542158203125 0.9228671875 0.054875 0.92576953125 0.0532919921875 0.9319697265625 0.05210546875 0.938552734375 0.043134765625 0.94330078125 0.0412880859375 0.9472587890625 0.042080078125 0.95477734375 0.0427392578125 0.9587353515625 0.0461689453125 0.960845703125 0.0522373046875 0.95820703125 0.055271484375 0.9564921875 0.056853515625 0.9595263671875 0.0608115234375 0.959658203125 0.063845703125 0.9588671875 0.0684619140625 0.9609775390625 0.071759765625 0.9633515625 0.0736064453125 0.9671767578125 0.075994140625 0.9690087890625
8 0.2083818359375 1 0.2089150390625 0.982916015625 0.2119384765625 0.9697587890625 0.21905078125 0.9644326171875 0.2275849609375 0.961943359375 0.2615458984375 0.960876953125 0.2674140625 0.960521484375 0.2752373046875 0.956076171875 0.2795048828125 0.95696484375 0.2814609375 0.955720703125 0.2786162109375 0.9500302734375 0.281283203125 0.9478974609375 0.2855498046875 0.9434521484375 0.2843056640625 0.9382958984375 0.2807490234375 0.9347392578125 0.2841279296875 0.932783203125 0.28252734375 0.9251376953125 0.287150390625 0.92816015625 0.2896396484375 0.923181640625 0.28590625 0.9155361328125 0.2866171875 0.9123359375 0.2896396484375 0.902734375 0.28590625 0.8972216796875 0.281638671875 0.8972216796875 0.2795048828125 0.8998896484375 0.2755927734375 0.9004228515625 0.2750595703125 0.90415625 0.27666015625 0.909134765625 0.2700810546875 0.91340234375 0.258345703125 0.913935546875 0.253544921875 0.9164248046875 0.2517666015625 0.921759765625 0.2467880859375 0.9244267578125 0.23451953125 0.9256708984375 0.2306083984375 0.9263828125 0.224392578125 0.926916015625 0.211234375 0.9286943359375 0.20198828125 0.9288720703125 0.1930986328125 0.9288720703125 0.1902529296875 0.9299384765625 0.1886533203125 0.9329609375 0.1893642578125 0.94433203125 0.18794140625 0.9510888671875 0.1902529296875 0.953400390625 0.192208984375 0.953400390625 0.1936318359375 0.9507333984375 0.197009765625 0.9514443359375 0.197720703125 0.958912109375 0.2032333984375 0.963001953125 0.2094560546875 0.9665576171875 0.2089228515625 0.9697587890625 0.2037666015625 0.9683359375 0.1991435546875 0.9715361328125 0.1938095703125 0.9699365234375 0.1804736328125 0.9615791015625 0.1746064453125 0.9605126953125 0.17140625 0.9631796875 0.1698056640625 0.968513671875 0.166783203125 0.977404296875 0.1612705078125 0.972958984375 0.153802734375 0.9713583984375 0.147580078125 0.97242578125 0.1458017578125 0.9749150390625 0.1465126953125 0.978115234375 0.1550478515625 0.993583984375 0.147935546875 0.993228515625 0.144556640625 0.9942958984375 0.1422451171875 0.996607421875 0.143134765625 1 0.2083818359375 1
8 0.37582421875 0.942068359375 0.3790009765625 0.9360498046875 0.3759912109375 0.9322041015625 0.372146484375 0.930365234375 0.3698056640625 0.9310341796875 0.3644560546875 0.9368857421875 0.35994140625 0.9385576171875 0.3626171875 0.9318701171875 0.3651240234375 0.9240126953125 0.371978515625 0.918830078125 0.374654296875 0.9153193359375 0.375322265625 0.9111396484375 0.375322265625 0.9069599609375 0.37248046875 0.9057314453125 0.3748212890625 0.9007158203125 0.3788330078125 0.899712890625 0.38251171875 0.894029296875 0.382845703125 0.888177734375 0.380337890625 0.8866728515625 0.3759912109375 0.886505859375 0.3773291015625 0.8821591796875 0.3798369140625 0.8759736328125 0.37833203125 0.8746357421875 0.370474609375 0.8746357421875 0.370474609375 0.866611328125 0.367966796875 0.8631005859375 0.363787109375 0.8616533203125 0.3597744140625 0.8633251953125 0.356263671875 0.869845703125 0.3519169921875 0.8701796875 0.348072265625 0.874025390625 0.34171875 0.885560546875 0.342220703125 0.897931640625 0.340548828125 0.9047861328125 0.33603515625 0.902947265625 0.3303505859375 0.903783203125 0.3244990234375 0.907962890625 0.3238310546875 0.912978515625 0.328177734375 0.9178271484375 0.32015234375 0.9181611328125 0.316474609375 0.922841796875 0.3186484375 0.9288603515625 0.324833984375 0.9330400390625 0.3336943359375 0.93989453125 0.3336943359375 0.9480869140625 0.33603515625 0.9554423828125 0.34171875 0.95728125 0.3582705078125 0.956111328125 0.3642890625 0.9534365234375 0.36997265625 0.950259765625 0.37582421875 0.942068359375
8 0.446212890625 0.999779296875 0.707607421875 0.98403515625 0.708515625 0.9782822265625 0.70912109375 0.9634453125 0.707001953125 0.945279296875 0.70427734375 0.9249921875 0.70548828125 0.9125791015625 0.708212890625 0.9056142578125 0.705185546875 0.8998623046875 0.7052919921875 0.8883564453125 0.7058974609375 0.88108984375 0.70075 0.880787109375 0.6907587890625 0.8898701171875 0.6919697265625 0.885328125 0.68773046875 0.88351171875 0.6828857421875 0.8874482421875 0.675921875 0.898953125 0.673802734375 0.8916865234375 0.6662333984375 0.8977421875 0.6665361328125 0.8862373046875 0.66169140625 0.880181640625 0.6547275390625 0.8795751953125 0.6423134765625 0.8892646484375 0.6280830078125 0.881998046875 0.6256611328125 0.883814453125 0.6253583984375 0.8889619140625 0.6165771484375 0.8880537109375 0.607796875 0.893806640625 0.6026494140625 0.9010732421875 0.59659375 0.89834765625 0.59719921875 0.8895673828125 0.5914462890625 0.8868427734375 0.582666015625 0.896228515625 0.5747939453125 0.8877509765625 0.570251953125 0.8889619140625 0.570857421875 0.895623046875 0.567830078125 0.8992568359375 0.560142578125 0.910458984375 0.5580234375 0.9168173828125 0.5580234375 0.9249921875 0.5531787109375 0.932259765625 0.5498486328125 0.9265068359375 0.5504541015625 0.9134873046875 0.5431875 0.9041005859375 0.5307734375 0.8995595703125 0.5268369140625 0.8928984375 0.51775390625 0.8913837890625 0.5132119140625 0.893806640625 0.5120009765625 0.898044921875 0.50715625 0.89713671875 0.4974677734375 0.89592578125 0.49413671875 0.9028896484375 0.4877783203125 0.911064453125 0.4862646484375 0.921056640625 0.4811171875 0.931654296875 0.48172265625 0.92196484375 0.4756669921875 0.9168173828125 0.4714287109375 0.9113671875 0.466583984375 0.906826171875 0.45689453125 0.9125791015625 0.4462978515625 0.9255986328125 0.439939453125 0.9416455078125 0.4323701171875 0.96405078125 0.428130859375 0.9834287109375 0.428130859375 0.9928154296875 0.4317646484375 0.9994765625 0.446212890625 0.999779296875
8 0.483623046875 0.84778125 0.487658203125 0.849072265625 0.4900791015625 0.8543994140625 0.4952431640625 0.8543994140625 0.4997626953125 0.8524619140625 0.5065419921875 0.849556640625 0.516064453125 0.8503642578125 0.5255869140625 0.849556640625 0.538822265625 0.84778125 0.5470537109375 0.847458984375 0.5514111328125 0.8401953125 0.549958984375 0.832771484375 0.545439453125 0.827283203125 0.5412431640625 0.824701171875 0.537369140625 0.828251953125 0.535109375 0.8253466796875 0.53204296875 0.8250244140625 0.5301064453125 0.827283203125 0.5273623046875 0.8311572265625 0.5226181640625 0.83089453125 0.5206806640625 0.8294423828125 0.518744140625 0.8244384765625 0.516484375 0.823470703125 0.51244921875 0.8249228515625 0.5088984375 0.8263759765625 0.5029267578125 0.8339609375 0.4972783203125 0.8373505859375 0.492919921875 0.8413857421875 0.489369140625 0.84509765625 0.4892080078125 0.841224609375 0.4874326171875 0.8375126953125 0.4798466796875 0.8370283203125 0.47548828125 0.8375126953125 0.4717763671875 0.8409013671875 0.4709697265625 0.844775390625 0.4717763671875 0.84751953125 0.483623046875 0.84778125
3 1 1 0.999625 0.98662109375 0.864607421875 0.9965810546875 0.8610107421875 1 1 1
9 0.8375439453125 0.251873046875 0.8844091796875 0.25773046875 0.87640234375 0.2098935546875 0.8344189453125 0.201498046875 0.8375439453125 0.251873046875
9 0.8439873046875 0.3772568359375 0.9027646484375 0.38584765625 0.8933916015625 0.3229765625 0.84027734375 0.3102861328125 0.8439873046875 0.3772568359375
9 0.8579638671875 0.5169111328125 0.92146484375 0.5236318359375 0.909849609375 0.452345703125 0.852865234375 0.4455380859375 0.8579638671875 0.5169111328125
9 0.876904296875 0.676974609375 0.944650390625 0.681732421875 0.93383984375 0.5961005859375 0.868505859375 0.5916005859375 0.876904296875 0.676974609375
9 0.9570009765625 0.759115234375 0.88651171875 0.7588984375 0.895431640625 0.855701171875 0.8957255859375 0.8573740234375 0.9672255859375 0.8572236328125 0.9570009765625 0.759115234375
9 0.470521484375 0.861908203125 0.5452353515625 0.8621767578125 0.55087890625 0.749849609375 0.474552734375 0.7490439453125 0.470521484375 0.861908203125
9 0.481150390625 0.6537783203125 0.553740234375 0.6584541015625 0.5570810546875 0.5622705078125 0.4858369140625 0.5554326171875 0.481150390625 0.6537783203125
9 0.5590849609375 0.397185546875 0.5290244140625 0.3922880859375 0.5265751953125 0.4757802734375 0.5593076171875 0.4797880859375 0.5590849609375 0.397185546875
9 0.493689453125 0.3137392578125 0.5590615234375 0.3252119140625 0.5603955078125 0.252109375 0.49811328125 0.2395830078125 0.493689453125 0.3137392578125
9 0.5008828125 0.173267578125 0.562291015625 0.18646875 0.561291015625 0.1362666015625 0.5600908203125 0.1346669921875 0.502482421875 0.12006640625 0.5008828125 0.173267578125
9 0.2889375 0.1263701171875 0.3613154296875 0.14379296875 0.368017578125 0.0861640625 0.298990234375 0.068294921875 0.2889375 0.1263701171875