2 0 0 0 0.7839521484375 0.056189453125 0.778818359375 0.1060576171875 0.7868857421875 0.1309921875 0.776619140625 0.1889267578125 0.78028515625 0.30494140625 0.790552734375 0.4332783203125 0.78615234375 0.56821484375 0.7993525390625 0.6468154296875 0.801552734375 0.701083984375 0.7978857421875 0.8162197265625 0.8066865234375 0.902021484375 0.809619140625 1 0.8072998046875 1 0 0 0
0 0 0.393005859375 0.2978330078125 0.3525146484375 0.4283583984375 0.334412109375 0.43502734375 0.3510849609375 0.4364560546875 0.3225029296875 0.4378857421875 0.30201953125 0.4512236328125 0.295826171875 0.4517001953125 0.28153515625 0.43598046875 0.2448544921875 0.3301533203125 0.26295703125 0.1333779296875 0.2910625 0 0.3120224609375 0 0.393005859375
0 0 0.6178525390625 0.0271396484375 0.6149951171875 0.2716259765625 0.6035615234375 0.4302568359375 0.596416015625 0.443595703125 0.605943359375 0.442642578125 0.5521142578125 0.443119140625 0.5368701171875 0.452169921875 0.53353515625 0.45693359375 0.518767578125 0.43883203125 0.499236328125 0.28535546875 0.5082880859375 0.133869140625 0.5206728515625 0 0.524484375 0 0.6178525390625
9 0 0.192095703125 0.0635810546875 0.1799208984375 0.064595703125 0.1099140625 0 0.122427734375 0 0.192095703125
9 0.245107421875 0.1440205078125 0.2490107421875 0.0624482421875 0.197880859375 0.072205078125 0.1963203125 0.151435546875 0.245107421875 0.1440205078125
9 0.4008056640625 0.110986328125 0.3968837890625 0.03058984375 0.310212890625 0.0494140625 0.3098203125 0.1294189453125 0.4008056640625 0.110986328125
9 0.304330078125 0.351783203125 0.4008056640625 0.3376650390625 0.400021484375 0.2211884765625 0.30668359375 0.23569921875 0.304330078125 0.351783203125
9 0.1846455078125 0.299564453125 0.236810546875 0.2941416015625 0.2375859375 0.2838115234375 0.2383603515625 0.2375859375 0.1856787109375 0.2468828125 0.1846455078125 0.299564453125
9 0.183921875 0.3507958984375 0.1947265625 0.362560546875 0.202650390625 0.3467138671875 0.216095703125 0.3392705078125 0.2225791015625 0.3469541015625 0.2302626953125 0.3426318359375 0.2307001953125 0.3333046875 0.179716796875 0.3396767578125 0.183921875 0.3507958984375
9 0 0.3913017578125 0.03614453125 0.3872607421875 0.0442265625 0.27837890625 0 0.285787109375 0 0.3913017578125
9 0.000224609375 0.5426142578125 0.01571484375 0.5423896484375 0.023123046875 0.4669580078125 0 0.4676318359375 0.000224609375 0.5426142578125
9 0.1016279296875 0.5175224609375 0.105380859375 0.467802734375 0.1157001953125 0.46436328125 0.120703125 0.45279296875 0.12726953125 0.4468515625 0.099751953125 0.4487275390625 0.094123046875 0.5172099609375 0.1016279296875 0.5175224609375
9 0.1691572265625 0.509767578125 0.2288212890625 0.5058330078125 0.232755859375 0.436662109375 0.1737470703125 0.441580078125 0.1691572265625 0.509767578125
9 0.177826171875 0.6075029296875 0.2243388671875 0.6066513671875 0.226041015625 0.5527646484375 0.1783935546875 0.55475 0.177826171875 0.6075029296875
9 0.3011630859375 0.602626953125 0.3998515625 0.596927734375 0.3998515625 0.4301474609375 0.3020634765625 0.440646484375 0.3011630859375 0.602626953125
9 0.363521484375 0.7928076171875 0.393263671875 0.7918154296875 0.42697265625 0.7881806640625 0.423998046875 0.6609482421875 0.311306640625 0.6642529296875 0.3066796875 0.79412890625 0.363521484375 0.7928076171875
9 0.077357421875 0.7174404296875 0.1337646484375 0.7152919921875 0.1343017578125 0.6913857421875 0.0795068359375 0.692728515625 0.077357421875 0.7174404296875
9 0.1569716796875 0.7145712890625 0.2023642578125 0.7145712890625 0.2026572265625 0.6896787109375 0.1563857421875 0.6893857421875 0.1569716796875 0.7145712890625
9 0.1287021484375 0.783064453125 0.14703515625 0.7841865234375 0.163123046875 0.7886767578125 0.179958984375 0.7845615234375 0.1788369140625 0.756875 0.1051318359375 0.7579970703125 0.1043837890625 0.783064453125 0.1287021484375 0.783064453125
9 0.7292939453125 0.80091796875 0.7654404296875 0.8035947265625 0.807611328125 0.81330078125 0.848109375 0.8156435546875 0.827693359375 0.6482978515625 0.670052734375 0.650306640625 0.6834404296875 0.8052685546875 0.7292939453125 0.80091796875
9 0.80292578125 0.5144208984375 0.7885341796875 0.377197265625 0.6509755859375 0.39259375 0.662689453125 0.522119140625 0.80292578125 0.5144208984375
9 0.775146484375 0.2480068359375 0.75975 0.12283203125 0.6318984375 0.1472646484375 0.6456201171875 0.271435546875 0.775146484375 0.2480068359375
9 0.6215224609375 0 0.6278818359375 0.0455185546875 0.7497099609375 0.0180732421875 0.746697265625 0 0.6215224609375 0
1 1 0.8859638671875 0.720228515625 0.8744150390625 0.5889931640625 0.8859638671875 0.51475 0.911537109375 0.45453125 0.944533203125 0.3621396484375 0.998978515625 1 1 1 0.8859638671875
8 1 0.810650390625 0.942392578125 0.808822265625 0.8601396484375 0.812478515625 0.8071318359375 0.810650390625 0.712998046875 0.79511328125 0.655283203125 0.8051669921875 0.5620634765625 0.8015107421875 0.500830078125 0.79511328125 0.44051171875 0.7887158203125 0.320787109375 0.79511328125 0.220255859375 0.785060546875 0.1370888671875 0.7786630859375 0.1096708984375 0.7905439453125 0.0594052734375 0.7814052734375 0 0.784146484375 0 1 0.3501748046875 1 0.4315146484375 0.94956640625 0.4973173828125 0.914837890625 0.569623046875 0.888333984375 0.6518759765625 0.876453125 0.7295595703125 0.8718837890625 0.8849267578125 0.8791943359375 1 0.885591796875 1 0.810650390625
0 0 0.1948359375 0.1949365234375 0.1548203125 0.33594140625 0.1233798828125 0.4250234375 0.1086123046875 0.43407421875 0.1276669921875 0.4369326171875 0.0909873046875 0.449318359375 0.0800302734375 0.43312109375 0.020484375 0.3330224609375 0.0457314453125 0.160537109375 0.0843173828125 0 0.116234375 0 0.1948359375