3 1 0.80078125 0.52734375 0.81787109375 0 0.8349609375 0 0.9765625 0.08056640625 0.99609375 1 0.99609375 1 0.80078125
8 0.44921875 0 0.4443359375 0.0732421875 0.42724609375 0.12939453125 0.38818359375 0.11474609375 0.3515625 0.12939453125 0.36376953125 0.205078125 0.35888671875 0.27587890625 0.37109375 0.34912109375 0.341796875 0.38330078125 0.38818359375 0.4638671875 0.4345703125 0.52001953125 0.4833984375 0.5908203125 0.47119140625 0.6298828125 0.400390625 0.6298828125 0.2294921875 0.654296875 0.19287109375 0.6787109375 0.05859375 0.6884765625 0 0.71044921875 0 0.830078125 0.44189453125 0.81298828125 1 0.79833984375 1 0.4541015625 0.98388671875 0.43212890625 0.9375 0.41748046875 0.908203125 0.46875 0.91552734375 0.44921875 0.88134765625 0.37109375 0.83740234375 0.3564453125 0.888671875 0.3076171875 0.849609375 0.25390625 0.85693359375 0.18310546875 0.830078125 0.13916015625 0.78369140625 0.11962890625 0.75439453125 0.05859375 0.7275390625 0 0.44921875 0
9 0.7371923828125 0.7376552734375 0.5927177734375 0.74367578125 0.5931806640625 0.8061884765625 0.5992001953125 0.8057255859375 0.7432119140625 0.8043359375 0.7371923828125 0.7376552734375
9 0.7650849609375 0.5373740234375 0.754083984375 0.4257197265625 0.572576171875 0.453220703125 0.572576171875 0.55717578125 0.7650849609375 0.5373740234375
9 0.7383515625 0.2196259765625 0.563294921875 0.2523818359375 0.556314453125 0.256677734375 0.562220703125 0.2620478515625 0.5681279296875 0.34581640625 0.74533203125 0.3264853515625 0.7383515625 0.2196259765625
9 0.7250966796875 0.136556640625 0.716921875 0.0447177734375 0.564978515625 0.07789453125 0.5476689453125 0.082703125 0.549591796875 0.0947236328125 0.552404296875 0.17414453125 0.7250966796875 0.136556640625
9 0.34658984375 0.578625 0.348419921875 0.475783203125 0.21190625 0.49664453125 0.2034892578125 0.59180078125 0.34658984375 0.578625
9 0.352025390625 0.3850966796875 0.3527607421875 0.3027861328125 0.2237822265625 0.3237314453125 0.21643359375 0.4027353515625 0.352025390625 0.3850966796875
9 0.3568427734375 0.2123466796875 0.3568427734375 0.131931640625 0.2286806640625 0.157060546875 0.2211416015625 0.2412451171875 0.3568427734375 0.2123466796875
9 0.1604912109375 0.5985908203125 0.166998046875 0.5291884765625 0.0975966796875 0.547623046875 0.09108984375 0.6099765625 0.1604912109375 0.5985908203125
0 0 0.644716796875 0.0459814453125 0.632412109375 0.1641748046875 0.613306640625 0.165146484375 0.61201171875 0.165146484375 0.6052119140625 0.1602890625 0.6019736328125 0.158345703125 0.5974404296875 0.1654697265625 0.594525390625 0.1657939453125 0.5877255859375 0.0760966796875 0.600677734375 0 0.61848828125 0 0.644716796875
0 0 0.4890693359375 0.020630859375 0.4765283203125 0.0659375 0.4550888671875 0.1124580078125 0.4413349609375 0.18203515625 0.425154296875 0.18041796875 0.4053330078125 0.135111328125 0.4130185546875 0.0707919921875 0.4304130859375 0 0.4680341796875 0 0.4890693359375
9 0.1123583984375 0.42116015625 0.180287109375 0.4105126953125 0.184693359375 0.3686533203125 0.1167646484375 0.3925205078125 0.1123583984375 0.42116015625
9 0.0678828125 0.4413916015625 0.0694189453125 0.419890625 0.031330078125 0.439548828125 0.0316376953125 0.4585927734375 0.0678828125 0.4413916015625
0 0 0.3595712890625 0.04000390625 0.3301435546875 0.070810546875 0.309912109375 0.1200107421875 0.2855419921875 0.1944990234375 0.2630107421875 0.1940400390625 0.257953125 0.187142578125 0.2487568359375 0.191740234375 0.241859375 0.1342646484375 0.2574931640625 0.0800068359375 0.28186328125 0 0.3337763671875 0 0.3595712890625
9 0.138625 0.27257421875 0.1930849609375 0.25937109375 0.1930849609375 0.256345703125 0.1895087890625 0.2538701171875 0.18730859375 0.246994140625 0.1911591796875 0.24121875 0.1947353515625 0.24121875 0.193359375 0.225265625 0.1466015625 0.24121875 0.1223974609375 0.251669921875 0.1221220703125 0.2791748046875 0.138625 0.27257421875
2 0.3475556640625 0 0.3483349609375 0.0451982421875 0.17696484375 0.088734375 0.16234375 0.0862138671875 0.1573017578125 0.093271484375 0.1497392578125 0.0983134765625 0.15478125 0.1083974609375 0.14772265625 0.1129345703125 0.15528515625 0.1204970703125 0.1542763671875 0.1532685546875 0.1416171875 0.15801953125 0.1132138671875 0.144017578125 0.082009765625 0.17162109375 0.0884111328125 0.178822265625 0.0892109375 0.19482421875 0.073431640625 0.2071357421875 0.0500859375 0.1982216796875 0.0233447265625 0.2232646484375 0.030560546875 0.228783203125 0.0296025390625 0.2422587890625 0.01933203125 0.2495078125 0 0.2428623046875 0 0.8665732421875 0.85259375 0.8628505859375 0.840140625 0.5966484375 0.8475751953125 0.4944189453125 0.828302734375 0.4327919921875 0.8218193359375 0.322568359375 0.7958837890625 0.3079794921875 0.7884287109375 0 0.511900390625 0.002572265625 0.437951171875 0.0202607421875 0.43249609375 0 0.3475556640625 0