1 0.0154736328125 0.6723232421875 0.0130126953125 0.698220703125 0.0138681640625 0.7153427734375 0.018662109375 0.7211640625 0.0291064453125 0.72321875 0.0344140625 0.720650390625 0.0404072265625 0.7117470703125 0.07307421875 0.73161328125 0.075171875 0.7597587890625 0.0777939453125 0.7662275390625 0.08513671875 0.7700732421875 0.0937021484375 0.7714716796875 0.101744140625 0.7693740234375 0.1157294921875 0.7520673828125 0.217603515625 0.7509384765625 0.2225 0.762298828125 0.2281806640625 0.7650400390625 0.241302734375 0.7664111328125 0.24874609375 0.7628857421875 0.2546220703125 0.7487841796875 0.2695078125 0.747021484375 0.2734248046875 0.7438876953125 0.2747958984375 0.7313525390625 0.2736201171875 0.72684765625 0.2777744140625 0.6863720703125 0.276833984375 0.6437734375 0.270837890625 0.6091240234375 0.2674970703125 0.602650390625 0.2597705078125 0.598265625 0.1477412109375 0.58183984375 0.08872265625 0.5797021484375 0.0699248046875 0.5809560546875 0.064662109375 0.58471484375 0.0545361328125 0.596298828125 0.0389296875 0.6216806640625 0.038072265625 0.6131064453125 0.025896484375 0.6127626953125 0.0200654296875 0.6175654296875 0.018521484375 0.6227099609375 0.0183505859375 0.62596875 0.0216083984375 0.6292265625 0.0299560546875 0.631654296875 0.02221875 0.6459375 0.0154736328125 0.6723232421875
6 1 0.757021484375 0.9753447265625 0.758876953125 0.9722529296875 0.76196875 0.962357421875 0.761041015625 0.896955078125 0.7438916015625 0.6784970703125 0.704654296875 0.6061083984375 0.70226953125 0.43424609375 0.7002578125 0.325216796875 0.699384765625 0.3208125 0.698369140625 0.277712890625 0.696794921875 0.274609375 0.72626953125 0.27578125 0.73125 0.2745625 0.744701171875 0.2696171875 0.7484755859375 0.2560849609375 0.7497763671875 0.2529619140625 0.755892578125 0.249578125 0.7635693359375 0.241884765625 0.767365234375 0.2279306640625 0.7662802734375 0.221728515625 0.7630234375 0.216611328125 0.752169921875 0.115955078125 0.7536416015625 0.1018955078125 0.77092578125 0.0942861328125 0.77234375 0.0844833984375 0.77118359375 0.076873046875 0.7664111328125 0.0745517578125 0.7603486328125 0.0721318359375 0.7321845703125 0.0409296875 0.7133408203125 0.0356259765625 0.721091796875 0.0285556640625 0.7242197265625 0.0176767578125 0.7219072265625 0.0130537109375 0.7161962890625 0.0119697265625 0.693505859375 0 0.6937607421875 0 1 1 1 1 0.757021484375
9 0.8032333984375 0.548900390625 0.845109375 0.54684765625 0.8444931640625 0.4743857421875 0.8024130859375 0.4799287109375 0.8032333984375 0.548900390625
9 0.913994140625 0.546677734375 0.9412080078125 0.5507939453125 0.9412080078125 0.4873642578125 0.9123056640625 0.4806943359375 0.913994140625 0.546677734375
9 0.916205078125 0.657130859375 0.922951171875 0.6616279296875 0.9452158203125 0.6611787109375 0.9438662109375 0.5952861328125 0.9139560546875 0.5939365234375 0.916205078125 0.657130859375
9 0.8606943359375 0.6609326171875 0.8590478515625 0.5886748046875 0.789115234375 0.590560546875 0.79136328125 0.6592861328125 0.8606943359375 0.6609326171875
9 0.742376953125 0.63764453125 0.742087890625 0.593583984375 0.7286533203125 0.593873046875 0.7282197265625 0.5951728515625 0.728076171875 0.6372109375 0.742376953125 0.63764453125
9 0.7418642578125 0.5531962890625 0.7412314453125 0.5123076171875 0.728458984375 0.512447265625 0.7278017578125 0.51365234375 0.7275234375 0.5531962890625 0.7418642578125 0.5531962890625
9 0.6702236328125 0.51772265625 0.6715205078125 0.4504599609375 0.5796123046875 0.4298916015625 0.5781298828125 0.43230078125 0.57757421875 0.5016025390625 0.6702236328125 0.51772265625
9 0.4846455078125 0.4673984375 0.4833037109375 0.485603515625 0.5421357421875 0.495376953125 0.544435546875 0.491927734375 0.5634072265625 0.49384375 0.564384765625 0.428138671875 0.5438935546875 0.422470703125 0.4839453125 0.4087373046875 0.4769697265625 0.4080830078125 0.45909375 0.4052490234375 0.456720703125 0.4071201171875 0.4549580078125 0.4620078125 0.4846455078125 0.4673984375
9 0.34557421875 0.4425751953125 0.390146484375 0.4505751953125 0.3912890625 0.41300390625 0.34757421875 0.4045751953125 0.34557421875 0.4425751953125
9 0.41044921875 0.4537109375 0.42177734375 0.451171875 0.4216796875 0.4279296875 0.4107421875 0.4314453125 0.41044921875 0.4537109375
0 0.4178818359375 0.50562890625 0.4829482421875 0.5152275390625 0.484287109375 0.4675029296875 0.3447958984375 0.443455078125 0.3045751953125 0.449138671875 0.29830859375 0.4538017578125 0.296884765625 0.4997265625 0.3383974609375 0.4953984375 0.4178818359375 0.50562890625
8 0.6942373046875 0.6635859375 0.69649609375 0.6743408203125 0.6973564453125 0.6791806640625 0.7051005859375 0.67993359375 0.7039169921875 0.6613271484375 0.6957431640625 0.6446572265625 0.6956953125 0.6410302734375 0.698314453125 0.6353564453125 0.7022421875 0.6363388671875 0.704642578125 0.6353564453125 0.7042060546875 0.6313193359375 0.7073828125 0.6286875 0.7121142578125 0.6280654296875 0.727056640625 0.6356611328125 0.7281767578125 0.632796875 0.718837890625 0.6255751953125 0.7276787109375 0.615240234375 0.7277841796875 0.6117587890625 0.7174091796875 0.623146484375 0.7133603515625 0.6227666015625 0.7126015625 0.6194775390625 0.70905859375 0.60100390625 0.70541796875 0.5949404296875 0.70485546875 0.5863037109375 0.70955078125 0.5779404296875 0.729791015625 0.5628359375 0.7323427734375 0.558826171875 0.728150390625 0.556638671875 0.7228642578125 0.5597373046875 0.7081015625 0.5699443359375 0.7073720703125 0.5655693359375 0.7248701171875 0.5466142578125 0.71776171875 0.548619140625 0.7033623046875 0.562470703125 0.7004462890625 0.5580966796875 0.6959716796875 0.551630859375 0.69222265625 0.5492451171875 0.6867685546875 0.5528232421875 0.68681640625 0.6567021484375 0.6902587890625 0.652615234375 0.6942373046875 0.6635859375
9 0.68633984375 0.564306640625 0.6956328125 0.564306640625 0.6944140625 0.5033662109375 0.68664453125 0.5045849609375 0.68633984375 0.564306640625
8 0.9567578125 0.7223837890625 0.96298046875 0.7223837890625 0.95498046875 0.5952705078125 0.9497890625 0.5968330078125 0.9522685546875 0.651373046875 0.950255859375 0.66227734375 0.9230341796875 0.662994140625 0.9144375 0.657083984375 0.905662109375 0.65762109375 0.8913349609375 0.6592333984375 0.889185546875 0.6615615234375 0.8888271484375 0.6714111328125 0.8900029296875 0.68155859375 0.9567578125 0.7223837890625
8 0.99829296875 0.6734765625 0.9945771484375 0.6685224609375 0.989623046875 0.6595419921875 0.986833984375 0.61206640625 0.9957646484375 0.602498046875 0.9976787109375 0.594205078125 0.996083984375 0.58655078125 0.9916181640625 0.597076171875 0.9846015625 0.604412109375 0.979498046875 0.5830419921875 0.9766279296875 0.57730078125 0.963537109375 0.57751171875 0.97004296875 0.71615234375 0.9784794921875 0.7218427734375 0.9981005859375 0.7206650390625 0.99829296875 0.6734765625
8 0.8687890625 0.6344072265625 0.876025390625 0.6336318359375 0.8806767578125 0.6274306640625 0.8910126953125 0.6116669921875 0.8910126953125 0.608048828125 0.86853125 0.62200390625 0.867755859375 0.611150390625 0.8858447265625 0.6098583984375 0.892046875 0.6049482421875 0.9000576171875 0.5873759765625 0.90031640625 0.5788486328125 0.8951474609375 0.57858984375 0.8889453125 0.5990048828125 0.8824853515625 0.6049482421875 0.8724072265625 0.604689453125 0.8682724609375 0.60210546875 0.8674970703125 0.5930615234375 0.8765419921875 0.5899599609375 0.8824853515625 0.5837587890625 0.886361328125 0.5695458984375 0.893080078125 0.5605009765625 0.89385546875 0.556625 0.886361328125 0.5594677734375 0.876283203125 0.57833203125 0.867755859375 0.581173828125 0.8615537109375 0.566703125 0.8554814453125 0.567486328125 0.845794921875 0.5800078125 0.843509765625 0.5995078125 0.8489267578125 0.6155341796875 0.8417041015625 0.624111328125 0.8338037109375 0.605376953125 0.834029296875 0.5977021484375 0.833578125 0.5913828125 0.8286123046875 0.579193359375 0.8252265625 0.563619140625 0.8245498046875 0.5595556640625 0.8218408203125 0.5622646484375 0.8228740234375 0.5822236328125 0.8275830078125 0.5918681640625 0.8266865234375 0.5988203125 0.8201826171875 0.5954560546875 0.8107626953125 0.5840185546875 0.807173828125 0.5858125 0.8101181640625 0.5966484375 0.8276669921875 0.607533203125 0.843216796875 0.63996484375 0.8452158203125 0.647294921875 0.8409951171875 0.655513671875 0.8397744140625 0.6633271484375 0.8402138671875 0.6886279296875 0.844173828125 0.704248046875 0.8507744140625 0.7046884765625 0.8477822265625 0.68385546875 0.8468818359375 0.658185546875 0.8525107421875 0.6469267578125 0.8516103515625 0.6426484375 0.8448544921875 0.632740234375 0.8484580078125 0.6300380859375 0.8538623046875 0.62936328125 0.8626435546875 0.63183984375 0.859509765625 0.652794921875 0.857740234375 0.682494140625 0.85771875 0.705771484375 0.86453515625 0.707759765625 0.8687890625 0.6344072265625
9 0 0.3966669921875 0.1202294921875 0.4174140625 0.1534033203125 0.4245810546875 0.161697265625 0.3374443359375 0.127015625 0.3302763671875 0.1198525390625 0.3317861328125 0.0176923828125 0.311416015625 0.013921875 0.305380859375 0 0.302251953125 0 0.3966669921875
9 0.20921484375 0.4328671875 0.2994873046875 0.4492646484375 0.3221298828125 0.4465810546875 0.3337490234375 0.4447919921875 0.3361328125 0.3774169921875 0.3072333984375 0.3717529296875 0.292634765625 0.3693681640625 0.2190458984375 0.3511826171875 0.192232421875 0.3428349609375 0.1859736328125 0.3454208984375 0.1782294921875 0.4283955078125 0.20921484375 0.4328671875
9 0.8168203125 0.4378525390625 0.8333525390625 0.435859375 0.8335517578125 0.3977890625 0.826978515625 0.397390625 0.8144296875 0.400978515625 0.8168203125 0.4378525390625
2 0 0.4947119140625 0.1284912109375 0.5116953125 0.1202373046875 0.5789912109375 0.1492783203125 0.5799091796875 0.178625 0.585720703125 0.1847900390625 0.5166484375 0.304486328125 0.5317216796875 0.29105078125 0.6958994140625 0.3195498046875 0.6979365234375 0.3268779296875 0.6938623046875 0.3350205078125 0.5875341796875 0.36351953125 0.592015625 0.357005859375 0.6922333984375 0.385912109375 0.6922333984375 0.4206630859375 0.6988310546875 0.4529052734375 0.6982548828125 0.461541015625 0.5490400390625 0.5410693359375 0.5602744140625 0.536462890625 0.7017109375 0.576189453125 0.700271484375 0.5807958984375 0.5697802734375 0.653916015625 0.57957421875 0.6550673828125 0.7017109375 0.67955078125 0.7038935546875 0.677154296875 0.6789521484375 0.6872197265625 0.679431640625 0.6891376953125 0.427634765625 0.0014453125 0.25708203125 0 0.4947119140625
3 0.6890908203125 0.6804951171875 0.680263671875 0.681458984375 0.6792998046875 0.689970703125 0.6810654296875 0.704103515625 0.899255859375 0.742521484375 0.963234375 0.758966796875 0.964408203125 0.724607421875 0.68994140625 0.677484375 0.6890908203125 0.6804951171875
3 0.9726611328125 0.7600224609375 0.9759794921875 0.75688671875 1 0.7550419921875 0.9992060546875 0.723314453125 0.973251953125 0.7243037109375 0.9726611328125 0.7600224609375
7 1 0.4049619140625 0.99587890625 0.3952724609375 0.9700576171875 0.4017314453125 0.96387109375 0.407921875 0.9625263671875 0.4157275390625 0.9481923828125 0.4194755859375 0.948833984375 0.426322265625 0.9517548828125 0.43070703125 0.95480859375 0.5171728515625 0.9579951171875 0.6080234375 0.963970703125 0.720822265625 0.9655634765625 0.72441015625 0.963970703125 0.7609453125 0.9712724609375 0.7612119140625 0.9694140625 0.717845703125 0.963041015625 0.579193359375 0.9584921875 0.4278388671875 0.966830078125 0.4254169921875 0.97705078125 0.4348369140625 1 0.4299921875 1 0.4049619140625
2 0.6958173828125 0.5027734375 0.6958173828125 0.541984375 0.6962314453125 0.54681640625 0.6961611328125 0.5497392578125 0.703791015625 0.5606728515625 0.716703125 0.5476328125 0.7241162109375 0.54571875 0.7259091796875 0.5464365234375 0.7091591796875 0.5658232421875 0.70900390625 0.568150390625 0.7288544921875 0.5555810546875 0.7330419921875 0.5571328125 0.734126953125 0.560236328125 0.7238916015625 0.5703232421875 0.710400390625 0.5788583984375 0.706677734375 0.5856865234375 0.706677734375 0.594220703125 0.7102451171875 0.5994970703125 0.713966796875 0.620912109375 0.7167578125 0.6218427734375 0.725908203125 0.61098046875 0.7280791015625 0.61098046875 0.7293203125 0.6153251953125 0.7209453125 0.626033203125 0.7293203125 0.6320849609375 0.729474609375 0.635033203125 0.72559765625 0.6368955078125 0.712962890625 0.6321728515625 0.707734375 0.6339169921875 0.7059912109375 0.6382763671875 0.699310546875 0.6400205078125 0.6987294921875 0.6458330078125 0.706572265625 0.66065625 0.708896484375 0.676642578125 0.835986328125 0.6817275390625 0.8369609375 0.6614990234375 0.788248046875 0.6617421875 0.78800390625 0.5886259765625 0.805296875 0.5871640625 0.8074892578125 0.5832646484375 0.813091796875 0.580583984375 0.8174755859375 0.5883828125 0.8214453125 0.584875 0.8205380859375 0.5701591796875 0.8207197265625 0.5601669921875 0.825802734375 0.55853125 0.8294345703125 0.573611328125 0.8348818359375 0.5876005859375 0.8434033203125 0.5877783203125 0.84488671875 0.579615234375 0.8537861328125 0.5677421875 0.8564345703125 0.5656220703125 0.862791015625 0.5657275390625 0.86925390625 0.5790849609375 0.8759287109375 0.5774951171875 0.88578125 0.5585185546875 0.8927734375 0.55555078125 0.8946806640625 0.5558681640625 0.8941513671875 0.5600029296875 0.88737109375 0.57045703125 0.8840859375 0.583708984375 0.877412109375 0.5907060546875 0.869359375 0.59388671875 0.8694658203125 0.6005654296875 0.8724326171875 0.603109375 0.8816494140625 0.6038515625 0.8882177734375 0.5986572265625 0.89362109375 0.5792568359375 0.895634765625 0.5774541015625 0.900931640625 0.5780908203125 0.90125 0.587525390625 0.89273046875 0.6053818359375 0.8859375 0.6099912109375 0.8687412109375 0.6124482421875 0.8688447265625 0.620658203125 0.8904462890625 0.60766796875 0.891587890625 0.6077724609375 0.8917958984375 0.6116171875 0.8773720703125 0.6352763671875 0.870021484375 0.636931640625 0.86855078125 0.6836376953125 0.8884921875 0.6840693359375 0.887978515625 0.6614208984375 0.891142578125 0.6579912109375 0.9153984375 0.6572001953125 0.9243623046875 0.6626083984375 0.946376953125 0.6616845703125 0.949935546875 0.66076171875 0.9513857421875 0.6520556640625 0.9500673828125 0.6395244140625 0.948810546875 0.59640625 0.95581640625 0.59390234375 0.9522998046875 0.4783662109375 0.89191796875 0.46584765625 0.84521484375 0.4721904296875 0.8011796875 0.47869921875 0.7770078125 0.4837509765625 0.7597099609375 0.4848759765625 0.7590234375 0.4936767578125 0.695818359375 0.5030126953125 0.6958173828125 0.5027734375
2 1 0.4613828125 0.98456640625 0.46070703125 0.972412109375 0.4681396484375 0.96430859375 0.478275390625 0.9613955078125 0.482349609375 0.9655556640625 0.5755947265625 0.978208984375 0.5761142578125 0.9804619140625 0.582185546875 0.985142578125 0.600396484375 0.98999609375 0.5964072265625 0.993982421875 0.58634765625 0.996755859375 0.5844404296875 0.9983154296875 0.5946728515625 0.9971025390625 0.603798828125 0.988435546875 0.61264453125 0.991208984375 0.6592998046875 1 0.6728291015625 1 0.4613828125
9 0.759369140625 0.4331640625 0.751353515625 0.436302734375 0.7454287109375 0.4500771484375 0.753966796875 0.448857421875 0.759369140625 0.4331640625
9 0.78010546875 0.3806787109375 0.773484375 0.381724609375 0.7694755859375 0.391837890625 0.7757490234375 0.391140625 0.78010546875 0.3806787109375