2 1 0.001439453125 0.1356796875 0 0 0.053283203125 0 0.8101904296875 0.1546298828125 0.7879501953125 0.316130859375 0.774626953125 0.546146484375 0.7640517578125 0.571341796875 0.76270703125 0.6543193359375 0.7495966796875 0.7057177734375 0.747916015625 0.9232099609375 0.7363271484375 0.9239765625 0.7562685546875 1 0.749876953125 1 0.001439453125
8 1 0.7507421875 0.922306640625 0.7581630859375 0.9216884765625 0.7383740234375 0.7620908203125 0.74888671875 0.6687119140625 0.7513603515625 0.5727490234375 0.765583984375 0.332701171875 0.7773330078125 0.1515087890625 0.791556640625 0 0.81258203125 0 0.9622646484375 0 0.9986484375 0.1164775390625 0.999921875 0.151318359375 1 0.8036015625 1 0.9196611328125 0.9945849609375 1 0.9872392578125 1 0.7507421875
9 0.92353125 0.2147568359375 1 0.194671875 0.999236328125 0.0672080078125 0.8984248046875 0.092701171875 0.92353125 0.2147568359375
9 0.79307421875 0.508220703125 0.7593505859375 0.3398681640625 0.5690810546875 0.38228515625 0.5867333984375 0.5395732421875 0.79307421875 0.508220703125
9 0.7334404296875 0.1894248046875 0.704271484375 0.0591953125 0.537310546875 0.1132294921875 0.548845703125 0.2416376953125 0.7334404296875 0.1894248046875
9 0.41369140625 0.271943359375 0.4345751953125 0.2666103515625 0.43901953125 0.273720703125 0.4781220703125 0.264388671875 0.474625 0.24018359375 0.4119296875 0.25651953125 0.41369140625 0.271943359375
9 0.2892744140625 0.31736328125 0.2879833984375 0.2963779296875 0.2556982421875 0.305740234375 0.2556982421875 0.3244658203125 0.2892744140625 0.31736328125
9 0.1861640625 0.6046259765625 0.1834501953125 0.5245703125 0.1115361328125 0.5413955078125 0.10909375 0.6143955078125 0.1861640625 0.6046259765625
9 0.3515498046875 0.5775693359375 0.3460927734375 0.49473828125 0.260693359375 0.5111123046875 0.2629404296875 0.591375 0.3515498046875 0.5775693359375
9 0.5037548828125 0.5553271484375 0.5040615234375 0.5491875 0.5092802734375 0.543662109375 0.5040615234375 0.5200244140625 0.5019130859375 0.4807314453125 0.5006845703125 0.46753125 0.4331494140625 0.4791962890625 0.4365263671875 0.5654580078125 0.5037548828125 0.5553271484375
0 0 0.4007138671875 0.128650390625 0.3673916015625 0.1274814453125 0.3588154296875 0 0.391462890625 0 0.4007138671875
0 0.15061328125 0.361486328125 0.29023046875 0.3231025390625 0.29023046875 0.316353515625 0.150583984375 0.35262890625 0.15061328125 0.361486328125
0 0.3157705078125 0.317162109375 0.4918642578125 0.2696591796875 0.4889853515625 0.259103515625 0.3176416015625 0.308044921875 0.3157705078125 0.317162109375
0 0.3287138671875 0.5777607421875 0.333095703125 0.58177734375 0.503283203125 0.554751953125 0.508396484375 0.5408740234375 0.3272275390625 0.5686298828125 0.3287138671875 0.5777607421875
0 0.150427734375 0.6069951171875 0.156119140625 0.6090283203125 0.2951630859375 0.5866669921875 0.2996357421875 0.574064453125 0.14758203125 0.5984580078125 0.150427734375 0.6069951171875
0 0.000384765625 0.63427734375 0.11570703125 0.615056640625 0.122626953125 0.6092900390625 0.124548828125 0.60237109375 0 0.6223603515625 0.000384765625 0.63427734375
0 1 0.4456748046875 0.9551962890625 0.455330078125 0.9632939453125 0.478376953125 1 0.4693447265625 1 0.4456748046875
9 0.6213857421875 0.7546025390625 0.83233984375 0.740453125 0.8269892578125 0.6819453125 0.610302734375 0.7014482421875 0.6213857421875 0.7546025390625