8 1 0.7926181640625 0.9814794921875 0.7910986328125 0.916203125 0.7952685546875 0.8666162109375 0.8021220703125 0.786455078125 0.80620703125 0.7287998046875 0.8114931640625 0.71417578125 0.8126826171875 0.6818623046875 0.80566796875 0.6335078125 0.7977060546875 0.6338681640625 0.7781630859375 0.64580859375 0.7460703125 0.64775390625 0.725822265625 0.654298828125 0.7116865234375 0.652771484375 0.70473828125 0.6413818359375 0.698193359375 0.63010546875 0.686619140625 0.60544921875 0.674638671875 0.57598046875 0.67009765625 0.5604130859375 0.6781767578125 0.5340361328125 0.6711845703125 0.523845703125 0.680599609375 0.516544921875 0.693072265625 0.504302734375 0.6839541015625 0.4881591796875 0.6925625 0.468998046875 0.70053125 0.460115234375 0.7203095703125 0.4472822265625 0.7243173828125 0.4414970703125 0.7361884765625 0.4262158203125 0.7468388671875 0.4077626953125 0.7468486328125 0.3915078125 0.7474501953125 0.37662109375 0.751087890625 0.3603564453125 0.741548828125 0.341826171875 0.7331025390625 0.334373046875 0.7147763671875 0.3203486328125 0.711765625 0.304333984375 0.703923828125 0.2765439453125 0.706423828125 0.236369140625 0.731755859375 0.2250361328125 0.7619033203125 0.2054482421875 0.759947265625 0.194630859375 0.7457021484375 0.195501953125 0.732396484375 0.1886708984375 0.7275263671875 0.1794990234375 0.74819921875 0.1792939453125 0.7702529296875 0.1712421875 0.778134765625 0.1706171875 0.8008017578125 0.1610439453125 0.818931640625 0.1540888671875 0.8377685546875 0.1457138671875 0.85941796875 0.1424140625 0.871087890625 0.1503759765625 0.88725 0.1528017578125 0.905326171875 0.18525 0.916470703125 0.1456044921875 0.9215029296875 0.1051796875 0.9347060546875 0.1134658203125 0.9607880859375 0.1132333984375 0.9751142578125 0.1239970703125 0.9788427734375 0.138865234375 0.989982421875 0.2379716796875 0.9772880859375 0.461798828125 0.937609375 0.5836279296875 0.9203544921875 0.5852412109375 0.9062626953125 0.62396875 0.8983115234375 0.6716171875 0.8968720703125 0.71958984375 0.8858154296875 0.7583212890625 0.8832998046875 0.809189453125 0.877587890625 0.8702421875 0.871005859375 0.9151650390625 0.8643955078125 0.975654296875 0.8577509765625 1 0.8501015625 1 0.7926181640625
2 0.114162109375 0.839357421875 0.15893359375 0.860650390625 0.29419921875 0.8753935546875 0.32345703125 0.5853115234375 0.2233427734375 0.5700859375 0.181109375 0.6093603515625 0.13884375 0.622693359375 0.127896484375 0.6914375 0.10898046875 0.8333740234375 0.114162109375 0.839357421875
2 1 0.47169140625 0.536478515625 0.315359375 0.40656640625 0.3104560546875 0.2997802734375 0.48917578125 0.335603515625 0.4922490234375 0.300478515625 0.8339111328125 0.5158486328125 0.8282919921875 0.7202509765625 0.8183046875 1 0.794470703125 0.9700634765625 0.4952138671875 0.985310546875 0.4820673828125 1 0.48437890625 1 0.47169140625
9 0.6759609375 0.5199541015625 0.6742998046875 0.4285869140625 0.6304453125 0.417283203125 0.62928515625 0.509666015625 0.6759609375 0.5199541015625
9 0.79942578125 0.5193251953125 0.7967685546875 0.464580078125 0.740275390625 0.4488740234375 0.7418955078125 0.5043369140625 0.79942578125 0.5193251953125
9 0.90560546875 0.5452939453125 0.900822265625 0.494966796875 0.8532802734375 0.4812109375 0.8556337890625 0.532755859375 0.90560546875 0.5452939453125
9 0.92216796875 0.6680751953125 0.917275390625 0.6064677734375 0.860615234375 0.5954111328125 0.864916015625 0.6608896484375 0.92216796875 0.6680751953125
9 0.80772265625 0.6496123046875 0.8044306640625 0.5905107421875 0.7441103515625 0.578044921875 0.744681640625 0.641150390625 0.80772265625 0.6496123046875
9 0.68354296875 0.66898828125 0.6824853515625 0.560677734375 0.628376953125 0.5515751953125 0.62667578125 0.6628798828125 0.68354296875 0.66898828125
9 0.4462509765625 0.6248544921875 0.4491005859375 0.5621875 0.418443359375 0.5737685546875 0.4150625 0.636181640625 0.4462509765625 0.6248544921875
9 0.4561923828125 0.480458984375 0.4567109375 0.43615234375 0.439822265625 0.44662109375 0.4383369140625 0.490953125 0.4561923828125 0.480458984375
9 0.39666796875 0.5132001953125 0.4105048828125 0.508123046875 0.4120107421875 0.4641005859375 0.3984990234375 0.4704208984375 0.39666796875 0.5132001953125
9 0.398759765625 0.638458984375 0.4014443359375 0.5897197265625 0.3882734375 0.5954833984375 0.383232421875 0.644162109375 0.398759765625 0.638458984375
9 0.41503515625 0.7811328125 0.4317333984375 0.781365234375 0.434744140625 0.7186318359375 0.417080078125 0.721962890625 0.41503515625 0.7811328125
9 0.3720498046875 0.7851220703125 0.3873623046875 0.7864150390625 0.390314453125 0.7273134765625 0.3762177734375 0.7294951171875 0.3720498046875 0.7851220703125
9 0.6035078125 0.7106123046875 0.6008818359375 0.8070693359375 0.6757705078125 0.804251953125 0.6765927734375 0.715642578125 0.6035078125 0.7106123046875
9 0.8137529296875 0.791681640625 0.8114365234375 0.7250537109375 0.7494814453125 0.71908984375 0.7498837890625 0.7918388671875 0.8137529296875 0.791681640625
9 0.9234267578125 0.793013671875 0.919685546875 0.7335029296875 0.86984765625 0.73140625 0.87327734375 0.7931064453125 0.9234267578125 0.793013671875
9 0.182533203125 0.6775703125 0.199458984375 0.67209375 0.2044384765625 0.6196005859375 0.18765234375 0.6257431640625 0.182533203125 0.6775703125
9 0.1729501953125 0.74311328125 0.19207421875 0.7414072265625 0.1975947265625 0.68596484375 0.1761669921875 0.6960048828125 0.1729501953125 0.74311328125
1 0.132802734375 0.8597880859375 0.1268427734375 0.868927734375 0.126669921875 0.8825517578125 0.124955078125 0.89816015625 0.1256640625 0.9056904296875 0.1282060546875 0.909265625 0.132375 0.910916015625 0.1371689453125 0.9078095703125 0.1536875 0.910365234375 0.157544921875 0.91328515625 0.163349609375 0.9140185546875 0.166734375 0.911728515625 0.151126953125 0.90522265625 0.1496142578125 0.8878037109375 0.1419111328125 0.8706181640625 0.1461884765625 0.8570419921875 0.137693359375 0.8564697265625 0.132802734375 0.8597880859375
1 0.035794921875 0.88478125 0.0381005859375 0.883966796875 0.039111328125 0.8791943359375 0.04350390625 0.8796162109375 0.04350390625 0.8825712890625 0.0454873046875 0.8841416015625 0.0486005859375 0.884515625 0.051025390625 0.883900390625 0.05112109375 0.8803583984375 0.073685546875 0.8798125 0.0754609375 0.8825771484375 0.078 0.882830078125 0.0799912109375 0.882736328125 0.0819912109375 0.8822060546875 0.0820869140625 0.8793291015625 0.0895498046875 0.87780078125 0.0914111328125 0.88199609375 0.09275390625 0.88341015625 0.0960263671875 0.88356640625 0.097251953125 0.882232421875 0.09753515625 0.8765830078125 0.099755859375 0.873404296875 0.1019208984375 0.8687978515625 0.1025234375 0.8644736328125 0.1015361328125 0.8591171875 0.0939794921875 0.849896484375 0.089419921875 0.8417001953125 0.084251953125 0.834748046875 0.0811298828125 0.8335908203125 0.0744765625 0.833796875 0.0502421875 0.83406640625 0.04563671875 0.8353154296875 0.0431259765625 0.837201171875 0.0359443359375 0.848634765625 0.032689453125 0.859462890625 0.031126953125 0.8731318359375 0.0299306640625 0.8804404296875 0.03073828125 0.883408203125 0.032990234375 0.8841904296875 0.035794921875 0.88478125
1 0 0.8737890625 0.0166083984375 0.8742138671875 0.0220634765625 0.87300390625 0.0245361328125 0.8726357421875 0.026208984375 0.8715244140625 0.0266845703125 0.8669580078125 0.0270390625 0.8595283203125 0.0249287109375 0.85288671875 0.0236826171875 0.845505859375 0.021736328125 0.8412001953125 0.0147578125 0.840607421875 0.00462890625 0.840626953125 0.0015166015625 0.8438779296875 0 0.8479658203125 0 0.8737890625
7 0.2019931640625 0.977046875 0.2272802734375 0.75933984375 0.29603125 0.7605927734375 0.29805078125 0.7379228515625 0.2363720703125 0.7348544921875 0.2363740234375 0.730158203125 0.298302734375 0.7324833984375 0.3006943359375 0.7106103515625 0.237138671875 0.70750390625 0.229427734375 0.7026201171875 0.22528515625 0.705142578125 0.2286826171875 0.7115361328125 0.19234375 0.977212890625 0.2019931640625 0.977046875
7 0.137328125 0.933849609375 0.14522265625 0.930251953125 0.14766015625 0.917595703125 0.1736044921875 0.7527529296875 0.209982421875 0.4779912109375 0.209638671875 0.4659970703125 0.206201171875 0.4554765625 0.2011123046875 0.446046875 0.18961328125 0.44208984375 0.175552734375 0.4422060546875 0.1660751953125 0.446912109375 0.16475 0.4554072265625 0.1687548828125 0.4635751953125 0.1774814453125 0.4698046875 0.18751171875 0.4718251953125 0.20330078125 0.4721767578125 0.168830078125 0.699400390625 0.1326533203125 0.93149609375 0.137328125 0.933849609375
7 0.0814375 0.8329970703125 0.084322265625 0.8341826171875 0.104884765625 0.71235546875 0.1049267578125 0.7035400390625 0.102634765625 0.6993984375 0.10043359375 0.69581640625 0.094837890625 0.6937119140625 0.0909375 0.6945048828125 0.0863154296875 0.6982919921875 0.084501953125 0.7020009765625 0.0858125 0.705609375 0.092404296875 0.70852734375 0.096927734375 0.7097158203125 0.09513671875 0.7211640625 0.078529296875 0.8322578125 0.0814375 0.8329970703125
7 0.0668564453125 0.833220703125 0.0795439453125 0.7638447265625 0.0807041015625 0.758375 0.077451171875 0.75247265625 0.07424609375 0.750115234375 0.0707177734375 0.7501806640625 0.0669296875 0.75323828125 0.0656259765625 0.7565478515625 0.067392578125 0.7590126953125 0.069748046875 0.76000390625 0.0739775390625 0.760873046875 0.07079296875 0.778013671875 0.06197265625 0.8330966796875 0.0668564453125 0.833220703125
7 0.0635224609375 0.7878701171875 0.05541015625 0.8334248046875 0.0611005859375 0.833263671875 0.0689130859375 0.7852802734375 0.0691240234375 0.782857421875 0.0673388671875 0.7799384765625 0.0649921875 0.7785703125 0.0611435546875 0.7792421875 0.059376953125 0.780880859375 0.0588359375 0.7824716796875 0.0597236328125 0.7852431640625 0.0621396484375 0.7863720703125 0.0635224609375 0.7878701171875
6 1 0.851826171875 0.976509765625 0.8597001953125 0.9083291015625 0.866826171875 0.865888671875 0.87351171875 0.804021484375 0.878935546875 0.7717939453125 0.883306640625 0.7343779296875 0.8867587890625 0.718876953125 0.88638671875 0.699216796875 0.8923779296875 0.6705888671875 0.8987109375 0.6231240234375 0.8998798828125 0.585466796875 0.9076103515625 0.584328125 0.9213291015625 0.466275390625 0.9383154296875 0.3996962890625 0.9501259765625 0.296126953125 0.9689521484375 0.233791015625 0.9800322265625 0.13898828125 0.9911943359375 0.121541015625 0.980439453125 0.1103720703125 0.97521875 0.1114453125 0.957494140625 0.1027578125 0.9354228515625 0.13170703125 0.9240078125 0.1553408203125 0.9179521484375 0.17866796875 0.9161025390625 0.17077734375 0.9137724609375 0.1622529296875 0.9161376953125 0.1551005859375 0.914556640625 0.1504755859375 0.911693359375 0.1368349609375 0.9102109375 0.13175390625 0.9121005859375 0.124123046875 0.90769921875 0.1240126953125 0.884580078125 0.1235908203125 0.874162109375 0.10246875 0.87037890625 0.0983310546875 0.877900390625 0.09723828125 0.88396875 0.09194140625 0.8844091796875 0.0890419921875 0.879607421875 0.0838984375 0.8792958984375 0.0824833984375 0.883134765625 0.0779541015625 0.8830751953125 0.074736328125 0.8825205078125 0.0733388671875 0.880373046875 0.05258984375 0.8812548828125 0.0512451171875 0.88411328125 0.0470751953125 0.884958984375 0.04348828125 0.8844541015625 0.042259765625 0.880373046875 0.039583984375 0.8808388671875 0.0393427734375 0.8831025390625 0.03771484375 0.8849072265625 0.0328115234375 0.885212890625 0.0302470703125 0.884107421875 0.0294306640625 0.880423828125 0.0302861328125 0.8734599609375 0.0315595703125 0.863302734375 0.027806640625 0.863505859375 0.027005859375 0.8720791015625 0.024265625 0.87404296875 0 0.8749921875 0 1 1 0.9997265625 1 0.851826171875
8 0.119267578125 0.7629755859375 0.1151591796875 0.778205078125 0.112642578125 0.792626953125 0.1052666015625 0.802376953125 0.0984365234375 0.8069892578125 0.093458984375 0.8091640625 0.091923828125 0.815693359375 0.0929169921875 0.8233994140625 0.0869267578125 0.82469140625 0.08433203125 0.8277900390625 0.08817578125 0.83677734375 0.092791015625 0.8447841796875 0.0990888671875 0.8539033203125 0.10418359375 0.86251953125 0.105041015625 0.867736328125 0.1141181640625 0.8702724609375 0.1247646484375 0.871515625 0.1262919921875 0.865828125 0.1352900390625 0.85578515625 0.1435703125 0.8540830078125 0.1585927734375 0.7580859375 0.1533623046875 0.7542412109375 0.1362861328125 0.75171875 0.12771484375 0.753064453125 0.119267578125 0.7629755859375
1 0.0245302734375 0.846083984375 0.0250859375 0.8516396484375 0.02770703125 0.85851171875 0.027322265625 0.8633837890625 0.0315048828125 0.8632666015625 0.031896484375 0.8596904296875 0.0344462890625 0.8496435546875 0.0325556640625 0.8466162109375 0.03047265625 0.8437939453125 0.0276396484375 0.8419765625 0.0225 0.8416640625 0.0245302734375 0.846083984375
7 0.030744140625 0.8433662109375 0.0316728515625 0.8313466796875 0.034177734375 0.8260400390625 0.036333984375 0.8236396484375 0.037455078125 0.8212392578125 0.036619140625 0.8190419921875 0.0324453125 0.818744140625 0.02957421875 0.82001953125 0.0280341796875 0.8226484375 0.0282646484375 0.824951171875 0.0299384765625 0.8261298828125 0.02802734375 0.8297734375 0.027794921875 0.8416630859375 0.030744140625 0.8433662109375
7 0.0219111328125 0.82782421875 0.0223720703125 0.8414482421875 0.024466796875 0.84164453125 0.024453125 0.8282021484375 0.0259111328125 0.8262275390625 0.02758984375 0.823177734375 0.02808984375 0.820107421875 0.0269462890625 0.819275390625 0.0238330078125 0.81923046875 0.0218515625 0.8201650390625 0.019689453125 0.822171875 0.0186484375 0.8241513671875 0.018900390625 0.8260048828125 0.0213369140625 0.8272060546875 0.0219111328125 0.82782421875