9 1 0.70055078125 0.678349609375 0.70992578125 0.3482490234375 0.7197294921875 0.33996875 0.8355478515625 1 0.8334970703125 1 0.70055078125
2 1 0.229595703125 0.615892578125 0.2810234375 0.082421875 0.3475615234375 0.00005078125 0.853556640625 0.000455078125 0.890234375 1 0.92234765625 1 0.229595703125
9 0.151015625 0.4538330078125 0.160140625 0.3860810546875 0.104478515625 0.3934541015625 0.09435546875 0.460591796875 0.151015625 0.4538330078125
9 0.2809501953125 0.44017578125 0.2862138671875 0.3712890625 0.1806513671875 0.3844765625 0.171982421875 0.4506142578125 0.2809501953125 0.44017578125
9 0.4197021484375 0.4270771484375 0.422935546875 0.3554501953125 0.30840625 0.3683056640625 0.30256640625 0.438123046875 0.4197021484375 0.4270771484375
9 0.565994140625 0.41327734375 0.565630859375 0.34213671875 0.4451220703125 0.35406640625 0.4415478515625 0.4256552734375 0.565994140625 0.41327734375
9 0.7223408203125 0.3972451171875 0.718390625 0.322205078125 0.5890302734375 0.3378818359375 0.58837890625 0.4103701171875 0.7223408203125 0.3972451171875
9 0.890400390625 0.37912890625 0.8853203125 0.3013779296875 0.74341796875 0.319544921875 0.7457451171875 0.3940771484375 0.890400390625 0.37912890625
9 1 0.2867822265625 0.9098701171875 0.298525390625 0.9153349609375 0.3759609375 1 0.3674287109375 1 0.2867822265625
9 0.995099609375 0.497478515625 0.985029296875 0.4104638671875 0.83017578125 0.4256181640625 0.8348740234375 0.5102099609375 0.995099609375 0.497478515625
9 0.8114150390625 0.5111220703125 0.80523828125 0.4275869140625 0.666037109375 0.441521484375 0.666013671875 0.521927734375 0.8114150390625 0.5111220703125
9 0.6414912109375 0.522669921875 0.641998046875 0.443046875 0.512150390625 0.455357421875 0.51060546875 0.5327109375 0.6414912109375 0.522669921875
9 0.485216796875 0.534748046875 0.4895146484375 0.4578916015625 0.3677666015625 0.46806640625 0.362115234375 0.5441328125 0.485216796875 0.534748046875
9 0.3384716796875 0.545638671875 0.3452646484375 0.472626953125 0.2313779296875 0.4810615234375 0.2231630859375 0.553724609375 0.3384716796875 0.545638671875
9 0.2007412109375 0.55598828125 0.209068359375 0.4845244140625 0.089466796875 0.4941357421875 0.0782451171875 0.5651533203125 0.2007412109375 0.55598828125
9 0.1155009765625 0.6972939453125 0.13009375 0.59713671875 0.0706689453125 0.600716796875 0.05589453125 0.699787109375 0.1155009765625 0.6972939453125
9 0.2542763671875 0.6918232421875 0.2639462890625 0.588896484375 0.1536923828125 0.594037109375 0.1397412109375 0.6968720703125 0.2542763671875 0.6918232421875
9 0.404279296875 0.67103125 0.4092578125 0.5778310546875 0.288388671875 0.5858583984375 0.28091015625 0.67519921875 0.404279296875 0.67103125
9 0.560291015625 0.66206640625 0.5617900390625 0.5666220703125 0.433654296875 0.5768984375 0.4271748046875 0.6703603515625 0.560291015625 0.66206640625
9 0.7301962890625 0.6542333984375 0.7246298828125 0.5583125 0.5876787109375 0.56655078125 0.5862421875 0.6605302734375 0.7301962890625 0.6542333984375
9 0.91375 0.6480556640625 0.9035224609375 0.5452080078125 0.7499501953125 0.5546318359375 0.7543466796875 0.65341796875 0.91375 0.6480556640625
9 1 0.5391826171875 0.92993359375 0.5434970703125 0.94012109375 0.64683984375 1 0.6452177734375 1 0.5391826171875
9 0.1653212890625 0.83713671875 0.1796787109375 0.7252373046875 0.0519306640625 0.7303427734375 0.03492578125 0.837873046875 0.1653212890625 0.83713671875
9 0.3127685546875 0.835494140625 0.3235869140625 0.7210712890625 0.203916015625 0.72405859375 0.1911708984375 0.8368818359375 0.3127685546875 0.835494140625
8 0.0934794921875 0.88946484375 0.0825634765625 0.890099609375 0.0535888671875 0.8913193359375 0.0361396484375 0.892619140625 0.0327666015625 0.89609375 0.033765625 0.9001474609375 0.036619140625 0.9052802734375 0.0520107421875 0.9046259765625 0.08481640625 0.904685546875 0.1026845703125 0.9042744140625 0.1192265625 0.904146484375 0.142857421875 0.904662109375 0.191283203125 0.9013359375 0.200486328125 0.8976669921875 0.201521484375 0.8952509765625 0.201720703125 0.8898896484375 0.1966435546875 0.8889501953125 0.1839560546875 0.888189453125 0.1729228515625 0.8878125 0.16323046875 0.8877099609375 0.1515029296875 0.889431640625 0.1420966796875 0.887265625 0.1269296875 0.88907421875 0.11837890625 0.8881943359375 0.12521875 0.8478095703125 0.1412509765625 0.7924423828125 0.14710546875 0.7804560546875 0.1535537109375 0.76962109375 0.1618828125 0.7603408203125 0.1683544921875 0.753732421875 0.177435546875 0.747251953125 0.181140625 0.7405654296875 0.178921875 0.7341962890625 0.1813876953125 0.7204423828125 0.1847421875 0.708705078125 0.18251171875 0.6995146484375 0.1774931640625 0.6916572265625 0.1815224609375 0.67829296875 0.1845947265625 0.67072265625 0.1821201171875 0.6633388671875 0.1831279296875 0.6529560546875 0.1852109375 0.642208984375 0.1963466796875 0.641572265625 0.2037587890625 0.63886328125 0.20610546875 0.6317890625 0.2069091796875 0.62694921875 0.205638671875 0.613015625 0.2052216796875 0.6100478515625 0.19714453125 0.607646484375 0.1977822265625 0.599390625 0.20358203125 0.5862060546875 0.2103984375 0.57012109375 0.220052734375 0.5561240234375 0.2220517578125 0.5441748046875 0.219521484375 0.536205078125 0.2137705078125 0.5342197265625 0.206455078125 0.527896484375 0.19209765625 0.5295244140625 0.185130859375 0.531833984375 0.180302734375 0.53507421875 0.1750712890625 0.5418623046875 0.16561328125 0.549974609375 0.1585107421875 0.55334375 0.1539794921875 0.55833984375 0.1537734375 0.567435546875 0.1531953125 0.5743251953125 0.1504609375 0.5899482421875 0.146763671875 0.6110966796875 0.143322265625 0.6315439453125 0.141927734375 0.6416240234375 0.1471826171875 0.6545283203125 0.1400185546875 0.7054443359375 0.127357421875 0.7220283203125 0.1219443359375 0.72787109375 0.1195458984375 0.7414404296875 0.1203359375 0.7508720703125 0.122580078125 0.760150390625 0.1256923828125 0.7718056640625 0.129908203125 0.78190234375 0.1261015625 0.7952626953125 0.1056318359375 0.8907978515625 0.0934794921875 0.88946484375
8 0.4762412109375 0.9135234375 0.5050107421875 0.91380859375 0.51758984375 0.911025390625 0.5255830078125 0.903078125 0.5284443359375 0.897162109375 0.5242998046875 0.8931064453125 0.5156435546875 0.8925546875 0.4773134765625 0.8917041015625 0.446458984375 0.89201953125 0.438513671875 0.8906416015625 0.444822265625 0.7675615234375 0.4580615234375 0.7576005859375 0.4680126953125 0.746240234375 0.4712041015625 0.7324296875 0.473892578125 0.722634765625 0.47246484375 0.7173955078125 0.4786728515625 0.703232421875 0.480748046875 0.6914677734375 0.480158203125 0.683162109375 0.477744140625 0.674 0.4752724609375 0.6664208984375 0.47942578125 0.659517578125 0.4850166015625 0.6532978515625 0.4846826171875 0.6487744140625 0.481693359375 0.6489541015625 0.4763271484375 0.653587890625 0.473337890625 0.6478369140625 0.4787099609375 0.6307197265625 0.478443359375 0.6148330078125 0.479 0.5979912109375 0.4782783203125 0.5765107421875 0.4759150390625 0.56653515625 0.470212890625 0.556125 0.475087890625 0.5440546875 0.4785341796875 0.531296875 0.475078125 0.52242578125 0.472904296875 0.516919921875 0.473259765625 0.4965400390625 0.4728095703125 0.486134765625 0.4805595703125 0.476048828125 0.483005859375 0.46649609375 0.4805361328125 0.4546640625 0.47576171875 0.4467861328125 0.46778515625 0.44802734375 0.4622333984375 0.4548857421875 0.4573154296875 0.4615009765625 0.4485546875 0.4647001953125 0.44401953125 0.473421875 0.4362236328125 0.4927412109375 0.4327900390625 0.510189453125 0.432697265625 0.531859375 0.4341494140625 0.553298828125 0.43212109375 0.561873046875 0.4350400390625 0.5783359375 0.4340966796875 0.5888173828125 0.430509765625 0.5999375 0.4227060546875 0.597623046875 0.4197666015625 0.6023349609375 0.41839453125 0.609794921875 0.4175576171875 0.617177734375 0.4171279296875 0.6251142578125 0.4119228515625 0.633630859375 0.4106962890625 0.645185546875 0.40821875 0.6512412109375 0.4065546875 0.6640634765625 0.4077294921875 0.6731259765625 0.41156640625 0.6825673828125 0.40997265625 0.691328125 0.4119873046875 0.7043837890625 0.413408203125 0.7146044921875 0.411884765625 0.7302607421875 0.411203125 0.7413955078125 0.41084765625 0.7503310546875 0.4199736328125 0.7581083984375 0.4309892578125 0.7690283203125 0.4310224609375 0.77611328125 0.42537890625 0.8890302734375 0.413677734375 0.8913310546875 0.3952216796875 0.8914013671875 0.3775166015625 0.89234765625 0.3651474609375 0.894580078125 0.3601279296875 0.895994140625 0.3583583984375 0.9019931640625 0.3614287109375 0.9061064453125 0.3815673828125 0.91146484375 0.388763671875 0.9132880859375 0.42034375 0.9143076171875 0.4762412109375 0.9135234375
3 1 0.784376953125 0.000650390625 0.783857421875 0.0004990234375 0.8968740234375 0.16854296875 0.90015234375 0.16813671875 0.9092373046875 0.1971083984375 0.910228515625 0.2001484375 0.908515625 0.2013955078125 0.9013662109375 0.352701171875 0.9059619140625 0.352701171875 0.91608984375 0.3840771484375 0.915970703125 0.3869052734375 0.908029296875 0.57716796875 0.9111376953125 0.577251953125 0.9223427734375 0.5962900390625 0.922966796875 0.6012939453125 0.92075 0.6008994140625 0.911767578125 0.812830078125 0.92066015625 0.8129208984375 0.9309736328125 0.834390625 0.9316767578125 0.8341328125 0.9206171875 1 0.9290166015625 1 0.784376953125
6 1 1 0.9998388671875 0.9296767578125 0.91929296875 0.9255185546875 0.9180498046875 0.9259912109375 0.8863486328125 0.931521484375 0.868572265625 0.932009765625 0.8354482421875 0.9296318359375 0.8354697265625 0.9323330078125 0.812064453125 0.9320556640625 0.8117548828125 0.928791015625 0.795771484375 0.928578125 0.7852119140625 0.9307890625 0.76208984375 0.9292099609375 0.750056640625 0.9280732421875 0.7395419921875 0.926412109375 0.7285458984375 0.92146484375 0.7281484375 0.9179189453125 0.602658203125 0.913125 0.6022919921875 0.9211396484375 0.5966787109375 0.9237607421875 0.5765341796875 0.9231611328125 0.5763564453125 0.91209765625 0.519150390625 0.9115771484375 0.5068447265625 0.914740234375 0.4529306640625 0.9150205078125 0.3921904296875 0.9150205078125 0.3870712890625 0.914318359375 0.3856416015625 0.917279296875 0.3512265625 0.9171435546875 0.35070703125 0.9072431640625 0.20241796875 0.9022685546875 0.2008427734375 0.908177734375 0.1982216796875 0.910845703125 0.16683203125 0.9099150390625 0.1670078125 0.9019677734375 0.000455078125 0.899064453125 0 1 1 1
8 0.80078515625 0.9033115234375 0.7885244140625 0.9033115234375 0.7806220703125 0.905728515625 0.7660361328125 0.909068359375 0.739595703125 0.91113671875 0.727744140625 0.9135859375 0.728060546875 0.9185205078125 0.730603515625 0.9216884765625 0.7399130859375 0.923974609375 0.7505263671875 0.926466796875 0.77923828125 0.9289052734375 0.800650390625 0.92750390625 0.8369921875 0.92894921875 0.858396484375 0.9308564453125 0.877650390625 0.93047265625 0.906998046875 0.9270068359375 0.92021875 0.9249130859375 0.921169921875 0.91916796875 0.9196064453125 0.9121787109375 0.907642578125 0.908986328125 0.8892294921875 0.9066884765625 0.8625400390625 0.905794921875 0.840986328125 0.904923828125 0.82284765625 0.9048369140625 0.816220703125 0.7904091796875 0.8330400390625 0.7895810546875 0.84005859375 0.785625 0.8428798828125 0.7796767578125 0.8441201171875 0.768064453125 0.8420556640625 0.7479326171875 0.8456982421875 0.7283369140625 0.8496796875 0.7059248046875 0.854681640625 0.693205078125 0.8593896484375 0.6863466796875 0.8595791015625 0.6816025390625 0.855763671875 0.6796416015625 0.85457421875 0.6709892578125 0.8585283203125 0.658681640625 0.8753505859375 0.65613671875 0.9005791015625 0.65397265625 0.9180322265625 0.6501650390625 0.9211875 0.64413671875 0.921970703125 0.6347841796875 0.914484375 0.6280048828125 0.91879296875 0.6242880859375 0.922689453125 0.622359375 0.9225556640625 0.615708984375 0.91904296875 0.6055439453125 0.907806640625 0.5986005859375 0.9057880859375 0.59085546875 0.914900390625 0.5882822265625 0.919693359375 0.5842080078125 0.92337109375 0.5782802734375 0.923234375 0.571951171875 0.91912890625 0.5639541015625 0.9142998046875 0.5579453125 0.9040302734375 0.5580712890625 0.89932421875 0.561595703125 0.88887890625 0.5593857421875 0.8716953125 0.5512783203125 0.867705078125 0.541759765625 0.8690634765625 0.53019140625 0.867271484375 0.52261328125 0.8614423828125 0.510109375 0.85462890625 0.4992744140625 0.8442744140625 0.494423828125 0.8431533203125 0.4822626953125 0.838240234375 0.4534814453125 0.8316865234375 0.4392529296875 0.8238076171875 0.4288271484375 0.8148349609375 0.4165966796875 0.8100693359375 0.404603515625 0.8071904296875 0.3908427734375 0.801763671875 0.384841796875 0.7949599609375 0.384365234375 0.78906640625 0.3871943359375 0.7849169921875 0.39196484375 0.7773095703125 0.406357421875 0.7742783203125 0.417072265625 0.7712880859375 0.43092578125 0.7676982421875 0.451046875 0.7661787109375 0.4701640625 0.7690869140625 0.484560546875 0.768052734375 0.500486328125 0.7640712890625 0.508181640625 0.759140625 0.5236806640625 0.7588037109375 0.538509765625 0.7596962890625 0.5518388671875 0.758853515625 0.5687890625 0.76202734375 0.582814453125 0.759625 0.5915244140625 0.759705078125 0.605900390625 0.7544052734375 0.6228369140625 0.7542109375 0.62921484375 0.75380078125 0.6407841796875 0.752513671875 0.6497353515625 0.751396484375 0.6593935546875 0.7553251953125 0.669482421875 0.7600869140625 0.6795166015625 0.7670224609375 0.6896201171875 0.765140625 0.6966513671875 0.7615693359375 0.7021943359375 0.759603515625 0.705244140625 0.7600283203125 0.710470703125 0.7634375 0.718248046875 0.7713525390625 0.7254599609375 0.784474609375 0.7382275390625 0.7861259765625 0.746287109375 0.7833134765625 0.7528349609375 0.783388671875 0.7643017578125 0.7873193359375 0.7748212890625 0.7834658203125 0.7777119140625 0.78082421875 0.7816220703125 0.7809853515625 0.7871240234375 0.7891748046875 0.7913525390625 0.8062666015625 0.7910283203125 0.80824609375 0.904685546875 0.80078515625 0.9033115234375