2 0.7124375 0 0.5797177734375 0.00416796875 0.3691484375 0.013025390625 0.36315625 0.019798828125 0.302716796875 0.026572265625 0.2993310546875 0.034126953125 0.298404296875 0.045572265625 0.2974619140625 0.049576171875 0.3132421875 0.0848876953125 0.286392578125 0.08865625 0.2564814453125 0.0865361328125 0.2491806640625 0.0855947265625 0.2326943359375 0.09595703125 0.2251572265625 0.1053779296875 0.220447265625 0.128458984375 0.2150302734375 0.134111328125 0.2133818359375 0.1458564453125 0.21762109375 0.1536279296875 0.19995703125 0.2779140625 0.1905361328125 0.2795625 0.1917138671875 0.2885126953125 0.1973662109375 0.2922802734375 0.1734150390625 0.4459248046875 0.1731279296875 0.45026171875 0.165171875 0.4528076171875 0.165171875 0.4585361328125 0.1693095703125 0.467447265625 0.166126953125 0.48399609375 0.153396484375 0.4703115234375 0.1409853515625 0.4646455078125 0.0652412109375 0.427091796875 0.0490107421875 0.42741015625 0.0028642578125 0.404814453125 0 0.4061220703125 0 0.9819462890625 0.0964541015625 0.964541015625 0.127638671875 0.9638154296875 0.209138671875 0.9670009765625 0.4011552734375 0.962009765625 0.40676953125 0.889029296875 0.3980361328125 0.8874697265625 0.3986591796875 0.878423828125 0.545591796875 0.874349609375 0.546921875 0.8818876953125 0.5370185546875 0.8852880859375 0.5361318359375 0.930802734375 0.6559521484375 0.915013671875 0.669845703125 0.9059296875 0.7000205078125 0.905216796875 0.7053642578125 0.8988046875 0.7009111328125 0.895419921875 0.6993076171875 0.891857421875 0.6991298828125 0.8865146484375 0.7018017578125 0.882390625 0.71467578125 0.8789189453125 0.71973828125 0.8680693359375 0.7326123046875 0.842900390625 0.7395556640625 0.83682421875 0.88172265625 0.8381259765625 0.88759765625 0.8397177734375 0.902787109375 0.861560546875 0.9133759765625 0.880181640625 0.994625 0.87858984375 1 0.86660546875 1 0.2751650390625 0.9956669921875 0.2334833984375 1 0.2254072265625 1 0.1011484375 0.96753125 0.099845703125 0.9657080078125 0.0778935546875 0.989154296875 0.0067734375 0.9896748046875 0 0.7124375 0
9 0.818044921875 0.2542021484375 0.8119140625 0.1739814453125 0.73961328125 0.1765361328125 0.741912109375 0.2567568359375 0.818044921875 0.2542021484375
9 0.5228310546875 0.8288701171875 0.5271669921875 0.7056591796875 0.4400888671875 0.7081884765625 0.4328623046875 0.8306767578125 0.5228310546875 0.8288701171875
9 1 0.814244140625 0.991017578125 0.7228662109375 0.7136201171875 0.728849609375 0.717970703125 0.8659169921875 0.7202626953125 0.867396484375 0.7336298828125 0.841140625 0.7399365234375 0.83660546875 0.8824345703125 0.8380380859375 0.8884013671875 0.839947265625 0.9032001953125 0.86166796875 1 0.8626533203125 1 0.814244140625
9 0.1862744140625 0.630826171875 0.24376171875 0.6290439453125 0.245990234375 0.620130859375 0.25490234375 0.619685546875 0.26604296875 0.5354580078125 0.197416015625 0.53924609375 0.186720703125 0.620767578125 0.1862744140625 0.630826171875
9 0.2115263671875 0.45228125 0.2762138671875 0.4494775390625 0.284623046875 0.368833984375 0.2210146484375 0.371421875 0.2102333984375 0.44914453125 0.2115263671875 0.45228125
9 0.237099609375 0.2789296875 0.29558203125 0.2779384765625 0.302322265625 0.20815625 0.2428486328125 0.20894921875 0.2357119140625 0.277740234375 0.237099609375 0.2789296875
9 0.0455732421875 0.60231640625 0.0354716796875 0.6532919921875 0.0702392578125 0.657755859375 0.0772861328125 0.6098330078125 0.0455732421875 0.60231640625
9 0.08846875 0.5553486328125 0.094916015625 0.5087861328125 0.0648291015625 0.4987568359375 0.0573076171875 0.545857421875 0.08846875 0.5553486328125
9 0.1578642578125 0.5484345703125 0.1628017578125 0.5101650390625 0.131630859375 0.4987451171875 0.1248408203125 0.537478515625 0.1578642578125 0.5484345703125
9 0 0.4510029296875 0.00059765625 0.498791015625 0.011947265625 0.50297265625 0.02389453125 0.4596640625 0 0.4510029296875
0 0 0.8324501953125 0.1177998046875 0.828197265625 0.1557568359375 0.8311416015625 0.2287275390625 0.842267578125 0.239853515625 0.743119140625 0.204185546875 0.7342841796875 0.175390625 0.7326484375 0.1331787109375 0.73395703125 0 0.7378837890625 0 0.8324501953125
8 0.0748623046875 0.7172490234375 0.07521875 0.7065546875 0.0723662109375 0.694791015625 0.0652373046875 0.6873046875 0.05739453125 0.6855224609375 0.0427783203125 0.685166015625 0.032083984375 0.6869482421875 0.0181806640625 0.697642578125 0.0114072265625 0.719388671875 0.008912109375 0.7389951171875 0.0139033203125 0.7575322265625 0.0163984375 0.7774951171875 0.014259765625 0.789259765625 0.002138671875 0.793537109375 0.000712890625 0.8028056640625 0.0085556640625 0.80530078125 0.0548984375 0.8042314453125 0.1204921875 0.801736328125 0.125837890625 0.790314453125 0.131365234375 0.7529033203125 0.13221484375 0.7256953125 0.1245625 0.7197431640625 0.1139345703125 0.7120908203125 0.102880859375 0.711240234375 0.0946044921875 0.7175693359375 0.07907421875 0.7312216796875 0.0740771484375 0.733634765625 0.0702099609375 0.73095703125 0.0748623046875 0.7172490234375
7 0.4235205078125 1 0.426111328125 0.949228515625 0.4305146484375 0.84005078125 0.4367314453125 0.71315234375 0.4390625 0.6763701171875 0.440228515625 0.6764609375 0.4413935546875 0.6767197265625 0.496826171875 0.6917431640625 0.4998046875 0.691484375 0.502654296875 0.687728515625 0.5062802734375 0.6004296875 0.451099609375 0.5743974609375 0.4464365234375 0.577634765625 0.443328125 0.5781533203125 0.4430693359375 0.5706416015625 0.4393134765625 0.5681806640625 0.4332265625 0.5681806640625 0.431169921875 0.5692412109375 0.4287744140625 0.5721904296875 0.42674609375 0.6214091796875 0.4165166015625 0.8019453125 0.4131396484375 0.8034794921875 0.411912109375 0.82158984375 0.416208984375 0.82158984375 0.41160546875 0.9180546875 0.4103779296875 1 0.4235205078125 1
3 0.6893076171875 1 0.690140625 0.988134765625 0.6881962890625 0.9487001953125 0.6940283203125 0.9256494140625 0.6951396484375 0.9159287109375 0.700478515625 0.90569921875 0.6709677734375 0.90680078125 0.657966796875 0.9158359375 0.6313017578125 0.9193623046875 0.53522265625 0.93126171875 0.5364189453125 0.886306640625 0.5364189453125 0.88432421875 0.5463359375 0.881458984375 0.5454541015625 0.87484765625 0.4475634765625 0.8768369140625 0.412525390625 0.8783798828125 0.398642578125 0.879921875 0.398642578125 0.8871943359375 0.4077451171875 0.887568359375 0.4005068359375 0.9961396484375 0.399193359375 1 0.6893076171875 1
1 0.9522021484375 1 0.9523779296875 0.99785546875 0.947248046875 0.9582548828125 0.9387705078125 0.9317666015625 0.9338701171875 0.91613671875 0.92751171875 0.9085869140625 0.922478515625 0.90156640625 0.9249951171875 0.899447265625 0.9271142578125 0.8960029296875 0.92737890625 0.8903076171875 0.9242001953125 0.8859365234375 0.91307421875 0.8827578125 0.903236328125 0.8634228515625 0.8877392578125 0.8405078125 0.8817783203125 0.8383876953125 0.7400341796875 0.8370634765625 0.733146484375 0.8427587890625 0.7202978515625 0.868083984375 0.7147353515625 0.879474609375 0.7097021484375 0.8806669921875 0.7017548828125 0.882521484375 0.6995029296875 0.8877236328125 0.6995029296875 0.8911669921875 0.7014892578125 0.8955380859375 0.707185546875 0.8984521484375 0.7009599609375 0.9056044921875 0.6957939453125 0.9165986328125 0.694943359375 0.9241884765625 0.6887939453125 0.9492119140625 0.691126953125 0.98780859375 0.6902783203125 1 0.9522021484375 1
6 0.398576171875 1 0.400138671875 0.996392578125 0.402287109375 0.9650390625 0.401896484375 0.96220703125 0.3421669921875 0.9638671875 0.2266513671875 0.9669921875 0.2095615234375 0.96728515625 0.1730185546875 0.966015625 0.129498046875 0.9640625 0.09676953125 0.96484375 0 0.982720703125 0 1 0.398576171875 1
1 1 0.86807421875 0.99951171875 0.8687578125 0.99765625 0.87334765625 0.9951171875 0.87862109375 0.99423828125 0.8852734375 0.99296875 0.89259765625 0.99189453125 0.89796875 0.99365234375 0.927875 0.994140625 0.93505859375 0.9931640625 0.9447265625 0.9927734375 0.948828125 0.99619140625 0.9658203125 1 0.97021484375 1 0.9690263671875 1 0.86807421875
9 0.5155703125 0.11880078125 0.5803564453125 0.1165751953125 0.5810986328125 0.06193359375 0.51880859375 0.0634365234375 0.5155703125 0.11880078125
9 0.693953125 0.114146484375 0.7612548828125 0.1101591796875 0.7577646484375 0.0545791015625 0.690712890625 0.058068359375 0.693953125 0.114146484375
9 0.4674814453125 0.2660751953125 0.535591796875 0.26449609375 0.53762109375 0.1921083984375 0.470650390625 0.1932001953125 0.4674814453125 0.2660751953125
9 0.45805859375 0.4312568359375 0.5319443359375 0.4309111328125 0.535396484375 0.34460546875 0.46496875 0.3479921875 0.45805859375 0.4312568359375
9 0.754291015625 0.42331640625 0.8278310546875 0.418828125 0.82064453125 0.334611328125 0.7504931640625 0.3370107421875 0.754291015625 0.42331640625
9 0.763291015625 0.6066494140625 0.845029296875 0.603875 0.8336630859375 0.5040712890625 0.758498046875 0.50625390625 0.763291015625 0.6066494140625
9 0.4521337890625 0.572986328125 0.507310546875 0.600021484375 0.507310546875 0.610572265625 0.525775390625 0.6112314453125 0.52929296875 0.516056640625 0.4560908203125 0.5178154296875 0.4521337890625 0.572986328125
3 1 0.970830078125 0.9957001953125 0.966423828125 0.9920009765625 0.94933203125 0.9934267578125 0.9354638671875 0.99109375 0.897673828125 0.9920009765625 0.8949521484375 0.9940751953125 0.8808251953125 0.9936865234375 0.87926953125 0.9129345703125 0.8809541015625 0.9139716796875 0.8823798828125 0.9242802734375 0.885453125 0.9280390625 0.8901181640625 0.9275205078125 0.89633984375 0.925576171875 0.8998388671875 0.9235029296875 0.9015234375 0.9341318359375 0.9154287109375 0.94787109375 0.9588681640625 0.953314453125 1 0.953962890625 1 1 1 1 0.970830078125