2 1 0.219685546875 0.9889560546875 0.21526171875 0.9870068359375 0.1848447265625 0.9916865234375 0.17821484375 0.9901259765625 0.1754853515625 0.978037109375 0.16690625 0.9753076171875 0.166515625 0.9706279296875 0.1626162109375 0.966728515625 0.1626162109375 0.96555859375 0.16417578125 0.9675078125 0.1715859375 0.9651689453125 0.172365234375 0.9616591796875 0.1684658203125 0.957369140625 0.16885546875 0.9554189453125 0.170025390625 0.9554189453125 0.1750947265625 0.9554189453125 0.1774345703125 0.9487900390625 0.1801650390625 0.8388193359375 0.0928125 0.838697265625 0.085669921875 0.8423642578125 0.0850029296875 0.8423642578125 0.082669921875 0.840697265625 0.0793359375 0.8383642578125 0.0780029296875 0.8370302734375 0.0663359375 0.8246962890625 0.0546689453125 0.81336328125 0.060001953125 0.812029296875 0.0553349609375 0.8096962890625 0.0546689453125 0.808029296875 0.0546689453125 0.8066962890625 0.057001953125 0.8066962890625 0.060001953125 0.8066962890625 0.0656689453125 0.799029296875 0.0656689453125 0.7786953125 0.049001953125 0.774498046875 0.04662109375 0.7616943359375 0.0393984375 0.760380859375 0.03381640625 0.75676953125 0.030861328125 0.753158203125 0.029876953125 0.7488896484375 0.030861328125 0.7479052734375 0.0118193359375 0.749875 0.0111630859375 0.7485615234375 0.0085361328125 0.747248046875 0.0013134765625 0.709037109375 0 0.70808984375 0.004103515625 0.7077744140625 0.0088388671875 0.7093525390625 0.0157841796875 0.7096689453125 0.0239921875 0.7052490234375 0.0246240234375 0.6793623046875 0.004419921875 0.679994140625 0.000947265625 0.4890478515625 0 0.4176787109375 0.027388671875 0.2943515625 0.119955078125 0.191927734375 0.095041015625 0.116958984375 0.0064267578125 0.11285546875 0.02158984375 0.06967578125 0.15603515625 0.0657509765625 0.2610400390625 0 0.292443359375 0.0009814453125 0.4641806640625 0.0510302734375 0.473994140625 0.02649609375 0.6575078125 0.0431796875 0.6653583984375 0.050048828125 0.694798828125 0.037103515625 0.82434765625 0.033876953125 0.8493515625 0.15970703125 0.858224609375 0.1548671875 0.9348515625 0.417013671875 0.9477578125 0.6176962890625 0.9541552734375 0.8462822265625 0.933607421875 0.8180302734375 0.7332734375 0.807953125 0.7134521484375 0.791994140625 0.6899833984375 0.7851103515625 0.6665146484375 0.78166796875 0.645861328125 0.788865234375 0.6186376953125 0.7982529296875 0.60048828125 0.81702734375 0.581400390625 0.8408095703125 0.57107421875 0.903943359375 0.568572265625 0.941380859375 0.5736416015625 0.9652587890625 0.582 0.9810458984375 0.5881689453125 1 0.5935322265625 1 0.219685546875
7 0 0.7594560546875 0.043677734375 0.4136005859375 0.05972265625 0.2870244140625 0.055265625 0.28078515625 0.0463515625 0.27187109375 0.0463515625 0.255826171875 0.0401123046875 0.242455078125 0.02317578125 0.2219541015625 0 0.2088486328125 0 0.2854609375 0.0008916015625 0.2870244140625 0.0240673828125 0.2825673828125 0.0356552734375 0.2798935546875 0.0499169921875 0.3003955078125 0.01426171875 0.5241318359375 0 0.623966796875 0 0.7594560546875
9 0.1358623046875 0.7705029296875 0.14921875 0.6429296875 0.137705078125 0.6461533203125 0.1225068359375 0.76958203125 0.1358623046875 0.7705029296875
9 0.161193359375 0.54483203125 0.1694833984375 0.4458134765625 0.156587890625 0.4485771484375 0.146916015625 0.5462138671875 0.161193359375 0.54483203125
9 0.3615595703125 0.495263671875 0.36671875 0.378326171875 0.3361943359375 0.38950390625 0.33017578125 0.5047216796875 0.3615595703125 0.495263671875
9 0.34436328125 0.758373046875 0.3529609375 0.60790234375 0.319857421875 0.6139208984375 0.3134091796875 0.759232421875 0.34436328125 0.758373046875
9 0.641826171875 0.5332998046875 0.638326171875 0.3932646484375 0.5403017578125 0.3948203125 0.5393896484375 0.5362841796875 0.641826171875 0.5332998046875
9 0.8200908203125 0.3540986328125 0.828619140625 0.4653095703125 0.8613681640625 0.4711083984375 0.8521572265625 0.3684267578125 0.8200908203125 0.3540986328125
9 0.9243857421875 0.4011962890625 0.9359365234375 0.509666015625 0.9539677734375 0.513328125 0.9449521484375 0.4104931640625 0.9243857421875 0.4011962890625
9 0.845341796875 0.255283203125 0.8393583984375 0.17037890625 0.812861328125 0.156703125 0.8188447265625 0.239328125 0.845341796875 0.255283203125
9 0.9356845703125 0.310814453125 0.9262861328125 0.2275205078125 0.9048955078125 0.217796875 0.912998046875 0.2988232421875 0.9356845703125 0.310814453125
9 0.999857421875 0.2826181640625 0.9810595703125 0.27224609375 0.989486328125 0.3467900390625 0.999533203125 0.355216796875 0.999857421875 0.2826181640625
9 0.5842509765625 0.25316796875 0.5951171875 0.2529365234375 0.610607421875 0.2503935546875 0.6311845703125 0.2395263671875 0.6383525390625 0.232359375 0.6383525390625 0.2288916015625 0.637427734375 0.223111328125 0.6316474609375 0.21525 0.62332421875 0.2094697265625 0.6113017578125 0.204845703125 0.5951171875 0.2020712890625 0.5768525390625 0.202302734375 0.5548876953125 0.2076201171875 0.54678125 0.2141064453125 0.5430966796875 0.2177939453125 0.53847265625 0.2249609375 0.538009765625 0.2309716796875 0.540322265625 0.2358271484375 0.5444833984375 0.2395263671875 0.5516513671875 0.243919921875 0.5604365234375 0.2483125 0.568529296875 0.2510869140625 0.5752333984375 0.2517802734375 0.5842509765625 0.25316796875
9 0.3473935546875 0.1941416015625 0.34430078125 0.2738603515625 0.3731650390625 0.2590849609375 0.3759130859375 0.173181640625 0.3473935546875 0.1941416015625
3 0 1 0.080365234375 0.9999541015625 0.8513818359375 0.99909765625 0.8234365234375 0.7527646484375 0.60713671875 0.7591884765625 0.60713671875 0.8073740234375 0.461712890625 0.8096328125 0.2393701171875 0.807814453125 0 0.810251953125 0 1
8 1 0.6273603515625 0.9987021484375 0.5950693359375 0.978712890625 0.590072265625 0.970255859375 0.58584375 0.9441337890625 0.5762060546875 0.901009765625 0.570701171875 0.868896484375 0.570701171875 0.8422880859375 0.5716181640625 0.820267578125 0.5807939453125 0.80008203125 0.6009794921875 0.7890712890625 0.619330078125 0.7826494140625 0.6441025390625 0.7854013671875 0.6652060546875 0.7927421875 0.6881435546875 0.8101748046875 0.7138349609375 0.820267578125 0.7431953125 0.8546044921875 0.999634765625 1 1 1 0.6273603515625
8 0.9908701171875 0.4463037109375 0.979458984375 0.4570810546875 0.9591728515625 0.4596162109375 0.9439580078125 0.4615185546875 0.9420556640625 0.463419921875 0.9420556640625 0.4672236328125 0.947126953125 0.4729296875 0.95663671875 0.47926953125 0.9800927734375 0.4843408203125 0.9832626953125 0.494484375 0.9743876953125 0.50526171875 0.9496630859375 0.506529296875 0.9249384765625 0.50969921875 0.9109921875 0.5211103515625 0.9236708984375 0.536958984375 0.942689453125 0.5426650390625 0.9585380859375 0.54456640625 0.93508203125 0.55344140625 0.938251953125 0.5591474609375 0.955369140625 0.561048828125 0.95663671875 0.5635849609375 0.953466796875 0.5724609375 0.9617080078125 0.5775322265625 0.98706640625 0.5623173828125 1 0.569291015625 0.9997451171875 0.4076328125 0.9921376953125 0.4050966796875 0.9908701171875 0.4209453125 0.9908701171875 0.4463037109375
9 0.9751015625 0.5970966796875 0.9742255859375 0.6447119140625 0.9943818359375 0.6473408203125 0.9937978515625 0.600017578125 0.9751015625 0.5970966796875