9 0.9509248046875 0.5434443359375 0.942259765625 0.4459892578125 0.835798828125 0.4732958984375 0.8395126953125 0.5657275390625 0.9509248046875 0.5434443359375
9 0.93190234375 0.31166015625 0.926626953125 0.2349638671875 0.8307998046875 0.2723173828125 0.832337890625 0.34638671875 0.93190234375 0.31166015625
9 0.916646484375 0.1217431640625 0.9121376953125 0.0573515625 0.8253388671875 0.1005625 0.827029296875 0.16194921875 0.916646484375 0.1217431640625
9 0.6956025390625 0.2038017578125 0.696150390625 0.17321484375 0.67345703125 0.184068359375 0.6722509765625 0.214875 0.6956025390625 0.2038017578125
9 0.68974609375 0.3747265625 0.6912451171875 0.333505859375 0.6668876953125 0.342625 0.665888671875 0.382595703125 0.68974609375 0.3747265625
9 0.684 0.574205078125 0.6851240234375 0.51774609375 0.660392578125 0.5242421875 0.6582685546875 0.579826171875 0.684 0.574205078125
9 0.675755859375 0.81790234375 0.6773798828125 0.73939453125 0.6505244140625 0.74283203125 0.6476513671875 0.8184013671875 0.675755859375 0.81790234375
9 0.5769755859375 0.8493583984375 0.583638671875 0.7514892578125 0.5442119140625 0.755787109375 0.5369921875 0.8493583984375 0.5769755859375 0.8493583984375
9 0.5946064453125 0.615708984375 0.5994658203125 0.536388671875 0.5547626953125 0.5480498046875 0.548654296875 0.6241767578125 0.5946064453125 0.615708984375
9 0.6083408203125 0.4217216796875 0.6113203125 0.363216796875 0.576244140625 0.3770302734375 0.5727236328125 0.43309765625 0.6083408203125 0.4217216796875
9 0.6183623046875 0.254875 0.6207998046875 0.2098427734375 0.5892451171875 0.2254169921875 0.585724609375 0.2695009765625 0.6183623046875 0.254875
9 0.492083984375 0.3822177734375 0.4972509765625 0.33367578125 0.465705078125 0.348224609375 0.46040234375 0.393095703125 0.492083984375 0.3822177734375
9 0.390337890625 0.3545302734375 0.3974208984375 0.3143955078125 0.3793203125 0.3231826171875 0.372369140625 0.362400390625 0.390337890625 0.3545302734375
9 0.333396484375 0.36894140625 0.3378935546875 0.3419560546875 0.3316552734375 0.344857421875 0.32672265625 0.369521484375 0.333396484375 0.36894140625
9 0.4697705078125 0.54780859375 0.47852734375 0.4872841796875 0.445818359375 0.499130859375 0.438349609375 0.5557919921875 0.4697705078125 0.54780859375
9 0.3660458984375 0.49956640625 0.3741279296875 0.4495595703125 0.3547646484375 0.456630859375 0.346177734375 0.5064697265625 0.3660458984375 0.49956640625
9 0.305671875 0.5069052734375 0.311203125 0.4733935546875 0.3053466796875 0.47599609375 0.2991650390625 0.5077177734375 0.305671875 0.5069052734375
9 0.3359306640625 0.6684443359375 0.34748046875 0.6032568359375 0.3264951171875 0.6087880859375 0.316734375 0.6712099609375 0.3359306640625 0.6684443359375
9 0.3019306640625 0.8628447265625 0.3164091796875 0.7814052734375 0.28598828125 0.783783203125 0.271021484375 0.863169921875 0.3019306640625 0.8628447265625
9 0.378115234375 0.850546875 0.368513671875 0.91634375 0.4066357421875 0.9186025390625 0.399576171875 0.9787509765625 0.415107421875 0.9793154296875 0.4297919921875 0.850546875 0.378115234375 0.850546875
9 0.237111328125 0.8449716796875 0.2478994140625 0.787509765625 0.2406337890625 0.788390625 0.22940625 0.84453125 0.237111328125 0.8449716796875
9 0.27301171875 0.663736328125 0.280900390625 0.621353515625 0.27455859375 0.623673828125 0.266515625 0.6646640625 0.27301171875 0.663736328125
9 0.0990234375 0.641015625 0.09482421875 0.65654296875 0.10185546875 0.65712890625 0.10625 0.642578125 0.0990234375 0.641015625
9 0.07919921875 0.70966796875 0.07412109375 0.7265625 0.0828125 0.7275390625 0.08779296875 0.71171875 0.07919921875 0.70966796875
9 0.0576171875 0.78388671875 0.05302734375 0.801171875 0.062109375 0.80185546875 0.06708984375 0.7841796875 0.0576171875 0.78388671875
9 0.03720703125 0.8583984375 0.03251953125 0.8783203125 0.0421875 0.8791015625 0.04921875 0.8583984375 0.03720703125 0.8583984375
9 0 0.8354169921875 0.0077080078125 0.8351640625 0.0178173828125 0.8109013671875 0.019712890625 0.8059736328125 0 0.804078125 0 0.8354169921875
9 0.04220703125 0.729015625 0.0120048828125 0.72433984375 0.003033203125 0.753404296875 0.0296962890625 0.757953125 0.0404375 0.7325537109375 0.04220703125 0.729015625
9 0.0632109375 0.6581005859375 0.0343818359375 0.6508935546875 0.0255205078125 0.678541015625 0.0502138671875 0.6836220703125 0.060138671875 0.6610546875 0.0632109375 0.6581005859375
9 0 0.6342333984375 0.0059638671875 0.6355302734375 0.0128349609375 0.6198427734375 0.0149091796875 0.616861328125 0.002462890625 0.614138671875 0 0.6217880859375 0 0.6342333984375
9 0.0637314453125 0.6145673828125 0.059427734375 0.6116982421875 0.056251953125 0.612005859375 0.0532802734375 0.6143623046875 0.0512314453125 0.6166162109375 0.05112890625 0.6202021484375 0.0528701171875 0.6247109375 0.05655859375 0.62696484375 0.0606572265625 0.6266572265625 0.0635263671875 0.6238916015625 0.06455078125 0.617845703125 0.0637314453125 0.6145673828125
9 0.9780849609375 0.8350849609375 0.9661923828125 0.7076123046875 0.84581640625 0.7200849609375 0.851908203125 0.84117578125 0.9780849609375 0.8350849609375
9 0.4458330078125 0.74552734375 0.4551728515625 0.6647666015625 0.4194619140625 0.671908203125 0.4095732421875 0.748548828125 0.4458330078125 0.74552734375
0 0.0421328125 0.8104150390625 0.0423681640625 0.815123046875 0.0739091796875 0.816181640625 0.07767578125 0.8030009765625 0.04848828125 0.8012353515625 0.04483984375 0.809591796875 0.0421328125 0.8104150390625
0 0.0633173828125 0.734740234375 0.0628466796875 0.73791796875 0.0940341796875 0.740154296875 0.0975654296875 0.7280322265625 0.0697900390625 0.725677734375 0.06849609375 0.7261494140625 0.06673046875 0.7334453125 0.0633173828125 0.734740234375
0 0.08309765625 0.6639736328125 0.0833994140625 0.6678974609375 0.112775390625 0.6699091796875 0.11659765625 0.6579375 0.1077451171875 0.65592578125 0.0921513671875 0.6546181640625 0.0885302734375 0.6555234375 0.0864169921875 0.6627666015625 0.08309765625 0.6639736328125
1 0.5178916015625 1 0.514283203125 0.9992216796875 0.4874716796875 0.9907763671875 0.454748046875 0.984021484375 0.39591015625 0.9770537109375 0.3394375 0.9724091796875 0.3043916015625 0.971142578125 0.2200712890625 0.971353515625 0.1709208984375 0.9768427734375 0.14959765625 0.9812763671875 0.124896484375 0.9922548828125 0.1145517578125 0.9996435546875 0.1072109375 0.9884541015625 0.1008779296875 0.98254296875 0.0584423828125 0.9698759765625 0.0319609375 0.96903125 0.0290732421875 0.9686328125 0.0332265625 0.9561728515625 0.0378408203125 0.9407138671875 0.0332265625 0.94140625 0.0209970703125 0.951328125 0.011998046875 0.960095703125 0.008537109375 0.9628642578125 0 0.96494140625 0 1 0.11052734375 1 0.118603515625 1 0.5178916015625 1
4 0.3350576171875 0.9713046875 0.39860546875 0.9766318359375 0.406216796875 0.91945703125 0.28499609375 0.9118125 0.2741591796875 0.9701005859375 0.3350576171875 0.9713046875
4 1 0.879783203125 0.9037353515625 0.8210400390625 0.802455078125 0.82863671875 0.8016953125 0.8266103515625 0.7963779296875 0.8261044921875 0.794099609375 0.82990234375 0.7097822265625 0.8331943359375 0.70750390625 0.8316748046875 0.7034521484375 0.8316748046875 0.70294921875 0.8344599609375 0.5552724609375 0.841142578125 0.5446376953125 0.8381044921875 0.542359375 0.84190234375 0.4299365234375 0.845701171875 0.4155078125 0.8429150390625 0.41525390625 0.8487392578125 0.4597705078125 0.8646845703125 0.4591298828125 0.8746162109375 0.472265625 0.8739755859375 0.4604111328125 0.98546875 0.4703427734375 0.987390625 0.481662109375 0.8810322265625 0.574998046875 0.909953125 0.571580078125 0.9919833984375 0.5773642578125 0.9938232421875 0.582359375 0.9046943359375 0.7424755859375 0.904431640625 0.7553583984375 0.910478515625 0.7558837890625 0.9788369140625 0.7650859375 0.9783115234375 0.7635087890625 0.9041689453125 0.9114599609375 0.9028984375 0.9166171875 0.9986357421875 0.9172705078125 1 0.9273994140625 1 0.921828125 0.9047939453125 0.980572265625 0.9055537109375 0.9884208984375 0.9113779296875 0.9927255859375 1 1 1 1 0.879783203125
9 0.014486328125 0.5427060546875 0.013396484375 0.5445751953125 0.0177578125 0.5509619140625 0.0345810546875 0.5543896484375 0.029908203125 0.5478466796875 0.014486328125 0.5427060546875
0 0 0.6405654296875 0.021798828125 0.648115234375 0.0231806640625 0.6453505859375 0.0216923828125 0.6430107421875 0.023287109375 0.636205078125 0.0226494140625 0.6350361328125 0.0161630859375 0.632802734375 0 0.6284423828125 0 0.6405654296875
4 0.1210283203125 0.9745244140625 0.123318359375 0.970515625 0.1217919921875 0.9678427734375 0.0935390625 0.9647880859375 0.06299609375 0.9684150390625 0.064140625 0.9714697265625 0.1011748046875 0.9823505859375 0.1124375 0.99533203125 0.113201171875 0.978341796875 0.1210283203125 0.9745244140625
8 0 0 0 0.27710546875 0.0116337890625 0.2747255859375 0.0222109375 0.2683798828125 0.02644140625 0.259125 0.0274990234375 0.2551591796875 0.062666015625 0.2678505859375 0.0790595703125 0.2662646484375 0.0801171875 0.26176953125 0.0769443359375 0.260447265625 0.066896484375 0.261240234375 0.05790625 0.2593896484375 0.0512958984375 0.25674609375 0.0391328125 0.25330859375 0.0356962890625 0.2501357421875 0.043099609375 0.24643359375 0.05208984375 0.2509287109375 0.05790625 0.2503994140625 0.058435546875 0.2466982421875 0.0901650390625 0.24987109375 0.09466015625 0.2432607421875 0.0880498046875 0.240880859375 0.0811748046875 0.2390302734375 0.06557421875 0.2390302734375 0.06398828125 0.2350634765625 0.0415126953125 0.2321552734375 0.0351669921875 0.230568359375 0.0441572265625 0.2287177734375 0.047330078125 0.2244873046875 0.042306640625 0.22263671875 0.030671875 0.2218427734375 0.016658203125 0.21919921875 0.0253837890625 0.215232421875 0.0304072265625 0.211001953125 0.03490234375 0.2086220703125 0.031994140625 0.1988388671875 0.05790625 0.22422265625 0.0610791015625 0.2218427734375 0.0594931640625 0.213646484375 0.0552626953125 0.2091513671875 0.0587001953125 0.206771484375 0.06821875 0.2120595703125 0.0756220703125 0.2128525390625 0.0742998046875 0.199896484375 0.076416015625 0.1856181640625 0.0698056640625 0.1776708984375 0.07244921875 0.17158984375 0.0949248046875 0.1739697265625 0.1084091796875 0.180580078125 0.1179287109375 0.178728515625 0.1242744140625 0.1734404296875 0.1255966796875 0.1663017578125 0.1226875 0.1610126953125 0.1152841796875 0.1657724609375 0.107087890625 0.1718544921875 0.10312109375 0.166037109375 0.109203125 0.157046875 0.1068232421875 0.1486884765625 0.097568359375 0.151068359375 0.0893720703125 0.151861328125 0.084876953125 0.1410205078125 0.095453125 0.1436650390625 0.0978330078125 0.1367900390625 0.0901650390625 0.1264775390625 0.078001953125 0.116958984375 0.0817041015625 0.1040029296875 0.0880498046875 0.1026806640625 0.112640625 0.1354677734375 0.1173994140625 0.136525390625 0.1192509765625 0.1285927734375 0.1166064453125 0.1193388671875 0.107880859375 0.11061328125 0.1068232421875 0.10373828125 0.1166064453125 0.1077041015625 0.118986328125 0.1013583984375 0.13220703125 0.11219921875 0.13564453125 0.101623046875 0.14066796875 0.1053251953125 0.1430478515625 0.11484375 0.14912890625 0.11484375 0.1515087890625 0.11219921875 0.1832021484375 0.128064453125 0.1988017578125 0.12938671875 0.2141376953125 0.12409765625 0.2141376953125 0.120396484375 0.2112294921875 0.1174873046875 0.2022392578125 0.1198671875 0.1876962890625 0.11907421875 0.181615234375 0.1174873046875 0.18875390625 0.110083984375 0.1874326171875 0.105853515625 0.1784423828125 0.102416015625 0.1665439453125 0.094138671875 0.1760625 0.0928173828125 0.18875390625 0.08964453125 0.1874326171875 0.0830341796875 0.178177734375 0.0830341796875 0.1676015625 0.0809189453125 0.15305859375 0.0748369140625 0.146712890625 0.0663759765625 0.135078125 0.0645244140625 0.1403662109375 0.061087890625 0.1623134765625 0.0727216796875 0.1702451171875 0.0698134765625 0.173947265625 0.0647890625 0.169716796875 0.059765625 0.1617841796875 0.05712109375 0.155966796875 0.05024609375 0.17341796875 0.050775390625 0.1953642578125 0.0407275390625 0.20594140625 0.0380830078125 0.2215419921875 0.0351748046875 0.2231279296875 0.02701171875 0.217046875 0.027541015625 0.2069990234375 0.0293916015625 0.2146669921875 0.0217236328125 0.219955078125 0.012205078125 0.218369140625 0.0077099609375 0.209642578125 0.0092958984375 0.2017109375 0.0161708984375 0.1932490234375 0.0177578125 0.1948359375 0.00903125 0.196158203125 0.002421875 0.1911337890625 0.0008349609375 0.184259765625 0.0079736328125 0.1686591796875 0.012205078125 0.1760625 0.0055947265625 0.17526953125 0 0 0
2 0.7312919921875 0 0.7310185546875 0.0269111328125 0.637919921875 0.0784091796875 0.53147265625 0.136533203125 0.4542587890625 0.1791767578125 0.4282607421875 0.1590849609375 0.42552734375 0.1584013671875 0.4225205078125 0.1594892578125 0.387861328125 0.1798544921875 0.3290341796875 0.2148203125 0.3278037109375 0.2171435546875 0.3269833984375 0.2250712890625 0.330263671875 0.22848828125 0.32493359375 0.250544921875 0.27255859375 0.2791103515625 0.1762509765625 0.3338125 0.1366142578125 0.3549609375 0.1359306640625 0.35728515625 0.137296875 0.3593349609375 0.145087890625 0.363982421875 0.145771484375 0.3667158203125 0.1880048828125 0.3868076171875 0.170166015625 0.4506650390625 0.1381826171875 0.5702255859375 0.127658203125 0.5706357421875 0.127248046875 0.56899609375 0.127248046875 0.560658203125 0.12822265625 0.55703125 0.12265625 0.553125 0.123046875 0.54951171875 0.1228515625 0.54287109375 0.119921875 0.54228515625 0.1189453125 0.5435546875 0.11640625 0.54833984375 0.113671875 0.55107421875 0.10693359375 0.55302734375 0.10693359375 0.5560546875 0.10751953125 0.55791015625 0.104697265625 0.5662802734375 0.074796875 0.556140625 0.07672265625 0.5535732421875 0.07582421875 0.5517763671875 0.071203125 0.5494658203125 0.0656845703125 0.549337890625 0.06212109375 0.55075 0.0600673828125 0.552033203125 0.0169423828125 0.537658203125 0.018623046875 0.531970703125 0 0.525951171875 0 1 1 1 1 0 0.7312919921875 0