9 0.2143671875 0.22437109375 0.3038291015625 0.24151953125 0.304115234375 0.2143671875 0.215509765625 0.194359375 0.2143671875 0.22437109375
9 0.4199462890625 0.2690419921875 0.4178427734375 0.2434912109375 0.3369794921875 0.225154296875 0.3360771484375 0.251306640625 0.4199462890625 0.2690419921875
9 0 0.322865234375 0.0611103515625 0.335087890625 0.064166015625 0.26684765625 0 0.252927734375 0 0.322865234375
9 0 0.4827705078125 0.0573759765625 0.4898994140625 0.060431640625 0.412154296875 0 0.4033271484375 0 0.4827705078125
9 0 0.65696875 0.04873828125 0.6587333984375 0.0520458984375 0.5747099609375 0 0.5716220703125 0 0.65696875
9 0.000236328125 0.759173828125 0 0.86115234375 0.0387138671875 0.8618603515625 0.045087890625 0.7587021484375 0.000236328125 0.759173828125
9 0.225203125 0.8434482421875 0.223314453125 0.76483984375 0.1661875 0.7655478515625 0.1654794921875 0.84368359375 0.225203125 0.8434482421875
9 0.2983818359375 0.8396708984375 0.2941328125 0.7638955078125 0.2379501953125 0.7650751953125 0.2381865234375 0.8417958984375 0.2983818359375 0.8396708984375
9 0.508068359375 0.83375390625 0.4991865234375 0.767728515625 0.454478515625 0.7683203125 0.4598076171875 0.8349375 0.508068359375 0.83375390625
9 0.71026171875 0.82603125 0.6986845703125 0.7609501953125 0.605443359375 0.76001171875 0.6135791015625 0.830099609375 0.71026171875 0.82603125
9 0.6755078125 0.645787109375 0.669326171875 0.621771484375 0.581826171875 0.6170166015625 0.5839658203125 0.64103125 0.6755078125 0.645787109375
9 0.291197265625 0.60459765625 0.1663466796875 0.595861328125 0.1685302734375 0.675212890625 0.2984765625 0.681400390625 0.291197265625 0.60459765625
0 0.09028515625 0.5464619140625 0.14683203125 0.474234375 0.4346318359375 0.5091923828125 0.6743154296875 0.53865234375 0.6623134765625 0.4753671875 0.4450361328125 0.4435224609375 0.1426865234375 0.3982119140625 0.09136328125 0.481203125 0.09028515625 0.5464619140625
0 0.1473076171875 0.2974658203125 0.6433974609375 0.4021982421875 0.6362685546875 0.339224609375 0.3974453125 0.2875390625 0.14655859375 0.2295283203125 0.095037109375 0.328828125 0.0945615234375 0.38917578125 0.1473076171875 0.2974658203125
0 0.143546875 0.69656640625 0.7094033203125 0.7076708984375 0.6938056640625 0.630259765625 0.43037890625 0.6123515625 0.1447255859375 0.5920107421875 0.08601953125 0.6626474609375 0.087044921875 0.7314921875 0.143546875 0.69656640625
0 0.2652373046875 0.922201171875 0.705115234375 0.8858759765625 0.6931640625 0.80296484375 0.1381845703125 0.8231328125 0.076548828125 0.843412109375 0.078443359375 0.9310263671875 0.2652373046875 0.922201171875
9 0.74140625 0.68955078125 0.75615234375 0.68505859375 0.75048828125 0.6595703125 0.736779296875 0.6637685546875 0.74140625 0.68955078125
9 0.7905068359375 0.6463232421875 0.797265625 0.674859375 0.8156640625 0.6697275390625 0.8086552734375 0.64106640625 0.7905068359375 0.6463232421875
9 0.853962890625 0.6583388671875 0.8460771484375 0.62842578125 0.8271787109375 0.63480859375 0.8345625 0.663970703125 0.853962890625 0.6583388671875
9 0.8954130859375 0.6466083984375 0.8892353515625 0.6245078125 0.881392578125 0.6114384765625 0.862619140625 0.6183291015625 0.872125 0.652787109375 0.8954130859375 0.6466083984375
9 0.881376953125 0.6799189453125 0.892935546875 0.7203759765625 0.9131640625 0.715421875 0.9018115234375 0.675171875 0.881376953125 0.6799189453125
9 0.9348369140625 0.7808544921875 0.920181640625 0.7383330078125 0.8985087890625 0.74390625 0.9088291015625 0.7856015625 0.9348369140625 0.7808544921875
9 0.857009765625 0.7526494140625 0.8675205078125 0.7910009765625 0.887986328125 0.78620703125 0.8771083984375 0.748224609375 0.857009765625 0.7526494140625
9 0.8269560546875 0.7963486328125 0.8461318359375 0.793029296875 0.836912109375 0.7563369140625 0.8173681640625 0.7603935546875 0.8269560546875 0.7963486328125
9 0.8699169921875 0.7251767578125 0.86014453125 0.6864560546875 0.8420751953125 0.6918037109375 0.85092578125 0.7296015625 0.8699169921875 0.7251767578125
9 0.8051982421875 0.7004697265625 0.8133115234375 0.7388212890625 0.8302744140625 0.7347646484375 0.821240234375 0.6969658203125 0.8051982421875 0.7004697265625
9 0.7467060546875 0.7163056640625 0.754212890625 0.75162890625 0.76910546875 0.7485517578125 0.760982421875 0.712244140625 0.7467060546875 0.7163056640625
9 0.7563056640625 0.7720595703125 0.7641826171875 0.8055361328125 0.7821513671875 0.802951171875 0.775013671875 0.76812109375 0.7563056640625 0.7720595703125
9 0.81576953125 0.865453125 0.806861328125 0.828943359375 0.7822705078125 0.831578125 0.7881669921875 0.8672099609375 0.81576953125 0.865453125
9 0.8605224609375 0.864484375 0.851013671875 0.8232802734375 0.817205078125 0.826185546875 0.825921875 0.8655400390625 0.8605224609375 0.864484375
9 0.9083916015625 0.86042578125 0.896400390625 0.817572265625 0.8635712890625 0.8226826171875 0.8718271484375 0.86278515625 0.9083916015625 0.86042578125
9 0.963001953125 0.85691015625 0.94921484375 0.811576171875 0.9115361328125 0.8177685546875 0.9211689453125 0.858853515625 0.963001953125 0.85691015625
8 0 0 0 0.1793046875 0.0192001953125 0.225791015625 0.07896875 0.2634228515625 0.125455078125 0.2789189453125 0.1564462890625 0.3431142578125 0.096677734375 0.3497548828125 0.067900390625 0.363037109375 0.067900390625 0.3851728515625 0.0922509765625 0.4028828125 0.125455078125 0.4250185546875 0.154232421875 0.4360869140625 0.1807958984375 0.4537958984375 0.2317099609375 0.5113505859375 0.3180419921875 0.520205078125 0.3866650390625 0.520205078125 0.442005859375 0.5379140625 0.4729970703125 0.564478515625 0.5017744140625 0.5799736328125 0.557115234375 0.613177734375 0.599173828125 0.6198193359375 0.5836787109375 0.67516015625 0.6013876953125 0.6950830078125 0.6301650390625 0.699509765625 0.6655830078125 0.699509765625 0.7231376953125 0.7017236328125 0.7674111328125 0.6596650390625 0.743060546875 0.613177734375 0.7098564453125 0.59546875 0.7079150390625 0.5665869140625 0.736419921875 0.5578369140625 0.78290625 0.5821875 0.816111328125 0.6153916015625 0.86923828125 0.628673828125 0.915724609375 0.68180078125 0.9290068359375 0.728287109375 0.9179384765625 0.772560546875 0.922365234375 0.7991240234375 0.9489296875 0.843396484375 0.9688525390625 0.8699599609375 0.99159765625 0.876955078125 0.9963251953125 0.9076845703125 0.788314453125 0.89468359375 0.7835869140625 0.9005927734375 0.79776953125 0.9277763671875 0.855681640625 0.9785966796875 0.9289580078125 0.979779296875 0.8131337890625 0.9951435546875 0.79776953125 0.98332421875 0.771767578125 0.992779296875 0.7634951171875 0.954958984375 0.758767578125 0.944322265625 0.7410390625 0.9395947265625 0.7280380859375 0.9466865234375 0.7256748046875 0.960869140625 0.7256748046875 0.982142578125 0.685490234375 1 1 1 1 0 0 0
2 1 0.8600869140625 0.983021484375 0.858279296875 0.973982421875 0.852404296875 0.967654296875 0.841556640625 0.969462890625 0.7828017578125 0.938958984375 0.7123466796875 0.934130859375 0.6772607421875 0.9280146484375 0.66953515625 0.90998828125 0.649900390625 0.9006533203125 0.647646484375 0.900009765625 0.6367021484375 0.891962890625 0.62801171875 0.8691083984375 0.5932470703125 0.848185546875 0.552044921875 0.8485068359375 0.5439970703125 0.802798828125 0.5613798828125 0.7215693359375 0.6244560546875 0.6718837890625 0.3816748046875 0.7294736328125 0.34215234375 0.4410234375 0.2722841796875 0.438466796875 0.2364912109375 0.460837890625 0.2217900390625 0.4614765625 0.214759765625 0.1859970703125 0.13869921875 0.1553173828125 0.205171875 0 0.1674931640625 0 1 0.1602138671875 0.9998740234375 0.1401875 0.9485859375 0.0786416015625 0.945166015625 0.0771767578125 0.933931640625 0.653087890625 0.8853974609375 0.74031640625 0.8813291015625 0.7886767578125 0.91070703125 0.824833984375 0.9396328125 1 0.93194921875 1 0.8600869140625
4 0.08380078125 0.94347265625 0.14080859375 0.9463232421875 0.163611328125 1 0.739013671875 0.9987958984375 0.801359375 0.98447265625 0.85044140625 0.9764501953125 0.8188212890625 0.88394921875 0.828259765625 0.8872529296875 0.8254287109375 0.880173828125 0.7267919921875 0.80891015625 0.6961162109375 0.80655078125 0.709330078125 0.8886689453125 0.2491728515625 0.9273466796875 0.082861328125 0.937337890625 0.08380078125 0.94347265625