8 0.807412109375 0.8428251953125 0.8019638671875 0.8313837890625 0.7943369140625 0.82648046875 0.797060546875 0.8101357421875 0.85102734375 0.8065009765625 0.873529296875 0.791669921875 0.9272275390625 0.784509765625 0.9292734375 0.76865625 0.9180224609375 0.7435966796875 0.9216025390625 0.7354140625 0.9400126953125 0.7308115234375 0.9507529296875 0.718537109375 0.9306728515625 0.708509765625 0.952259765625 0.6922001953125 0.9702998046875 0.668125 0.9547314453125 0.6590439453125 0.9398125 0.65709765625 0.922298828125 0.6765576171875 0.901541015625 0.672017578125 0.889216796875 0.6317998046875 0.90802734375 0.749208984375 0.835376953125 0.7582900390625 0.791716796875 0.7685859375 0.773921875 0.7685859375 0.765708984375 0.7720087890625 0.76091796875 0.750107421875 0.7397021484375 0.7446318359375 0.7485986328125 0.7802216796875 0.7499677734375 0.7966474609375 0.7239609375 0.7870654296875 0.696583984375 0.7891181640625 0.6856337890625 0.793224609375 0.7184853515625 0.7952783203125 0.7232763671875 0.809650390625 0.706166015625 0.813072265625 0.7054814453125 0.8253916015625 0.7301201171875 0.8479775390625 0.7342265625 0.8691943359375 0.732857421875 0.8876728515625 0.7561279296875 0.8965703125 0.8203955078125 0.8963095703125 0.819638671875 0.8486171875 0.807412109375 0.8428251953125
1 1 0.7821669921875 0.9714677734375 0.7821669921875 0.9631474609375 0.7858076171875 0.87577734375 0.7920478515625 0.81805078125 0.831572265625 0.79880859375 0.8456142578125 0.792568359375 0.8716171875 0.7930888671875 0.8882587890625 0.807650390625 0.8955400390625 0.8119453125 0.883400390625 0.8161796875 0.865404296875 0.83205859375 0.86169921875 0.829412109375 0.853759765625 0.8331171875 0.8415859375 0.85323046875 0.83841015625 0.9199228515625 0.834705078125 0.9241572265625 0.831 1 0.8140625 1 0.7821669921875
1 0.7959892578125 0.8491943359375 0.799875 0.8405263671875 0.817509765625 0.830064453125 0.84650390625 0.809439453125 0.8148203125 0.810037109375 0.79054296875 0.8117099609375 0.7776591796875 0.8236748046875 0.7799599609375 0.8480625 0.79560546875 0.855884765625 0.7959892578125 0.8491943359375
8 0.859865234375 0.99937109375 1 1 0.99939453125 0.833970703125 0.979328125 0.8334814453125 0.97443359375 0.8300556640625 0.9411533203125 0.8334814453125 0.9215107421875 0.8387001953125 0.8624326171875 0.840720703125 0.8381953125 0.84375 0.8336513671875 0.850314453125 0.829611328125 0.863947265625 0.817998046875 0.8730361328125 0.815978515625 0.8851552734375 0.8298681640625 0.897591796875 0.840517578125 0.966166015625 0.8526142578125 0.973970703125 0.8569072265625 1 0.859865234375 0.99937109375
3 0.855005859375 1 0.851796875 0.975576171875 0.83969921875 0.9681455078125 0.828810546875 0.8989853515625 0.822318359375 0.8940390625 0.8204638671875 0.897439453125 0.7592529296875 0.89805859375 0.74194140625 0.8934208984375 0.7298154296875 0.89255859375 0.2450146484375 0.8861494140625 0.227677734375 0.88500390625 0.2240791015625 0.89271875 0.225107421875 0.940515625 0.214861328125 0.9485322265625 0.2118662109375 1 0.855005859375 1
3 0.026791015625 1 0.0868017578125 0.99982421875 0.0953681640625 0.9488681640625 0.057701171875 0.879947265625 0.0008017578125 0.875138671875 0 1 0.026791015625 1
8 0 0.8178134765625 0.01175390625 0.8236904296875 0.029880859375 0.826408203125 0.0520771484375 0.8323837890625 0.0574140625 0.844486328125 0.0538779296875 0.85855859375 0.0361376953125 0.8699833984375 0.01537109375 0.8743232421875 0.0592587890625 0.8786083984375 0.0724267578125 0.9038916015625 0.07854296875 0.9032431640625 0.0896416015625 0.8861689453125 0.0922021484375 0.858849609375 0.1050087890625 0.8409208984375 0.10927734375 0.818724609375 0.094763671875 0.8042109375 0.102447265625 0.7845751953125 0.094763671875 0.766646484375 0.07854296875 0.763232421875 0.0572001953125 0.77176953125 0.040978515625 0.7837216796875 0.0275771484375 0.7848115234375 0 0.7848115234375 0 0.8178134765625
8 0.2662392578125 0.87928125 0.2523515625 0.8733291015625 0.2404482421875 0.87451953125 0.24203515625 0.8824560546875 0.2587001953125 0.88404296875 0.36140234375 0.8859033203125 0.371974609375 0.8812041015625 0.37920703125 0.88764453125 0.3942939453125 0.8841416015625 0.393119140625 0.8671083984375 0.3984052734375 0.8483134765625 0.4042783203125 0.8483134765625 0.422486328125 0.83362890625 0.41015234375 0.81718359375 0.4271845703125 0.8071982421875 0.4166123046875 0.7954521484375 0.39253125 0.785466796875 0.36786328125 0.7931025390625 0.3455439453125 0.7696083984375 0.3073662109375 0.7602109375 0.2915078125 0.7566865234375 0.2715380859375 0.769021484375 0.2521552734375 0.777244140625 0.243345703125 0.791927734375 0.230423828125 0.793689453125 0.2292490234375 0.8071982421875 0.2427578125 0.8160087890625 0.2562666015625 0.8289306640625 0.29326953125 0.8224697265625 0.3179384765625 0.832455078125 0.3279228515625 0.844201171875 0.3238115234375 0.863583984375 0.279173828125 0.880029296875 0.2662392578125 0.87928125
9 0.1923994140625 0.829080078125 0.1270419921875 0.831283203125 0.11676171875 0.99651171875 0.1821181640625 1 0.1923994140625 0.829080078125
9 0.42712890625 0.556849609375 0.346765625 0.563177734375 0.346765625 0.6650556640625 0.43092578125 0.661892578125 0.42712890625 0.556849609375
9 0.423279296875 0.3673330078125 0.3459853515625 0.3761669921875 0.343041015625 0.4674482421875 0.426224609375 0.46155859375 0.423279296875 0.3673330078125
9 0.2264453125 0.5912744140625 0.1567236328125 0.59113671875 0.155962890625 0.67482421875 0.222912109375 0.6725419921875 0.2264453125 0.5912744140625
9 0.232564453125 0.38870703125 0.1622763671875 0.393896484375 0.1594453125 0.4759775390625 0.2297333984375 0.4759775390625 0.232564453125 0.38870703125
9 0.23575390625 0.222841796875 0.1716748046875 0.229537109375 0.1659365234375 0.3089189453125 0.2314501953125 0.3031796875 0.23575390625 0.222841796875
9 0.416470703125 0.195087890625 0.3426767578125 0.2082353515625 0.34098046875 0.287966796875 0.419015625 0.278212890625 0.416470703125 0.195087890625
9 0.2389580078125 0.072203125 0.1742041015625 0.082517578125 0.169046875 0.1570126953125 0.2372392578125 0.15013671875 0.2389580078125 0.072203125
9 0.4109521484375 0.0417919921875 0.33915625 0.0551865234375 0.3415341796875 0.1262568359375 0.413681640625 0.1163662109375 0.4109521484375 0.0417919921875
9 0.731580078125 0.888595703125 0.73273828125 0.87030078125 0.72949609375 0.8499208984375 0.724171875 0.8460234375 0.654376953125 0.8464091796875 0.6566904296875 0.89075390625 0.731580078125 0.888595703125
2 0.3450791015625 0 0.0008232421875 0.06012109375 0.00062890625 0.8739111328125 0.058798828125 0.8786171875 0.098953125 0.949353515625 0.0900244140625 0.9969697265625 0.208322265625 0.9999462890625 0.20919140625 0.95081640625 0.2217998046875 0.9393544921875 0.220080078125 0.8900654296875 0.2258115234375 0.8808955078125 0.78598046875 0.890333984375 0.77698046875 0.76665234375 0.7930849609375 0.7657978515625 0.9063828125 0.7474091796875 0.7916259765625 0 0.3450791015625 0