9 0.7517158203125 0.2852138671875 0.754978515625 0.389140625 0.9875302734375 0.3858779296875 0.96795703125 0.2791552734375 0.7517158203125 0.2852138671875
9 0.745658203125 0.0843525390625 0.7498525390625 0.176162109375 0.9553740234375 0.168705078125 0.9423251953125 0.0750322265625 0.745658203125 0.0843525390625
9 0.5490068359375 0.21909375 0.6209482421875 0.206376953125 0.6565546875 0.203107421875 0.65546484375 0.168953125 0.544283203125 0.1867568359375 0.5348359375 0.1900263671875 0.5046787109375 0.203107421875 0.5024990234375 0.230357421875 0.5490068359375 0.21909375
9 0.534734375 0.4107294921875 0.6043046875 0.4049072265625 0.6043046875 0.414513671875 0.655828125 0.4118935546875 0.655828125 0.345525390625 0.529494140625 0.3592060546875 0.489615234375 0.3723056640625 0.4869951171875 0.4174248046875 0.534734375 0.4107294921875
9 0.3803955078125 0.451875 0.379865234375 0.444974609375 0.3812802734375 0.4417900390625 0.39348828125 0.43807421875 0.3963193359375 0.4095888671875 0.315333984375 0.431310546875 0.310609375 0.46839453125 0.3803955078125 0.451875
9 0.20120703125 0.4862158203125 0.2065244140625 0.48706640625 0.2084384765625 0.49366015625 0.239705078125 0.4862158203125 0.2488505859375 0.4402744140625 0.2050361328125 0.4487822265625 0.1582431640625 0.46239453125 0.1544150390625 0.466009765625 0.1463330078125 0.49940234375 0.20120703125 0.4862158203125
9 0.1915380859375 0.70358984375 0.2078447265625 0.617009765625 0.1097041015625 0.629166015625 0.1085185546875 0.6321337890625 0.087169921875 0.7133740234375 0.1915380859375 0.70358984375
9 0.334423828125 0.68754296875 0.335611328125 0.6789375 0.343919921875 0.675673828125 0.3572734375 0.675080078125 0.3560859375 0.6629140625 0.3623173828125 0.6596494140625 0.3673623046875 0.5937734375 0.2819013671875 0.6100947265625 0.267361328125 0.6943681640625 0.334423828125 0.68754296875
9 0.513119140625 0.56566015625 0.46778125 0.5741337890625 0.460578125 0.674978515625 0.490662109375 0.6724365234375 0.4940517578125 0.6580302734375 0.647013671875 0.652521484375 0.6499794921875 0.5597275390625 0.513119140625 0.56566015625
9 0.5417001953125 0.8603466796875 0.5538544921875 0.85771875 0.6474775390625 0.86100390625 0.6474775390625 0.821255859375 0.44610546875 0.8176416015625 0.440193359375 0.855748046875 0.5417001953125 0.8603466796875
9 0.123013671875 0.8997021484375 0.126419921875 0.864501953125 0.1294482421875 0.8576884765625 0.1370185546875 0.852767578125 0.1570791015625 0.8539033203125 0.1627568359375 0.8232451171875 0.056775390625 0.827029296875 0.0416357421875 0.88834765625 0.123013671875 0.8997021484375
9 0.2745302734375 0.3110361328125 0.2772734375 0.2844482421875 0.188013671875 0.3196875 0.185693359375 0.3420546875 0.2745302734375 0.3110361328125
9 0.4161025390625 0.2602431640625 0.4189619140625 0.2354580078125 0.33316796875 0.268583984375 0.3315 0.2890791015625 0.4161025390625 0.2602431640625
9 1 0.8224873046875 0.8398857421875 0.8140517578125 0.846212890625 0.863611328125 0.9648408203125 0.8593935546875 1 0.8567578125 1 0.8224873046875
9 1 0.5131103515625 0.76215625 0.5112333984375 0.7677880859375 0.6564052734375 1 0.66641796875 1 0.5131103515625
9 0.60102734375 0.0727568359375 0.60206640625 0.0410556640625 0.5623095703125 0.0537880859375 0.5617900390625 0.0826318359375 0.60102734375 0.0727568359375
9 0.44994921875 0.1261455078125 0.4513798828125 0.103833984375 0.422203125 0.1172783203125 0.4196279296875 0.1378740234375 0.44994921875 0.1261455078125
9 0.3239384765625 0.180857421875 0.3257001953125 0.1628505859375 0.3029951171875 0.1730283203125 0.3004501953125 0.1904482421875 0.3239384765625 0.180857421875
9 0.217529296875 0.2255419921875 0.2191787109375 0.206923828125 0.197025390625 0.215408203125 0.192783203125 0.23567578125 0.217529296875 0.2255419921875
9 0.12444921875 0.2658017578125 0.1269921875 0.24830078125 0.103359375 0.25951953125 0.10081640625 0.2758232421875 0.12444921875 0.2658017578125
9 0.0408203125 0.3012236328125 0.0432490234375 0.2858974609375 0.02306640625 0.29363671875 0.0191201171875 0.3098740234375 0.0408203125 0.3012236328125
8 0.9996962890625 1 1 0.8573349609375 0.981345703125 0.8595703125 0.92915625 0.862677734375 0.863919921875 0.864541015625 0.840931640625 0.8617451171875 0.83005859375 0.858328125 0.8214111328125 0.85787109375 0.8057861328125 0.860322265625 0.74358984375 0.8615478515625 0.692494140625 0.8594404296875 0.6524306640625 0.860685546875 0.6445419921875 0.8622109375 0.6115654296875 0.861228515625 0.584912109375 0.85976171875 0.55532421875 0.8585390625 0.528302734375 0.8602509765625 0.504828125 0.859517578125 0.4644814453125 0.8578056640625 0.4378291015625 0.856337890625 0.4241357421875 0.8516923828125 0.4021279296875 0.8507138671875 0.3776748046875 0.850224609375 0.363736328125 0.8487578125 0.3566455078125 0.851203125 0.3438681640625 0.85487109375 0.3167255859375 0.84753515625 0.29031640625 0.848513671875 0.235158203125 0.851447265625 0.1999453125 0.84998046875 0.1813212890625 0.8487578125 0.1722734375 0.84998046875 0.161025390625 0.85242578125 0.1563798828125 0.8553603515625 0.13999609375 0.853404296875 0.1314375 0.857072265625 0.1272802734375 0.8656298828125 0.1236123046875 0.9025537109375 0.115298828125 0.9164921875 0.113078125 0.9282294921875 0.109654296875 0.96477734375 0.10876953125 0.98998046875 0.1114228515625 0.9974970703125 0.1140751953125 1 0.9996962890625 1
8 0 0.9803828125 0.017400390625 0.9803828125 0.0228955078125 0.9744306640625 0.0288486328125 0.9519931640625 0.033427734375 0.9318447265625 0.0370908203125 0.9071181640625 0.027474609375 0.9025390625 0.0141953125 0.899791015625 0.009158203125 0.89475390625 0.0027470703125 0.893837890625 0 0.8979599609375 0 0.9803828125
0 0.0707373046875 0.36737109375 0.0516328125 0.37330859375 0.0007744140625 0.391638671875 0 0.4151318359375 0.0493095703125 0.39654296875 0.08261328125 0.3838935546875 0.0836455078125 0.368919921875 0.0707373046875 0.36737109375
0 0.1213974609375 0.3715732421875 0.184373046875 0.351 0.2331689453125 0.3330966796875 0.3389453125 0.2967294921875 0.45915234375 0.25499609375 0.5295546875 0.2335830078125 0.6103193359375 0.219572265625 0.6990693359375 0.20750390625 0.698869140625 0.1818837890625 0.697267578125 0.1798818359375 0.6087998046875 0.187087890625 0.5236748046875 0.20430078125 0.4573955078125 0.22591796875 0.336576171875 0.270759765625 0.232208984375 0.30798828125 0.1214951171875 0.3489345703125 0.1198271484375 0.367646484375 0.1213974609375 0.3715732421875
0 0 0.5534658203125 0.0314111328125 0.544984375 0.0367509765625 0.5245673828125 0.023244140625 0.5226826171875 0 0.52896484375 0 0.5534658203125
0 0.079470703125 0.5339912109375 0.141978515625 0.5207978515625 0.2450078125 0.495041015625 0.3688193359375 0.46645703125 0.5130908203125 0.4359873046875 0.603146484375 0.4278212890625 0.700083984375 0.417375 0.6997705078125 0.3913037109375 0.698513671875 0.38690625 0.69505859375 0.38690625 0.6020810546875 0.3916181640625 0.5122451171875 0.401041015625 0.45624609375 0.4110927734375 0.369236328125 0.4327666015625 0.2443876953125 0.4657490234375 0.14204296875 0.491142578125 0.0797392578125 0.5062197265625 0.07538671875 0.5085478515625 0.073501953125 0.520484375 0.079470703125 0.5339912109375
0 0.02030078125 0.7217587890625 0.0242880859375 0.727921875 0.0355263671875 0.7300966796875 0.14137890625 0.7199462890625 0.3331015625 0.7007333984375 0.4944072265625 0.690220703125 0.59348046875 0.686595703125 0.6978837890625 0.6822451171875 0.69643359375 0.66339453125 0.6986083984375 0.6546943359375 0.7051337890625 0.65251953125 0.705859375 0.64526953125 0.592755859375 0.642369140625 0.4945146484375 0.6463564453125 0.3333876953125 0.66158203125 0.1438193359375 0.684783203125 0.0343212890625 0.697470703125 0.02030078125 0.6996455078125 0.0177626953125 0.7126962890625 0.02030078125 0.7217587890625
2 0.6530087890625 0 0.6523212890625 0.0589775390625 0.650615234375 0.05992578125 0.6487197265625 0.0623896484375 0.6398095703125 0.06352734375 0.6392412109375 0.0612529296875 0.622099609375 0.014494140625 0.618876953125 0.01392578125 0.5385458984375 0.038916015625 0.5393037109375 0.04194921875 0.547076171875 0.060337890625 0.5449912109375 0.0866875 0.517125 0.0948388671875 0.4909443359375 0.1060234375 0.46781640625 0.0756923828125 0.46459375 0.073986328125 0.4005458984375 0.104138671875 0.399787109375 0.1058447265625 0.4007353515625 0.1090673828125 0.4083173828125 0.117787109375 0.4047158203125 0.1437578125 0.365775390625 0.16025 0.340392578125 0.134279296875 0.337169921875 0.133142578125 0.2848544921875 0.156857421875 0.2820107421875 0.1591328125 0.28276953125 0.1614072265625 0.289025390625 0.1701279296875 0.2846650390625 0.1962880859375 0.2578486328125 0.20747265625 0.231119140625 0.18169140625 0.2282763671875 0.18169140625 0.18166015625 0.2015107421875 0.1791953125 0.20340625 0.179763671875 0.20587109375 0.1863984375 0.2138330078125 0.179384765625 0.241130859375 0.1664404296875 0.2458701171875 0.139216796875 0.2256611328125 0.135912109375 0.2250419921875 0.0890087890625 0.2455498046875 0.0875634765625 0.2469951171875 0.088802734375 0.251951171875 0.0939658203125 0.2564951171875 0.0867373046875 0.2806572265625 0.084671875 0.281896484375 0.08157421875 0.280451171875 0.0528681640625 0.2624833984375 0.050390625 0.262896484375 0.0121845703125 0.2798310546875 0.0075400390625 0.281470703125 0.0079375 0.2846455078125 0.014287109375 0.2905986328125 0.0057548828125 0.313814453125 0 0.31738671875 0 0.8965087890625 0.0011904296875 0.8935322265625 0.0085322265625 0.8935322265625 0.0144853515625 0.8984931640625 0.02361328125 0.9000810546875 0.0341298828125 0.904248046875 0.0381640625 0.90714453125 0.034017578125 0.935548828125 0.0245126953125 0.9735634765625 0.0188095703125 0.983068359375 0.1078115234375 0.9855126953125 0.10960546875 0.95811328125 0.1140986328125 0.9180078125 0.12119140625 0.9022822265625 0.1252763671875 0.8642958984375 0.1289521484375 0.856943359375 0.1365087890625 0.8516337890625 0.14283984375 0.851837890625 0.1561142578125 0.852859375 0.1610166015625 0.851021484375 0.1753125 0.848162109375 0.193080078125 0.8483662109375 0.2324990234375 0.8506123046875 0.316845703125 0.846732421875 0.3441943359375 0.85367578125 0.3586943359375 0.8487744140625 0.3644130859375 0.8473447265625 0.370130859375 0.8485703125 0.4154697265625 0.8502041015625 0.4265068359375 0.8512255859375 0.4340634765625 0.8540849609375 0.4489716796875 0.85510546875 0.4898173828125 0.8571474609375 0.539853515625 0.858373046875 0.5476142578125 0.8571474609375 0.566650390625 0.8571474609375 0.617912109375 0.8591904296875 0.656712890625 0.8591904296875 0.6949033203125 0.8585771484375 0.74453125 0.8602109375 0.792 0.85939453125 0.8073173828125 0.8585771484375 0.824880859375 0.85653515625 0.8348876953125 0.8581689453125 0.8540859375 0.8620498046875 0.91147265625 0.8600068359375 1 0.8559228515625 1 0.7325400390625 1 0 0.6530087890625 0
9 0.1150390625 0.316068359375 0.0959345703125 0.32826171875 0.091056640625 0.3384228515625 0.08089453125 0.3792705078125 0.1201201171875 0.364638671875 0.1495908203125 0.3552900390625 0.1593681640625 0.3219892578125 0.13576953125 0.307330078125 0.1150390625 0.316068359375
9 0.1093486328125 0.4133017578125 0.0654482421875 0.42752734375 0.0349619140625 0.535640625 0.0762197265625 0.52608984375 0.0786591796875 0.5161318359375 0.1103642578125 0.50881640625 0.125404296875 0.4421591796875 0.1062998046875 0.430576171875 0.1093486328125 0.4133017578125
9 0 0.7241552734375 0.0283271484375 0.720904296875 0.0449931640625 0.705255859375 0.053326171875 0.7024111328125 0.0799501953125 0.6066591796875 0.0593505859375 0.59777734375 0.0615859375 0.5835517578125 0.0161328125 0.5922900390625 0 0.6453310546875 0 0.7241552734375