9 0.430466796875 0.24823046875 0.4301123046875 0.205587890625 0.37544140625 0.233896484375 0.3743798828125 0.27530078125 0.430466796875 0.24823046875
9 0.3056484375 0.308591796875 0.3034794921875 0.2717216796875 0.26893359375 0.2892275390625 0.267384765625 0.3268720703125 0.3056484375 0.308591796875
9 0.191779296875 0.36256640625 0.1925244140625 0.328037109375 0.1806005859375 0.334123046875 0.17848828125 0.36877734375 0.191779296875 0.36256640625
9 0.1287626953125 0.3922353515625 0.12815625 0.3603955078125 0.1000009765625 0.37423046875 0.096359375 0.4076474609375 0.1287626953125 0.3922353515625
9 0.1043896484375 0.5497177734375 0.1104052734375 0.4957529296875 0.0812119140625 0.506900390625 0.0739580078125 0.55910546875 0.1043896484375 0.5497177734375
9 0.1752626953125 0.528369140625 0.1794580078125 0.471884765625 0.1654140625 0.476361328125 0.159806640625 0.53243359375 0.1752626953125 0.528369140625
9 0.2919931640625 0.489275390625 0.2943701171875 0.428390625 0.2579853515625 0.4415546875 0.2545107421875 0.5018916015625 0.2919931640625 0.489275390625
9 0.4264375 0.44669921875 0.4269013671875 0.378099609375 0.3695166015625 0.3995234375 0.367197265625 0.465724609375 0.4264375 0.44669921875
9 0.0775146484375 0.7317919921875 0.08835546875 0.6493681640625 0.062994140625 0.6561171875 0.0515400390625 0.735677734375 0.0775146484375 0.7317919921875
9 0.15371484375 0.722375 0.16096484375 0.647796875 0.1748447265625 0.64841796875 0.1750517578125 0.6308095703125 0.1499853515625 0.636609375 0.1404560546875 0.7227890625 0.15371484375 0.722375
9 0.2781806640625 0.70384765625 0.2828896484375 0.60655078125 0.2471044921875 0.614837890625 0.241642578125 0.7085419921875 0.2781806640625 0.70384765625
9 0.42393359375 0.685376953125 0.4232861328125 0.5756376953125 0.36571484375 0.588359375 0.3631103515625 0.6925830078125 0.42393359375 0.685376953125
9 0.8602333984375 0.6268984375 0.83987109375 0.4903115234375 0.7267080078125 0.5123427734375 0.7410625 0.6415859375 0.8602333984375 0.6268984375
9 0.9168125 0.9734150390625 0.885017578125 0.7738154296875 0.7400185546875 0.779849609375 0.7588857421875 0.96537890625 0.9168125 0.9734150390625
9 0.301546875 0.9059052734375 0.302390625 0.807052734375 0.2635634765625 0.80778125 0.257654296875 0.9061162109375 0.301546875 0.9059052734375
9 0.815265625 0.3232978515625 0.8037431640625 0.2353359375 0.701 0.274224609375 0.7083984375 0.3574404296875 0.815265625 0.3232978515625
9 0.77349609375 0.0522294921875 0.7720556640625 0.0296650390625 0.679875 0.077296875 0.6817958984375 0.099142578125 0.77349609375 0.0522294921875
0 0.95796484375 0.0006044921875 0.864546875 0 0.0117802734375 0.4235322265625 0.012328125 0.449283203125 0.95796484375 0.0006044921875
0 1 0.206736328125 0.00143359375 0.55786328125 0.0004775390625 0.5870107421875 1 0.2697333984375 1 0.206736328125
0 1 0.5463046875 0 0.7141787109375 0 0.747884765625 1 0.619775390625 1 0.5463046875
9 0.1150185546875 0.909806640625 0.1231669921875 0.824560546875 0.1059296875 0.8223671875 0.0952744140625 0.906359375 0.1150185546875 0.909806640625
1 0.715068359375 1 0.713296875 0.9984599609375 0.672033203125 0.9736630859375 0.6352255859375 0.9539033203125 0.5778798828125 0.93259375 0.5187939453125 0.9116708984375 0.51608203125 0.9136083984375 0.551533203125 0.9279443359375 0.4968994140625 0.916126953125 0.4259521484375 0.9074091796875 0.3285517578125 0.901984375 0.24055859375 0.907021484375 0.2297099609375 0.9138017578125 0.20859375 0.9403427734375 0.19948828125 0.9526201171875 0.1863154296875 0.940802734375 0.185927734375 0.933248046875 0.184765625 0.9272421875 0.103201171875 0.9061328125 0.04935546875 0.896833984375 0.0078974609375 0.8921845703125 0 0.8921845703125 0 1 0.715068359375 1
4 0 0.890986328125 0.018423828125 0.89183984375 0.056193359375 0.896361328125 0.0724443359375 0.8988603515625 0.0799248046875 0.82956640625 0.076775390625 0.8212978515625 0.07205078125 0.8177548828125 0.0563017578125 0.8110615234375 0 0.8079111328125 0 0.890986328125
8 0.1341923828125 0.9141337890625 0.1390078125 0.89615625 0.1386865234375 0.8836357421875 0.1418974609375 0.8682255859375 0.146712890625 0.8672626953125 0.15120703125 0.879783203125 0.1524912109375 0.885240234375 0.15120703125 0.9009716796875 0.1560224609375 0.917837890625 0.1855576171875 0.9258642578125 0.1881259765625 0.9371005859375 0.2035361328125 0.9390263671875 0.2115615234375 0.93613671875 0.226650390625 0.9136650390625 0.2427021484375 0.904033203125 0.245591796875 0.8982548828125 0.247517578125 0.8889453125 0.2488017578125 0.88059765625 0.249123046875 0.86326171875 0.24816015625 0.85266796875 0.2452705078125 0.843037109375 0.249123046875 0.832763671875 0.2468759765625 0.8183173828125 0.240455078125 0.818638671875 0.2417392578125 0.811279296875 0.23435546875 0.80710546875 0.2244033203125 0.8038955078125 0.2173408203125 0.7942646484375 0.2044990234375 0.7872021484375 0.1964736328125 0.7872021484375 0.190052734375 0.7952275390625 0.188447265625 0.804216796875 0.1759267578125 0.80325390625 0.1643701171875 0.806142578125 0.1576279296875 0.8099951171875 0.151849609375 0.806142578125 0.1444658203125 0.8106376953125 0.143181640625 0.801005859375 0.14414453125 0.790412109375 0.16501171875 0.785275390625 0.1749638671875 0.7804599609375 0.1704697265625 0.7753232421875 0.1601962890625 0.771470703125 0.1428603515625 0.7669765625 0.14414453125 0.7621611328125 0.1435029296875 0.7493193359375 0.1306611328125 0.745146484375 0.11653515625 0.74771484375 0.1123623046875 0.753814453125 0.112041015625 0.7631240234375 0.1152509765625 0.7769287109375 0.1081884765625 0.7846337890625 0.1008046875 0.7788544921875 0.0934208984375 0.774681640625 0.09213671875 0.780138671875 0.0943837890625 0.7865595703125 0.1052998046875 0.793943359375 0.1036943359375 0.8016484375 0.0934208984375 0.812884765625 0.0918154296875 0.8212314453125 0.093099609375 0.830541015625 0.1011259765625 0.83471484375 0.107546875 0.848173828125 0.111078125 0.8648671875 0.112041015625 0.886697265625 0.11300390625 0.9053173828125 0.1341923828125 0.9141337890625
8 0.356880859375 0.9036279296875 0.4300205078125 0.9070146484375 0.4674921875 0.9110771484375 0.510619140625 0.9180751953125 0.5144560546875 0.9155927734375 0.517390625 0.9106259765625 0.5257431640625 0.9070146484375 0.528677734375 0.9002421875 0.53138671875 0.8945986328125 0.534546875 0.899791015625 0.5417705078125 0.9036279296875 0.5474140625 0.900693359375 0.5480908203125 0.8909873046875 0.5422216796875 0.882634765625 0.5320634765625 0.879474609375 0.52709765625 0.8715732421875 0.532966796875 0.865478515625 0.534546875 0.859609375 0.523259765625 0.8562236328125 0.5252919921875 0.85012890625 0.53341796875 0.8508056640625 0.537255859375 0.8453876953125 0.54199609375 0.8410986328125 0.551703125 0.833423828125 0.54515625 0.8282314453125 0.535224609375 0.8262001953125 0.539287109375 0.8214599609375 0.5397392578125 0.8164931640625 0.534546875 0.8113017578125 0.524388671875 0.809947265625 0.523259765625 0.8101728515625 0.5246142578125 0.797080078125 0.5214541015625 0.7932421875 0.5160361328125 0.7941455078125 0.5085869140625 0.789630859375 0.5015888671875 0.789630859375 0.4968486328125 0.7921142578125 0.4957666015625 0.7858173828125 0.4910390625 0.7807744140625 0.4847353515625 0.77005859375 0.480322265625 0.75902734375 0.4818984375 0.7391708984375 0.480953125 0.7344423828125 0.4711826171875 0.7505166015625 0.46487890625 0.7647001953125 0.4595205078125 0.7637548828125 0.4560537109375 0.75083203125 0.4519560546875 0.74484375 0.448173828125 0.7577666015625 0.4434462890625 0.7596572265625 0.43462109375 0.7631240234375 0.43367578125 0.757451171875 0.441240234375 0.741376953125 0.4484892578125 0.7338125 0.447859375 0.7259326171875 0.4374580078125 0.7309755859375 0.4295908203125 0.7426376953125 0.42486328125 0.7568203125 0.4195048828125 0.7442138671875 0.422341796875 0.736333984375 0.41288671875 0.7325517578125 0.4116259765625 0.7259326171875 0.4040615234375 0.7224658203125 0.3977578125 0.7218359375 0.394291015625 0.7309755859375 0.3879873046875 0.7306611328125 0.3583603515625 0.7164775390625 0.3476435546875 0.7180537109375 0.3476435546875 0.7224658203125 0.354578125 0.72782421875 0.370021484375 0.7334970703125 0.384205078125 0.742322265625 0.391138671875 0.7580810546875 0.3838896484375 0.7571357421875 0.376640625 0.7530380859375 0.3662392578125 0.753984375 0.357099609375 0.755875 0.35048046875 0.76091796875 0.3334609375 0.760935546875 0.3252666015625 0.7640869140625 0.326841796875 0.7681845703125 0.3334609375 0.7757490234375 0.3281025390625 0.777955078125 0.3252666015625 0.7751181640625 0.318962890625 0.7694453125 0.3151806640625 0.77354296875 0.310767578125 0.78551953125 0.3050947265625 0.78741015625 0.30541015625 0.794029296875 0.315810546875 0.799072265625 0.3126591796875 0.810103515625 0.315810546875 0.815146484375 0.3221142578125 0.8192431640625 0.3177021484375 0.832166015625 0.3145498046875 0.8435126953125 0.310767578125 0.857291015625 0.3041494140625 0.866115234375 0.302888671875 0.8746259765625 0.311712890625 0.884396484375 0.3227451171875 0.87683203125 0.33944921875 0.871158203125 0.34858984375 0.8755712890625 0.3441767578125 0.884396484375 0.343861328125 0.8951123046875 0.3501650390625 0.90078515625 0.356880859375 0.9036279296875
8 0.87268359375 1 0.8776611328125 0.9962861328125 0.873927734375 0.9755478515625 0.8730986328125 0.9610302734375 0.8664619140625 0.9572978515625 0.8598251953125 0.960615234375 0.8618994140625 0.978865234375 0.856921875 0.983013671875 0.8494560546875 0.9904794921875 0.851115234375 0.9979453125 0.8311953125 0.99049609375 0.83556640625 0.9832109375 0.8259501953125 0.975634765625 0.810697265625 0.975634765625 0.7970009765625 0.968640625 0.794669921875 0.9601904296875 0.78272265625 0.956693359375 0.7649462890625 0.958150390625 0.7562041015625 0.969806640625 0.753873046875 0.9546533203125 0.7413427734375 0.944162109375 0.745421875 0.9330888671875 0.739302734375 0.9258037109375 0.7308515625 0.9260947265625 0.723275390625 0.93512890625 0.719486328125 0.939208984375 0.718029296875 0.9502822265625 0.704625 0.9459111328125 0.699962890625 0.949990234375 0.684517578125 0.949408203125 0.6813125 0.949408203125 0.669947265625 0.9447451171875 0.6629541015625 0.943580078125 0.653919921875 0.9432880859375 0.6460517578125 0.9415400390625 0.6358525390625 0.94095703125 0.6268193359375 0.945619140625 0.6258935546875 0.95024609375 0.7208759765625 1 0.87268359375 1
8 1 0.900419921875 0.9935009765625 0.8961982421875 0.994767578125 0.893322265625 0.98526953125 0.8882568359375 0.9774599609375 0.87728125 0.98569140625 0.87094921875 0.98632421875 0.8631396484375 0.9844248046875 0.85933984375 0.979359375 0.8597626953125 0.9715498046875 0.8654609375 0.963318359375 0.857150390625 0.9502314453125 0.83923046875 0.9403115234375 0.82783203125 0.93608984375 0.8263544921875 0.9337685546875 0.8314208984375 0.9403115234375 0.850541015625 0.945587890625 0.857083984375 0.9533974609375 0.86679296875 0.9489658203125 0.8682705078125 0.9403115234375 0.8644716796875 0.9337685546875 0.863626953125 0.9301806640625 0.8608828125 0.9244814453125 0.8587724609375 0.9158271484375 0.8587724609375 0.9116064453125 0.863416015625 0.9270146484375 0.87903515625 0.9647958984375 0.9103232421875 0.9935009765625 0.9257314453125 0.9994111328125 0.9331181640625 0.9930791015625 0.93712890625 0.9903349609375 0.9447275390625 0.9812587890625 0.9481044921875 0.970494140625 0.9468544921875 0.964373046875 0.9565634765625 0.96099609375 0.96057421875 0.9620517578125 0.9660625 0.97281640625 0.9713388671875 0.966484375 0.975982421875 0.9616298828125 0.983158203125 0.96099609375 0.9930791015625 0.9563525390625 0.989279296875 0.94833203125 0.9867470703125 0.93524609375 0.989068359375 0.9274365234375 0.9937119140625 0.9278583984375 0.9972998046875 0.9289140625 1 1 1 1 0.900419921875
8 1 0.0352607421875 0.9860224609375 0.0301318359375 0.975123046875 0.0429541015625 0.9808935546875 0.0557763671875 0.9949970703125 0.0634697265625 0.99698828125 0.1086357421875 0.989341796875 0.1068984375 0.9761357421875 0.0863935546875 0.9598017578125 0.0662373046875 0.9264384765625 0.0394765625 0.9198349609375 0.03843359375 0.913232421875 0.0419091796875 0.9104521484375 0.0534755859375 0.9542412109375 0.0930947265625 0.968490234375 0.117421875 0.95041796875 0.1202021484375 0.9319990234375 0.12993359375 0.924353515625 0.14001171875 0.9208779296875 0.15217578125 0.9257431640625 0.1660771484375 0.9184453125 0.168509765625 0.911146484375 0.1709423828125 0.9094091796875 0.179630859375 0.9184453125 0.1869287109375 0.913232421875 0.194921875 0.9101044921875 0.2150791015625 0.9045439453125 0.1942275390625 0.902201171875 0.17441796875 0.890384765625 0.1365361328125 0.8834345703125 0.134798828125 0.879611328125 0.140359375 0.8719658203125 0.1504375 0.8771787109375 0.16294921875 0.88551953125 0.178998046875 0.8841298828125 0.1977646484375 0.8823916015625 0.189423828125 0.87474609375 0.18525390625 0.869533203125 0.1866435546875 0.8657099609375 0.212361328125 0.8545888671875 0.20784375 0.84242578125 0.202630859375 0.8281767578125 0.20680078125 0.8222685546875 0.213056640625 0.82956640625 0.2158369140625 0.8514609375 0.223134765625 0.834083984375 0.223134765625 0.836169921875 0.22973828125 0.847291015625 0.2335615234375 0.8674482421875 0.24120703125 0.88551953125 0.2671513671875 0.8723134765625 0.2671513671875 0.8671005859375 0.2734072265625 0.825048828125 0.2560302734375 0.7823017578125 0.2574208984375 0.723568359375 0.2720166015625 0.6763037109375 0.2838330078125 0.665876953125 0.2869609375 0.6634443359375 0.292173828125 0.6690048828125 0.2956494140625 0.701326171875 0.2966923828125 0.767705078125 0.282443359375 0.825048828125 0.2904365234375 0.8483330078125 0.2966923828125 0.8671005859375 0.3001669921875 0.8841298828125 0.3098984375 0.88482421875 0.3241474609375 0.8730087890625 0.3189345703125 0.86327734375 0.3109404296875 0.8497236328125 0.3175439453125 0.8330419921875 0.3227568359375 0.8285234375 0.31024609375 0.819140625 0.3074658203125 0.807671875 0.325884765625 0.802806640625 0.3359638671875 0.78508203125 0.3406787109375 0.7816064453125 0.3316435546875 0.77500390625 0.327125 0.767357421875 0.32886328125 0.7701376953125 0.34033203125 0.7819541015625 0.3650068359375 0.757974609375 0.3535380859375 0.7395546875 0.3535380859375 0.7322568359375 0.3590986328125 0.7385126953125 0.371609375 0.7371220703125 0.378212890625 0.745462890625 0.3851640625 0.77500390625 0.3806455078125 0.796203125 0.388291015625 0.7993310546875 0.39419921875 0.7663154296875 0.3999462890625 0.7510234375 0.408287109375 0.746853515625 0.417669921875 0.7326044921875 0.429833984375 0.733298828125 0.4364375 0.7395546875 0.4385224609375 0.779521484375 0.41315234375 0.8205302734375 0.4058544921875 0.8379072265625 0.4128046875 0.8413828125 0.42531640625 0.8379072265625 0.4357421875 0.8219208984375 0.4447783203125 0.7996787109375 0.4548564453125 0.7833447265625 0.4472109375 0.7638828125 0.4395654296875 0.756236328125 0.441650390625 0.768052734375 0.4545087890625 0.757626953125 0.452423828125 0.745810546875 0.4571484375 0.746158203125 0.462361328125 0.7416396484375 0.463056640625 0.722177734375 0.4581904296875 0.688814453125 0.4696591796875 0.677345703125 0.4825185546875 0.6648349609375 0.50198046875 0.666224609375 0.507541015625 0.6735234375 0.5110166015625 0.7037587890625 0.4974619140625 0.7207880859375 0.483908203125 0.7360791015625 0.4863408203125 0.724611328125 0.490859375 0.7145322265625 0.497115234375 0.7051484375 0.5096259765625 0.689857421875 0.540208984375 0.6936806640625 0.5485498046875 0.70758203125 0.5422939453125 0.7419873046875 0.5099736328125 0.7534560546875 0.496072265625 0.767009765625 0.4978095703125 0.780564453125 0.5085830078125 0.7854296875 0.5165771484375 0.7993310546875 0.5207470703125 0.8160126953125 0.5358994140625 0.812884765625 0.5397216796875 0.7986357421875 0.5386796875 0.78577734375 0.5341611328125 0.7777841796875 0.5365947265625 0.7756982421875 0.543544921875 0.778478515625 0.55084375 0.7927275390625 0.56126953125 0.779869140625 0.5703056640625 0.7622607421875 0.5817431640625 0.7473095703125 0.586140625 0.73807421875 0.5843818359375 0.7270810546875 0.588779296875 0.70729296875 0.57690625 0.6949794921875 0.57778515625 0.69058203125 0.582623046875 0.6910224609375 0.5996142578125 0.677830078125 0.600494140625 0.6641982421875 0.6053310546875 0.654083984375 0.6110478515625 0.6593603515625 0.624240234375 0.6611201171875 0.6356728515625 0.6637578125 0.647986328125 0.6791494140625 0.6532626953125 0.67826953125 0.6677744140625 0.677830078125 0.678328125 0.6883837890625 0.6796474609375 0.7002568359375 0.6853642578125 0.7037744140625 0.6998759765625 0.7059736328125 0.7117490234375 0.714142578125 0.706912109375 0.7181005859375 0.6822861328125 0.715021484375 0.657220703125 0.72073828125 0.6462275390625 0.738328125 0.651943359375 0.750640625 0.6431494140625 0.7537197265625 0.6431494140625 0.7480029296875 0.6581005859375 0.749322265625 0.6673349609375 0.7664716796875 0.6646962890625 0.780103515625 0.6563408203125 0.7867001953125 0.64842578125 0.78801953125 0.6325947265625 0.7954951171875 0.6202822265625 0.81484375 0.6176435546875 0.8350712890625 0.6194033203125 0.851341796875 0.6264384765625 0.871130859375 0.628197265625 0.8636552734375 0.6409501953125 0.8684921875 0.650625 0.87376953125 0.65678125 0.88300390625 0.6550224609375 0.894876953125 0.6475458984375 0.9054306640625 0.647986328125 0.909828125 0.654142578125 0.8794853515625 0.6620576171875 0.8702509765625 0.66909375 0.8781669921875 0.6730517578125 0.8997138671875 0.6699736328125 0.9225810546875 0.668654296875 0.956880859375 0.6581005859375 0.98634375 0.67437109375 0.9406103515625 0.6699736328125 0.9089482421875 0.675689453125 0.904111328125 0.6818466796875 0.91070703125 0.6884423828125 0.9027919921875 0.693474609375 0.8913583984375 0.701830078125 0.8970751953125 0.7071064453125 0.921701171875 0.708865234375 0.956880859375 0.702708984375 0.956880859375 0.711064453125 0.9375322265625 0.7159013671875 0.9234599609375 0.72381640625 0.9023525390625 0.7484423828125 0.88608203125 0.770869140625 0.8794853515625 0.788458984375 0.901033203125 0.7893388671875 0.9173037109375 0.7840615234375 0.937091796875 0.7655927734375 0.9612783203125 0.74976171875 0.9951376953125 0.7484423828125 0.9892275390625 0.7577880859375 0.99307421875 0.7712509765625 1 0.782150390625 1 0.0352607421875
2 0.6072802734375 0 0.0129189453125 0.3471845703125 0.010447265625 0.354349609375 0.0331318359375 0.36910546875 0.032470703125 0.3840810546875 0 0.3704267578125 0 0.890609375 0.0227802734375 0.89237109375 0.1088837890625 0.907126953125 0.1852412109375 0.92716796875 0.1870029296875 0.9399404296875 0.2004375 0.95051171875 0.2297275390625 0.9126328125 0.24051953125 0.906025390625 0.3257216796875 0.9009599609375 0.416013671875 0.90514453125 0.4941953125 0.9146142578125 0.5334765625 0.922388671875 0.5158466796875 0.911810546875 0.5218408203125 0.9114580078125 0.6255927734375 0.9490751953125 0.7177978515625 0.9999462890625 1 1 1 0 0.6072802734375 0