2 0.6314775390625 0 0.0869267578125 0.3727119140625 0.081517578125 0.38549609375 0.0967548828125 0.40911328125 0.1660830078125 0.43120703125 0.122525390625 0.648271484375 0 0.6534697265625 0 1 1 1 1 0.01728515625 0.9840908203125 0 0.6314775390625 0
3 0 0.99987890625 0.18069140625 1 0.1908193359375 0.9334365234375 0 0.9419443359375 0 0.99987890625
3 0.43710546875 1 0.4397294921875 0.98255078125 0.4359814453125 0.9698046875 0.4299833984375 0.9675556640625 0.277033203125 0.9371904296875 0.3741259765625 0.93306640625 0.3688779296875 0.9259443359375 0.24854296875 0.9323173828125 0.237671875 1 0.43710546875 1
0 0.9576630859375 0.87508984375 0.970001953125 0.8659150390625 0.970951171875 0.8589541015625 0.9997412109375 0.8589541015625 1 0.8064365234375 0.855158203125 0.8045380859375 0.854525390625 0.853259765625 0.9586123046875 0.857689453125 0.9576630859375 0.87508984375
0 1 0.4490576171875 0.9818427734375 0.4368896484375 0.84538671875 0.4690478515625 0.845966796875 0.5098974609375 0.9774970703125 0.483244140625 1 0.495701171875 1 0.4490576171875
0 1 0.184734375 0.9626083984375 0.1418193359375 0.8403994140625 0.1943974609375 0.8403994140625 0.23020703125 0.9245244140625 0.1972392578125 0.929640625 0.20235546875 0.9341875 0.19866015625 0.930208984375 0.192408203125 0.9626083984375 0.1764921875 0.97880859375 0.19638671875 0.9736923828125 0.2003662109375 0.97625 0.2034921875 0.9847763671875 0.201787109375 1 0.216849609375 1 0.184734375
3 0 0.9209541015625 0.0688408203125 0.9192412109375 0.0767177734375 0.8863623046875 0.0006845703125 0.8873896484375 0 0.9209541015625
9 0.4370791015625 1 0.44262890625 0.9518505859375 0.43734375 0.9518505859375 0.4344365234375 0.949736328125 0.4328515625 0.9447158203125 0.40034765625 0.9415439453125 0.3937412109375 1 0.4370791015625 1
9 0.61959765625 0.9999140625 0.621287109375 0.9669775390625 0.565830078125 0.9607841796875 0.565830078125 0.96162890625 0.5632958984375 1 0.61959765625 0.9999140625
9 0.225712890625 0.7897548828125 0.26731640625 0.79047265625 0.2785546875 0.7029609375 0.240537109375 0.705830078125 0.225712890625 0.7897548828125
9 0.4490068359375 0.8094296875 0.462701171875 0.678271484375 0.402791015625 0.684423828125 0.4025 0.687904296875 0.386998046875 0.80915234375 0.4490068359375 0.8094296875
9 0.3848876953125 0.6817451171875 0.396712890625 0.576365234375 0.3149521484375 0.59616015625 0.298080078125 0.692259765625 0.3848876953125 0.6817451171875
9 0.4764521484375 0.556244140625 0.4869638671875 0.4499599609375 0.429490234375 0.470908203125 0.4162900390625 0.5712841796875 0.4764521484375 0.556244140625
9 0.296646484375 0.6009462890625 0.3101240234375 0.5105126953125 0.272552734375 0.5243974609375 0.2567431640625 0.610572265625 0.296646484375 0.6009462890625
9 0.41238671875 0.4573544921875 0.420953125 0.380599609375 0.34259765625 0.41601171875 0.3320478515625 0.487515625 0.41238671875 0.4573544921875
9 0.32528515625 0.41971484375 0.336484375 0.3408115234375 0.2985595703125 0.361173828125 0.2863427734375 0.436513671875 0.32528515625 0.41971484375
9 0.4983046875 0.343302734375 0.5049833984375 0.2513037109375 0.450861328125 0.279357421875 0.4402529296875 0.366876953125 0.4983046875 0.343302734375
9 0.057166015625 0.7705390625 0.06136328125 0.752349609375 0.052568359375 0.752150390625 0.0491708984375 0.769939453125 0.057166015625 0.7705390625
9 0.068001953125 0.726193359375 0.0709404296875 0.70709375 0.0623349609375 0.7077236328125 0.059396484375 0.7259833984375 0.068001953125 0.726193359375
9 0.0968984375 0.72314453125 0.10070703125 0.7009296875 0.0865322265625 0.70071875 0.0820888671875 0.7244140625 0.0968984375 0.72314453125
9 0.1391796875 0.9286875 0.1445673828125 0.8952392578125 0.1200986328125 0.8925458984375 0.1198740234375 0.8941171875 0.1165068359375 0.9244228515625 0.1391796875 0.9286875
8 0.9700791015625 1 0.9725556640625 0.9849423828125 0.9611611328125 0.9814736328125 0.9492705078125 0.9859326171875 0.945306640625 0.9814736328125 0.93737890625 0.9819697265625 0.9235068359375 0.983951171875 0.91409375 0.992869140625 0.897248046875 0.9903916015625 0.876439453125 1 0.9700791015625 1
8 1 0.2522275390625 0.9853408203125 0.2522275390625 0.9637783203125 0.260751953125 0.953248046875 0.2592470703125 0.943720703125 0.2657666015625 0.9402109375 0.279806640625 0.92817578125 0.2712822265625 0.911126953125 0.2542333984375 0.9136337890625 0.210607421875 0.90360546875 0.2035869140625 0.894078125 0.2156220703125 0.8885615234375 0.2015810546875 0.8792548828125 0.205994140625 0.880640625 0.2283994140625 0.8756064453125 0.2572353515625 0.863248046875 0.2618125 0.8577548828125 0.260439453125 0.8495166015625 0.253115234375 0.8353271484375 0.24121484375 0.829376953125 0.242587890625 0.8252578125 0.2595234375 0.837158203125 0.273712890625 0.83349609375 0.27783203125 0.8312080078125 0.2952255859375 0.8508896484375 0.3094140625 0.856291015625 0.314859375 0.8621474609375 0.3369306640625 0.8774619140625 0.3504443359375 0.879263671875 0.370263671875 0.8634990234375 0.3684619140625 0.861697265625 0.3765703125 0.880615234375 0.3869306640625 0.888421875 0.3929560546875 0.8958095703125 0.4160439453125 0.92166796875 0.43312890625 0.9302548828125 0.4421875 0.9245751953125 0.468841796875 0.9132138671875 0.5016123046875 0.9184873046875 0.53912109375 0.9172490234375 0.571732421875 0.9065166015625 0.5799892578125 0.9019755859375 0.593611328125 0.893306640625 0.607646484375 0.86193359375 0.5919599609375 0.844595703125 0.5824658203125 0.8367529296875 0.58783203125 0.845421875 0.60062890625 0.84591015625 0.621435546875 0.8725087890625 0.6347353515625 0.889837890625 0.63433203125 0.8995107421875 0.63675 0.91482421875 0.64400390625 0.8995107421875 0.64883984375 0.8974951171875 0.6552880859375 0.906361328125 0.66254296875 0.93618359375 0.6613330078125 0.9321533203125 0.6669755859375 0.92167578125 0.6681845703125 0.916033203125 0.673423828125 0.9188544921875 0.68188671875 0.9329599609375 0.6847080078125 0.9285263671875 0.6955888671875 0.9176455078125 0.7016337890625 0.9116005859375 0.709291015625 0.91683984375 0.7181572265625 0.9390048828125 0.709291015625 0.9434375 0.71775390625 0.95955859375 0.7157392578125 0.96439453125 0.709291015625 0.9603642578125 0.692365234375 0.9664091796875 0.673423828125 0.9760810546875 0.668990234375 0.9756787109375 0.6746328125 0.9744697265625 0.6843046875 0.980111328125 0.689140625 0.989783203125 0.6859169921875 0.994216796875 0.678259765625 1 0.6681845703125 1 0.2883310546875 0.993865234375 0.28582421875 0.9873466796875 0.2747919921875 1 0.2632587890625 1 0.2522275390625