2 0 0 0 1 0.4520361328125 1 1 0.8991884765625 1 0.2993056640625 0.8601044921875 0.24401953125 0.8629638671875 0.2386181640625 0.879486328125 0.21129296875 0.8829814453125 0.1960419921875 0.8801220703125 0.184603515625 0.8626484375 0.164904296875 0.817212890625 0.1455224609375 0.765421875 0.1363076171875 0.7539833984375 0.1372607421875 0.7395791015625 0.1445693359375 0.730681640625 0.1512412109375 0.3420986328125 0 0 0
9 0.2526025390625 0.1171259765625 0.2518046875 0.1654755859375 0.301271484375 0.1784013671875 0.302388671875 0.173294921875 0.31467578125 0.174251953125 0.318345703125 0.1709013671875 0.31882421875 0.1388271484375 0.2526025390625 0.1171259765625
9 0.351783203125 0.1496015625 0.352408203125 0.192166015625 0.357416015625 0.192166015625 0.359919921875 0.185072265625 0.3955986328125 0.194669921875 0.3960166015625 0.203015625 0.409787109375 0.205728515625 0.4083271484375 0.166919921875 0.351783203125 0.1496015625
9 0.5823173828125 0.2080029296875 0.51978125 0.1873837890625 0.521140625 0.2299814453125 0.584810546875 0.2481083984375 0.5823173828125 0.2080029296875
9 0.5332314453125 0.407525390625 0.540658203125 0.529625 0.59328125 0.532595703125 0.586279296875 0.416103515625 0.5332314453125 0.407525390625
9 0.699201171875 0.5352529296875 0.71131640625 0.651978515625 0.7615068359375 0.6534619140625 0.7474140625 0.5392353515625 0.699201171875 0.5352529296875
9 0.8522861328125 0.5480478515625 0.869810546875 0.6539560546875 0.9071259765625 0.65354296875 0.889396484375 0.551140625 0.8522861328125 0.5480478515625
9 0.9101474609375 0.3241015625 0.9228115234375 0.397060546875 0.9261640625 0.3968740234375 0.9265361328125 0.3920322265625 0.947767578125 0.3957568359375 0.9354755859375 0.3317373046875 0.9101474609375 0.3241015625
9 0.953767578125 0.3370791015625 0.9661455078125 0.40913671875 0.9886904296875 0.413115234375 0.9752080078125 0.34415234375 0.953767578125 0.3370791015625
9 0.991783203125 0.5759755859375 0.97316796875 0.4799306640625 0.9372265625 0.4744189453125 0.954736328125 0.5732109375 0.991783203125 0.5759755859375
9 1 0.4847001953125 0.979802734375 0.48158984375 0.9984189453125 0.576896484375 1 0.577265625 1 0.4847001953125
9 1 0.6743125 0.997193359375 0.6645927734375 0.971677734375 0.664794921875 0.99146484375 0.769982421875 1 0.7710234375 1 0.6743125
9 0.3373701171875 0.5140439453125 0.3380654296875 0.371578125 0.1840830078125 0.3459375 0.179220703125 0.4996884765625 0.3373701171875 0.5140439453125
9 0.3893544921875 0.82981640625 0.388447265625 0.735732421875 0.156923828125 0.763564453125 0.15882421875 0.7729423828125 0.154890625 0.8509931640625 0.3893544921875 0.82981640625
9 0.5506669921875 0.7382578125 0.5524990234375 0.8129140625 0.62578125 0.806109375 0.61976171875 0.699587890625 0.5506669921875 0.7382578125
9 0.64912890625 0.23981640625 0.6507412109375 0.2683828125 0.6993779296875 0.2817138671875 0.6977666015625 0.2546123046875 0.64912890625 0.23981640625
8 0 0.8217587890625 0.0044873046875 0.8262451171875 0.006763671875 0.8294306640625 0.016908203125 0.8263564453125 0.040580078125 0.80606640625 0.0510322265625 0.7949990234375 0.0639443359375 0.7897734375 0.0639443359375 0.7796279296875 0.06363671875 0.766716796875 0.0605625 0.762412109375 0.04734375 0.7657939453125 0.0418095703125 0.76394921875 0.044576171875 0.7547265625 0.042732421875 0.7467333984375 0.03381640625 0.7433525390625 0.0255166015625 0.736896484375 0.0095302734375 0.736896484375 0.001537109375 0.7396630859375 0 0.8217587890625
8 0.1838544921875 1 0.19280859375 0.9962763671875 0.1969873046875 0.9801591796875 0.181466796875 0.95687890625 0.1581865234375 0.922853515625 0.1289365234375 0.8786806640625 0.1032685546875 0.798095703125 0.096703125 0.7843662109375 0.0829736328125 0.7903349609375 0.0704375 0.8094375 0.0573056640625 0.836298828125 0.03521875 0.90554296875 0.0191015625 0.9670263671875 0.017908203125 0.971205078125 0.0196982421875 0.977771484375 0.023876953125 0.987322265625 0.0358154296875 1 0.1838544921875 1
8 0.279611328125 1 0.2845380859375 0.899189453125 0.3171796875 0.7630791015625 0.334380859375 0.749962890625 0.3581025390625 0.7545244140625 0.37133203125 0.7536123046875 0.376349609375 0.7412958984375 0.397791015625 0.73627734375 0.4192314453125 0.752244140625 0.4146689453125 0.7609111328125 0.4306357421875 0.771859375 0.4466015625 0.7727724609375 0.466673828125 0.78052734375 0.4808154296875 0.817021484375 0.46576171875 0.8553408203125 0.4643935546875 0.8986787109375 0.4696669921875 0.92787890625 0.491623046875 0.9453798828125 0.5170791015625 0.943470703125 0.52026171875 0.9864287109375 0.531080078125 0.9873828125 0.53203515625 0.925333984375 0.53500390625 0.9206162109375 0.5361416015625 0.9824208984375 0.5482744140625 0.9827998046875 0.549791015625 0.9172041015625 0.555099609375 0.8607080078125 0.566095703125 0.8360625 0.583916015625 0.8231708984375 0.5979453125 0.8091416015625 0.6017373046875 0.7981455078125 0.5903623046875 0.78525390625 0.571783203125 0.7833583984375 0.571783203125 0.765916015625 0.594912109375 0.7408916015625 0.60894140625 0.7177626953125 0.628658203125 0.702595703125 0.6445830078125 0.6897041015625 0.657095703125 0.6832578125 0.662404296875 0.674158203125 0.6586123046875 0.6559580078125 0.6616455078125 0.645720703125 0.671125 0.6498916015625 0.6790869140625 0.6449619140625 0.6756748046875 0.6248662109375 0.6718828125 0.61387109375 0.6472373046875 0.622970703125 0.6563369140625 0.61387109375 0.669228515625 0.6043916015625 0.6783291015625 0.5846748046875 0.6809833984375 0.57405859375 0.674158203125 0.566474609375 0.6558818359375 0.57670703125 0.6508701171875 0.5716953125 0.643853515625 0.5610029296875 0.6375048828125 0.548974609375 0.6328271484375 0.5366123046875 0.6298203125 0.5262548828125 0.619462890625 0.5162314453125 0.614451171875 0.51489453125 0.6127802734375 0.50921484375 0.615119140625 0.500193359375 0.610775390625 0.49351171875 0.6027568359375 0.4911728515625 0.5940693359375 0.493845703125 0.582703125 0.5062080078125 0.5773564453125 0.5155634765625 0.5773564453125 0.5212431640625 0.5820341796875 0.529595703125 0.58771484375 0.53728125 0.5806982421875 0.5493095703125 0.5766884765625 0.5459677734375 0.5763544921875 0.5362783203125 0.573681640625 0.534607421875 0.563658203125 0.543294921875 0.55463671875 0.5446318359375 0.5466181640625 0.5396201171875 0.534923828125 0.537615234375 0.53024609375 0.52859375 0.526236328125 0.5255869140625 0.521224609375 0.5259208984375 0.51153515625 0.53226953125 0.50719140625 0.5446318359375 0.5021796875 0.5683359375 0.491822265625 0.578693359375 0.4804619140625 0.594396484375 0.480796875 0.6064248046875 0.4804619140625 0.61778515625 0.4848056640625 0.6284765625 0.48146484375 0.6328203125 0.4734462890625 0.6301474609375 0.461083984375 0.6338232421875 0.4557373046875 0.6328203125 0.4443779296875 0.6401708984375 0.4376953125 0.64217578125 0.4366923828125 0.633154296875 0.44705078125 0.63215234375 0.458076171875 0.6258037109375 0.4587451171875 0.6114365234375 0.4544013671875 0.602416015625 0.462419921875 0.6014130859375 0.471107421875 0.5860439453125 0.4697705078125 0.5773564453125 0.4644248046875 0.568669921875 0.453064453125 0.5683359375 0.438029296875 0.5813662109375 0.4296767578125 0.5940625 0.4206552734375 0.6107685546875 0.4169794921875 0.61344140625 0.412970703125 0.6014130859375 0.4099638671875 0.5923916015625 0.4310126953125 0.573681640625 0.4460478515625 0.553634765625 0.446716796875 0.5466181640625 0.44270703125 0.5432763671875 0.438029296875 0.5439453125 0.4300107421875 0.54895703125 0.4290078125 0.5439453125 0.43401953125 0.539267578125 0.4393662109375 0.53458984375 0.453064453125 0.5369287109375 0.456740234375 0.5335869140625 0.4691025390625 0.5182177734375 0.4707734375 0.504853515625 0.4737802734375 0.492490234375 0.481798828125 0.4781240234375 0.481095703125 0.47175 0.4677802734375 0.4760302734375 0.458744140625 0.480310546875 0.447806640625 0.49219921875 0.4530380859375 0.4731767578125 0.4696826171875 0.4679462890625 0.4925087890625 0.4532041015625 0.4915576171875 0.44416796875 0.482998046875 0.4394130859375 0.482998046875 0.431328125 0.497740234375 0.4356083984375 0.497740234375 0.413732421875 0.5210419921875 0.3871015625 0.5338818359375 0.38519921875 0.541015625 0.37826171875 0.5348330078125 0.3716044921875 0.52817578125 0.3692265625 0.5277001953125 0.3592392578125 0.519615234375 0.358763671875 0.508677734375 0.3649462890625 0.497740234375 0.3796884765625 0.4768154296875 0.393955078125 0.473486328125 0.381115234375 0.4853759765625 0.3801640625 0.4887041015625 0.3716044921875 0.4868017578125 0.368275390625 0.484900390625 0.360666015625 0.4944111328125 0.355435546875 0.5153359375 0.344021484375 0.5277001953125 0.340693359375 0.5367353515625 0.3354619140625 0.5395888671875 0.3245244140625 0.5376865234375 0.3140615234375 0.52246875 0.314537109375 0.5110556640625 0.3188173828125 0.506775390625 0.3107333984375 0.5001181640625 0.303599609375 0.4944111328125 0.3050263671875 0.4858515625 0.322146484375 0.4717236328125 0.3352666015625 0.4626875 0.3219501953125 0.45745703125 0.314341796875 0.4484208984375 0.31529296875 0.443666015625 0.3248037109375 0.44984765625 0.3357412109375 0.45365234375 0.3471552734375 0.4503232421875 0.35951953125 0.437958984375 0.3533369140625 0.4355810546875 0.3504833984375 0.4284482421875 0.3490576171875 0.415634765625 0.3533369140625 0.4056484375 0.3571416015625 0.4056484375 0.33716796875 0.4080263671875 0.3238525390625 0.4113544921875 0.314341796875 0.4032705078125 0.29484375 0.408501953125 0.2818046875 0.4056484375 0.269916015625 0.3956611328125 0.2608798828125 0.38139453125 0.251369140625 0.360470703125 0.237578125 0.3433505859375 0.22093359375 0.3366923828125 0.2214091796875 0.340021484375 0.2371025390625 0.34477734375 0.2585029296875 0.345728515625 0.2732451171875 0.345728515625 0.2860849609375 0.334791015625 0.277048828125 0.3276572265625 0.2518447265625 0.3219501953125 0.2442353515625 0.3119638671875 0.2409072265625 0.306732421875 0.24661328125 0.293892578125 0.232822265625 0.28390625 0.216177734375 0.275822265625 0.2123740234375 0.2629814453125 0.223787109375 0.2648837890625 0.234724609375 0.2715419921875 0.26135546875 0.264408203125 0.25041796875 0.2577509765625 0.2566005859375 0.257275390625 0.2724931640625 0.257275390625 0.2815283203125 0.2639326171875 0.30055078125 0.27106640625 0.324328125 0.2472880859375 0.2891376953125 0.2373017578125 0.2843818359375 0.2315947265625 0.2862841796875 0.2320703125 0.2934169921875 0.2468125 0.3091103515625 0.2596533203125 0.3404970703125 0.2254130859375 0.314341796875 0.2178037109375 0.3171953125 0.2211328125 0.3295595703125 0.2087685546875 0.324328125 0.2023818359375 0.3173564453125 0.1922294921875 0.3160029296875 0.18816796875 0.3250068359375 0.1854599609375 0.3398974609375 0.1915517578125 0.358849609375 0.2152421875 0.3811865234375 0.216595703125 0.3933701171875 0.2023818359375 0.3886318359375 0.1827529296875 0.3838935546875 0.1658310546875 0.3838935546875 0.157708984375 0.3920166015625 0.162447265625 0.3994619140625 0.172599609375 0.407583984375 0.2023818359375 0.4177373046875 0.21050390625 0.4312744140625 0.2145654296875 0.4400732421875 0.2314873046875 0.4481962890625 0.2281025390625 0.46985546875 0.221333984375 0.47933203125 0.204412109375 0.4901611328125 0.1888447265625 0.4989609375 0.1692158203125 0.5111796875 0.174630859375 0.518625 0.1813837890625 0.530630859375 0.17327734375 0.5260703125 0.162447265625 0.5348701171875 0.1360498046875 0.5301318359375 0.1299580078125 0.5375771484375 0.1326650390625 0.547052734375 0.152970703125 0.5599140625 0.167185546875 0.573451171875 0.1922294921875 0.595787109375 0.1739541015625 0.5863115234375 0.162447265625 0.5876650390625 0.150263671875 0.591048828125 0.1462021484375 0.600525390625 0.152970703125 0.6140625 0.1434951171875 0.630984375 0.12928125 0.6336884765625 0.123189453125 0.64790234375 0.1198046875 0.6580556640625 0.112359375 0.66482421875 0.10017578125 0.6770078125 0.084607421875 0.6923955078125 0.08528515625 0.6991640625 0.0934072265625 0.709994140625 0.1042373046875 0.7106708984375 0.106267578125 0.72826953125 0.112359375 0.7485751953125 0.1238662109375 0.766173828125 0.1421416015625 0.7803876953125 0.157708984375 0.77700390625 0.18072265625 0.770912109375 0.2010283203125 0.7682041015625 0.2314873046875 0.7715888671875 0.260591796875 0.7682041015625 0.255177734375 0.783095703125 0.248408203125 0.7986630859375 0.2436708984375 0.8352490234375 0.21925390625 1 0.279611328125 1
8 0.6958447265625 0.9395029296875 0.705302734375 0.9408544921875 0.71205859375 0.9408544921875 0.7215166015625 0.9363505859375 0.7183642578125 0.924189453125 0.7161123046875 0.8958154296875 0.718814453125 0.8859072265625 0.7179140625 0.8629375 0.7273720703125 0.8462734375 0.7318759765625 0.826005859375 0.7260205078125 0.808486328125 0.7170126953125 0.794974609375 0.723318359375 0.7877685546875 0.7305244140625 0.76705078125 0.7332265625 0.754890625 0.73007421875 0.74453125 0.72106640625 0.73101953125 0.708455078125 0.7229130859375 0.696294921875 0.7238134765625 0.6913408203125 0.730119140625 0.6818828125 0.7274169921875 0.672875 0.7337216796875 0.66972265625 0.7458828125 0.6602646484375 0.7449814453125 0.650806640625 0.7409287109375 0.643599609375 0.7431806640625 0.6368447265625 0.7485849609375 0.6363935546875 0.754890625 0.6386455078125 0.7638974609375 0.6512568359375 0.7796162109375 0.657111328125 0.7827685546875 0.6692724609375 0.7944794921875 0.6611650390625 0.7917763671875 0.6535087890625 0.7953798828125 0.6499052734375 0.8039375 0.65305859375 0.8206015625 0.6665693359375 0.840869140625 0.691791015625 0.8624873046875 0.6980966796875 0.8737470703125 0.6971962890625 0.890861328125 0.685486328125 0.894013671875 0.6742265625 0.8958154296875 0.670623046875 0.90076953125 0.670623046875 0.9093271484375 0.67602734375 0.9183349609375 0.687287109375 0.931396484375 0.6958447265625 0.9395029296875
8 0.8802119140625 0.917294921875 0.8826572265625 0.9152578125 0.892029296875 0.9168876953125 0.9124052734375 0.9119970703125 0.91403515625 0.9062919921875 0.9213701171875 0.8903994140625 0.931150390625 0.8598369140625 0.9421533203125 0.8439443359375 0.9429677734375 0.8276435546875 0.9531552734375 0.7983037109375 0.955193359375 0.7681484375 0.951525390625 0.755515625 0.9466357421875 0.7428759765625 0.9360400390625 0.739208984375 0.922185546875 0.7408388671875 0.914849609375 0.7298359375 0.9152578125 0.7188330078125 0.914849609375 0.713943359375 0.9111826171875 0.71068359375 0.8940673828125 0.7143505859375 0.884287109375 0.7237236328125 0.881841796875 0.7192412109375 0.8724697265625 0.711498046875 0.8724697265625 0.7225009765625 0.8663564453125 0.7326884765625 0.8508720703125 0.7351337890625 0.846796875 0.7408388671875 0.8378310546875 0.7534716796875 0.834978515625 0.7440986328125 0.823568359375 0.73350390625 0.8166416015625 0.7420615234375 0.8150107421875 0.7522490234375 0.818271484375 0.777927734375 0.8117509765625 0.791783203125 0.801970703125 0.8088984375 0.7978955078125 0.8276435546875 0.8015634765625 0.8427216796875 0.806453125 0.857798828125 0.815826171875 0.8675791015625 0.8239765625 0.88102734375 0.8447587890625 0.9009951171875 0.8598369140625 0.9213701171875 0.8802119140625 0.917294921875
0 0.09902734375 0.5576611328125 0.4860048828125 0.5804296875 0.4809453125 0.496220703125 0.324943359375 0.47851171875 0.119826171875 0.453212890625 0.0964970703125 0.4832099609375 0.0878232421875 0.5681416015625 0.09902734375 0.5576611328125
0 0.1452880859375 0.1211044921875 0.1355771484375 0.2141005859375 0.1150361328125 0.2442548828125 0.799689453125 0.3932724609375 0.79289453125 0.329408203125 0.8040986328125 0.3219384765625 0.8022802734375 0.308708984375 0.1452880859375 0.1211044921875
9 0.8113564453125 0.2050966796875 0.8122724609375 0.218185546875 0.827455078125 0.22171875 0.826408203125 0.21137890625 0.8113564453125 0.2050966796875
3 1 0.899595703125 0.4558720703125 1 0.8445078125 1 0.978310546875 0.9752880859375 1 0.974228515625 1 0.899595703125
6 1 0.974228515625 0.9801640625 0.9750234375 0.84858984375 1 1 1 1 0.974228515625