9 0.9133818359375 0.1881787109375 0.913029296875 0.194880859375 0.91391015625 0.222921875 0.9444208984375 0.2268017578125 0.9447744140625 0.204404296875 0.943892578125 0.197349609375 0.9386015625 0.190119140625 0.9338583984375 0.184546875 0.927490234375 0.1823583984375 0.9218466796875 0.1821826171875 0.9163798828125 0.184298828125 0.9133818359375 0.1881787109375
9 0.8627607421875 0.18149609375 0.862146484375 0.187029296875 0.8633759765625 0.2143837890625 0.896109375 0.219455078125 0.8956484375 0.1948662109375 0.8951875 0.187796875 0.8887333984375 0.1799599609375 0.881048828125 0.174734375 0.875208984375 0.173197265625 0.870291015625 0.1736591796875 0.8653740234375 0.1768857421875 0.8627607421875 0.18149609375
9 0.7397919921875 0.202796875 0.815607421875 0.2162255859375 0.8159072265625 0.173048828125 0.7403056640625 0.1605302734375 0.7397919921875 0.202796875
9 0.900787109375 0.2987265625 0.8915712890625 0.3029501953125 0.8863876953125 0.309669921875 0.8835078125 0.3185009765625 0.8831240234375 0.3392353515625 0.8848525390625 0.355169921875 0.93649609375 0.3613134765625 0.9370712890625 0.3405791015625 0.93649609375 0.327908203125 0.9355361328125 0.319076171875 0.9311201171875 0.3115888671875 0.9209453125 0.3023740234375 0.9136494140625 0.29891796875 0.900787109375 0.2987265625
9 0.9413662109375 0.4367578125 0.93708984375 0.4374697265625 0.9349521484375 0.4408916015625 0.9339541015625 0.4458798828125 0.9335263671875 0.453578125 0.935521484375 0.494630859375 0.954337890625 0.495486328125 0.953625 0.4571416015625 0.952626953125 0.4488740234375 0.9502041015625 0.442458984375 0.94578515625 0.4377548828125 0.9413662109375 0.4367578125
9 0.91071875 0.4326240234375 0.9065849609375 0.43362109375 0.9043046875 0.4397509765625 0.903734375 0.445595703125 0.904875 0.491921875 0.9236904296875 0.492349609375 0.922408203125 0.453578125 0.921552734375 0.443599609375 0.918416015625 0.4374697265625 0.9148525390625 0.433763671875 0.91071875 0.4326240234375
9 0.878931640625 0.4290595703125 0.8762236328125 0.4310556640625 0.8737998046875 0.436044921875 0.8730869140625 0.44459765625 0.8743701171875 0.4887861328125 0.893328125 0.4897841796875 0.893470703125 0.4622734375 0.8931865234375 0.444169921875 0.8924736328125 0.4387529296875 0.8880546875 0.4320537109375 0.8836357421875 0.4290595703125 0.878931640625 0.4290595703125
9 0.7640322265625 0.476708984375 0.8085146484375 0.4803359375 0.8077509765625 0.4037802734375 0.7632685546875 0.399580078125 0.7640322265625 0.476708984375
9 0.630228515625 0.461607421875 0.674255859375 0.4652392578125 0.673802734375 0.39102734375 0.63158984375 0.38626171875 0.630228515625 0.461607421875
9 0.7624404296875 0.34184375 0.805419921875 0.347060546875 0.805419921875 0.2832138671875 0.761447265625 0.27675390625 0.7624404296875 0.34184375
9 0.6287919921875 0.3260810546875 0.6733564453125 0.331244140625 0.674443359375 0.259505859375 0.630966796875 0.2543427734375 0.6287919921875 0.3260810546875
9 0.6114599609375 0.163150390625 0.6500478515625 0.1688251953125 0.6508994140625 0.1265478515625 0.610892578125 0.1203056640625 0.6114599609375 0.163150390625
9 0.5322958984375 0.14953125 0.575140625 0.156056640625 0.5754248046875 0.11888671875 0.5322958984375 0.110375 0.5322958984375 0.14953125
9 0.4559697265625 0.1361953125 0.4999501953125 0.1438564453125 0.5010849609375 0.0984580078125 0.4585234375 0.0902294921875 0.4559697265625 0.1361953125
9 0.9518505859375 0.5677001953125 0.9473369140625 0.56703125 0.9431572265625 0.569037109375 0.9411513671875 0.574888671875 0.9404833984375 0.5844169921875 0.9424326171875 0.6276904296875 0.961044921875 0.6278798828125 0.96054296875 0.583748046875 0.958203125 0.574720703125 0.954859375 0.5702080078125 0.9518505859375 0.5677001953125
9 0.9189677734375 0.5657568359375 0.914236328125 0.566666015625 0.911142578125 0.57048828125 0.9104150390625 0.5786767578125 0.912234375 0.6265361328125 0.9306142578125 0.626353515625 0.9307958984375 0.596509765625 0.9297041015625 0.581587890625 0.928248046875 0.5712158203125 0.923880859375 0.567576171875 0.9189677734375 0.5657568359375
9 0.88484765625 0.5616689453125 0.8815234375 0.56359375 0.879248046875 0.5690185546875 0.8783740234375 0.5777666015625 0.8802978515625 0.625884765625 0.9002451171875 0.625884765625 0.9002451171875 0.5929892578125 0.9000703125 0.5756669921875 0.8977958984375 0.56866796875 0.892896484375 0.5637685546875 0.8888720703125 0.56201953125 0.88484765625 0.5616689453125
9 0.7696357421875 0.6160234375 0.8097431640625 0.6178583984375 0.8063349609375 0.541576171875 0.7667529296875 0.539216796875 0.7696357421875 0.6160234375
9 0.6281982421875 0.5265302734375 0.62885546875 0.606068359375 0.6726787109375 0.6071640625 0.6726787109375 0.5304736328125 0.6281982421875 0.5265302734375
9 0.877603515625 0.6928623046875 0.8737333984375 0.692357421875 0.870705078125 0.6937041015625 0.8675087890625 0.69791015625 0.866162109375 0.7031259765625 0.8666669921875 0.7179326171875 0.868181640625 0.763865234375 0.88803515625 0.7631923828125 0.887025390625 0.7216337890625 0.886857421875 0.7063232421875 0.884669921875 0.6999287109375 0.8802958984375 0.6950498046875 0.877603515625 0.6928623046875
9 0.79524609375 0.6818681640625 0.7902744140625 0.68090625 0.7830576171875 0.68138671875 0.77728515625 0.6834716796875 0.7705498046875 0.68988671875 0.7663798828125 0.694697265625 0.7662197265625 0.700310546875 0.767021484375 0.7240439453125 0.766861328125 0.759484375 0.812244140625 0.7604462890625 0.812404296875 0.7360712890625 0.8125654296875 0.703517578125 0.8112822265625 0.69630078125 0.80470703125 0.688763671875 0.79861328125 0.6844345703125 0.79524609375 0.6818681640625
9 0.645779296875 0.67239453125 0.6375263671875 0.6756953125 0.6303056640625 0.68250390625 0.6274169921875 0.6878681640625 0.62597265625 0.69962890625 0.6249404296875 0.73243359375 0.6249404296875 0.75616015625 0.672806640625 0.7557470703125 0.6742509765625 0.705818359375 0.673013671875 0.6911689453125 0.668474609375 0.6839482421875 0.662697265625 0.67693359375 0.6527939453125 0.67342578125 0.645779296875 0.67239453125
9 0.5186123046875 0.2602626953125 0.5176552734375 0.3130810546875 0.5161240234375 0.377189453125 0.5788935546875 0.3856103515625 0.580423828125 0.3000673828125 0.58065234375 0.26504296875 0.578697265625 0.2605234375 0.5714912109375 0.2535615234375 0.562697265625 0.246599609375 0.5554912109375 0.2433017578125 0.544009765625 0.241591796875 0.5363154296875 0.242935546875 0.526177734375 0.2470888671875 0.5192158203125 0.25270703125 0.5186123046875 0.2602626953125
9 0.4211787109375 0.2930810546875 0.467486328125 0.301099609375 0.469291015625 0.2279296875 0.4233837890625 0.2203125 0.4211787109375 0.2930810546875
9 0.4141328125 0.43824609375 0.4633154296875 0.4418818359375 0.4638896484375 0.3655234375 0.4171943359375 0.359400390625 0.4141328125 0.43824609375
9 0.407205078125 0.5892255859375 0.4566142578125 0.5929169921875 0.45775 0.510283203125 0.4106123046875 0.5060244140625 0.407205078125 0.5892255859375
9 0.5121435546875 0.516875 0.581138671875 0.522591796875 0.5813359375 0.4376279296875 0.5145087890625 0.4313203125 0.5121435546875 0.516875
9 0.516623046875 0.652408203125 0.5682861328125 0.6535517578125 0.5694287109375 0.5817724609375 0.5230244140625 0.5797158203125 0.5195947265625 0.5817724609375 0.516623046875 0.652408203125
9 0.400537109375 0.6776796875 0.3979580078125 0.74354296875 0.45390234375 0.7445341796875 0.4564814453125 0.6862099609375 0.45489453125 0.677083984375 0.44933984375 0.6691484375 0.4419990234375 0.6620068359375 0.43346875 0.658435546875 0.4229541015625 0.659427734375 0.411646484375 0.663197265625 0.404703125 0.670140625 0.400537109375 0.6776796875
9 0.3587412109375 0.2554892578125 0.3627470703125 0.258220703125 0.3618369140625 0.27606640625 0.3682099609375 0.279708984375 0.3704736328125 0.2103984375 0.360888671875 0.2032099609375 0.3587412109375 0.2554892578125
9 0.3048388671875 0.2638662109375 0.335978515625 0.2669619140625 0.33907421875 0.19175390625 0.3077529296875 0.18647265625 0.3048388671875 0.2638662109375
9 0.2635390625 0.1931103515625 0.26151953125 0.2660634765625 0.2775234375 0.2631376953125 0.2771591796875 0.2476591796875 0.2815302734375 0.23891796875 0.2832294921875 0.1908388671875 0.2635390625 0.1931103515625
9 0.1196513671875 0.2509921875 0.181708984375 0.260130859375 0.185958984375 0.1889345703125 0.1264521484375 0.1800087890625 0.1196513671875 0.2509921875
9 0.1053017578125 0.4045654296875 0.1423154296875 0.4071484375 0.1486279296875 0.3250869140625 0.1141962890625 0.3210703125 0.1053017578125 0.4045654296875
9 0.295935546875 0.4152001953125 0.311771484375 0.4156953125 0.32785546875 0.4179228515625 0.33082421875 0.339732421875 0.3011318359375 0.336515625 0.295935546875 0.4152001953125
9 0.3518564453125 0.4050556640625 0.354826171875 0.4082724609375 0.354578125 0.42361328125 0.363486328125 0.4280673828125 0.365712890625 0.3525986328125 0.3550732421875 0.34591796875 0.3518564453125 0.4050556640625
9 0.249912109375 0.4152001953125 0.26599609375 0.41346875 0.2669853515625 0.396890625 0.272923828125 0.396642578125 0.274408203125 0.3357734375 0.2533759765625 0.338 0.249912109375 0.4152001953125
9 0 0.2346533203125 0.0460849609375 0.2406640625 0.051873046875 0.191017578125 0.050537109375 0.1838935546875 0.0465302734375 0.1774375 0.0402958984375 0.1716484375 0.0300556640625 0.1669736328125 0.019591796875 0.1658603515625 0.0082373046875 0.1692001953125 0.002671875 0.17409765625 0 0.1823349609375 0 0.2346533203125
9 0 0.3941494140625 0.030220703125 0.3982470703125 0.03816015625 0.318853515625 0 0.3134755859375 0 0.3941494140625
9 0 0.562 0.0126240234375 0.5622333984375 0.0208056640625 0.4773720703125 0 0.475501953125 0 0.562
9 0.09071484375 0.5683486328125 0.155984375 0.572220703125 0.1640048828125 0.4826123046875 0.098181640625 0.4784638671875 0.09071484375 0.5683486328125
9 0.322123046875 0.502728515625 0.31835546875 0.5072021484375 0.3148232421875 0.5839658203125 0.3501435546875 0.58537890625 0.353205078125 0.5104990234375 0.3501435546875 0.5046123046875 0.344021484375 0.500138671875 0.336015625 0.49801953125 0.3275390625 0.4991962890625 0.322123046875 0.502728515625
9 0.24606640625 0.500138671875 0.2446533203125 0.503669921875 0.2408857421875 0.5780791015625 0.27644140625 0.579962890625 0.280125 0.503935546875 0.2769130859375 0.4982548828125 0.2705546875 0.494251953125 0.26113671875 0.493544921875 0.2543076171875 0.4944873046875 0.24865625 0.4973125 0.24606640625 0.500138671875
9 0.0613974609375 0.673052734375 0.0575283203125 0.6815654296875 0.0523681640625 0.7310966796875 0.162265625 0.736255859375 0.1681982421875 0.6895634765625 0.166650390625 0.6776962890625 0.1583955078125 0.6647978515625 0.1480771484375 0.6552529296875 0.134919921875 0.647513671875 0.11866796875 0.6436435546875 0.0990615234375 0.64544921875 0.084099609375 0.6513828125 0.071716796875 0.659896484375 0.0613974609375 0.673052734375
9 0.240623046875 0.740611328125 0.3292373046875 0.74315625 0.3317822265625 0.672357421875 0.3262294921875 0.6668046875 0.31628125 0.658244140625 0.299853515625 0.6524599609375 0.2820380859375 0.6515341796875 0.265611328125 0.655236328125 0.25404296875 0.6610205078125 0.2447880859375 0.6691181640625 0.240623046875 0.740611328125
2 0.49401171875 0 0.4651376953125 0.04174609375 0.4535244140625 0.055556640625 0.4516416015625 0 0.4312392578125 0.0006279296875 0.4353193359375 0.06151953125 0.438458984375 0.0825498046875 0.4290419921875 0.0985576171875 0.4045595703125 0.102009765625 0.3753740234375 0.104521484375 0.3524609375 0.0994990234375 0.34430078125 0.08286328125 0.3395927734375 0.0674833984375 0.333314453125 0.0445703125 0.327978515625 0.0134970703125 0.3242119140625 0.0018828125 0.3191904296875 0.0018828125 0.31416796875 0.02040234375 0.3003583984375 0.058380859375 0.293453125 0.0762724609375 0.285919921875 0.0869443359375 0.1302587890625 0.058380859375 0.101068359375 0.0536728515625 0.05430078125 0.0442568359375 0 0.0095478515625 0 0.850740234375 0.885787109375 0.8558271484375 0.9994072265625 0.8580888671875 1 0.1628525390625 0.944232421875 0.12253125 0.9045439453125 0.115193359375 0.895755859375 0.1079736328125 0.8866533203125 0.0941630859375 0.8784921875 0.0790966796875 0.8712734375 0.0612060546875 0.8653095703125 0.060578125 0.8621708984375 0.0772138671875 0.8590322265625 0.0900830078125 0.8514990234375 0.102009765625 0.760802734375 0.085375 0.6493759765625 0.063716796875 0.6390224609375 0.060578125 0.6368251953125 0.045826171875 0.6189345703125 0.042373046875 0.6107734375 0.051162109375 0.581580078125 0.0247958984375 0.55709765625 0 0.49401171875 0
3 1 0.8254658203125 0.681376953125 0.818470703125 0 0.815759765625 0 1 1 1 1 0.8254658203125
9 0.93869140625 0.7887158203125 0.938125 0.7355 0.9106650390625 0.734650390625 0.91236328125 0.7889990234375 0.93869140625 0.7887158203125
9 0.5575068359375 0.736080078125 0.5222421875 0.7343466796875 0.5210859375 0.77769921875 0.5575068359375 0.77856640625 0.5575068359375 0.736080078125