2 1 0.5188662109375 0.9876787109375 0.5214814453125 0.97630078125 0.486353515625 0.967408203125 0.481357421875 0.9432470703125 0.4887490234375 0.9410458984375 0.498123046875 0.9490712890625 0.5276083984375 0.8904208984375 0.5407236328125 0.8861474609375 0.5171875 0.87788671875 0.5153349609375 0.8723984375 0.5184560546875 0.8739140625 0.540947265625 0.8437802734375 0.5493037109375 0.8250107421875 0.5564375 0.81716015625 0.5670537109375 0.7425244140625 0.5887578125 0.7688955078125 0.71578515625 0.7602470703125 0.72897265625 0.778248046875 0.83556640625 1 0.808037109375 1 0.5188662109375
8 0 0 0.0004775390625 1 0.0151005859375 1 0.0205439453125 0.9782548828125 0.0108916015625 0.949740234375 0.01303515625 0.9150556640625 0.015798828125 0.893052734375 0.01165625 0.8724912109375 0.00774609375 0.8389453125 0.01140625 0.807251953125 0.0133056640625 0.78155078125 0.0223681640625 0.7736220703125 0.0460458984375 0.7440029296875 0.062123046875 0.7139130859375 0.0747724609375 0.69230078125 0.084408203125 0.68375390625 0.1043916015625 0.685482421875 0.119484375 0.6973544921875 0.145193359375 0.706267578125 0.162130859375 0.7033466796875 0.1677822265625 0.6886318359375 0.16371875 0.6739755859375 0.164541015625 0.648291015625 0.1766005859375 0.6378037109375 0.19753515625 0.6332529296875 0.228458984375 0.642328125 0.253171875 0.640400390625 0.2816318359375 0.616810546875 0.31265625 0.6082255859375 0.349041015625 0.5943544921875 0.3705986328125 0.569359375 0.3731748046875 0.5591455078125 0.37625390625 0.5431435546875 0.36178515625 0.5217138671875 0.3638173828125 0.506513671875 0.3715625 0.4899130859375 0.392240234375 0.4683251953125 0.425794921875 0.4735234375 0.455892578125 0.466251953125 0.472638671875 0.4452177734375 0.479939453125 0.4195615234375 0.5111259765625 0.3730546875 0.514138671875 0.33787890625 0.50453125 0.3236923828125 0.5115126953125 0.3063935546875 0.4980859375 0.30165625 0.5108310546875 0.285912109375 0.5075810546875 0.2733046875 0.488990234375 0.26419140625 0.48844140625 0.24535546875 0.490623046875 0.2220224609375 0.49957421875 0.19017578125 0.5290478515625 0.1838134765625 0.553099609375 0.169423828125 0.5729833984375 0.1557568359375 0.580849609375 0.138935546875 0.5967724609375 0.1029580078125 0.596685546875 0.087375 0.577537109375 0.0916220703125 0.559607421875 0.0998916015625 0.5346748046875 0.1240595703125 0.52576953125 0.112283203125 0.5166572265625 0.112291015625 0.5114541015625 0.0942939453125 0.497986328125 0.0874541015625 0.4942587890625 0.071697265625 0.4815146484375 0.0615244140625 0.45370703125 0.0581669921875 0.4342890625 0.0483896484375 0.4336904296875 0.022763671875 0.4262060546875 0.00573828125 0.40895703125 0 0.3302080078125 0.0008564453125 0.047326171875 0 0.0010634765625 0 0 0
9 0.2070556640625 0.1569990234375 0.2083076171875 0.088017578125 0.1426552734375 0.068685546875 0.1408876953125 0.1390400390625 0.2070556640625 0.1569990234375
9 0.4869111328125 0.2439853515625 0.4807294921875 0.17905859375 0.4333876953125 0.165275390625 0.4372880859375 0.23171484375 0.4869111328125 0.2439853515625
9 0.2102783203125 0.3686953125 0.2126376953125 0.255681640625 0.1323603515625 0.2359638671875 0.12648828125 0.3534189453125 0.2102783203125 0.3686953125
9 0.509947265625 0.4310048828125 0.4999677734375 0.338123046875 0.4420556640625 0.329228515625 0.45084765625 0.419302734375 0.509947265625 0.4310048828125
9 0.532890625 0.6316748046875 0.5198740234375 0.511388671875 0.457025390625 0.5010546875 0.4672109375 0.62731640625 0.532890625 0.6316748046875
9 0.208197265625 0.5922822265625 0.211306640625 0.4558359375 0.122876953125 0.442396484375 0.117255859375 0.5838857421875 0.208197265625 0.5922822265625
9 0.2018271484375 0.8588291015625 0.2030341796875 0.714453125 0.190306640625 0.7008837890625 0.16848828125 0.6929033203125 0.1506318359375 0.690849609375 0.1371171875 0.6926484375 0.120947265625 0.7007490234375 0.1128154296875 0.708279296875 0.1094169921875 0.860314453125 0.2018271484375 0.8588291015625
9 0.55496484375 0.8532197265625 0.5422783203125 0.7275009765625 0.5348349609375 0.7182880859375 0.5245712890625 0.7128466796875 0.5136328125 0.711658203125 0.50259765625 0.7124697265625 0.4958701171875 0.7153955078125 0.490322265625 0.7191396484375 0.4850673828125 0.7276015625 0.4969072265625 0.8534033203125 0.55496484375 0.8532197265625
9 0.646626953125 0.4741533203125 0.714365234375 0.48734765625 0.7000390625 0.3981044921875 0.6328310546875 0.3806875 0.646626953125 0.4741533203125
9 0.746025390625 0.656248046875 0.72613671875 0.5534052734375 0.65989453125 0.5447314453125 0.6766416015625 0.6496787109375 0.746025390625 0.656248046875
9 0.720455078125 0.8549697265625 0.77628515625 0.8524013671875 0.75757421875 0.73826171875 0.698583984375 0.7359697265625 0.720455078125 0.8549697265625
9 0.780453125 0.6868447265625 0.807578125 0.681818359375 0.7967890625 0.6319716796875 0.76924609375 0.6381533203125 0.780453125 0.6868447265625
9 0.90760546875 0.6624951171875 0.89326171875 0.611435546875 0.8599482421875 0.6190966796875 0.8721494140625 0.66984375 0.90760546875 0.6624951171875
9 1 0.5859033203125 0.9637158203125 0.5944755859375 0.979970703125 0.6511220703125 1 0.6458251953125 1 0.5859033203125
9 0.80162109375 0.7846552734375 0.8292978515625 0.7798310546875 0.8151923828125 0.720888671875 0.7882431640625 0.7254033203125 0.80162109375 0.7846552734375
9 0.934353515625 0.7664326171875 0.91778515625 0.7031416015625 0.886890625 0.7088212890625 0.9030810546875 0.7698017578125 0.934353515625 0.7664326171875
2 0 1 0.8344931640625 0.9809326171875 0.7711083984375 0.71666015625 0.767810546875 0.6980869140625 0.7393193359375 0.541916015625 0.7408662109375 0.5340947265625 0.7344609375 0.5240341796875 0.705234375 0.381416015625 0.71321484375 0.373681640625 0.6277294921875 0.34970703125 0.6282138671875 0.338474609375 0.6235126953125 0.3261533203125 0.632115234375 0.3214404296875 0.6555439453125 0.303466796875 0.6543466796875 0.290029296875 0.610455078125 0.2736728515625 0.607994140625 0.243794921875 0.615083984375 0.230166015625 0.616916015625 0.217697265625 0.5841982421875 0.203369140625 0.56434765625 0.1766435546875 0.55031640625 0.1536123046875 0.5054755859375 0.1227373046875 0.489830078125 0.1013447265625 0.4706640625 0.0769775390625 0.25551953125 0.0003271484375 0.2447236328125 0.05011328125 0.221126953125 0.0190439453125 0.188990234375 0.001521484375 0.1618408203125 0 0.1367587890625 0.0090400390625 0.119205078125 0.014037109375 0.112482421875 0.0268583984375 0.118439453125 0.050294921875 0 0.0142421875 0 1
0 0.0998076171875 0.6119775390625 0.152990234375 0.613275390625 0.2427568359375 0.6245810546875 0.2926826171875 0.6317529296875 0.288203125 0.556779296875 0.2722724609375 0.5508310546875 0.172025390625 0.5365888671875 0.0919931640625 0.5358037109375 0.0698984375 0.5613193359375 0.0663251953125 0.61900390625 0.0998076171875 0.6119775390625
0 0.46859375 0.6585947265625 0.48815234375 0.6545078125 0.50447265625 0.65433984375 0.535404296875 0.65433984375 0.585396484375 0.6606005859375 0.6207578125 0.66603515625 0.624841796875 0.6576162109375 0.61884375 0.605056640625 0.613154296875 0.60204296875 0.602701171875 0.60041796875 0.5946884765625 0.5963056640625 0.550404296875 0.589234375 0.5073203125 0.5885732421875 0.49061328125 0.588041015625 0.479693359375 0.5875 0.4373642578125 0.605794921875 0.4439287109375 0.6660693359375 0.46859375 0.6585947265625
8 0.33403515625 0.94414453125 0.3351015625 0.9547470703125 0.3252548828125 0.9598037109375 0.32821875 1 0.6808974609375 0.9978037109375 0.828251953125 0.9968330078125 0.9131103515625 0.9931748046875 1 0.981453125 0.9995283203125 0.7958056640625 0.9837802734375 0.7873125 0.958921875 0.78258984375 0.933333984375 0.7839658203125 0.8970107421875 0.7902880859375 0.8746533203125 0.79852734375 0.860609375 0.797421875 0.841494140625 0.782150390625 0.8205830078125 0.779873046875 0.79873828125 0.79069921875 0.7770439453125 0.7846357421875 0.7451298828125 0.78616796875 0.7158232421875 0.7845107421875 0.7067802734375 0.77573046875 0.6938173828125 0.77017578125 0.6634130859375 0.7638134765625 0.6211982421875 0.7660712890625 0.589466796875 0.76082421875 0.5621513671875 0.7630830078125 0.5375595703125 0.767724609375 0.515736328125 0.7663125 0.4989755859375 0.7704404296875 0.48384375 0.7762294921875 0.4778701171875 0.7678974609375 0.4571708984375 0.7629462890625 0.4331689453125 0.7627138671875 0.403482421875 0.76109765625 0.391443359375 0.7658955078125 0.380412109375 0.7714755859375 0.377146484375 0.786455078125 0.3653203125 0.784890625 0.3537021484375 0.7774765625 0.342525390625 0.780080078125 0.3290751953125 0.767439453125 0.316048828125 0.7723212890625 0.313578125 0.7810908203125 0.317373046875 0.799419921875 0.283166015625 0.801734375 0.262513671875 0.79890625 0.243314453125 0.7941650390625 0.21843359375 0.802849609375 0.20890625 0.8109931640625 0.1930927734375 0.80737109375 0.1835009765625 0.811158203125 0.1776357421875 0.822078125 0.1808525390625 0.8335146484375 0.1879453125 0.8574765625 0.20148828125 0.885958984375 0.21053125 0.9530380859375 0.33403515625 0.94414453125
0 0.724806640625 0.5227841796875 0.718423828125 0.4805107421875 0.7117109375 0.476802734375 0.6464794921875 0.4644248046875 0.6531826171875 0.5129658203125 0.724806640625 0.5227841796875
0 0.6981533203125 0.6908544921875 0.7024208984375 0.6983505859375 0.761396484375 0.7018857421875 0.756318359375 0.6648701171875 0.7522158203125 0.6539658203125 0.7509541015625 0.650392578125 0.6766923828125 0.6430380859375 0.688111328125 0.6868642578125 0.6981533203125 0.6908544921875
3 1 0.8687373046875 0.0024912109375 0.88183984375 0.0000673828125 0.9989248046875 0.6839853515625 1 1 0.9746181640625 1 0.8687373046875
6 1 0.9834091796875 0.9921357421875 0.9844599609375 0.906251953125 0.9953701171875 0.78044921875 1 1 1 1 0.9834091796875