9 0.2815498046875 0.5279052734375 0.26705859375 0.397482421875 0.1107568359375 0.4409560546875 0.1123095703125 0.5656875 0.2815498046875 0.5279052734375
9 0.2528623046875 0.267736328125 0.2429462890625 0.1707001953125 0.1030576171875 0.2131982421875 0.1034111328125 0.3084638671875 0.2528623046875 0.267736328125
9 0.234853515625 0.0625830078125 0.2267783203125 0 0.1917861328125 0.0016826171875 0.10161328125 0.0302822265625 0.1009404296875 0.1059873046875 0.234853515625 0.0625830078125
9 0.603453125 0.10689453125 0.5870078125 0.0634970703125 0.4239248046875 0.11648828125 0.433060546875 0.1576015625 0.603453125 0.10689453125
9 0.692533203125 0.4003408203125 0.659330078125 0.2964609375 0.468171875 0.3472158203125 0.4866708984375 0.4482490234375 0.692533203125 0.4003408203125
9 0.315439453125 0.869123046875 0.296140625 0.686115234375 0.1157939453125 0.7220517578125 0.1164599609375 0.8977392578125 0.315439453125 0.869123046875
9 0.6715537109375 0.9436865234375 0.6381953125 0.823421875 0.8076201171875 0.7970859375 0.7575830078125 0.6022041015625 0.5214423828125 0.6478525390625 0.5776240234375 0.9550986328125 0.6715537109375 0.9436865234375
9 1 0.2192509765625 0.959220703125 0.2290380859375 0.9978837890625 0.319087890625 1 0.2192509765625
0 0.4247734375 0.4843154296875 0.44134765625 0.474494140625 0.8573818359375 0.3763623046875 0.841951171875 0.3555654296875 0.8198125 0.3381220703125 0.80639453125 0.3367802734375 0.437412109375 0.4253359375 0.411248046875 0.4380830078125 0.4011845703125 0.4501591796875 0.3989931640625 0.4573076171875 0.4100419921875 0.5064140625 0.4247734375 0.4843154296875
0 0.369171875 0.2351455078125 0.3715654296875 0.2112119140625 0.381138671875 0.1938603515625 0.398490234375 0.184287109375 0.73475390625 0.0783818359375 0.729369140625 0.06539453125 0.7209921875 0.06539453125 0.7084267578125 0.0641982421875 0.705435546875 0.056419921875 0.6982548828125 0.049837890625 0.391310546875 0.142580078125 0.363787109375 0.1641201171875 0.3542138671875 0.1814716796875 0.350025390625 0.1938603515625 0.3649833984375 0.2369404296875 0.369171875 0.2351455078125
0 1 0.8441376953125 0 0.9813466796875 0 1 0.3206533203125 1 0.39486328125 0.9988212890625 0.6791298828125 0.967716796875 1 0.9252509765625 1 0.8441376953125
8 1 0.578064453125 0.9879619140625 0.5771884765625 0.7565 0.618875 0.63377734375 0.641666015625 0.5154365234375 0.6688408203125 0.4155048828125 0.680236328125 0.32872265625 0.695138671875 0.222654296875 0.710041015625 0.1078212890625 0.7354619140625 0.0832763671875 0.7407216796875 0.000876953125 0.7600068359375 0 0.7587939453125 0 1 0.296517578125 1 0.3871884765625 0.99792578125 0.6827626953125 0.9651533203125 1 0.9214560546875 1 0.578064453125
2 0 0 0 1 0.5298251953125 1 0.550439453125 0.9995419921875 0.6765341796875 0.985724609375 0.7900390625 0.97341015625 0.8995341796875 0.959220703125 1 0.9452998046875 1 0.8337353515625 1 0 0 0