2 1 0.1993486328125 0.2320224609375 0 0 0.002162109375 0 0.9024189453125 1 0.9039951171875 1 0.1993486328125
9 0 0.5682265625 0.1214150390625 0.5777744140625 0.1281982421875 0.533501953125 0 0.51903125 0 0.5682265625
9 0.0876376953125 0.8188486328125 0.10145703125 0.7292978515625 0 0.7261845703125 0.000861328125 0.8118603515625 0.0876376953125 0.8188486328125
9 0.420544921875 0.86042578125 0.426671875 0.7495185546875 0.2208935546875 0.7384677734375 0.2005068359375 0.857759765625 0.420544921875 0.86042578125
9 0.4349130859375 0.6742783203125 0.4452998046875 0.5655419921875 0.255248046875 0.546302734375 0.2356484375 0.657361328125 0.4349130859375 0.6742783203125
9 0.4516953125 0.4896201171875 0.4578662109375 0.4136806640625 0.283455078125 0.383498046875 0.2665341796875 0.4602236328125 0.4516953125 0.4896201171875
9 0.4591904296875 0.331626953125 0.463150390625 0.2801806640625 0.3034638671875 0.2445498046875 0.2919130859375 0.3014794921875 0.4591904296875 0.331626953125
9 0.46461328125 0.1984443359375 0.4704794921875 0.1609931640625 0.32347265625 0.1278330078125 0.31884375 0.164015625 0.46461328125 0.1984443359375
9 0.62497265625 0.836193359375 0.6259814453125 0.7418486328125 0.5428447265625 0.736185546875 0.54075 0.8342705078125 0.62497265625 0.836193359375
9 0.624142578125 0.6425400390625 0.6235625 0.5627001953125 0.5479609375 0.5530283203125 0.5461181640625 0.636087890625 0.624142578125 0.6425400390625
9 0.6220546875 0.4806884765625 0.6209345703125 0.414736328125 0.551482421875 0.4021181640625 0.5510439453125 0.402166015625 0.5514140625 0.4706640625 0.6220546875 0.4806884765625
9 0.6197890625 0.3429404296875 0.619126953125 0.283880859375 0.5536220703125 0.2700439453125 0.5531513671875 0.3312431640625 0.6197890625 0.3429404296875
9 0.6185859375 0.223109375 0.6171025390625 0.17044921875 0.5562001953125 0.1553232421875 0.554373046875 0.2083388671875 0.6185859375 0.223109375
9 0.7586806640625 0.2295966796875 0.75557421875 0.205025390625 0.66743359375 0.182712890625 0.66802734375 0.209916015625 0.7586806640625 0.2295966796875
9 0.7695595703125 0.3429267578125 0.761904296875 0.257220703125 0.669318359375 0.23596484375 0.673755859375 0.3272529296875 0.7695595703125 0.3429267578125
9 0.779693359375 0.4715986328125 0.7730927734375 0.372955078125 0.676390625 0.3555556640625 0.6802333984375 0.45700390625 0.779693359375 0.4715986328125
9 0.7950654296875 0.62209375 0.7849091796875 0.506130859375 0.6814873046875 0.4905537109375 0.6860380859375 0.6123896484375 0.7950654296875 0.62209375
9 0.813400390625 0.798763671875 0.798439453125 0.6598271484375 0.688583984375 0.6495146484375 0.6954677734375 0.7946865234375 0.813400390625 0.798763671875
9 0.9462646484375 0.8426416015625 0.933810546875 0.757908203125 0.86565625 0.753794921875 0.876970703125 0.8417724609375 0.9462646484375 0.8426416015625
9 0.9176005859375 0.6681162109375 0.906759765625 0.596740234375 0.84401171875 0.5898037109375 0.8539677734375 0.6627685546875 0.9176005859375 0.6681162109375
9 0.89394140625 0.5191787109375 0.8831943359375 0.4550966796875 0.8253349609375 0.4466455078125 0.833119140625 0.510892578125 0.89394140625 0.5191787109375
9 0.8740869140625 0.3895322265625 0.8661640625 0.3333642578125 0.810234375 0.3235126953125 0.816580078125 0.380849609375 0.8740869140625 0.3895322265625
9 0.858130859375 0.276154296875 0.8494052734375 0.225119140625 0.7991513671875 0.2137705078125 0.8039267578125 0.265392578125 0.858130859375 0.276154296875
9 0.968775390625 0.3098642578125 0.9632373046875 0.2757763671875 0.90337109375 0.26491796875 0.909681640625 0.2994091796875 0.968775390625 0.3098642578125
9 0.9907822265625 0.426830078125 0.9830029296875 0.3779072265625 0.9129521484375 0.366818359375 0.9242548828125 0.416953125 0.9907822265625 0.426830078125
9 0.999673828125 0.5556875 0.9973671875 0.4955576171875 0.9290908203125 0.4869306640625 0.944583984375 0.5506494140625 0.999673828125 0.5556875
9 1 0.6616171875 0.9996552734375 0.625923828125 0.9540556640625 0.623169921875 0.9610673828125 0.6604833984375 1 0.6616171875
9 0.9911201171875 0.8401396484375 1 0.8369033203125 0.9997734375 0.7773076171875 0.9814765625 0.778787109375 0.9911201171875 0.8401396484375
0 0 0.5704814453125 0.145763671875 0.584724609375 0.1474375 0.5644453125 0.1198251953125 0.5604423828125 0 0.5486669921875 0 0.5704814453125
0 0 0.2023515625 0.2195224609375 0.24255859375 0.2197109375 0.2351884765625 0.0005478515625 0.18956640625 0 0.2023515625
0 0 0.052603515625 0.138087890625 0.08572265625 0.1403046875 0.0779755859375 0.0008271484375 0.04447265625 0 0.052603515625
0 0.521990234375 0.2154306640625 0.524337890625 0.1671953125 0.283025390625 0.1095361328125 0.2747080078125 0.1589892578125 0.521990234375 0.2154306640625
0 0.514732421875 0.3433388671875 0.5194638671875 0.2879541015625 0.25953515625 0.23499609375 0.2469462890625 0.2954091796875 0.514732421875 0.3433388671875
0 0.5087294921875 0.49645703125 0.512015625 0.4330341796875 0.2295048828125 0.387705078125 0.2145302734375 0.4587978515625 0.5087294921875 0.49645703125
0 0.502470703125 0.68219140625 0.505232421875 0.6003125 0.192072265625 0.5696318359375 0.17376953125 0.6552158203125 0.502470703125 0.68219140625
0 0.4931357421875 0.9019130859375 0.49706640625 0.8042509765625 0.1453056640625 0.79637890625 0.1250712890625 0.9052490234375 0.4931357421875 0.9019130859375
0 0.9994130859375 0.8381025390625 0.9990693359375 0.8245478515625 0.9777685546875 0.829068359375 0.979021484375 0.8412861328125 0.9994130859375 0.8381025390625
0 1 0.6487353515625 0.9667939453125 0.646466796875 0.9453701171875 0.6554453125 0.9479765625 0.6681953125 0.965658203125 0.6603193359375 1 0.6620458984375 1 0.6487353515625
0 0.9446328125 0.510314453125 0.9575732421875 0.5585234375 1 0.5650810546875 0.998537109375 0.5039091796875 0.9356826171875 0.49698828125 0.9198642578125 0.507314453125 0.9228564453125 0.52019921875 0.9446328125 0.510314453125
0 1 0.3824111328125 0.91545703125 0.3675537109375 0.8963505859375 0.3800439453125 0.9002041015625 0.388341796875 0.915759765625 0.3764921875 1 0.3932265625 1 0.3824111328125
0 0.9001689453125 0.2637587890625 0.9063173828125 0.30132421875 0.9999873046875 0.31928515625 1 0.278564453125 0.8919697265625 0.2546103515625 0.8805048828125 0.265662109375 0.8819267578125 0.2723291015625 0.9001689453125 0.2637587890625
8 1 0.1775302734375 0.9945888671875 0.175958984375 0.9834580078125 0.174916015625 0.9786474609375 0.182919921875 0.9713603515625 0.202857421875 0.970548828125 0.223375 0.9695810546875 0.25124609375 0.95729296875 0.2675380859375 0.946447265625 0.280703125 0.9433408203125 0.3093115234375 0.9179541015625 0.3205859375 0.8991328125 0.3312138671875 0.8867216796875 0.343880859375 0.8737294921875 0.36696875 0.8776015625 0.3873466796875 0.8828408203125 0.4039267578125 0.9003525390625 0.423576171875 0.948728515625 0.445783203125 0.9735224609375 0.45489453125 0.9718134765625 0.4648837890625 0.9690244140625 0.48351953125 0.9590888671875 0.4946826171875 0.9360537109375 0.48095703125 0.92134375 0.4591826171875 0.904525390625 0.45345703125 0.880064453125 0.4519658203125 0.8695322265625 0.4609951171875 0.866837890625 0.4748486328125 0.8746728515625 0.501236328125 0.873943359375 0.53027734375 0.8754384765625 0.54334375 0.8794384765625 0.5613779296875 0.876361328125 0.5789423828125 0.863216796875 0.6061376953125 0.864416015625 0.6249873046875 0.868921875 0.644673828125 0.8754140625 0.6583330078125 0.89762890625 0.6719306640625 0.908421875 0.6920576171875 0.92209375 0.6996455078125 0.9349541015625 0.6996455078125 0.9517646484375 0.6933388671875 0.9751708984375 0.6935771484375 0.966998046875 0.7094365234375 0.973646484375 0.7285830078125 0.99755078125 0.741220703125 1 0.7309970703125 1 0.1775302734375
5 1 0.905966796875 0.6969384765625 0.90568359375 0.2997705078125 0.9048330078125 0 0.9071015625 0 1 1 1 1 0.905966796875