2 1 0.478046875 0.920740234375 0.330482421875 0.955326171875 0.31357421875 0.8369375 0.094427734375 0.242873046875 0.3574208984375 0.235291015625 0.3623623046875 0.2826767578125 0.3936337890625 0.13801171875 1 1 1 1 0.478046875
9 0.350609375 0.4244638671875 0.359333984375 0.376376953125 0.3213916015625 0.3901748046875 0.3124638671875 0.43805859375 0.350609375 0.4244638671875
9 0.2807529296875 0.5703349609375 0.32450390625 0.5560126953125 0.33490234375 0.497939453125 0.294486328125 0.5108876953125 0.2807529296875 0.5703349609375
9 0.2509296875 0.7205712890625 0.2937265625 0.7136826171875 0.307078125 0.64134375 0.2652978515625 0.652796875 0.2509296875 0.7205712890625
9 0.2129853515625 0.8974560546875 0.2579970703125 0.8941875 0.27483203125 0.8085556640625 0.231341796875 0.814474609375 0.2129853515625 0.8974560546875
9 0.4130244140625 0.8644443359375 0.5122373046875 0.8547509765625 0.5186904296875 0.7746396484375 0.4229140625 0.7875185546875 0.4130244140625 0.8644443359375
9 0.529869140625 0.65288671875 0.534666015625 0.5857998046875 0.4467509765625 0.6055361328125 0.4379990234375 0.6675859375 0.529869140625 0.65288671875
9 0.518712890625 0.4744892578125 0.5372822265625 0.4849951171875 0.544611328125 0.484017578125 0.5476962890625 0.4289072265625 0.4652041015625 0.455919921875 0.46373828125 0.4906142578125 0.518712890625 0.4744892578125
9 0.537376953125 0.329744140625 0.5569482421875 0.343998046875 0.558423828125 0.2970107421875 0.48315234375 0.32424609375 0.48036328125 0.346125 0.5282294921875 0.3286806640625 0.537376953125 0.329744140625
9 0.897234375 0.85719140625 0.937498046875 0.875892578125 0.927701171875 0.783115234375 0.8892353515625 0.7582255859375 0.897234375 0.85719140625
9 0.875001953125 0.63016796875 0.9175185546875 0.667796875 0.909921875 0.593173828125 0.8691337890625 0.5530849609375 0.875001953125 0.63016796875
0 0.3974208984375 0.6763701171875 0.4976953125 0.6554638671875 0.507955078125 0.6570126953125 0.532927734375 0.665142578125 0.532927734375 0.661271484375 0.50640625 0.6486884765625 0.4998251953125 0.64752734375 0.396453125 0.670369140625 0.3974208984375 0.6763701171875
1 0.1179853515625 1 0.0801552734375 0.9686025390625 0.0681689453125 0.9569912109375 0.0505654296875 0.947626953125 0.0505654296875 0.9427578125 0.0681689453125 0.9427578125 0.0681689453125 0.9371396484375 0 0.9303974609375 0 1 0.1179853515625 1
2 0.1359951171875 1 0.171845703125 0.846591796875 0.07238671875 0.8312470703125 0.072685546875 0.82167578125 0.0574306640625 0.817787109375 0.050849609375 0.8243681640625 0 0.8162919921875 0 0.9279208984375 0.0694033203125 0.9348603515625 0.0692685546875 0.94344921875 0.051724609375 0.94344921875 0.051724609375 0.946625 0.0695380859375 0.9566865234375 0.0804306640625 0.9674736328125 0.12078125 1 0.1359951171875 1
9 0.0382470703125 0.889734375 0.0412490234375 0.874984375 0.0197109375 0.8718505859375 0.01592578125 0.88725390625 0.0382470703125 0.889734375
9 0.053748046875 0.933869140625 0.08 0.9368544921875 0.08441015625 0.91988671875 0.0591484375 0.9174228515625 0.053748046875 0.933869140625
9 0.0925205078125 0.8847626953125 0.0782548828125 0.8819921875 0.065650390625 0.8975048828125 0.089888671875 0.899859375 0.0925205078125 0.8847626953125
9 0.0128037109375 0.92765625 0.0235537109375 0.9158193359375 0.0041064453125 0.913765625 0.0004833984375 0.9264482421875 0.0128037109375 0.92765625
9 0.0873154296875 0.9755654296875 0.0883291015625 0.97759375 0.09858203125 0.977818359375 0.1018486328125 0.964298828125 0.0897939453125 0.9640732421875 0.0873154296875 0.9755654296875
9 0.10703125 0.99169921875 0.119921875 0.9923828125 0.12353515625 0.97958984375 0.10986328125 0.97900390625 0.10703125 0.99169921875
9 0.11344140625 0.968814453125 0.1296630859375 0.969265625 0.136873046875 0.943017578125 0.1196376953125 0.942228515625 0.11344140625 0.968814453125
9 0.1223310546875 0.9324013671875 0.1413818359375 0.932640625 0.1450595703125 0.905962890625 0.1267646484375 0.9046044921875 0.1229306640625 0.9303642578125 0.1223310546875 0.9324013671875
9 0.095583984375 0.9407392578125 0.108947265625 0.9413515625 0.1128232421875 0.9233974609375 0.1002763671875 0.9227861328125 0.095583984375 0.9407392578125
9 0.1436689453125 0.8891845703125 0.1315615234375 0.8877080078125 0.1293916015625 0.902048828125 0.1414541015625 0.9030634765625 0.1436689453125 0.8891845703125
9 0.1174462890625 0.903421875 0.120908203125 0.8886025390625 0.108998046875 0.887494140625 0.105673828125 0.902037109375 0.1174462890625 0.903421875
8 0 0 0 0.91889453125 0.0064189453125 0.9187255859375 0.0253369140625 0.910111328125 0.019931640625 0.91754296875 0.0047294921875 0.9340966796875 0.0236484375 0.935279296875 0.0385126953125 0.9253134765625 0.0479716796875 0.9195703125 0.0654326171875 0.9008271484375 0.0771865234375 0.8853876953125 0.0832431640625 0.883837890625 0.0970458984375 0.8869365234375 0.1060869140625 0.8922509765625 0.1190244140625 0.901306640625 0.1229052734375 0.908853515625 0.1276494140625 0.9194189453125 0.1336865234375 0.9248095703125 0.13605859375 0.9377470703125 0.132310546875 0.9553876953125 0.1250556640625 0.978298828125 0.1202822265625 0.9882265625 0.1187548828125 1 0.129255859375 1 0.1346015625 0.9781083984375 0.14262109375 0.953478515625 0.146248046875 0.9502333984375 0.21215234375 0.70311328125 0.264009765625 0.48186328125 0.2481318359375 0.4637705078125 0.2470244140625 0.4574931640625 0.249609375 0.45084765625 0.2470244140625 0.4430927734375 0.2392705078125 0.440138671875 0.217115234375 0.4349697265625 0.2286875 0.42664453125 0.229759765625 0.41163671875 0.2379775390625 0.386267578125 0.2345029296875 0.3815869140625 0.2185458984375 0.39130078125 0.217158203125 0.385056640625 0.217158203125 0.3739560546875 0.2327685546875 0.367017578125 0.2299931640625 0.3604267578125 0.22166796875 0.3628544921875 0.2197119140625 0.357873046875 0.2133779296875 0.3558935546875 0.22644140625 0.34599609375 0.236734375 0.3254111328125 0.2347548828125 0.31828515625 0.24465234375 0.3036376953125 0.2618916015625 0.285853515625 0.266095703125 0.2745029296875 0.2740830078125 0.2526435546875 0.2702998046875 0.247599609375 0.2564267578125 0.2467587890625 0.253064453125 0.2341474609375 0.252134765625 0.2255654296875 0.2543037109375 0.206587890625 0.251591796875 0.200623046875 0.2423740234375 0.1897783203125 0.2282763671875 0.197912109375 0.223396484375 0.1897783203125 0.2201435546875 0.176765625 0.220685546875 0.1615830078125 0.227734375 0.149111328125 0.2239384765625 0.143689453125 0.2114677734375 0.1360986328125 0.2199921875 0.12768359375 0.2288359375 0.117181640625 0.226625 0.107232421875 0.223861328125 0.093966796875 0.21778125 0.084017578125 0.20341015625 0.0724091796875 0.206173828125 0.0635654296875 0.20783203125 0.0458779296875 0.20119921875 0.0381396484375 0.1968291015625 0.018224609375 0.1779970703125 0.0109345703125 0.1591650390625 0 0 0
8 0.457244140625 0 0.42276953125 0.0154228515625 0.399181640625 0.01088671875 0.39373828125 0.019958984375 0.388294921875 0.03266015625 0.381037109375 0.0508046875 0.3828515625 0.0698564453125 0.3964599609375 0.08709375 0.40099609375 0.1007021484375 0.395552734375 0.110681640625 0.3982744140625 0.1233837890625 0.4118828125 0.131548828125 0.4037177734375 0.1515078125 0.39373828125 0.1723740234375 0.399181640625 0.1868896484375 0.404625 0.2032197265625 0.3873876953125 0.196869140625 0.38648046875 0.2159208984375 0.370150390625 0.2177353515625 0.3592626953125 0.2104775390625 0.351822265625 0.2155908203125 0.3544677734375 0.236091796875 0.355791015625 0.247333984375 0.373646484375 0.25526953125 0.352484375 0.285029296875 0.35909765625 0.2989169921875 0.3875341796875 0.265189453125 0.4007607421875 0.2698193359375 0.400099609375 0.275109375 0.389517578125 0.280400390625 0.393486328125 0.285029296875 0.4106806640625 0.2843681640625 0.4219228515625 0.293626953125 0.3987763671875 0.316111328125 0.4120029296875 0.328015625 0.42390625 0.3319833984375 0.417955078125 0.35711328125 0.4219228515625 0.3657109375 0.4391171875 0.3723232421875 0.44573046875 0.384888671875 0.429197265625 0.3987763671875 0.4364716796875 0.4086962890625 0.4582958984375 0.4053896484375 0.4873935546875 0.4053896484375 0.5155869140625 0.4090283203125 0.5268388671875 0.4136611328125 0.5308095703125 0.426236328125 0.53808984375 0.4447685546875 0.5367666015625 0.46330078125 0.544708984375 0.4785234375 0.553974609375 0.4944072265625 0.5526513671875 0.5102919921875 0.5361044921875 0.538751953125 0.538751953125 0.5625791015625 0.5308095703125 0.5837587890625 0.5413994140625 0.5883916015625 0.56390234375 0.5824345703125 0.575154296875 0.569859375 0.569197265625 0.61089453125 0.5672119140625 0.6281025390625 0.58640625 0.63803125 0.5824345703125 0.672447265625 0.5883916015625 0.6803896484375 0.600966796875 0.677080078125 0.6089091796875 0.6519296875 0.61089453125 0.6287646484375 0.6241318359375 0.5923623046875 0.632736328125 0.5665498046875 0.6426640625 0.5771396484375 0.632736328125 0.625455078125 0.6393544921875 0.6552392578125 0.646634765625 0.693626953125 0.6559013671875 0.70951171875 0.6764189453125 0.713482421875 0.7068642578125 0.7068642578125 0.7035546875 0.647296875 0.7121591796875 0.60626171875 0.7214248046875 0.620822265625 0.724072265625 0.6400166015625 0.7465751953125 0.64133984375 0.74922265625 0.6803896484375 0.7617978515625 0.6896552734375 0.780330078125 0.6942890625 0.786287109375 0.7081875 0.7975380859375 0.7081875 0.807974609375 0.7325517578125 0.8164599609375 1 0.8777412109375 0.9984189453125 0.8654853515625 0.824001953125 0.863599609375 0.7448076171875 0.8551142578125 0.7118095703125 0.8508525390625 0.6486064453125 0.8682431640625 0.6428095703125 0.8708203125 0.695625 0.8824140625 0.7027099609375 0.8894990234375 0.6969130859375 0.895939453125 0.6866083984375 0.907533203125 0.68467578125 0.9146181640625 0.6943369140625 0.9242802734375 0.705287109375 0.942314453125 0.7143037109375 0.93973828125 0.7188125 0.9204150390625 0.7175244140625 0.921703125 0.734271484375 0.9384501953125 0.7407119140625 0.9526201171875 0.74264453125 0.9500439453125 0.757458984375 0.9590615234375 0.7587470703125 0.9758076171875 0.7587470703125 0.9841806640625 0.7696962890625 0.9931982421875 0.77678125 0.9996396484375 0.77678125 1 0.77678125 1 0 0.457244140625 0