9 0.141845703125 0.2654658203125 0.1204501953125 0.4294990234375 0.2068251953125 0.3875 0.222673828125 0.2099951171875 0.141845703125 0.2654658203125
9 0.1172802734375 0.466744140625 0.08716796875 0.7068515625 0.1798828125 0.6854560546875 0.205240234375 0.4247451171875 0.1172802734375 0.466744140625
9 0.4672880859375 0.6082001953125 0.46987890625 0.463662109375 0.306171875 0.4144462890625 0.2963291015625 0.580224609375 0.4672880859375 0.6082001953125
9 0.6184345703125 0.6326591796875 0.613015625 0.506669921875 0.4880419921875 0.470091796875 0.4873642578125 0.6123388671875 0.6184345703125 0.6326591796875
9 0.7302841796875 0.6511953125 0.7221025390625 0.539986328125 0.62846875 0.5118046875 0.6321044921875 0.636650390625 0.7302841796875 0.6511953125
9 0.81700390625 0.6658232421875 0.807865234375 0.5650361328125 0.7339716796875 0.543625 0.7415439453125 0.652767578125 0.81700390625 0.6658232421875
9 0.887107421875 0.6775234375 0.87603515625 0.5868359375 0.815400390625 0.5702265625 0.8262099609375 0.6672421875 0.887107421875 0.6775234375
9 0.9434951171875 0.6886259765625 0.93096484375 0.6035810546875 0.88377734375 0.58891796875 0.8941748046875 0.6811611328125 0.9434951171875 0.6886259765625
9 0.9820546875 0.6424052734375 0.9543857421875 0.4579443359375 0.9295234375 0.4655634765625 0.9555888671875 0.6472177734375 0.9820546875 0.6424052734375
9 0.9211953125 0.535712890625 0.9147958984375 0.4656259765625 0.86634375 0.4427705078125 0.875486328125 0.5195625 0.9211953125 0.535712890625
9 0.86465625 0.513328125 0.8570498046875 0.4350048828125 0.800138671875 0.408802734375 0.80830859375 0.4905078125 0.86465625 0.513328125
9 0.7202880859375 0.363859375 0.7262900390625 0.4553251953125 0.79860546875 0.4870517578125 0.79231640625 0.4038759765625 0.7202880859375 0.363859375
9 0.619318359375 0.3101435546875 0.6228720703125 0.4125556640625 0.7155927734375 0.452939453125 0.71074609375 0.3573115234375 0.619318359375 0.3101435546875
9 0.48624609375 0.2381787109375 0.48581640625 0.3551181640625 0.609205078125 0.4092890625 0.606625 0.3043876953125 0.48624609375 0.2381787109375
9 0.467693359375 0.3485283203125 0.46795703125 0.2240166015625 0.322662109375 0.1472392578125 0.31488671875 0.28330078125 0.467693359375 0.3485283203125
9 0.2766005859375 0.9098447265625 0.4635341796875 0.89059375 0.4635341796875 0.738615234375 0.2872392578125 0.7315234375 0.2766005859375 0.9098447265625
9 0.746673828125 0.859806640625 0.7391318359375 0.750916015625 0.6377841796875 0.74903125 0.64296875 0.8687626953125 0.746673828125 0.859806640625
9 0.8376513671875 0.85037890625 0.8268095703125 0.7532734375 0.749501953125 0.750916015625 0.7579873046875 0.85886328125 0.8376513671875 0.85037890625
9 0.9051455078125 0.7561591796875 0.9148779296875 0.840759765625 0.964291015625 0.836267578125 0.955306640625 0.7587802734375 0.9051455078125 0.7561591796875
2 0.231033203125 1 0.2705732421875 0.9927890625 0.2926923828125 0.58178515625 0.7498935546875 0.658443359375 0.9550947265625 0.69128125 0.97879296875 0.880869140625 0.99980859375 0.879974609375 1 0.4408818359375 0.958224609375 0.4127119140625 0.922453125 0.42299609375 0.7228681640625 0.29955078125 0.2976103515625 0.034390625 0.2486953125 0.07324609375 0.197083984375 0.04497265625 0.0548701171875 0.178087890625 0.0567958984375 0.244509765625 0 0.2993798828125 0 1 0.231033203125 1
5 0.272904296875 0.9919033203125 0.4980947265625 0.9693212890625 0.49740625 0.957609375 0.604189453125 0.930052734375 0.64276953125 0.939697265625 0.8585654296875 0.899033203125 0.859025390625 0.8893759765625 0.900873046875 0.880638671875 0.9247861328125 0.8893759765625 0.9767509765625 0.880638671875 0.9532978515625 0.6920947265625 0.2937216796875 0.5838427734375 0.2824462890625 0.7695712890625 0.272904296875 0.9919033203125
6 1 1 0.999525390625 0.8814912109375 0.9772412109375 0.8823818359375 0.923810546875 0.891287109375 0.9015322265625 0.881814453125 0.860912109375 0.891279296875 0.861306640625 0.899955078125 0.643240234375 0.94210546875 0.60617578125 0.9322529296875 0.500603515625 0.9601953125 0.500603515625 0.971611328125 0.2727109375 0.9935966796875 0.240154296875 0.9995166015625 0.436990234375 1 1 1