2 1 0.2492392578125 0.3794052734375 0.1504150390625 0 0.092044921875 0 1 1 1 1 0.2492392578125
9 0.27328515625 0.2620322265625 0.273927734375 0.2128408203125 0.1819755859375 0.2009443359375 0.180046875 0.25045703125 0.27328515625 0.2620322265625
9 0.2718134765625 0.3807333984375 0.272138671875 0.326111328125 0.1762236328125 0.3163564453125 0.172322265625 0.369353515625 0.2718134765625 0.3807333984375
9 0.2703212890625 0.5157177734375 0.2713486328125 0.451220703125 0.1667666015625 0.44351171875 0.161884765625 0.508265625 0.2703212890625 0.5157177734375
9 0.268701171875 0.6753935546875 0.2696943359375 0.5992841796875 0.1545361328125 0.5946513671875 0.1495732421875 0.6714228515625 0.268701171875 0.6753935546875
9 0.3913603515625 0.6805078125 0.388900390625 0.60453125 0.3175703125 0.6020712890625 0.3192099609375 0.6777744140625 0.3913603515625 0.6805078125
9 0.3839814453125 0.5241826171875 0.381248046875 0.46077734375 0.3153837890625 0.4553115234375 0.3162041015625 0.5198095703125 0.3839814453125 0.5241826171875
9 0.3776953125 0.3908134765625 0.3755087890625 0.335607421875 0.313744140625 0.3298681640625 0.313470703125 0.3842548828125 0.3776953125 0.3908134765625
9 0.3722294921875 0.2741162109375 0.37031640625 0.2241025390625 0.3121044921875 0.2180908203125 0.3121044921875 0.2672841796875 0.3722294921875 0.2741162109375
9 0.2661298828125 0.8700087890625 0.2678251953125 0.7746591796875 0.141541015625 0.7742353515625 0.136455078125 0.8674658203125 0.2661298828125 0.8700087890625
9 0.4025419921875 0.870134765625 0.39835546875 0.7764228515625 0.3201015625 0.7767451171875 0.32235546875 0.8688466796875 0.4025419921875 0.870134765625
9 0.59416015625 0.8358125 0.5730263671875 0.68906640625 0.4434267578125 0.685876953125 0.4561875 0.833419921875 0.59416015625 0.8358125
9 0.567044921875 0.65995703125 0.549099609375 0.5351435546875 0.43186328125 0.52756640625 0.44223046875 0.6523798828125 0.567044921875 0.65995703125
9 0.54630859375 0.510818359375 0.5303583984375 0.4047470703125 0.420697265625 0.3951767578125 0.429869140625 0.5032421875 0.54630859375 0.510818359375
9 0.52756640625 0.3832138671875 0.515205078125 0.29030078125 0.41351953125 0.277541015625 0.420298828125 0.372447265625 0.52756640625 0.3832138671875
9 0.5124140625 0.268369140625 0.5088251953125 0.24244921875 0.4119248046875 0.230884765625 0.41351953125 0.2568046875 0.5124140625 0.268369140625
9 0.60391015625 0.301078125 0.597478515625 0.2554775390625 0.5463251953125 0.249923828125 0.552462890625 0.2955244140625 0.60391015625 0.301078125
9 0.6264169921875 0.4147861328125 0.6176484375 0.3615859375 0.562986328125 0.3566162109375 0.5702939453125 0.40981640625 0.6264169921875 0.4147861328125
9 0.6506787109375 0.5445712890625 0.6416171875 0.4828935546875 0.582279296875 0.4793857421875 0.5916328125 0.540771484375 0.6506787109375 0.5445712890625
9 0.67991015625 0.694525390625 0.667048828125 0.6240791015625 0.606248046875 0.62115625 0.616478515625 0.6916025390625 0.67991015625 0.694525390625
9 0.7155712890625 0.8716640625 0.70037109375 0.788064453125 0.6328486328125 0.787771484375 0.64687890625 0.8713720703125 0.7155712890625 0.8716640625
9 0.899849609375 0.8639599609375 0.885025390625 0.8041435546875 0.7458876953125 0.8023232421875 0.758630859375 0.866560546875 0.899849609375 0.8639599609375
9 0.7393857421875 0.679568359375 0.7477080078125 0.6813896484375 0.7497880859375 0.682169921875 0.8522568359375 0.6884111328125 0.8423740234375 0.6322353515625 0.7100205078125 0.634599609375 0.7211806640625 0.6881513671875 0.7393857421875 0.679568359375
9 0.7022509765625 0.525958984375 0.7129501953125 0.5262021484375 0.7139228515625 0.5383603515625 0.7742275390625 0.5403056640625 0.769607421875 0.5101533203125 0.6825546875 0.5101533203125 0.6876611328125 0.53714453125 0.7022509765625 0.525958984375
9 0 0.70909765625 0.03830078125 0.7096298828125 0.0526640625 0.6096220703125 0 0.6058984375 0 0.70909765625
9 0 0.85644921875 0.021810546875 0.857513671875 0.030853515625 0.78569921875 0 0.7825078125 0 0.85644921875
9 0 0.4713134765625 0.06755859375 0.4766328125 0.071814453125 0.4569501953125 0 0.448970703125 0 0.4713134765625
9 0.10266796875 0.378220703125 0.1037314453125 0.334068359375 0.0420244140625 0.3260888671875 0.0372373046875 0.3702412109375 0.10266796875 0.378220703125
9 0.9993271484375 0.694240234375 0.9891572265625 0.658986328125 0.9545810546875 0.6616982421875 0.96475 0.6955966796875 0.9993271484375 0.694240234375
9 0.92339453125 0.558646484375 0.9898349609375 0.5559345703125 0.9837333984375 0.534240234375 0.917970703125 0.53491796875 0.92339453125 0.558646484375
0 0.85220703125 0.3511884765625 1 0.355255859375 0.9986484375 0.3227138671875 0.84610546875 0.315255859375 0.85220703125 0.3511884765625
0 0.891529296875 0.4637314453125 1 0.4705107421875 0.9993271484375 0.4284765625 0.877970703125 0.416951171875 0.891529296875 0.4637314453125
0 1 0.557291015625 0.925427734375 0.5600029296875 0.9322080078125 0.5939013671875 1 0.59796875 1 0.557291015625
0 1 0.6935625 0.96475 0.6955966796875 0.987123046875 0.7477998046875 1 0.7471220703125 1 0.6935625
0 0.8041005859375 0.9319541015625 0.8745185546875 0.9288076171875 0.8581767578125 0.8630888671875 0.786955078125 0.8623876953125 0.8041005859375 0.9319541015625
0 0.9567919921875 0.746615234375 0.9427392578125 0.69223828125 0.89325 0.69223828125 0.9060810546875 0.7460048828125 0.9567919921875 0.746615234375
0 0.7832744140625 0.5804296875 0.774109375 0.535216796875 0.713623046875 0.53155078125 0.7221767578125 0.576763671875 0.7832744140625 0.5804296875
0 0.8663671875 0.4557900390625 0.8510927734375 0.41241015625 0.807712890625 0.41241015625 0.818099609375 0.45090234375 0.8663671875 0.4557900390625
0 0.7178994140625 0.3250400390625 0.709345703125 0.2853271484375 0.6568017578125 0.279828125 0.664744140625 0.31709765625 0.7178994140625 0.3250400390625
4 0.0311103515625 0.37332421875 0.1111416015625 0.382244140625 0.1158154296875 0.337060546875 0.03699609375 0.3287607421875 0.0311103515625 0.37332421875
4 0 0.71330078125 0.0768369140625 0.7162890625 0.0823857421875 0.65055078125 0 0.645001953125 0 0.71330078125
9 0.461779296875 1 0.60273828125 0.9999873046875 0.5995341796875 0.9702392578125 0.4631513671875 0.97252734375 0.461779296875 1
9 0.7070849609375 1 0.700677734375 0.9688662109375 0.62012890625 0.9716123046875 0.622875 1 0.7070849609375 1
9 0.842630859375 1 0.947841796875 0.9978525390625 0.94265234375 0.9785087890625 0.839328125 0.980396484375 0.842630859375 1
9 1 0.9690732421875 0.972375 0.969544921875 0.9766220703125 0.9978525390625 1 0.9959658203125 1 0.9690732421875
8 1 0.2611943359375 0.986123046875 0.2601923828125 0.9821123046875 0.252671875 0.9720849609375 0.247658203125 0.9690771484375 0.2396376953125 0.9605546875 0.2321171875 0.9600537109375 0.2250986328125 0.947337890625 0.2207490234375 0.94337890625 0.2167890625 0.9300146484375 0.2063955078125 0.9315 0.2212431640625 0.9310048828125 0.231142578125 0.9260556640625 0.2351025390625 0.9235810546875 0.244505859375 0.9156611328125 0.2435166015625 0.9097216796875 0.2341123046875 0.9008125 0.2167890625 0.8953681640625 0.2009501953125 0.886458984375 0.2321328125 0.8810146484375 0.2316376953125 0.8726005859375 0.2266884765625 0.8785400390625 0.20342578125 0.881509765625 0.1925361328125 0.8775498046875 0.18808203125 0.8676513671875 0.2004560546875 0.862701171875 0.1885771484375 0.8488427734375 0.2197587890625 0.84834765625 0.21332421875 0.84834765625 0.2044150390625 0.8438935546875 0.1865966796875 0.8334990234375 0.1776875 0.82458984375 0.176203125 0.8082568359375 0.192041015625 0.8028125 0.192041015625 0.7894482421875 0.190556640625 0.7854892578125 0.2019404296875 0.7736103515625 0.197486328125 0.7666806640625 0.19303125 0.766185546875 0.2148095703125 0.762720703125 0.2212431640625 0.762720703125 0.23015234375 0.764701171875 0.236091796875 0.77410546875 0.24549609375 0.7914287109375 0.2509404296875 0.78251953125 0.2578701171875 0.7716298828125 0.254900390625 0.75876171875 0.247970703125 0.7508427734375 0.24401171875 0.7453974609375 0.2687587890625 0.7369833984375 0.2672744140625 0.720650390625 0.2509404296875 0.7127314453125 0.23708203125 0.710255859375 0.2467333984375 0.70976171875 0.2657890625 0.7048115234375 0.2697490234375 0.703822265625 0.278658203125 0.7082763671875 0.2855869140625 0.7236201171875 0.2949912109375 0.729064453125 0.3133046875 0.730548828125 0.3267919921875 0.7260947265625 0.338546875 0.7300546875 0.370224609375 0.722134765625 0.3623046875 0.715701171875 0.3578505859375 0.70778125 0.35735546875 0.69590234375 0.359830078125 0.69441796875 0.368986328125 0.69590234375 0.3806181640625 0.6924375 0.387052734375 0.6869931640625 0.3959619140625 0.6830341796875 0.395466796875 0.6751142578125 0.3929921875 0.6691748046875 0.390517578125 0.6701650390625 0.39645703125 0.673134765625 0.4117998046875 0.6686806640625 0.4117998046875 0.6632353515625 0.4127900390625 0.664720703125 0.4197197265625 0.6701650390625 0.42862890625 0.675609375 0.434568359375 0.67758984375 0.4375380859375 0.681548828125 0.4439716796875 0.69441796875 0.4474365234375 0.6978828125 0.4578310546875 0.698376953125 0.466740234375 0.6949130859375 0.4756494140625 0.6845185546875 0.4761435546875 0.67758984375 0.4741640625 0.67214453125 0.4746591796875 0.6701650390625 0.4830732421875 0.67066015625 0.49297265625 0.681548828125 0.500396484375 0.6869931640625 0.505345703125 0.696892578125 0.51673046875 0.705306640625 0.51969921875 0.7013466796875 0.5236591796875 0.688478515625 0.53355859375 0.681548828125 0.5385078125 0.67758984375 0.5385078125 0.6746201171875 0.542962890625 0.6751142578125 0.5454375 0.6830341796875 0.5568212890625 0.6711552734375 0.562265625 0.666205078125 0.5662255859375 0.659771484375 0.56721484375 0.65383203125 0.5667197265625 0.6464072265625 0.5667197265625 0.644427734375 0.569689453125 0.6434375 0.575134765625 0.644427734375 0.5805791015625 0.6543271484375 0.5870126953125 0.6607607421875 0.5907255859375 0.656306640625 0.5964169921875 0.65531640625 0.5998818359375 0.656306640625 0.60631640625 0.6582861328125 0.608791015625 0.668185546875 0.6142353515625 0.67758984375 0.6177001953125 0.6761044921875 0.629083984375 0.6652158203125 0.6246298828125 0.65878125 0.62166015625 0.65878125 0.6305693359375 0.666205078125 0.640962890625 0.673134765625 0.6488818359375 0.678083984375 0.65531640625 0.68748828125 0.6568017578125 0.6931806640625 0.65531640625 0.713720703125 0.6558115234375 0.707638671875 0.6642626953125 0.705986328125 0.66467578125 0.7022685546875 0.667154296875 0.70185546875 0.670873046875 0.7045400390625 0.67644921875 0.7105302734375 0.680787109375 0.72498828125 0.6845048828125 0.7390341796875 0.6902880859375 0.7402734375 0.7014423828125 0.7357294921875 0.7063994140625 0.724162109375 0.707638671875 0.719205078125 0.712595703125 0.719205078125 0.71837890625 0.726640625 0.725814453125 0.7472958984375 0.7307724609375 0.7547314453125 0.7340771484375 0.7675380859375 0.7340771484375 0.7708427734375 0.736142578125 0.7766259765625 0.741099609375 0.7840615234375 0.7382080078125 0.79562890625 0.7357294921875 0.8071953125 0.7431650390625 0.8142177734375 0.7468828125 0.8328076171875 0.749361328125 0.83900390625 0.7539052734375 0.85222265625 0.7588623046875 0.868333984375 0.7642333984375 0.8737041015625 0.767125 0.8836181640625 0.766298828125 0.8989033203125 0.764646484375 0.9046865234375 0.779517578125 0.90262109375 0.791083984375 0.8947724609375 0.7960419921875 0.877421875 0.8005859375 0.8687470703125 0.7968681640625 0.864203125 0.794802734375 0.8501572265625 0.8034775390625 0.849744140625 0.809673828125 0.8485048828125 0.8208271484375 0.8439609375 0.8216533203125 0.8352861328125 0.8233056640625 0.8286767578125 0.822892578125 0.817935546875 0.8245458984375 0.816283203125 0.828263671875 0.82206640625 0.8311552734375 0.843134765625 0.8303291015625 0.860072265625 0.8344599609375 0.8670947265625 0.83900390625 0.8737041015625 0.8385908203125 0.8852705078125 0.831568359375 0.8906416015625 0.8233056640625 0.8976640625 0.8175224609375 0.9071650390625 0.81876171875 0.915986328125 0.820302734375 0.92351171875 0.8262158203125 0.9358759765625 0.833203125 0.946626953125 0.84019140625 0.958990234375 0.842341796875 0.9713544921875 0.8407294921875 0.97350390625 0.833203125 0.9713544921875 0.83212890625 0.9622158203125 0.825140625 0.96544140625 0.8219150390625 0.9665166015625 0.8111640625 0.965978515625 0.8079384765625 0.958990234375 0.799875 0.958453125 0.7880498046875 0.961140625 0.779986328125 0.9675908203125 0.779986328125 0.9804921875 0.83212890625 1 0.9057724609375 1 0.8317119140625 0.98862890625 0.7755625 0.993642578125 0.767541015625 0.992138671875 0.7514990234375 0.9881279296875 0.7414716796875 0.986123046875 0.7389658203125 0.97509375 0.7314453125 0.973087890625 0.7224208984375 0.9695791015625 0.707380859375 0.984619140625 0.6978564453125 0.9961494140625 0.6863251953125 1 0.674794921875 1 0.2611943359375
0 0 0.2355009765625 0.12484375 0.247796875 0.1295732421875 0.206181640625 0 0.1919951171875 0 0.2355009765625