0 0 0.3782841796875 0.270599609375 0.36139453125 0.7780283203125 0.3264013671875 0.770015625 0.2854970703125 0.6723857421875 0.292455078125 0.2781513671875 0.3221845703125 0.1143828125 0.3329375 0 0.3392626953125 0 0.3782841796875
9 0.16896875 0.3664091796875 0.2156025390625 0.36447265625 0.21649609375 0.34287109375 0.171203125 0.344509765625 0.16896875 0.3664091796875
9 0.268734375 0.3610205078125 0.31565234375 0.358357421875 0.3152421875 0.3352080078125 0.268529296875 0.337666015625 0.268734375 0.3610205078125
9 0.3691630859375 0.349953125 0.4168037109375 0.34723046875 0.41705078125 0.3279287109375 0.3691630859375 0.3304033203125 0.3691630859375 0.349953125
9 0.576958984375 0.388892578125 0.5809443359375 0.455810546875 0.685798828125 0.45155078125 0.6856611328125 0.4500400390625 0.68098828125 0.3832587890625 0.576958984375 0.388892578125
9 0.591390625 0.601015625 0.7087822265625 0.5986396484375 0.6988837890625 0.516296875 0.5860458984375 0.5188701171875 0.591390625 0.601015625
9 0.6044658203125 0.7685400390625 0.7318203125 0.769650390625 0.7196083984375 0.6735498046875 0.5973291015625 0.675453125 0.6044658203125 0.7685400390625
9 0.7577900390625 0.9713759765625 0.7430791015625 0.85531640625 0.611916015625 0.8517939453125 0.6189287109375 0.9645048828125 0.7577900390625 0.9713759765625
7 0.93233984375 0.155078125 0.939197265625 0.139 0.942671875 0.1290771484375 0.943884765625 0.11314453125 0.94111328125 0.107255859375 0.936263671875 0.10483203125 0.92621875 0.1082958984375 0.91548046875 0.1174736328125 0.9068203125 0.1316748046875 0.900931640625 0.1495126953125 0.9007578125 0.161115234375 0.9031826171875 0.1687353515625 0.8983330078125 0.170640625 0.8983330078125 0.1777705078125 0.8952158203125 0.1885078125 0.8940029296875 0.19318359375 0.8827451171875 0.230244140625 0.8782421875 0.2487744140625 0.8732197265625 0.28257421875 0.871314453125 0.30751171875 0.8720068359375 0.3539248046875 0.8770302734375 0.399623046875 0.8806669921875 0.4239189453125 0.89712109375 0.4988349609375 0.9210224609375 0.6162802734375 0.9494267578125 0.74671484375 0.97679296875 0.8773740234375 0.99981640625 0.9904052734375 1 0.9156630859375 0.957728515625 0.7243916015625 0.9322685546875 0.6112744140625 0.9019580078125 0.4743818359375 0.885677734375 0.3974599609375 0.882560546875 0.36594140625 0.8810009765625 0.3117568359375 0.8849853515625 0.2709580078125 0.89052734375 0.2423828125 0.903517578125 0.1980703125 0.91675 0.17305078125 0.92358984375 0.1640634765625 0.93233984375 0.155078125
8 0.72961328125 0.327015625 0.7309326171875 0.3290546875 0.731892578125 0.3290546875 0.7347705078125 0.328455078125 0.73369140625 0.322337890625 0.73453125 0.314662109375 0.7590009765625 0.311904296875 0.763798828125 0.3153818359375 0.7659580078125 0.32173828125 0.7681171875 0.3220986328125 0.7721953125 0.319939453125 0.772794921875 0.3159814453125 0.77171484375 0.3127431640625 0.768236328125 0.3042275390625 0.7706357421875 0.2982314453125 0.770755859375 0.2961923828125 0.7732744140625 0.2923544921875 0.77459375 0.2905556640625 0.7747138671875 0.2870771484375 0.7724345703125 0.2867177734375 0.7708759765625 0.2856376953125 0.7669169921875 0.2846787109375 0.76523828125 0.2864775390625 0.762359375 0.2879169921875 0.762359375 0.2844384765625 0.7648779296875 0.2785615234375 0.7659580078125 0.276283203125 0.7683564453125 0.2749638671875 0.7681171875 0.2694462890625 0.7619990234375 0.2674072265625 0.7570810546875 0.26716796875 0.7545625 0.271005859375 0.7509638671875 0.2724453125 0.74928515625 0.271365234375 0.7468857421875 0.266568359375 0.74640625 0.263689453125 0.7428076171875 0.262490234375 0.7395693359375 0.2626103515625 0.7382490234375 0.2652490234375 0.7360908203125 0.26512890625 0.730453125 0.2678876953125 0.7306923828125 0.271845703125 0.7266142578125 0.2741240234375 0.7266142578125 0.2761630859375 0.7186982421875 0.276283203125 0.717138671875 0.278921875 0.71078125 0.277841796875 0.708501953125 0.279521484375 0.708142578125 0.2829990234375 0.7112607421875 0.2879169921875 0.7117412109375 0.2898359375 0.71162109375 0.293673828125 0.7106611328125 0.298951171875 0.7104208984375 0.3056669921875 0.706462890625 0.3073466796875 0.7039443359375 0.309384765625 0.7047841796875 0.3141826171875 0.7131806640625 0.3204189453125 0.7216962890625 0.3238974609375 0.726734375 0.325576171875 0.731052734375 0.326056640625 0.72961328125 0.327015625
0 0.28694921875 0.4493642578125 0.29474609375 0.4448115234375 0.3056513671875 0.4416494140625 0.5001552734375 0.432271484375 0.5053896484375 0.43303515625 0.5154228515625 0.437615234375 0.521748046875 0.4435029296875 0.523056640625 0.4437216796875 0.521529296875 0.4377236328125 0.5181484375 0.433689453125 0.508734375 0.427533203125 0.5025224609375 0.4263583984375 0.4676025390625 0.4270302734375 0.3499814453125 0.4322626953125 0.303693359375 0.4351552734375 0.2982119140625 0.437134765625 0.28883984375 0.442984375 0.2859609375 0.4502421875 0.28694921875 0.4493642578125
0 0.278216796875 0.589345703125 0.283025390625 0.5871171875 0.2900634765625 0.5851240234375 0.50548046875 0.5809013671875 0.511697265625 0.58195703125 0.51803125 0.5830126953125 0.5253037109375 0.5868828125 0.5253037109375 0.579142578125 0.519673828125 0.576796875 0.51380859375 0.574568359375 0.5034873046875 0.57292578125 0.394560546875 0.574333984375 0.292630859375 0.5771484375 0.28559375 0.579025390625 0.2780869140625 0.584068359375 0.2769140625 0.5874697265625 0.278357421875 0.5904130859375 0.278216796875 0.589345703125
0 0.2878818359375 0.7515751953125 0.5169736328125 0.754462890625 0.5344921875 0.758505859375 0.5354541015625 0.7511904296875 0.53121875 0.7477255859375 0.5231337890625 0.7456083984375 0.515818359375 0.7446455078125 0.288626953125 0.74183203125 0.2878818359375 0.7515751953125
9 0.3251435546875 0.75124609375 0.49942578125 0.753111328125 0.4992392578125 0.6924736328125 0.3258896484375 0.6928466796875 0.3251435546875 0.75124609375
9 0.331654296875 0.583908203125 0.493630859375 0.58023046875 0.4930419921875 0.54919140625 0.331654296875 0.5534580078125 0.331654296875 0.583908203125
3 1 0.9845859375 0.85389453125 0.980845703125 0.854142578125 0.9865068359375 0.5614072265625 0.9765654296875 0.559162109375 0.965716796875 0.37206640625 0.95711328125 0.3705693359375 0.9664658203125 0.131138671875 0.956365234375 0.12889453125 0.951876953125 0 0.945517578125 0 1 1 1 1 0.9845859375
0 0.2475986328125 0.9457939453125 0.5386064453125 0.956431640625 0.538384765625 0.9442421875 0.2453369140625 0.93515625 0.2393525390625 0.938923828125 0.2358056640625 0.94512890625 0.24555859375 0.9453505859375 0.2475986328125 0.9457939453125
8 1 0.621703125 0.9943466796875 0.619365234375 0.9847998046875 0.6185859375 0.98265625 0.61702734375 0.9748623046875 0.611572265625 0.965119140625 0.613130859375 0.9639501953125 0.6119619140625 0.9573251953125 0.6057275390625 0.947193359375 0.6070908203125 0.9431015625 0.61410546875 0.93823046875 0.616443359375 0.933943359375 0.614884765625 0.9259453125 0.613658203125 0.9245810546875 0.6117099609375 0.923412109375 0.607228515625 0.9206845703125 0.60196875 0.9165927734375 0.605865234375 0.9132802734375 0.6017734375 0.9138642578125 0.593396484375 0.9123056640625 0.5889150390625 0.9107470703125 0.5824853515625 0.9123056640625 0.576056640625 0.9093828125 0.573328125 0.9093828125 0.5721591796875 0.9049013671875 0.5690419921875 0.905291015625 0.5778095703125 0.9039267578125 0.582095703125 0.905291015625 0.5861875 0.9056806640625 0.6038359375 0.9049013671875 0.6075380859375 0.90119921875 0.6135771484375 0.8902880859375 0.6028857421875 0.8817138671875 0.597625 0.890482421875 0.587689453125 0.896912109375 0.58184375 0.89476953125 0.5777529296875 0.8924306640625 0.5759990234375 0.8908720703125 0.5791162109375 0.8900927734375 0.5798955078125 0.8865859375 0.5847666015625 0.8858056640625 0.579505859375 0.8895078125 0.5759990234375 0.888728515625 0.5713232421875 0.8908720703125 0.5650888671875 0.8885341796875 0.562361328125 0.886390625 0.567037109375 0.8844423828125 0.566841796875 0.8842470703125 0.5730771484375 0.8828837890625 0.5752197265625 0.88132421875 0.58028515625 0.8754794921875 0.5837919921875 0.87820703125 0.578142578125 0.8743095703125 0.5752197265625 0.878986328125 0.5674267578125 0.8776220703125 0.5650888671875 0.8727509765625 0.5619716796875 0.8688544921875 0.56469921875 0.86515234375 0.5627509765625 0.86164453125 0.5689853515625 0.8573583984375 0.5705439453125 0.857748046875 0.5754150390625 0.8596962890625 0.577947265625 0.8563837890625 0.5791162109375 0.8530712890625 0.5775576171875 0.85190234375 0.58340234375 0.8382626953125 0.5878837890625 0.8423544921875 0.57424609375 0.8554091796875 0.5617763671875 0.857748046875 0.5541787109375 0.8602802734375 0.5485283203125 0.863203125 0.5413193359375 0.8628134765625 0.5409296875 0.8538505859375 0.5452158203125 0.854240234375 0.5399560546875 0.860865234375 0.532357421875 0.86183984375 0.5263173828125 0.8587216796875 0.5208623046875 0.8548251953125 0.523005859375 0.851123046875 0.52670703125 0.849369140625 0.511900390625 0.84703125 0.5060556640625 0.84176953125 0.5130693359375 0.8392373046875 0.5138486328125 0.84040625 0.52047265625 0.84196484375 0.5257333984375 0.8392373046875 0.5304091796875 0.834560546875 0.5270966796875 0.833001953125 0.5201064453125 0.8314423828125 0.5125087890625 0.83046875 0.5014033203125 0.8275458984375 0.496337890625 0.82715625 0.5006240234375 0.8252080078125 0.512119140625 0.8183876953125 0.5185478515625 0.8166337890625 0.5101708984375 0.817998046875 0.497896484375 0.81390625 0.496337890625 0.8103994140625 0.4906875 0.8094248046875 0.4846474609375 0.8086455078125 0.4762705078125 0.8035791015625 0.47042578125 0.798318359375 0.4752958984375 0.7955908203125 0.4801669921875 0.8010458984375 0.48601171875 0.8020205078125 0.5126796875 0.7979287109375 0.5105361328125 0.790134765625 0.5115107421875 0.789939453125 0.5154072265625 0.7938369140625 0.521251953125 0.79578515625 0.529240234375 0.788185546875 0.537033203125 0.7864326171875 0.5304091796875 0.7842890625 0.5247587890625 0.780001953125 0.5232001953125 0.7772744140625 0.528265625 0.7790283203125 0.5378125 0.776884765625 0.5407353515625 0.773376953125 0.544826171875 0.7782490234375 0.55223046875 0.7772744140625 0.5539833984375 0.7710390625 0.5493076171875 0.7648037109375 0.54891796875 0.7677265625 0.5572958984375 0.7665576171875 0.5680107421875 0.7690908203125 0.5738564453125 0.76305078125 0.5736611328125 0.7611015625 0.5769736328125 0.762076171875 0.579701171875 0.7655830078125 0.5822333984375 0.7681162109375 0.5863251953125 0.7710390625 0.5915048828125 0.76928515625 0.592673828125 0.76948046875 0.5969599609375 0.7747412109375 0.5994931640625 0.7790283203125 0.6065068359375 0.7747412109375 0.6135205078125 0.78273046875 0.6176123046875 0.7846787109375 0.6308603515625 0.7809765625 0.6376796875 0.7757158203125 0.633783203125 0.7739619140625 0.64547265625 0.7673369140625 0.6427451171875 0.76266015625 0.6425498046875 0.7616865234375 0.649564453125 0.7690908203125 0.64858984375 0.7731826171875 0.655798828125 0.771234375 0.66437109375 0.7607119140625 0.6709951171875 0.755451171875 0.6657353515625 0.755646484375 0.65794140625 0.7499951171875 0.6575517578125 0.744734375 0.655798828125 0.7416171875 0.6505380859375 0.7392783203125 0.6456669921875 0.7408369140625 0.639822265625 0.734796875 0.6406015625 0.73304296875 0.6310556640625 0.737525390625 0.61722265625 0.7420068359375 0.609234375 0.7433701171875 0.60436328125 0.73966796875 0.6000771484375 0.735576171875 0.603583984375 0.7334326171875 0.611572265625 0.7285615234375 0.6197548828125 0.72349609375 0.614689453125 0.724859375 0.6055322265625 0.7217421875 0.593453125 0.719404296875 0.58566015625 0.7145322265625 0.58721875 0.7155068359375 0.5954013671875 0.717650390625 0.6024150390625 0.715896484375 0.6142998046875 0.7090771484375 0.6090390625 0.7051796875 0.611376953125 0.70693359375 0.61702734375 0.7096611328125 0.6238466796875 0.706154296875 0.62326171875 0.7018671875 0.6230673828125 0.7030361328125 0.63125 0.709466796875 0.633783203125 0.72018359375 0.63923828125 0.7188193359375 0.6433291015625 0.7114150390625 0.6378740234375 0.71024609375 0.6414951171875 0.7090771484375 0.6455869140625 0.7172607421875 0.6524052734375 0.7157021484375 0.6551328125 0.7162861328125 0.6557177734375 0.72018359375 0.6584453125 0.718234375 0.6629267578125 0.727587890625 0.6650693359375 0.734796875 0.665458984375 0.7451240234375 0.667796875 0.747267578125 0.6730576171875 0.7499951171875 0.67734375 0.74629296875 0.68201953125 0.7418115234375 0.6785126953125 0.7383046875 0.67909765625 0.737525390625 0.6837734375 0.7425908203125 0.6888388671875 0.7384990234375 0.6937099609375 0.738888671875 0.7005283203125 0.7425908203125 0.705009765625 0.73966796875 0.709685546875 0.732458984375 0.71046484375 0.72641796875 0.7108544921875 0.7221318359375 0.7124130859375 0.7170654296875 0.7108544921875 0.716091796875 0.7116337890625 0.7170654296875 0.7163095703125 0.72641796875 0.7188427734375 0.7334326171875 0.7204013671875 0.7412275390625 0.7186474609375 0.7527236328125 0.7092958984375 0.7591533203125 0.7147509765625 0.7644140625 0.7178681640625 0.771234375 0.7188427734375 0.7788330078125 0.720791015625 0.771818359375 0.72312890625 0.767142578125 0.720595703125 0.7622705078125 0.720595703125 0.75973828125 0.722349609375 0.7591533203125 0.7278046875 0.7710390625 0.7307275390625 0.7772744140625 0.7307275390625 0.7848740234375 0.7289736328125 0.7903291015625 0.7310361328125 0.7922783203125 0.7403876953125 0.7977333984375 0.7411669921875 0.804748046875 0.7522724609375 0.79909765625 0.7594814453125 0.80065625 0.7610400390625 0.8076708984375 0.765130859375 0.80221484375 0.7703916015625 0.79929296875 0.7738984375 0.79929296875 0.7805224609375 0.8059169921875 0.7838349609375 0.8076708984375 0.789875 0.808060546875 0.7964990234375 0.80065625 0.7994208984375 0.7920830078125 0.796888671875 0.79266796875 0.7910439453125 0.78584765625 0.7890712890625 0.7823408203125 0.7882919921875 0.7770791015625 0.7845908203125 0.770064453125 0.774654296875 0.768505859375 0.785564453125 0.770259765625 0.79101953125 0.78078125 0.8001767578125 0.775326171875 0.806216796875 0.7657783203125 0.802125 0.7577890625 0.8050478515625 0.7591533203125 0.809333984375 0.7655830078125 0.8126455078125 0.7831201171875 0.812451171875 0.7889658203125 0.8165419921875 0.79071875 0.8239462890625 0.78916015625 0.834466796875 0.7829248046875 0.8309599609375 0.775130859375 0.831349609375 0.77591015625 0.836025390625 0.7698701171875 0.8323232421875 0.764609375 0.832712890625 0.770455078125 0.8401171875 0.7648037109375 0.8401171875 0.760517578125 0.845376953125 0.755646484375 0.843818359375 0.7509697265625 0.840896484375 0.747267578125 0.84148046875 0.7482412109375 0.845376953125 0.743759765625 0.8459619140625 0.738888671875 0.8475205078125 0.7517490234375 0.8586259765625 0.763830078125 0.8623271484375 0.7757158203125 0.8599892578125 0.7798076171875 0.86349609375 0.794810546875 0.86037890625 0.8020205078125 0.8670029296875 0.8059169921875 0.874796875 0.8133212890625 0.8845380859375 0.7969541015625 0.888240234375 0.7905244140625 0.89213671875 0.77941796875 0.8972021484375 0.76597265625 0.8837587890625 0.7583740234375 0.8814208984375 0.755646484375 0.886486328125 0.758568359375 0.8923310546875 0.763830078125 0.902072265625 0.75954296875 0.910873046875 0.753697265625 0.9112626953125 0.75291796875 0.913990234375 0.75973828125 0.9198349609375 0.7548662109375 0.92451171875 0.7624658203125 0.925291015625 0.7790283203125 0.9190556640625 0.786822265625 0.9169130859375 0.7895498046875 0.9192509765625 0.8008515625 0.9225625 0.8008515625 0.9241220703125 0.8103994140625 0.9632822265625 0.7936416015625 0.964451171875 0.785263671875 0.9626982421875 0.78409375 0.964646484375 0.7876015625 0.9702958984375 0.796564453125 0.9767255859375 0.811373046875 0.977310546875 0.8174140625 0.98412890625 0.824623046875 0.9856875 0.827740234375 0.97789453125 0.84176953125 0.9852978515625 0.8464462890625 0.9856875 0.847615234375 0.983349609375 0.8505380859375 0.981791015625 0.8519111328125 0.982765625 0.855029296875 0.9831552734375 1 0.9858828125 1 0.795662109375 1 0.621703125
8 0 0.9266435546875 0.0024912109375 0.9257734375 0.0042314453125 0.9299501953125 0.0080615234375 0.9330830078125 0.0068427734375 0.9398701171875 0 0.9459619140625 0.0595947265625 0.9481533203125 0.06046484375 0.9375361328125 0.06325 0.9356220703125 0.0651640625 0.9338818359375 0.0684716796875 0.930400390625 0.0740361328125 0.928833984375 0.0799541015625 0.9324892578125 0.084828125 0.9338818359375 0.090572265625 0.93370703125 0.0940537109375 0.9295302734375 0.0984052734375 0.925353515625 0.1064111328125 0.931966796875 0.10815234375 0.9357958984375 0.10693359375 0.941017578125 0.10971875 0.94432421875 0.1147666015625 0.9439755859375 0.114244140625 0.951111328125 0.1302578125 0.9530263671875 0.131650390625 0.957724609375 0.241595703125 0.9625986328125 0.2438583984375 0.958943359375 0.243162109375 0.954244140625 0.2381142578125 0.9518076171875 0.2323701171875 0.9516337890625 0.231673828125 0.9340556640625 0.2367216796875 0.9291826171875 0.2422919921875 0.9352734375 0.25047265625 0.9356220703125 0.2645712890625 0.9364921875 0.26857421875 0.941712890625 0.2677041015625 0.947978515625 0.26265625 0.9545927734375 0.2617861328125 0.963642578125 0.27849609375 0.96346875 0.28284765625 0.9545927734375 0.293638671875 0.95250390625 0.30216796875 0.949544921875 0.308259765625 0.95058984375 0.3075634765625 0.9566806640625 0.304953125 0.9645126953125 0.3717919921875 0.9684453125 0.37753515625 0.9409677734375 0.37840625 0.9390537109375 0.37997265625 0.9343544921875 0.37875390625 0.9298291015625 0.3707470703125 0.927044921875 0.368310546875 0.920779296875 0.3738798828125 0.9186904296875 0.381712890625 0.9119033203125 0.3895458984375 0.9012861328125 0.3926787109375 0.8964130859375 0.3923310546875 0.892431640625 0.3911123046875 0.8872109375 0.388849609375 0.8851220703125 0.3838017578125 0.88790625 0.37840625 0.89260546875 0.3763173828125 0.88755859375 0.3771875 0.8837294921875 0.3822353515625 0.8783349609375 0.3912861328125 0.87433203125 0.3952900390625 0.870154296875 0.39459375 0.86180078125 0.39807421875 0.8532724609375 0.403470703125 0.847529296875 0.4090400390625 0.847529296875 0.4151328125 0.8454404296875 0.4207021484375 0.845962890625 0.4250537109375 0.8449189453125 0.4264462890625 0.839697265625 0.429056640625 0.8383046875 0.430275390625 0.834650390625 0.4236611328125 0.831169921875 0.417046875 0.8322138671875 0.417220703125 0.8292548828125 0.419658203125 0.8262958984375 0.4247060546875 0.8210751953125 0.424009765625 0.8162021484375 0.4207021484375 0.812025390625 0.4173955078125 0.8134169921875 0.412521484375 0.8179423828125 0.4064296875 0.818986328125 0.400859375 0.82351171875 0.39807421875 0.8210751953125 0.394767578125 0.8132431640625 0.39058984375 0.8118505859375 0.381365234375 0.8181162109375 0.3761435546875 0.818638671875 0.36569921875 0.825251953125 0.353515625 0.83291015625 0.3408095703125 0.84422265625 0.336283203125 0.845615234375 0.339068359375 0.8405673828125 0.339068359375 0.8355205078125 0.3442900390625 0.83169140625 0.34324609375 0.824904296875 0.346189453125 0.8214951171875 0.346015625 0.8134892578125 0.343404296875 0.8053095703125 0.3397490234375 0.8020029296875 0.33452734375 0.8033955078125 0.3294794921875 0.8053095703125 0.326869140625 0.8039169921875 0.3233876953125 0.799392578125 0.31712109375 0.8023505859375 0.31712109375 0.7986962890625 0.321298828125 0.7955634765625 0.316947265625 0.79016796875 0.3087666015625 0.7894716796875 0.304763671875 0.78512109375 0.3075478515625 0.7798994140625 0.313814453125 0.7764189453125 0.3350498046875 0.7426552734375 0.3364423828125 0.737107421875 0.3467119140625 0.72631640625 0.349322265625 0.7205732421875 0.349322265625 0.7103046875 0.342185546875 0.7052578125 0.338705078125 0.7061279296875 0.3317421875 0.7129150390625 0.32895703125 0.7205732421875 0.3242578125 0.7176142578125 0.3261728515625 0.7115234375 0.3233876953125 0.705779296875 0.318591796875 0.702197265625 0.31963671875 0.69923828125 0.31284765625 0.6968017578125 0.3072783203125 0.695931640625 0.3046669921875 0.6905361328125 0.3069296875 0.6884482421875 0.31093359375 0.692798828125 0.3163291015625 0.6948876953125 0.3218994140625 0.694365234375 0.32398828125 0.690884765625 0.3217255859375 0.68287890625 0.315458984375 0.6807900390625 0.3114560546875 0.681833984375 0.30658203125 0.68009375 0.305015625 0.6712177734375 0.3055380859375 0.665474609375 0.304841796875 0.6602529296875 0.3081484375 0.652595703125 0.3071044921875 0.6475478515625 0.3131962890625 0.639716796875 0.3161552734375 0.6325810546875 0.314240234375 0.6230087890625 0.3057119140625 0.6216162109375 0.30101171875 0.6292734375 0.296486328125 0.641978515625 0.2924833984375 0.6438935546875 0.287435546875 0.6489404296875 0.2778623046875 0.646677734375 0.2762958984375 0.6449375 0.26985546875 0.6374541015625 0.262197265625 0.638150390625 0.25680078125 0.6440673828125 0.260630859375 0.6492890625 0.2574970703125 0.6588603515625 0.2482724609375 0.6565986328125 0.2453134765625 0.6485927734375 0.2426962890625 0.6439453125 0.235908203125 0.64307421875 0.231904296875 0.64620703125 0.2291201171875 0.6479482421875 0.22546484375 0.6549091796875 0.2202431640625 0.658912109375 0.2172841796875 0.6578681640625 0.2115400390625 0.650732421875 0.20492578125 0.645685546875 0.2056220703125 0.6402900390625 0.2089287109375 0.6385498046875 0.2143251953125 0.6357646484375 0.21676171875 0.6303701171875 0.21798046875 0.6227119140625 0.2204169921875 0.6160986328125 0.224072265625 0.610876953125 0.227205078125 0.613662109375 0.2310341796875 0.606177734375 0.2350380859375 0.59782421875 0.2291201171875 0.593125 0.224419921875 0.593125 0.2162392578125 0.60565625 0.2176318359375 0.6075703125 0.216935546875 0.6098330078125 0.2056220703125 0.608962890625 0.2077109375 0.60408984375 0.2129326171875 0.5973017578125 0.2103212890625 0.5936474609375 0.2089287109375 0.588078125 0.2129326171875 0.5858154296875 0.2150205078125 0.583205078125 0.212583984375 0.5767646484375 0.212583984375 0.57084765625 0.2074267578125 0.5702626953125 0.205337890625 0.5735693359375 0.1999423828125 0.581052734375 0.1999423828125 0.5867958984375 0.1971572265625 0.590798828125 0.1971572265625 0.5975869140625 0.199419921875 0.604896484375 0.197505859375 0.60855078125 0.1952431640625 0.617775390625 0.1849736328125 0.6327431640625 0.1827109375 0.63674609375 0.1740078125 0.6362236328125 0.167916015625 0.635353515625 0.1663486328125 0.633787109375 0.1663486328125 0.6282177734375 0.1503359375 0.6061142578125 0.144591796875 0.601763671875 0.14441796875 0.602111328125 0.1367587890625 0.6134248046875 0.124052734375 0.600544921875 0.1177861328125 0.596890625 0.1099541015625 0.596716796875 0.10490625 0.6043740234375 0.097421875 0.6010673828125 0.0972470703125 0.5946279296875 0.097421875 0.5885361328125 0.0942880859375 0.581400390625 0.0838447265625 0.581400390625 0.0819306640625 0.5812265625 0.07723046875 0.5786162109375 0.07096484375 0.58592578125 0.069572265625 0.598630859375 0.0606953125 0.593931640625 0.05791015625 0.5885361328125 0.060869140625 0.5784423828125 0.0601728515625 0.5709580078125 0.051818359375 0.5686962890625 0.0389375 0.5834892578125 0.034064453125 0.573046875 0.026927734375 0.57339453125 0.0232724609375 0.57966015625 0.0187470703125 0.574439453125 0.01491796875 0.574439453125 0.009521484375 0.576353515625 0.0044736328125 0.5770498046875 0.00186328125 0.5800087890625 0 0.5805673828125 0 0.9266435546875
2 0 0.9439677734375 0.3710263671875 0.9672802734375 0.3711806640625 0.957974609375 0.5595234375 0.965263671875 0.559833984375 0.9765859375 0.5810849609375 0.9772978515625 0.8478359375 0.9864482421875 0.8478359375 0.9819501953125 0.8608662109375 0.9805546875 0.84302734375 0.874240234375 0.89219921875 0.850509765625 0.918568359375 0.8393623046875 0.9222919921875 0.832072265625 0.9140703125 0.7906611328125 0.9156220703125 0.787869140625 0.914845703125 0.7804248046875 0.9109677734375 0.774685546875 0.9131396484375 0.7711181640625 0.908486328125 0.766775390625 0.891423828125 0.7620966796875 0.822552734375 0.7597705078125 0.81743359375 0.7303017578125 0.8853740234375 0.6572236328125 0.8787041015625 0.6195341796875 0.8802548828125 0.61736328125 0.87932421875 0.6069716796875 0.873810546875 0.5967998046875 0.8648134765625 0.5907509765625 0.8558173828125 0.5898203125 0.8013720703125 0.5888896484375 0.8541103515625 0.5047998046875 0.849767578125 0.4725390625 0.850232421875 0.4592001953125 0.8458896484375 0.4545478515625 0.843712890625 0.448408203125 0.826029296875 0.442048828125 0.793455078125 0.4400322265625 0.790560546875 0.4330537109375 0.7640361328125 0.4342939453125 0.7598486328125 0.408857421875 0.7843564453125 0.342404296875 0.7860625 0.333873046875 0.7854423828125 0.3259638671875 0.7762900390625 0.3256533203125 0.7722578125 0.2859482421875 0.6825869140625 0.2915146484375 0.686478515625 0.2711767578125 0.6774580078125 0.2711767578125 0.676396484375 0.268876953125 0.67162109375 0.268876953125 0.6636611328125 0.27170703125 0.5244296875 0.2821416015625 0.5244296875 0.2685234375 0.5267294921875 0.26533984375 0.5267294921875 0.23853125 0.5233681640625 0.2376474609375 0.522484375 0.22756640625 0.5033818359375 0.2279208984375 0.50355859375 0.238177734375 0.5001982421875 0.2395927734375 0.500728515625 0.26641796875 0.5049736328125 0.2733154296875 0.5049736328125 0.285341796875 0.3078037109375 0.3002431640625 0.3033818359375 0.291400390625 0.2057158203125 0.2968828125 0.205185546875 0.301126953125 0.2085458984375 0.30590234375 0.2085458984375 0.308201171875 0.1569599609375 0.3108544921875 0.15271484375 0.30395703125 0.0582646484375 0.3105 0.057203125 0.313330078125 0.0610947265625 0.3177509765625 0 0.3205810546875 0 0.9439677734375
0 0.82597265625 0.4481953125 0.84309375 0.454484375 0.8451904296875 0.454484375 0.8446083984375 0.450990234375 0.8372705078125 0.4456328125 0.8283017578125 0.44248828125 0.790796875 0.44132421875 0.789283203125 0.43375390625 0.76349609375 0.43483984375 0.76470703125 0.4486611328125 0.82597265625 0.4481953125
0 0.7884296875 0.5974326171875 0.857169921875 0.598578125 0.8739453125 0.6034873046875 0.874763671875 0.6013603515625 0.8737001953125 0.5981689453125 0.8713271484375 0.5959599609375 0.8632255859375 0.591623046875 0.857568359375 0.5903955078125 0.7888330078125 0.589193359375 0.7884296875 0.5974326171875
0 0.8174521484375 0.7706962890625 0.8832451171875 0.77249609375 0.8978115234375 0.7738056640625 0.9090224609375 0.776341796875 0.91025 0.7723330078125 0.9100048828125 0.770287109375 0.9067314453125 0.7675048828125 0.9024765625 0.7659501953125 0.8920830078125 0.7638232421875 0.8171240234375 0.7611806640625 0.8174521484375 0.7706962890625