1 0 0.75052734375 0.0538662109375 0.7506416015625 0.0564248046875 0.755248046875 0.058232421875 0.7634970703125 0.0823564453125 0.763109375 0.0879375 0.749541015625 0.10782421875 0.7443056640625 0.10995703125 0.7080048828125 0.1088505859375 0.649029296875 0.0992060546875 0.60411328125 0.0769248046875 0.5963193359375 0 0.58368359375 0 0.75052734375
6 1 0.7502568359375 0.862201171875 0.7528720703125 0.8167060546875 0.758939453125 0.8042822265625 0.76649609375 0.78653515625 0.756146484375 0.513916015625 0.701044921875 0.1120205078125 0.696513671875 0.109537109375 0.725126953125 0.1095732421875 0.7446083984375 0.08915234375 0.7535556640625 0.0852236328125 0.766951171875 0.0604365234375 0.766251953125 0.0465478515625 0.7536962890625 0 0.7527041015625 0 1 1 1 1 0.7502568359375
3 0.79637109375 0.760357421875 0.7936298828125 0.725962890625 0.5130712890625 0.6768330078125 0.5131005859375 0.701009765625 0.79637109375 0.760357421875
7 0.7955224609375 0.757005859375 0.800822265625 0.76281640625 0.8077060546875 0.7625048828125 0.793234375 0.4381123046875 0.7927060546875 0.4273955078125 0.8093671875 0.4247314453125 0.82210546875 0.428220703125 0.8317685546875 0.423578125 0.8310146484375 0.4156494140625 0.8250283203125 0.411966796875 0.8153447265625 0.411482421875 0.80988671875 0.4177265625 0.8038447265625 0.41870703125 0.7900615234375 0.420833984375 0.782751953125 0.42217578125 0.785642578125 0.4327568359375 0.7955224609375 0.757005859375
1 1 0.67432421875 0.9621748046875 0.673384765625 0.93357421875 0.68003125 0.9082529296875 0.6952841796875 0.877353515625 0.7038642578125 0.8842412109375 0.7198212890625 0.890271484375 0.7236513671875 0.91180078125 0.718310546875 0.9304931640625 0.722779296875 0.95903515625 0.7232841796875 0.9762275390625 0.72408203125 1 0.7254677734375 1 0.67432421875
0 0.173556640625 0.4927734375 0.2474619140625 0.5012568359375 0.318189453125 0.511486328125 0.31615625 0.4692138671875 0.173765625 0.4443974609375 0.13446484375 0.4499697265625 0.1298173828125 0.4965244140625 0.173556640625 0.4927734375
9 0.1338134765625 0.4479453125 0.137396484375 0.3756474609375 0.056900390625 0.3586376953125 0.0540869140625 0.3583232421875 0.043734375 0.4305263671875 0.1338134765625 0.4479453125
9 0.2242890625 0.450130859375 0.225537109375 0.4148310546875 0.1825419921875 0.404146484375 0.1791083984375 0.4437431640625 0.2242890625 0.450130859375
9 0.31891796875 0.476296875 0.3683408203125 0.48694921875 0.3687724609375 0.4255498046875 0.316255859375 0.413912109375 0.3149267578125 0.4682919921875 0.31891796875 0.476296875
9 0.481138671875 0.5056201171875 0.4806455078125 0.4493271484375 0.4341943359375 0.439453125 0.4331474609375 0.4969228515625 0.481138671875 0.5056201171875
9 0.6693505859375 0.434908203125 0.6663251953125 0.399490234375 0.6583876953125 0.3990732421875 0.6497900390625 0.4033955078125 0.6528125 0.4382412109375 0.6693505859375 0.434908203125
9 0.676771484375 0.6550302734375 0.6760380859375 0.592947265625 0.64678515625 0.591947265625 0.64579296875 0.6541181640625 0.676771484375 0.6550302734375
9 0.7788671875 0.5534951171875 0.77609765625 0.4915380859375 0.757962890625 0.4875302734375 0.7599404296875 0.547248046875 0.7788671875 0.5534951171875
9 0.783919921875 0.6578095703125 0.78162890625 0.6006826171875 0.7647236328125 0.595703125 0.766607421875 0.65766015625 0.783919921875 0.6578095703125
9 0.871400390625 0.584314453125 0.8649560546875 0.518443359375 0.851111328125 0.51532421875 0.85515234375 0.5808525390625 0.871400390625 0.584314453125
8 0.932244140625 0.3035908203125 0.8658955078125 0.308931640625 0.831134765625 0.2998876953125 0.775181640625 0.3362685546875 0.765140625 0.345796875 0.7820302734375 0.35624609375 0.8376513671875 0.33854296875 0.8721689453125 0.3432783203125 0.8830849609375 0.370697265625 0.8960224609375 0.3892080078125 0.9080361328125 0.407609375 0.908056640625 0.42768359375 0.9252109375 0.45946875 0.936951171875 0.475203125 0.9900517578125 0.4825126953125 0.99977734375 0.4967666015625 0.987951171875 0.435685546875 0.9992041015625 0.33810546875 0.9737861328125 0.336388671875 0.96983984375 0.3050234375 0.932244140625 0.3035908203125
8 0.9363671875 0.651546875 0.9380576171875 0.663232421875 0.9565703125 0.6785322265625 0.966119140625 0.7281142578125 0.999708984375 0.7292763671875 0.973373046875 0.7171015625 0.975755859375 0.6835029296875 0.992962890625 0.637142578125 0.997314453125 0.616203125 1 0.49791796875 0.9998544921875 0.4971650390625 0.9703212890625 0.51173828125 0.9328310546875 0.514068359375 0.937236328125 0.5503466796875 0.9342109375 0.6057705078125 0.9363671875 0.651546875
8 0.7838203125 0.719052734375 0.7937861328125 0.7181201171875 0.792703125 0.70635546875 0.7931396484375 0.6652099609375 0.7787529296875 0.65780078125 0.7248251953125 0.662234375 0.7224775390625 0.672111328125 0.7316708984375 0.7098857421875 0.7838203125 0.719052734375
8 0.5537236328125 0.6248857421875 0.544841796875 0.6104365234375 0.53515234375 0.5892529296875 0.5405576171875 0.578263671875 0.561470703125 0.561611328125 0.5535419921875 0.5508837890625 0.54496484375 0.5625390625 0.5402548828125 0.569326171875 0.5280224609375 0.55652734375 0.530310546875 0.5788828125 0.51955859375 0.59011328125 0.5200927734375 0.6400244140625 0.5206298828125 0.65435546875 0.5254716796875 0.658974609375 0.5266630859375 0.6711904296875 0.5402431640625 0.682244140625 0.537109375 0.6783349609375 0.5291923828125 0.647380859375 0.534341796875 0.6321513671875 0.5609248046875 0.635998046875 0.5639560546875 0.6388154296875 0.559140625 0.6261826171875 0.5537236328125 0.6248857421875
8 0.6984267578125 0.6823291015625 0.699251953125 0.66763671875 0.699251953125 0.6491826171875 0.7022001953125 0.6338232421875 0.7076142578125 0.63241796875 0.714748046875 0.6218515625 0.721552734375 0.6129423828125 0.7055224609375 0.61965625 0.7033828125 0.611765625 0.7271923828125 0.59833203125 0.730400390625 0.5911162109375 0.7022568359375 0.6093271484375 0.7001435546875 0.6045654296875 0.7004931640625 0.5934052734375 0.7086884765625 0.5908408203125 0.713060546875 0.58363671875 0.7175185546875 0.572568359375 0.706921875 0.58175 0.702138671875 0.5856533203125 0.701611328125 0.5852978515625 0.6935703125 0.5972197265625 0.6960966796875 0.614451171875 0.69762890625 0.6280078125 0.692904296875 0.643509765625 0.696173828125 0.6674404296875 0.6955166015625 0.685205078125 0.6955166015625 0.7005693359375 0.70087109375 0.7076318359375 0.699818359375 0.6982861328125 0.6984267578125 0.6823291015625
2 0 0.4320205078125 0.04124609375 0.4378798828125 0.048244140625 0.3507529296875 0.14170703125 0.375140625 0.1375576171875 0.4464453125 0.1791025390625 0.4436201171875 0.1821044921875 0.40197265625 0.229498046875 0.4133486328125 0.2290693359375 0.45228515625 0.2676953125 0.4585849609375 0.3138525390625 0.46821875 0.3156953125 0.4114267578125 0.3727109375 0.42287109375 0.370216796875 0.48986328125 0.4282470703125 0.49826953125 0.4320732421875 0.4338427734375 0.48371875 0.4465341796875 0.4817431640625 0.514359375 0.5180302734375 0.52156640625 0.5226865234375 0.4246142578125 0 0.2937197265625 0 0.4320205078125
2 0 0.580482421875 0.0111181640625 0.5831142578125 0.0187861328125 0.5148349609375 0.1392041015625 0.530263671875 0.12487890625 0.69399609375 0.16073046875 0.697044921875 0.1677353515625 0.5861396484375 0.199318359375 0.5886103515625 0.195458984375 0.68666015625 0.25076953125 0.69242578125 0.286544921875 0.7004404296875 0.296373046875 0.547966796875 0.37617578125 0.5602001953125 0.3732060546875 0.6953486328125 0.40784375 0.6927138671875 0.41389453125 0.5639912109375 0.4870400390625 0.5735166015625 0.494419921875 0.697009765625 0.5095791015625 0.6975556640625 0.5111875 0.688115234375 0.5126015625 0.673552734375 0.5216748046875 0.67312109375 0.5215068359375 0.5175224609375 0.4174013671875 0.4984287109375 0.3195517578125 0.484076171875 0.3144951171875 0.51150390625 0.3140439453125 0.522572265625 0.2943212890625 0.526087890625 0.172720703125 0.5067705078125 0.1280771484375 0.4990947265625 0.128751953125 0.4489404296875 0.0430712890625 0.4325283203125 0 0.43194140625 0 0.580482421875
9 0.6738544921875 0.546599609375 0.6725693359375 0.484939453125 0.6400244140625 0.489783203125 0.63971875 0.5483505859375 0.6738544921875 0.546599609375
9 0.574927734375 0.5474384765625 0.5721572265625 0.51756640625 0.5657314453125 0.51609375 0.5618525390625 0.5480693359375 0.574927734375 0.5474384765625
9 0.5719638671875 0.6289638671875 0.5723662109375 0.59984375 0.5636298828125 0.5992451171875 0.5633720703125 0.6252197265625 0.5719638671875 0.6289638671875
2 0.5943974609375 0.6796474609375 0.595439453125 0.62681640625 0.563615234375 0.6337060546875 0.55887109375 0.620134765625 0.5616494140625 0.58842578125 0.57750390625 0.5965537109375 0.5772138671875 0.5484921875 0.56266796875 0.5506279296875 0.5597333984375 0.51405078125 0.57623046875 0.5106708984375 0.5756171875 0.4928466796875 0.5220849609375 0.5048076171875 0.5215986328125 0.6761201171875 0.5943974609375 0.6796474609375
2 0.5966396484375 0.6784208984375 0.6395078125 0.677810546875 0.6418232421875 0.6566943359375 0.64114453125 0.5900517578125 0.6373212890625 0.547669921875 0.638521484375 0.47626171875 0.5805087890625 0.4910537109375 0.5769638671875 0.6000751953125 0.57986328125 0.628638671875 0.596111328125 0.6282216796875 0.5966396484375 0.6784208984375
2 0.6355810546875 0.4879970703125 0.6755537109375 0.4848916015625 0.6775869140625 0.5523857421875 0.63828125 0.5535419921875 0.6409130859375 0.5858203125 0.68038671875 0.5877216796875 0.69096484375 0.590521484375 0.68932421875 0.6620087890625 0.6453525390625 0.660517578125 0.6411328125 0.6830771484375 0.7219814453125 0.6859560546875 0.7156611328125 0.6616591796875 0.7475458984375 0.6536982421875 0.7473046875 0.5934169921875 0.78530859375 0.5556044921875 0.749400390625 0.549748046875 0.7460458984375 0.48523828125 0.7818837890625 0.4897158203125 0.7826728515625 0.47898828125 0.7207197265625 0.4692314453125 0.6384921875 0.47951953125 0.6355810546875 0.4879970703125
2 0.8318212890625 0.7207958984375 0.84351171875 0.7176767578125 0.8523740234375 0.7080751953125 0.846146484375 0.6980810546875 0.8408095703125 0.6884765625 0.8445771484375 0.6653125 0.8517548828125 0.6318837890625 0.8782314453125 0.6317666015625 0.8749833984375 0.5903857421875 0.8573125 0.5886484375 0.8521005859375 0.576609375 0.8485908203125 0.513080078125 0.872494140625 0.51462890625 0.871388671875 0.4917060546875 0.8504833984375 0.4847158203125 0.8511357421875 0.457150390625 0.8207705078125 0.4652080078125 0.800775390625 0.4840966796875 0.79924609375 0.5517958984375 0.812048828125 0.7173974609375 0.8318212890625 0.7207958984375
2 0.864345703125 0.44059765625 0.8623447265625 0.4774619140625 0.877697265625 0.49190234375 0.871955078125 0.51909765625 0.874087890625 0.5866708984375 0.880373046875 0.6296748046875 0.88118359375 0.6727919921875 0.90090234375 0.660130859375 0.9184736328125 0.667490234375 0.9389345703125 0.6720322265625 0.927828125 0.603388671875 0.925310546875 0.5126572265625 0.9219208984375 0.483673828125 0.8983349609375 0.4813505859375 0.887841796875 0.4704052734375 0.8768642578125 0.425896484375 0.86688671875 0.404146484375 0.85686328125 0.43244921875 0.864345703125 0.44059765625