2 1 0.5840185546875 0.7738505859375 0.594369140625 0.76990234375 0.5516337890625 0.7569794921875 0.3958212890625 0.7426201171875 0.278466796875 0.737953125 0.251173828125 0.74226171875 0.2443505859375 0.73472265625 0.165041015625 0.710671875 0.04186328125 0.708236328125 0.0407431640625 0.602775390625 0.0637177734375 0.5998466796875 0.0003076171875 0.4387021484375 0.000564453125 0.4187421875 0.0060869140625 0.408548828125 0.0003076171875 0.3567373046875 0.0003076171875 0.1698701171875 0.0633896484375 0.060673828125 0.1012392578125 0.000384765625 0.120318359375 0 0.8273212890625 0.0470283203125 0.823826171875 0.0673642578125 0.821919921875 0.103259765625 0.81846484375 0.12926171875 0.8202587890625 0.140767578125 0.8213046875 0.160529296875 0.8232822265625 0.1746240234375 0.8266943359375 0.1891640625 0.83188671875 0.1983623046875 0.836041015625 0.2057802734375 0.84034375 0.208451171875 0.8467236328125 0.2108251953125 0.8533994140625 0.2302734375 0.8806787109375 0.23251953125 0.9225732421875 0.22998046875 0.94892578125 0.2287109375 0.9513671875 0.6484990234375 0.9931533203125 0.664796875 0.989390625 0.7805595703125 0.996498046875 0.780515625 0.9869326171875 0.7857060546875 0.9777685546875 0.7829580078125 0.9362216796875 0.788314453125 0.868083984375 0.7902685546875 0.852447265625 0.79417578125 0.84391796875 0.806431640625 0.8339677734375 0.825259765625 0.827392578125 0.86060546875 0.826326171875 0.8609609375 0.818330078125 0.8662890625 0.8185078125 0.869841796875 0.820107421875 0.872861328125 0.826859375 0.9534384765625 0.826783203125 0.9539365234375 0.821470703125 0.96538671875 0.82030859375 0.968705078125 0.8239609375 0.9715263671875 0.831099609375 0.981814453125 0.832095703125 1 0.8377392578125 1 0.5840185546875
9 0.1840400390625 0.1178974609375 0.1800947265625 0.1710439453125 0.232544921875 0.159904296875 0.23509765625 0.102115234375 0.1840400390625 0.1178974609375
9 0.15437109375 0.18200390625 0.1580908203125 0.134708984375 0.1163759765625 0.1453369140625 0.111328125 0.1921005859375 0.15437109375 0.18200390625
9 0.145203125 0.31490625 0.146 0.261923828125 0.1023798828125 0.2718828125 0.097001953125 0.3222763671875 0.145203125 0.31490625
9 0.2261044921875 0.2984169921875 0.2279375 0.2421962890625 0.177216796875 0.25421484375 0.1741611328125 0.3061572265625 0.2261044921875 0.2984169921875
9 0.12715234375 0.4601962890625 0.1313544921875 0.399177734375 0.0798359375 0.406302734375 0.0743544921875 0.464763671875 0.12715234375 0.4601962890625
9 0.2138115234375 0.446962890625 0.2154228515625 0.3862578125 0.1634921875 0.3948525390625 0.1591943359375 0.4543046875 0.2138115234375 0.446962890625
9 0.109060546875 0.62069140625 0.1143671875 0.552802734375 0.0636796875 0.55701171875 0.05526171875 0.6219716796875 0.109060546875 0.62069140625
9 0.1971328125 0.6144423828125 0.2017421875 0.5436337890625 0.148111328125 0.5484521484375 0.1428740234375 0.6159091796875 0.1971328125 0.6144423828125
9 0.4258779296875 0.0487646484375 0.423513671875 0.0995986328125 0.434744140625 0.10137109375 0.48646484375 0.0848212890625 0.4858740234375 0.034578125 0.4258779296875 0.0487646484375
9 0.43090234375 0.2520986328125 0.489125 0.238798828125 0.4870556640625 0.18294140625 0.4870556640625 0.180873046875 0.4229228515625 0.1965361328125 0.4229228515625 0.25328125 0.43090234375 0.2520986328125
9 0.489419921875 0.4069638671875 0.4879423828125 0.3410576171875 0.4202626953125 0.3522880859375 0.4190810546875 0.416125 0.489419921875 0.4069638671875
9 0.492966796875 0.594337890625 0.4908974609375 0.517201171875 0.4176025390625 0.523703125 0.4181943359375 0.5984755859375 0.492966796875 0.594337890625
9 0.5174970703125 0.8816064453125 0.5139501953125 0.7701865234375 0.40312109375 0.7710732421875 0.402826171875 0.873921875 0.5174970703125 0.8816064453125
9 0.158328125 0.8227861328125 0.1668076171875 0.8244169921875 0.1866435546875 0.8302080078125 0.2047607421875 0.838212890625 0.2072880859375 0.838212890625 0.2102373046875 0.7678525390625 0.1306083984375 0.769955078125 0.127021484375 0.819361328125 0.158328125 0.8227861328125
9 0 0.826935546875 0.0325908203125 0.824427734375 0.0454833984375 0.82281640625 0.0494228515625 0.766947265625 0 0.7683798828125 0 0.826935546875
1 0.9696259765625 0.8319892578125 0.9674658203125 0.8252001953125 0.9637626953125 0.8208798828125 0.95512109375 0.8221142578125 0.95388671875 0.8304462890625 0.9471474609375 0.831892578125 0.872724609375 0.8276689453125 0.868404296875 0.8208798828125 0.861923828125 0.8190283203125 0.860998046875 0.8270517578125 0.839705078125 0.8276689453125 0.8258173828125 0.8289033203125 0.8137822265625 0.8332236328125 0.8045244140625 0.8375439453125 0.79495703125 0.845259765625 0.79125390625 0.852666015625 0.78909375 0.875193359375 0.78755078125 0.92858203125 0.78508203125 0.94246875 0.785390625 0.95080078125 0.7860966796875 0.96428515625 0.787037109375 0.9783896484375 0.7823359375 0.98779296875 0.7832763671875 0.9986064453125 0.7945595703125 1 0.8375439453125 0.999560546875 1 1 0.999869140625 0.8381611328125 0.980025390625 0.833337890625 0.9696259765625 0.8319892578125
1 0.1097470703125 1 0.1146796875 0.999173828125 0.1159130859375 0.99265625 0.1381083984375 0.9905419921875 0.14409765625 0.9894853515625 0.15660546875 0.9861376953125 0.1707900390625 0.9836669921875 0.1784208984375 0.980095703125 0.187025390625 0.9742509765625 0.1946552734375 0.969380859375 0.20601953125 0.9645107421875 0.213650390625 0.9611005859375 0.2194951171875 0.9622373046875 0.2250146484375 0.95915234375 0.229560546875 0.9484375 0.23118359375 0.9372353515625 0.2316708984375 0.9210009765625 0.230046875 0.8987587890625 0.22972265625 0.88073828125 0.2263134765625 0.87521875 0.2198193359375 0.866939453125 0.2118642578125 0.8567109375 0.209591796875 0.853951171875 0.2076435546875 0.8492431640625 0.20601953125 0.8429111328125 0.203259765625 0.8398271484375 0.1900185546875 0.83269921875 0.1806201171875 0.8294521484375 0.1669501953125 0.825009765625 0.1531083984375 0.822958984375 0.1283310546875 0.820224609375 0.103041015625 0.8190283203125 0.04609375 0.8240234375 0.03330078125 0.8248046875 0 0.8271484375 0 0.9711689453125 0.0050693359375 0.97133203125 0.011283203125 0.9728037109375 0.017333984375 0.975583984375 0.022076171875 0.9782001953125 0.028453125 0.9831064453125 0.0331953125 0.9893203125 0.0348310546875 0.9942255859375 0.037447265625 0.999294921875 0.106400390625 1 0.1097470703125 1
6 0.2197265625 0.962890625 0.21376953125 0.96171875 0.1953125 0.96953125 0.17919921875 0.98046875 0.17216796875 0.98408203125 0.1581865234375 0.9867177734375 0.1546552734375 0.9874453125 0.14468359375 0.9902490234375 0.1391787109375 0.991080078125 0.11611328125 0.99326171875 0.11484375 0.99990234375 0.7826875 0.99975 0.7804775390625 0.99706640625 0.664763671875 0.989962890625 0.6483974609375 0.9939296875 0.2287109375 0.951953125 0.2255859375 0.9595703125 0.2197265625 0.962890625
9 0.6455048828125 0.711142578125 0.6681083984375 0.987166015625 0.7785185546875 0.994990234375 0.7793876953125 0.9845576171875 0.7850380859375 0.9749951171875 0.7754755859375 0.837634765625 0.7593916015625 0.6994052734375 0.648982421875 0.7007099609375 0.6455048828125 0.711142578125
9 0.824068359375 0.82640234375 0.858890625 0.8255048828125 0.860505859375 0.817248046875 0.8691220703125 0.817248046875 0.871634765625 0.8199404296875 0.87396875 0.8247861328125 0.93934375 0.824298828125 0.924962890625 0.6974609375 0.80675390625 0.700625 0.8081572265625 0.7093134765625 0.817171875 0.8268076171875 0.824068359375 0.82640234375