2 1 0.204279296875 0.0014228515625 0.043501953125 0 0.609591796875 0.583775390625 0.6213798828125 0.5826533203125 0.6634794921875 0.7499267578125 0.6718984375 0.784669921875 0.67584375 0.7828681640625 0.7262744140625 1 0.7251201171875 1 0.204279296875
9 0.1408896484375 0.1811748046875 0.2020791015625 0.189884765625 0.20491015625 0.138494140625 0.145244140625 0.1300009765625 0.1408896484375 0.1811748046875
9 0.3040625 0.2034013671875 0.305623046875 0.1537216796875 0.2497001953125 0.1453984375 0.247619140625 0.1958583984375 0.3040625 0.2034013671875
9 0.2988017578125 0.3312197265625 0.2995556640625 0.2751787109375 0.2420068359375 0.268142578125 0.23848828125 0.323931640625 0.2988017578125 0.3312197265625
9 0.1948544921875 0.3181298828125 0.196275390625 0.262173828125 0.135205078125 0.2542197265625 0.1300927734375 0.31244921875 0.1948544921875 0.3181298828125
9 0.18377734375 0.4549462890625 0.18860546875 0.393591796875 0.1235595703125 0.38734375 0.11869140625 0.450572265625 0.18377734375 0.4549462890625
9 0.2937021484375 0.461251953125 0.295123046875 0.403306640625 0.23462109375 0.3976259765625 0.23149609375 0.4564228515625 0.2937021484375 0.461251953125
9 0.2231298828125 0.5977958984375 0.2854140625 0.599080078125 0.2876611328125 0.539685546875 0.226982421875 0.5358330078125 0.2231298828125 0.5977958984375
9 0.1058388671875 0.5961015625 0.173123046875 0.598369140625 0.17879296875 0.53259765625 0.11188671875 0.530330078125 0.1058388671875 0.5961015625
9 0.3427763671875 0.6077724609375 0.46623046875 0.60935546875 0.4675869140625 0.55870703125 0.345037109375 0.5530546875 0.3427763671875 0.6077724609375
9 0.35001171875 0.4300537109375 0.348203125 0.4641953125 0.469169921875 0.46984765625 0.46984765625 0.4393232421875 0.35023828125 0.4298271484375 0.35001171875 0.4300537109375
9 0.3515947265625 0.3719443359375 0.37330078125 0.372169921875 0.3739794921875 0.333505859375 0.469169921875 0.343455078125 0.4675869140625 0.32672265625 0.353177734375 0.3136083984375 0.3515947265625 0.3719443359375
9 0.356794921875 0.207791015625 0.47165625 0.2206796875 0.472109375 0.2143486328125 0.35769921875 0.1978427734375 0.356794921875 0.207791015625
9 0.5095927734375 0.258119140625 0.5387265625 0.2601630859375 0.5379599609375 0.26578515625 0.5906064453125 0.27294140625 0.5900947265625 0.2668076171875 0.6072177734375 0.269107421875 0.606451171875 0.234095703125 0.511892578125 0.2210625 0.5095927734375 0.258119140625
9 0.509638671875 0.3488486328125 0.6074287109375 0.358251953125 0.607115234375 0.341326171875 0.510265625 0.329416015625 0.509638671875 0.3488486328125
9 0.5105791015625 0.4717138671875 0.61025 0.477982421875 0.6099365234375 0.447892578125 0.5112060546875 0.4416240234375 0.5105791015625 0.4717138671875
9 0.5015576171875 0.6105771484375 0.6160625 0.6119482421875 0.6140048828125 0.56806640625 0.49984375 0.5618955078125 0.5015576171875 0.6105771484375
9 0.66644140625 0.613369140625 0.749642578125 0.6155810546875 0.7477080078125 0.5724599609375 0.6661650390625 0.56858984375 0.66644140625 0.613369140625
9 0.6636767578125 0.4837294921875 0.744943359375 0.4889814453125 0.7452197265625 0.4599580078125 0.66284765625 0.453876953125 0.6636767578125 0.4837294921875
9 0.660083984375 0.3632119140625 0.7372041015625 0.3712275390625 0.7372041015625 0.354642578125 0.65953125 0.3463505859375 0.660083984375 0.3632119140625
9 0.83273046875 0.2863623046875 0.830681640625 0.24198046875 0.7906708984375 0.2377470703125 0.7921728515625 0.283357421875 0.83273046875 0.2863623046875
9 0.8413330078125 0.392740234375 0.839421875 0.3454912109375 0.7966787109375 0.3409853515625 0.799 0.3906923828125 0.8413330078125 0.392740234375
9 0.8497998046875 0.505673828125 0.8481611328125 0.4539189453125 0.8048720703125 0.45132421875 0.807330078125 0.50403515625 0.8497998046875 0.505673828125
9 0.8568408203125 0.623322265625 0.854841796875 0.5691669921875 0.8124990234375 0.5678955078125 0.8163154296875 0.6222314453125 0.8568408203125 0.623322265625
9 0.864109375 0.731267578125 0.8615654296875 0.6918330078125 0.8199501953125 0.690923828125 0.8210400390625 0.7276328125 0.864109375 0.731267578125
9 0.9748818359375 0.7263828125 0.9870654296875 0.729744140625 0.984125 0.6927734375 0.9446337890625 0.6929833984375 0.9461044921875 0.72743359375 0.9748818359375 0.7263828125
9 0.9792939453125 0.62639453125 0.97278125 0.575140625 0.9356015625 0.57408984375 0.94022265625 0.6257646484375 0.9792939453125 0.62639453125
9 0.968580078125 0.51254296875 0.9652197265625 0.4629697265625 0.924888671875 0.4610791015625 0.927619140625 0.5100224609375 0.968580078125 0.51254296875
9 0.9559765625 0.4041533203125 0.95135546875 0.3587802734375 0.9148056640625 0.35562890625 0.9185869140625 0.4031025390625 0.9559765625 0.4041533203125
9 0.94757421875 0.29975390625 0.942953125 0.2556416015625 0.9057734375 0.249759765625 0.9091337890625 0.2972333984375 0.94757421875 0.29975390625
8 0.4171572265625 0.205455078125 0.41837890625 0.20409765625 0.418107421875 0.1973076171875 0.4151201171875 0.1939130859375 0.4125400390625 0.193505859375 0.40982421875 0.2000234375 0.40873828125 0.204912109375 0.4171572265625 0.205455078125
8 0.46539453125 0.2129873046875 0.4661171875 0.21102734375 0.464775390625 0.206486328125 0.460337890625 0.2003984375 0.458068359375 0.1994697265625 0.4557978515625 0.2001923828125 0.4540439453125 0.202875 0.4519794921875 0.2073125 0.4520830078125 0.210923828125 0.46539453125 0.2129873046875
0 0.3554208984375 0.2485146484375 0.507384765625 0.2639072265625 0.717470703125 0.28510546875 0.7882763671875 0.2948974609375 0.7872099609375 0.2551376953125 0.7554306640625 0.2504345703125 0.5061083984375 0.2172783203125 0.3600146484375 0.19799609375 0.3557822265625 0.20034765625 0.3554208984375 0.2485146484375
0 0.3504296875 0.33832421875 0.3495810546875 0.372732421875 0.4903388671875 0.381529296875 0.6929599609375 0.4029609375 0.7937001953125 0.4108876953125 0.7937685546875 0.3675068359375 0.6752451171875 0.354646484375 0.50080859375 0.3373349609375 0.3536572265625 0.32175390625 0.3497001953125 0.3311513671875 0.3504296875 0.33832421875
0 0.34482421875 0.5065009765625 0.3654169921875 0.5051865234375 0.5515048828125 0.51621484375 0.723076171875 0.5267265625 0.8030419921875 0.5312314453125 0.8031572265625 0.48498046875 0.6034814453125 0.470388671875 0.443171875 0.4582705078125 0.352408203125 0.453818359375 0.347708984375 0.4590126953125 0.34482421875 0.5065009765625
0 0.3418759765625 0.6101826171875 0.5568271484375 0.6165712890625 0.5861826171875 0.6206845703125 0.585158203125 0.6548447265625 0.8126630859375 0.6575771484375 0.8110986328125 0.609021484375 0.6656474609375 0.6045693359375 0.5595068359375 0.604375 0.4231787109375 0.6001162109375 0.342259765625 0.598955078125 0.3418759765625 0.6101826171875
8 0.7213525390625 0.709271484375 0.715119140625 0.6948369140625 0.7033095703125 0.6744970703125 0.67803515625 0.6656396484375 0.6550712890625 0.6722001953125 0.6416201171875 0.6843388671875 0.63932421875 0.7007421875 0.648181640625 0.7132080078125 0.649494140625 0.7260029296875 0.6412919921875 0.72009765625 0.6225927734375 0.7174736328125 0.609142578125 0.7256748046875 0.6120947265625 0.7164892578125 0.609142578125 0.7036943359375 0.6038935546875 0.690572265625 0.59864453125 0.686962890625 0.5897861328125 0.687947265625 0.566494140625 0.6984453125 0.544841796875 0.709599609375 0.5274541015625 0.711568359375 0.5169560546875 0.72206640625 0.5008818359375 0.741421875 0.4861181640625 0.7542158203125 0.5386435546875 0.7548720703125 0.540611328125 0.7342041015625 0.5809638671875 0.731580078125 0.6466171875 0.732564453125 0.6479296875 0.771603515625 0.657443359375 0.771931640625 0.6515380859375 0.6941806640625 0.67155078125 0.6935244140625 0.6764716796875 0.7778369140625 0.7204794921875 0.7821015625 0.785435546875 0.7794775390625 0.8382841796875 0.791943359375 0.87371484375 0.791943359375 0.9206279296875 0.7801328125 0.945232421875 0.7811171875 1 0.7752119140625 0.99936328125 0.7253466796875 0.940283203125 0.7243623046875 0.773572265625 0.7250185546875 0.72239453125 0.7237060546875 0.7213525390625 0.709271484375
5 0 0.8283447265625 0.11141015625 0.8232802734375 0.2105224609375 0.822556640625 0.2244462890625 0.80360546875 0.324787109375 0.8071259765625 0.4647353515625 0.813287109375 0.6786201171875 0.821208984375 0.676859375 0.73319140625 0.7308330078125 0.7207255859375 0.7852568359375 0.7183935546875 0.780591796875 0.6732998046875 0.6361572265625 0.6742744140625 0.5816640625 0.6666533203125 0.5840751953125 0.6214462890625 0.35174609375 0.6168427734375 0 0.6074052734375 0 0.8283447265625
6 1 1 0.998623046875 0.874171875 0.9504482421875 0.880193359375 0.897255859375 0.866142578125 0.893091796875 0.83904296875 0.82815234375 0.8374228515625 0.7339033203125 0.8466923828125 0.653560546875 0.829697265625 0.567037109375 0.8173369140625 0.454248046875 0.8142470703125 0.23639453125 0.803431640625 0.214763671875 0.826607421875 0.1004287109375 0.8204267578125 0 0.829697265625 0 1 1 1