2 0.4217626953125 0 0.2134755859375 0.0650322265625 0.2091103515625 0.0680439453125 0.209986328125 0.0863583984375 0.2114931640625 0.0904814453125 0.2113837890625 0.093333984375 0.2042392578125 0.0865087890625 0.1996953125 0.0862587890625 0.19228125 0.0900546875 0.1855908203125 0.08965234375 0.1803486328125 0.0944755859375 0.175392578125 0.142373046875 0.0216298828125 0.186603515625 0.001515625 0.1745732421875 0 0.9999658203125 0.2224755859375 1 0.22721875 0.9622861328125 0.2233291015625 0.9556611328125 0.223470703125 0.9409140625 0.2275693359375 0.9383544921875 0.2508955078125 0.9286513671875 0.24990234375 0.9211240234375 0.254115234375 0.914873046875 0.2513056640625 0.9089140625 0.2516767578125 0.90307421875 0.2607802734375 0.8976875 0.268767578125 0.894814453125 0.2699326171875 0.8713115234375 0.27394921875 0.833931640625 0.28107421875 0.808546875 0.291826171875 0.799912109375 0.3261748046875 0.7992294921875 0.4040908203125 0.79851171875 0.4834111328125 0.7961220703125 0.4476181640625 0.9560966796875 1 0.9979921875 1 0 0.4217626953125 0
0 0.185310546875 0.0911298828125 0.1819697265625 0.0939521484375 0.180978515625 0.097580078125 0.17655078125 0.1430625 0.16566015625 0.1482314453125 0.1641171875 0.150388671875 0.16437890625 0.1525498046875 0.167732421875 0.1554111328125 0.1629521484375 0.15644140625 0.1614130859375 0.1586376953125 0.1630224609375 0.162216796875 0.166021484375 0.164841796875 0.163224609375 0.16790234375 0.1635927734375 0.171263671875 0.16498828125 0.1743505859375 0.16765625 0.1748369140625 0.184015625 0.1705029296875 0.187484375 0.17229296875 0.1901025390625 0.172080078125 0.1914501953125 0.1709189453125 0.190173828125 0.1665234375 0.2554580078125 0.1498134765625 0.2583486328125 0.1524267578125 0.261365234375 0.153064453125 0.2640986328125 0.152056640625 0.262677734375 0.148244140625 0.330732421875 0.129626953125 0.3343701171875 0.1323408203125 0.3377685546875 0.1313154296875 0.3377138671875 0.1281376953125 0.4126591796875 0.1074970703125 0.4158642578125 0.109607421875 0.4193720703125 0.1088486328125 0.4199931640625 0.1048955078125 0.499609375 0.0834521484375 0.5033251953125 0.0855888671875 0.5061396484375 0.0856396484375 0.508453125 0.0842109375 0.5077607421875 0.0798984375 0.5923291015625 0.055458984375 0.5949033203125 0.0584248046875 0.597625 0.0587392578125 0.6004833984375 0.0575849609375 0.599482421875 0.0535380859375 0.789306640625 0.0003759765625 0.7016689453125 0 0.6421064453125 0.016419921875 0.6373388671875 0.0130224609375 0.6337060546875 0.0122568359375 0.6253359375 0.014517578125 0.224572265625 0.1310927734375 0.2262255859375 0.10934765625 0.203982421875 0.08742578125 0.1985810546875 0.0871162109375 0.19543359375 0.088927734375 0.1929130859375 0.091861328125 0.1881923828125 0.090486328125 0.185310546875 0.0911298828125
9 0.4152490234375 0.0973984375 0.4164345703125 0.066484375 0.2801201171875 0.1047783203125 0.279744140625 0.133240234375 0.4152490234375 0.0973984375
9 0.654125 0.0291962890625 0.6514873046875 0 0.6396376953125 0.0004326171875 0.520201171875 0.0354619140625 0.5232373046875 0.066953125 0.654125 0.0291962890625
9 1 0.1775927734375 0.9998232421875 0.106638671875 0.7798466796875 0.1555390625 0.7867880859375 0.2222880859375 1 0.1775927734375
9 0.6633115234375 0.2615546875 0.6578486328125 0.1971181640625 0.5137724609375 0.2295966796875 0.5156611328125 0.2933330078125 0.6633115234375 0.2615546875
9 0.9996650390625 0.5140419921875 1 0.3803671875 0.7994755859375 0.406412109375 0.8114794921875 0.530033203125 0.9996650390625 0.5140419921875
9 0.6732861328125 0.5432109375 0.6674541015625 0.430734375 0.5085302734375 0.4508583984375 0.50915625 0.5577158203125 0.6732861328125 0.5432109375
9 0.3991572265625 0.5693935546875 0.403259765625 0.459439453125 0.2317080078125 0.4860419921875 0.220546875 0.587869140625 0.3991572265625 0.5693935546875
9 0.132466796875 0.3148857421875 0.14623828125 0.20750390625 0.080658203125 0.224142578125 0.0656923828125 0.32885546875 0.132466796875 0.3148857421875
9 0.412447265625 0.3136572265625 0.4111552734375 0.251369140625 0.2619658203125 0.281119140625 0.2575048828125 0.3438525390625 0.412447265625 0.3136572265625
9 0.694810546875 0.8550146484375 0.687099609375 0.6960009765625 0.5152392578125 0.7024951171875 0.5173896484375 0.85689453125 0.694810546875 0.8550146484375
9 1 0.689298828125 0.972009765625 0.690490234375 0.99598828125 0.8648701171875 1 0.8631376953125 1 0.689298828125
0 0.1351591796875 0.34783984375 0.1435 0.3534306640625 0.13630859375 0.3547705078125 0.134484375 0.357271484375 0.1358544921875 0.3595048828125 0.141357421875 0.363263671875 0.136701171875 0.3665078125 0.13718359375 0.370990234375 0.140583984375 0.3740693359375 0.1579814453125 0.370619140625 0.1618388671875 0.373615234375 0.166205078125 0.3752392578125 0.1667451171875 0.372869140625 0.1654697265625 0.3686689453125 0.2348701171875 0.3563349609375 0.2416435546875 0.361009765625 0.2459013671875 0.3595478515625 0.2431376953125 0.3548251953125 0.31794140625 0.34090625 0.3249912109375 0.3444267578125 0.328138671875 0.343423828125 0.32885546875 0.3410537109375 0.32673046875 0.33819921875 0.4079541015625 0.32448828125 0.4111728515625 0.3283330078125 0.4152236328125 0.3268740234375 0.41440234375 0.3224072265625 0.498521484375 0.3052509765625 0.5048583984375 0.3091552734375 0.5083388671875 0.308244140625 0.5086083984375 0.3025498046875 0.6015458984375 0.2851396484375 0.605669921875 0.28976171875 0.60971484375 0.288111328125 0.6092099609375 0.2832314453125 0.823884765625 0.240109375 0.8277578125 0.2439853515625 0.831669921875 0.244482421875 0.83382421875 0.2425126953125 0.8340546875 0.2367861328125 0.948041015625 0.214814453125 0.950376953125 0.2189365234375 0.9554736328125 0.218298828125 0.956697265625 0.2119296875 0.9997666015625 0.203265625 1 0.1636357421875 0.776224609375 0.212162109375 0.7775439453125 0.2213505859375 0.7688115234375 0.224560546875 0.6510556640625 0.24776953125 0.6466806640625 0.2425048828125 0.63922265625 0.2403818359375 0.145966796875 0.3421708984375 0.1377431640625 0.34504296875 0.1351591796875 0.34783984375
0 1 0.4796328125 0.803607421875 0.4996806640625 0.8010751953125 0.502689453125 0.801146484375 0.504578125 0.66004296875 0.5189169921875 0.6551171875 0.516744140625 0.6484580078125 0.5163896484375 0.11766015625 0.573978515625 0.1068056640625 0.5748525390625 0.1035615234375 0.5765205078125 0.103572265625 0.5790869140625 0.1178134765625 0.584064453125 0.10335546875 0.58573046875 0.1010322265625 0.5876640625 0.101763671875 0.5909375 0.116603515625 0.5946923828125 0.116259765625 0.597724609375 0.104306640625 0.5998759765625 0.103796875 0.6025234375 0.10556640625 0.606365234375 0.127458984375 0.6063115234375 0.1304482421875 0.6109375 0.134818359375 0.611923828125 0.135103515625 0.6101142578125 0.133822265625 0.6053212890625 0.2069365234375 0.6000302734375 0.210978515625 0.6028212890625 0.215017578125 0.6047021484375 0.2181826171875 0.60351953125 0.2151201171875 0.59798828125 0.298212890625 0.5898740234375 0.302744140625 0.5934619140625 0.3060576171875 0.593568359375 0.308013671875 0.592115234375 0.3069423828125 0.5887998046875 0.39380859375 0.580462890625 0.398212890625 0.5847685546875 0.401564453125 0.5854951171875 0.4026337890625 0.5829609375 0.401525390625 0.578748046875 0.4953515625 0.5709541015625 0.4980322265625 0.57541796875 0.50339453125 0.5762021484375 0.50591796875 0.5746630859375 0.502708984375 0.569880859375 0.605353515625 0.5605009765625 0.6093203125 0.56646484375 0.6125625 0.5670576171875 0.615689453125 0.565291015625 0.613013671875 0.55970703125 0.8550615234375 0.5383671875 0.8581591796875 0.5433740234375 0.8626357421875 0.5444501953125 0.8656435546875 0.543798828125 0.868060546875 0.535837890625 0.995419921875 0.524796875 0.9963935546875 0.5289013671875 0.9987626953125 0.53033203125 1 0.527740234375 1 0.4796328125
8 0.5939873046875 0.9705029296875 0.99833984375 1 1 0.8088095703125 0.8244853515625 0.8088193359375 0.76125390625 0.806279296875 0.643921875 0.8049013671875 0.47153125 0.7985703125 0.2928701171875 0.8018583984375 0.283693359375 0.8092431640625 0.2762548828125 0.8306064453125 0.2717021484375 0.8639677734375 0.2713076171875 0.8944326171875 0.2784189453125 0.9186572265625 0.291943359375 0.94742578125 0.5939873046875 0.9705029296875
3 1 0.949443359375 0.5372119140625 0.9213974609375 0.2737041015625 0.9033369140625 0.266009765625 0.905185546875 0.26948828125 0.8954853515625 0.2600908203125 0.8987783203125 0.2521064453125 0.9036923828125 0.251814453125 0.908888671875 0.25489453125 0.914759765625 0.2505615234375 0.92109765625 0.251916015625 0.9289130859375 0.2439716796875 0.9332333984375 0.2274365234375 0.9395185546875 0.22439453125 0.943576171875 0.225140625 0.95648828125 0.228787109375 0.961900390625 0.2236708984375 1 1 1 1 0.949443359375
3 0.102251953125 0.8807958984375 0.0878564453125 0.8805107421875 0.020796875 0.883880859375 0.0031015625 0.88848828125 0 0.8949931640625 0.0006513671875 1 0.0979091796875 0.999625 0.108046875 0.9965537109375 0.110927734375 0.9500263671875 0.11072265625 0.927427734375 0.107841796875 0.889875 0.102251953125 0.8807958984375
9 0.102896484375 0.4973046875 0.125671875 0.35225390625 0.0532197265625 0.36647265625 0.031380859375 0.506775390625 0.102896484375 0.4973046875
9 0.0742998046875 0.704974609375 0.09941015625 0.5363798828125 0.023578125 0.547013671875 0 0.7101689453125 0.0742998046875 0.704974609375
9 0 0.9054716796875 0.042642578125 0.9085390625 0.061626953125 0.7882783203125 0 0.789447265625 0 0.9054716796875