2 0 0.9981220703125 0.9988203125 0.919583984375 1 0.29142578125 0.9100224609375 0.260455078125 0.9072001953125 0.2406513671875 0.900126953125 0.2353408203125 0.894111328125 0.2400068359375 0.89340625 0.2573955078125 0.7250048828125 0.1921142578125 0.7155771484375 0.0868115234375 0.70185546875 0.0754130859375 0.6870390625 0.0788369140625 0.6773017578125 0.0910869140625 0.6900380859375 0.1789404296875 0.4841943359375 0.1042978515625 0.48060546875 0.0476962890625 0.4692685546875 0.039205078125 0.4590556640625 0.0424345703125 0.4531201171875 0.092345703125 0.1986298828125 0.014845703125 0.0016728515625 0.00088671875 0.000048828125 0.715857421875 0 0.9981220703125
9 0.312017578125 0.2848408203125 0.32293359375 0.1552626953125 0.2172666015625 0.13480078125 0.2039794921875 0.2683564453125 0.312017578125 0.2848408203125
9 0.281 0.5237470703125 0.28762890625 0.38423828125 0.185548828125 0.3695126953125 0.174044921875 0.513525390625 0.281 0.5237470703125
9 0.4989609375 0.3286259765625 0.5002744140625 0.22997265625 0.428896484375 0.211611328125 0.4287109375 0.3152333984375 0.4989609375 0.3286259765625
9 0.504146484375 0.5421953125 0.49867578125 0.421896484375 0.4218466796875 0.40916015625 0.4191767578125 0.534525390625 0.504146484375 0.5421953125
9 0.262384765625 0.7995859375 0.2646826171875 0.62861328125 0.1601748046875 0.6232548828125 0.1532060546875 0.8025595703125 0.262384765625 0.7995859375
9 0.506283203125 0.783962890625 0.50181640625 0.6324482421875 0.41391796875 0.6343564453125 0.41699609375 0.7862734375 0.506283203125 0.783962890625
9 0.686072265625 0.6364912109375 0.6801337890625 0.523572265625 0.6164814453125 0.5178876953125 0.6201552734375 0.6337197265625 0.686072265625 0.6364912109375
9 0.695509765625 0.4401298828125 0.694599609375 0.36364453125 0.638150390625 0.354287109375 0.639564453125 0.431064453125 0.695509765625 0.4401298828125
9 0.797150390625 0.4553955078125 0.7916025390625 0.3852294921875 0.745412109375 0.3770400390625 0.74954296875 0.4493935546875 0.797150390625 0.4553955078125
9 0.844212890625 0.6427255859375 0.831580078125 0.54363671875 0.778482421875 0.53775390625 0.789685546875 0.641794921875 0.844212890625 0.6427255859375
9 0.902533203125 0.579189453125 0.949884765625 0.580041015625 0.932697265625 0.484162109375 0.8849453125 0.4788876953125 0.902533203125 0.579189453125
9 0.9228291015625 0.7594814453125 0.972208984375 0.7549833984375 0.9565849609375 0.6503955078125 0.9076748046875 0.65028515625 0.9228291015625 0.7594814453125
9 0.8833759765625 0.3600703125 0.90949609375 0.39992578125 0.9029638671875 0.3379912109375 0.8820712890625 0.333841796875 0.8833759765625 0.3600703125
9 1 0.4094345703125 0.99183984375 0.35165234375 0.9717470703125 0.348240234375 0.9784482421875 0.4062783203125 1 0.4094345703125
8 0.579765625 0.9237861328125 0.5777421875 0.783908203125 0.598990234375 0.7320390625 0.6150380859375 0.727373046875 0.6303056640625 0.7182236328125 0.633333984375 0.7047314453125 0.6257265625 0.6876015625 0.621462890625 0.6806708984375 0.608142578125 0.67861328125 0.59564453125 0.6756806640625 0.590908203125 0.6667216796875 0.58139453125 0.6590234375 0.574396484375 0.6420517578125 0.5710009765625 0.6103369140625 0.5672724609375 0.602388671875 0.5596455078125 0.6040791015625 0.5602080078125 0.6308974609375 0.566162109375 0.6511953125 0.5522412109375 0.6488466796875 0.54847265625 0.6516484375 0.54898828125 0.6578515625 0.5496103515625 0.674103515625 0.55709375 0.6837412109375 0.5539443359375 0.69351171875 0.5449814453125 0.693357421875 0.5285224609375 0.6818994140625 0.52166015625 0.683134765625 0.5200244140625 0.6882353515625 0.5245478515625 0.6963173828125 0.52937109375 0.70550390625 0.5356025390625 0.7132197265625 0.5260986328125 0.7162978515625 0.5222841796875 0.7226572265625 0.5279033203125 0.7333466796875 0.5353974609375 0.7379990234375 0.5488681640625 0.744154296875 0.5636171875 0.7566396484375 0.5663076171875 0.780412109375 0.5684775390625 0.9224091796875 0.579765625 0.9237861328125
8 0.753310546875 0.8853896484375 0.7456181640625 0.78748046875 0.7384306640625 0.7821806640625 0.7412890625 0.772599609375 0.75968359375 0.768849609375 0.7885810546875 0.772736328125 0.798474609375 0.800640625 0.80188671875 0.81689453125 0.8077119140625 0.808466796875 0.8066103515625 0.7930810546875 0.8071123046875 0.7788701171875 0.80113671875 0.766857421875 0.7953798828125 0.7626845703125 0.771779296875 0.7549716796875 0.7574638671875 0.7560703125 0.7389951171875 0.7623515625 0.7208642578125 0.7755380859375 0.71192578125 0.7923935546875 0.7072021484375 0.809619140625 0.7113486328125 0.83252734375 0.7266240234375 0.8659619140625 0.7440166015625 0.883947265625 0.753310546875 0.8853896484375
8 0.9230556640625 0.87394140625 0.9336953125 0.8645439453125 0.9392138671875 0.8551611328125 0.935587890625 0.8444384765625 0.92803515625 0.8097177734375 0.9248759765625 0.796310546875 0.930939453125 0.793935546875 0.9378984375 0.8006240234375 0.943892578125 0.79255859375 0.9559599609375 0.7741240234375 0.9702333984375 0.7603125 0.9764150390625 0.7515732421875 0.978291015625 0.7409306640625 0.9683173828125 0.6937001953125 0.97128515625 0.6664892578125 0.96830859375 0.6531923828125 0.9598251953125 0.64925 0.940228515625 0.644173828125 0.9460234375 0.63162109375 0.9507880859375 0.622404296875 0.9529404296875 0.60931640625 0.958560546875 0.60300390625 0.95740625 0.5919296875 0.9537216796875 0.5743837890625 0.9422841796875 0.53002734375 0.933306640625 0.50666015625 0.9174921875 0.48266015625 0.91587890625 0.4753671875 0.918619140625 0.4685283203125 0.9175400390625 0.46238671875 0.9063720703125 0.4621962890625 0.8970615234375 0.4662548828125 0.89094921875 0.4716494140625 0.88105078125 0.4916591796875 0.88768359375 0.516822265625 0.879830078125 0.52283203125 0.879830078125 0.5348994140625 0.8775908203125 0.5516533203125 0.86819140625 0.5673173828125 0.8683017578125 0.57886328125 0.890087890625 0.58358203125 0.8939560546875 0.597107421875 0.8937841796875 0.60633203125 0.90536328125 0.618244140625 0.908669921875 0.6436806640625 0.9069677734375 0.660474609375 0.9149208984375 0.6963544921875 0.9146416015625 0.709927734375 0.9030732421875 0.7080458984375 0.8894462890625 0.7033115234375 0.8838720703125 0.6934130859375 0.873884765625 0.68846875 0.863830078125 0.6840888671875 0.8550478515625 0.6860126953125 0.8534375 0.6949990234375 0.855109375 0.7069189453125 0.8650302734375 0.713822265625 0.8886953125 0.7147890625 0.893091796875 0.72148828125 0.882083984375 0.7206884765625 0.8806591796875 0.7252216796875 0.8914619140625 0.7389365234375 0.8867841796875 0.7455986328125 0.872982421875 0.7425361328125 0.866900390625 0.7395859375 0.8689892578125 0.72929296875 0.864935546875 0.7257236328125 0.8564814453125 0.72787890625 0.85339453125 0.7354130859375 0.8517685546875 0.74038671875 0.837578125 0.73610546875 0.828068359375 0.73701171875 0.8251611328125 0.741623046875 0.8261328125 0.752013671875 0.8291767578125 0.7606611328125 0.8372529296875 0.769693359375 0.8536875 0.7751337890625 0.865091796875 0.783107421875 0.8846181640625 0.7861943359375 0.90311328125 0.796576171875 0.9127333984375 0.8112099609375 0.9125322265625 0.844486328125 0.9148564453125 0.8797763671875 0.923330078125 0.9314814453125 0.9317255859375 0.926916015625 0.9261484375 0.8997724609375 0.9230556640625 0.87394140625
3 1 0.758576171875 0.9483505859375 0.763431640625 0.950171875 0.774357421875 0.9541171875 0.776177734375 0.9604912109375 0.8280732421875 0.9180537109375 0.8289677734375 0.911708984375 0.793126953125 0.9129560546875 0.762724609375 0.852421875 0.76523046875 0.8537705078125 0.7773740234375 0.8589765625 0.7793017578125 0.85937890625 0.794505859375 0.800314453125 0.8003935546875 0.798771484375 0.786033203125 0.80305078125 0.7822294921875 0.8032890625 0.7701044921875 0.739330078125 0.770818359375 0.7398056640625 0.7838935546875 0.74384765625 0.78508203125 0.7448095703125 0.7888037109375 0.062326171875 0.835591796875 0.048482421875 1 0.5297314453125 0.9998203125 1 0.9499462890625 1 0.758576171875
6 0.9990126953125 1 1 0.951767578125 0.9878515625 0.9527353515625 0.55224609375 0.997041015625 0.9990126953125 1