1 1 0.977955078125 0.92533984375 0.960365234375 0.8561845703125 0.953755859375 0.8494931640625 0.953369140625 0.7467255859375 0.9544736328125 0.7255087890625 0.954861328125 0.6585224609375 0.9598017578125 0.6070078125 0.964265625 0.5439560546875 0.9716025390625 0.485732421875 0.979490234375 0.409966796875 0.99283203125 0.3777607421875 1 0.3782548828125 1 1 1 1 0.977955078125
8 0.287716796875 0.7781318359375 0.28940625 0.7989638671875 0.291095703125 0.821486328125 0.3141806640625 0.829931640625 0.3524677734375 0.8181083984375 0.38141796875 0.81740625 0.4222021484375 0.832341796875 0.4601142578125 0.8237255859375 0.4767724609375 0.8311923828125 0.5135361328125 0.8300439453125 0.544076171875 0.8256220703125 0.57474609375 0.851384765625 0.5956015625 0.849544921875 0.6029619140625 0.84218359375 0.62013671875 0.83850390625 0.631791015625 0.828076171875 0.6483525390625 0.8250087890625 0.6624609375 0.8225556640625 0.674728515625 0.807220703125 0.706625 0.8219423828125 0.7213466796875 0.8139677734375 0.760927734375 0.811611328125 0.804177734375 0.824451171875 0.817017578125 0.815666015625 0.827154296875 0.796068359375 0.9202607421875 0.79258984375 0.95568359375 0.80366015625 0.9999892578125 0.805427734375 0.9988515625 0.7865888671875 0.987796875 0.677693359375 0.9650595703125 0.673986328125 0.9509677734375 0.6875927734375 0.9359033203125 0.7050859375 0.91355078125 0.7118896484375 0.89654296875 0.7065439453125 0.8814794921875 0.71091796875 0.87321875 0.7245234375 0.863013671875 0.726953125 0.8314287109375 0.7065439453125 0.81830859375 0.6905087890625 0.8173369140625 0.6642685546875 0.799662109375 0.6413037109375 0.77261328125 0.617205078125 0.7662197265625 0.569009765625 0.7563837890625 0.5454033203125 0.74359765625 0.5444189453125 0.735236328125 0.5591728515625 0.7298271484375 0.5940908203125 0.721466796875 0.6044189453125 0.715564453125 0.62507421875 0.706712890625 0.6403203125 0.669265625 0.649873046875 0.653751953125 0.637806640625 0.6541826171875 0.6222919921875 0.652458984375 0.603330078125 0.6395302734375 0.5947109375 0.6334970703125 0.5748876953125 0.6089326171875 0.56109765625 0.5895400390625 0.56109765625 0.5787666015625 0.580490234375 0.5721162109375 0.6164404296875 0.54841796875 0.63432421875 0.526025390625 0.6184462890625 0.5138115234375 0.61966796875 0.502818359375 0.6310673828125 0.5040400390625 0.64857421875 0.4967109375 0.659974609375 0.4889755859375 0.6506103515625 0.486939453125 0.6371748046875 0.4835771484375 0.6046552734375 0.4659658203125 0.6035546875 0.455326171875 0.6141943359375 0.452390625 0.631439453125 0.454958984375 0.6552880859375 0.44688671875 0.6552880859375 0.439916015625 0.6446474609375 0.4289091796875 0.61823046875 0.4281748046875 0.6017197265625 0.429642578125 0.5617275390625 0.4234052734375 0.5565908203125 0.4054267578125 0.55842578125 0.3962548828125 0.570533203125 0.3907880859375 0.6047998046875 0.38240234375 0.6138564453125 0.381396484375 0.63062890625 0.373345703125 0.64136328125 0.35053515625 0.6386796875 0.3398017578125 0.64102734375 0.3304091796875 0.64102734375 0.338794921875 0.6007744140625 0.328396484375 0.600103515625 0.3074755859375 0.623603515625 0.303482421875 0.6329208984375 0.3084736328125 0.644234375 0.317791015625 0.6558818359375 0.316166015625 0.672875 0.3001455078125 0.6781064453125 0.2906640625 0.668951171875 0.279546875 0.670259765625 0.2694111328125 0.68039453125 0.2700654296875 0.6924921875 0.2815087890625 0.7058974609375 0.28850390625 0.7137080078125 0.28963671875 0.7299462890625 0.2548955078125 0.7137080078125 0.244322265625 0.7148408203125 0.244322265625 0.719373046875 0.267357421875 0.73598828125 0.288126953125 0.74731640625 0.287716796875 0.7781318359375
0 0 0 0 0.05539453125 0.97176171875 0.2139189453125 0.96667578125 0.1376259765625 0.2172080078125 0 0 0
0 0 0.30678515625 0.1129404296875 0.3205791015625 0.1222548828125 0.2328662109375 0 0.214931640625 0 0.30678515625
0 0.345197265625 0.346953125 0.3501142578125 0.2682919921875 0.21181640625 0.249220703125 0.206125 0.32971875 0.345197265625 0.346953125
0 0.557359375 0.2913466796875 0.4316572265625 0.2778056640625 0.429759765625 0.3577724609375 0.555814453125 0.3710576171875 0.557359375 0.2913466796875
8 0 0.7937333984375 0.017130859375 0.7826298828125 0.0507587890625 0.7693056640625 0.0505322265625 0.7596318359375 0.05710546875 0.7497724609375 0.0513544921875 0.74607421875 0.0423154296875 0.746896484375 0.0427265625 0.7288193359375 0.050943359375 0.7193701171875 0.052998046875 0.711564453125 0.0406728515625 0.70827734375 0.034099609375 0.68650390625 0.022595703125 0.673767578125 0.01643359375 0.6491171875 0.0267041015625 0.62775390625 0 0.624056640625 0 0.7937333984375
9 0 0.5814599609375 0.0824990234375 0.585029296875 0.1080478515625 0.354234375 0 0.34146875 0 0.5814599609375
9 0.3414873046875 0.5982919921875 0.352439453125 0.3803994140625 0.1935361328125 0.361962890625 0.173412109375 0.589162109375 0.3414873046875 0.5982919921875
9 0.4214248046875 0.6016064453125 0.5655693359375 0.6089462890625 0.566474609375 0.4023232421875 0.4291708984375 0.3873662109375 0.4214248046875 0.6016064453125
9 0.6405830078125 0.6117373046875 0.774609375 0.6201796875 0.7650517578125 0.4218583984375 0.63910546875 0.409630859375 0.6405830078125 0.6117373046875
9 0.8401044921875 0.6253193359375 0.961638671875 0.629650390625 0.947908203125 0.4393818359375 0.8303994140625 0.42798828125 0.8401044921875 0.6253193359375
9 0 0.306615234375 0.11149609375 0.3209013671875 0.12934765625 0.13076953125 0 0.109921875 0 0.306615234375
9 0.2008291015625 0.3293603515625 0.3496171875 0.3489189453125 0.3591279296875 0.1678095703125 0.2152333984375 0.144705078125 0.2008291015625 0.3293603515625
9 0.429501953125 0.35723828125 0.5593330078125 0.371935546875 0.5625 0.1978837890625 0.436134765625 0.1803330078125 0.429501953125 0.35723828125
9 0.6377607421875 0.3798427734375 0.7652275390625 0.3939111328125 0.7575537109375 0.2148603515625 0.6377607421875 0.1943974609375 0.6377607421875 0.3798427734375
9 0.92176171875 0.23486328125 0.7625322265625 0.2136328125 0.7673974609375 0.3923232421875 0.934146484375 0.4104580078125 0.92176171875 0.23486328125
0 0.9543330078125 0.209875 0.9815185546875 0.214876953125 0.982388671875 0.2564169921875 0.98282421875 0.2605498046875 1 0.262072265625 0.9997880859375 0.20922265625 0.95455078125 0.2029150390625 0.9543330078125 0.209875
9 0.2140146484375 0.0876015625 0.385923828125 0.1144365234375 0.3879873046875 0.080720703125 0.218828125 0.0504453125 0.2140146484375 0.0876015625
9 0.5681484375 0.14746484375 0.7661875 0.1777392578125 0.766875 0.1488408203125 0.5693896484375 0.117970703125 0.5681484375 0.14746484375
3 1 0.7899609375 0.94021875 0.78773828125 0.7051025390625 0.7863759765625 0.291009765625 0.78214453125 0.253220703125 0.783115234375 0.099029296875 0.7822470703125 0.1020703125 0.760095703125 0.0933828125 0.7587919921875 0.021716796875 0.7826806640625 0 0.7948427734375 0 1 0.372892578125 1 0.4054599609375 0.9916669921875 0.486876953125 0.9774189453125 0.6033359375 0.96229296875 0.727125 0.95302734375 0.8557646484375 0.9515029296875 0.924640625 0.9589892578125 1 0.976716796875 1 0.7899609375
2 0 0 0 0.7958798828125 0.015279296875 0.78414453125 0.035943359375 0.7774384765625 0.0504638671875 0.7715703125 0.0937978515625 0.7553564453125 0.1039521484375 0.7585654296875 0.1039521484375 0.77888671875 0.256267578125 0.77888671875 1 0.7896767578125 1 0.0773486328125 0.93651953125 0.06112890625 0.590578125 0 0 0