3 1 0.96973046875 0.979783203125 0.979427734375 0.8841474609375 0.97808984375 0.787064453125 0.9647138671875 0.7098212890625 0.942978515625 0.690140625 0.9286181640625 0.152029296875 0.9424697265625 0 0.940060546875 0 0.997271484375 0.6903740234375 1 1 1 1 0.96973046875
9 0.5166337890625 0.4334912109375 0.450595703125 0.43494921875 0.4460126953125 0.549130859375 0.5147587890625 0.5489228515625 0.5166337890625 0.4334912109375
9 0.5979013671875 0.5466328125 0.5965341796875 0.4328583984375 0.5313662109375 0.433998046875 0.5293154296875 0.5470888671875 0.5979013671875 0.5466328125
9 0.505634765625 0.7808505859375 0.509140625 0.659130859375 0.448431640625 0.6606904296875 0.4442802734375 0.7824091796875 0.505634765625 0.7808505859375
9 0.592771484375 0.777796875 0.5947568359375 0.657078125 0.5336611328125 0.6575029296875 0.5331318359375 0.7783642578125 0.592771484375 0.777796875
9 0.514013671875 0.35153515625 0.51514453125 0.265244140625 0.4629326171875 0.2654326171875 0.461990234375 0.351912109375 0.514013671875 0.35153515625
9 0.5926767578125 0.34788671875 0.5910908203125 0.2574755859375 0.5327568359375 0.258708984375 0.53293359375 0.3496494140625 0.5926767578125 0.34788671875
9 0.858189453125 0.7759912109375 0.84698046875 0.64479296875 0.776853515625 0.646517578125 0.784326171875 0.7780029296875 0.858189453125 0.7759912109375
9 0.945791015625 0.7749521484375 0.9298212890625 0.6429736328125 0.8608232421875 0.6423701171875 0.8731767578125 0.7749521484375 0.945791015625 0.7749521484375
9 0.8434931640625 0.4357470703125 0.853646484375 0.5393798828125 0.909615234375 0.5381416015625 0.8997099609375 0.4345087890625 0.8434931640625 0.4357470703125
9 0.7661923828125 0.4372275390625 0.7716708984375 0.5405341796875 0.832193359375 0.53923046875 0.8228017578125 0.436966796875 0.7661923828125 0.4372275390625
9 0.7565400390625 0.264005859375 0.76149609375 0.34696484375 0.8149755859375 0.34566015625 0.8094970703125 0.2608759765625 0.7565400390625 0.264005859375
9 0.891412109375 0.3448779296875 0.88254296875 0.2586484375 0.8301064453125 0.2602138671875 0.83532421875 0.34566015625 0.891412109375 0.3448779296875
9 0.318078125 0.1908466796875 0.3192041015625 0.1743798828125 0.28598828125 0.1738173828125 0.28556640625 0.189439453125 0.318078125 0.1908466796875
9 0.339876953125 0.176796875 0.339876953125 0.1934189453125 0.3634736328125 0.1984169921875 0.3627763671875 0.1842353515625 0.339876953125 0.176796875
9 0.290361328125 0.654099609375 0.3002900390625 0.5408037109375 0.236115234375 0.5395927734375 0.2242490234375 0.654826171875 0.290361328125 0.654099609375
4 0.1482802734375 0.8663349609375 0.162646484375 0.866591796875 0.1518720703125 0.94098828125 0.164185546875 0.943810546875 0.1741904296875 0.868130859375 0.1962529296875 0.8660791015625 0.206001953125 0.786466796875 0.157515625 0.784755859375 0.1475107421875 0.863 0.1482802734375 0.8663349609375
7 0.766830078125 1 0.758681640625 0.9829833984375 0.7252294921875 0.3276611328125 0.73294921875 0.3195126953125 0.7415263671875 0.3096484375 0.74495703125 0.29506640625 0.746244140625 0.2834873046875 0.7415263671875 0.2710498046875 0.7312333984375 0.2629013671875 0.717080078125 0.263330078125 0.7042138671875 0.267189453125 0.6952080078125 0.275767578125 0.6934921875 0.2933505859375 0.6969228515625 0.3096484375 0.7084345703125 0.325111328125 0.7380361328125 0.9853857421875 0.72866015625 1 0.766830078125 1
8 1 0.54339453125 0.9983623046875 0.5168896484375 0.9910244140625 0.5168896484375 0.984419921875 0.5143212890625 0.97671484375 0.517623046875 0.969744140625 0.5275302734375 0.963505859375 0.523126953125 0.97744921875 0.5062490234375 0.9858876953125 0.491939453125 0.98735546875 0.481666015625 0.98221875 0.476529296875 0.9730458984375 0.4779970703125 0.96717578125 0.484234375 0.96717578125 0.4956083984375 0.9605712890625 0.502580078125 0.951765625 0.5113857421875 0.94589453125 0.4989111328125 0.9473623046875 0.4912060546875 0.9418583984375 0.47983203125 0.9337861328125 0.4761630859375 0.92498046875 0.4783642578125 0.9220458984375 0.487169921875 0.9235126953125 0.4963427734375 0.9139736328125 0.5011123046875 0.906634765625 0.49964453125 0.9037001953125 0.4835009765625 0.899296875 0.4779970703125 0.8879228515625 0.4754287109375 0.88388671875 0.4805654296875 0.87398046875 0.4776298828125 0.8644404296875 0.4827666015625 0.86884375 0.4937744140625 0.861138671875 0.494875 0.8596708984375 0.5040478515625 0.860404296875 0.5220263671875 0.8567353515625 0.5356025390625 0.8541669921875 0.513587890625 0.8468291015625 0.508451171875 0.82187890625 0.4992783203125 0.8002314453125 0.4779970703125 0.793626953125 0.4750615234375 0.7840869140625 0.476529296875 0.783720703125 0.4853349609375 0.788123046875 0.4963427734375 0.803533203125 0.5066162109375 0.84242578125 0.5370693359375 0.8413251953125 0.5429404296875 0.8339873046875 0.5476953125 0.8306845703125 0.5587021484375 0.8237138671875 0.559802734375 0.8185771484375 0.5638388671875 0.8160087890625 0.5689755859375 0.8233466796875 0.57778125 0.793994140625 0.5847529296875 0.7815185546875 0.5843857421875 0.776015625 0.588421875 0.7771162109375 0.5946591796875 0.7892236328125 0.5986953125 0.8101376953125 0.6005302734375 0.8160087890625 0.60896875 0.8167421875 0.6188759765625 0.83251953125 0.6254794921875 0.819677734375 0.6296181640625 0.8061015625 0.6270498046875 0.798763671875 0.63071875 0.8053681640625 0.6417255859375 0.829583984375 0.6402587890625 0.8134404296875 0.6549345703125 0.819677734375 0.6626396484375 0.8358212890625 0.66190625 0.84316015625 0.669978515625 0.8593037109375 0.6842880859375 0.8314189453125 0.6831865234375 0.8251806640625 0.68758984375 0.8266484375 0.6945615234375 0.8416923828125 0.6971298828125 0.8890234375 0.694927734375 0.9308515625 0.7195107421875 0.9503095703125 0.72572265625 0.954654296875 0.7455185546875 0.957068359375 0.767728515625 0.921822265625 0.7682109375 0.8836787109375 0.767728515625 0.8605029296875 0.7633828125 0.8281533203125 0.76966015625 0.790390625 0.7686943359375 0.76721484375 0.7686943359375 0.7730087890625 0.7527607421875 0.76480078125 0.7431044921875 0.77204296875 0.7339306640625 0.77204296875 0.7242734375 0.759490234375 0.7175146484375 0.74790234375 0.7107548828125 0.7609384765625 0.703029296875 0.7585244140625 0.6904755859375 0.7474189453125 0.6837158203125 0.7213466796875 0.6856474609375 0.7145869140625 0.6924072265625 0.71844921875 0.7015810546875 0.715552734375 0.7179970703125 0.702033203125 0.728619140625 0.6894794921875 0.7358310546875 0.6865830078125 0.745970703125 0.6875478515625 0.762869140625 0.6870654296875 0.785080078125 0.683203125 0.7961845703125 0.67933984375 0.8048759765625 0.6807890625 0.815498046875 0.6952734375 0.8319140625 0.693341796875 0.84301953125 0.68175390625 0.85267578125 0.674029296875 0.8657119140625 0.6778916015625 0.8792314453125 0.686099609375 0.8932333984375 0.6967216796875 0.915443359375 0.6995302734375 0.9344697265625 0.709609375 0.941505859375 0.788671875 0.964333984375 0.88294921875 0.9765908203125 0.9796123046875 0.9784033203125 0.9998505859375 0.9687373046875 1 0.7606044921875 0.995427734375 0.7540009765625 0.9888232421875 0.7510654296875 0.9829521484375 0.7591376953125 0.98221875 0.7712451171875 0.9708447265625 0.762806640625 0.96717578125 0.7275830078125 0.973779296875 0.71877734375 0.980017578125 0.70813671875 0.99726171875 0.705935546875 0.9990966796875 0.6996982421875 0.9968955078125 0.690525390625 0.992859375 0.6857548828125 1 0.6842880859375 1 0.6219130859375 0.9968955078125 0.6160419921875 0.9935927734375 0.6065029296875 1 0.596962890625 1 0.54339453125
8 0 0 0 0.63555078125 0.0054375 0.6216552734375 0.02839453125 0.5986982421875 0.0126865234375 0.6385712890625 0.009666015625 0.6687783203125 0.018728515625 0.6838818359375 0.047123046875 0.68871484375 0.0918291015625 0.6518623046875 0.13472265625 0.588427734375 0.1528466796875 0.5588251953125 0.148013671875 0.5215458984375 0.1413681640625 0.4834853515625 0.1359306640625 0.4605283203125 0.137138671875 0.4417998046875 0.1449921875 0.41642578125 0.1546591796875 0.39528125 0.167345703125 0.3940732421875 0.167345703125 0.41461328125 0.1625126953125 0.46596484375 0.169158203125 0.4852978515625 0.18426171875 0.494359375 0.20721875 0.4955673828125 0.213259765625 0.479255859375 0.2259462890625 0.4430078125 0.243466796875 0.4303212890625 0.2482998046875 0.4248837890625 0.2748818359375 0.4248837890625 0.300859375 0.4212587890625 0.32744140625 0.4158134765625 0.340732421875 0.4049384765625 0.347982421875 0.3856064453125 0.3473779296875 0.3662744140625 0.33650390625 0.3680859375 0.32200390625 0.3650654296875 0.319587890625 0.3439208984375 0.3334833984375 0.3396923828125 0.347982421875 0.3264013671875 0.3570439453125 0.3119013671875 0.3395244140625 0.2907568359375 0.3226083984375 0.2605498046875 0.3075048828125 0.2236982421875 0.300859375 0.2200732421875 0.2924013671875 0.2430302734375 0.2791103515625 0.266591796875 0.259173828125 0.2732373046875 0.2440712890625 0.2690078125 0.2809228515625 0.2264755859375 0.2899853515625 0.2017060546875 0.283943359375 0.1757275390625 0.273673828125 0.1551875 0.2621953125 0.134646484375 0.268236328125 0.1183349609375 0.27065234375 0.1002109375 0.2597783203125 0.0607275390625 0.2410498046875 0.0287080078125 0.2307802734375 0.0117919921875 0.20540625 0 0 0
2 1 0.0971767578125 0.9729404296875 0.1048701171875 0.920302734375 0.1348330078125 0.88345703125 0.1716796875 0.8709052734375 0.2044765625 0.4591611328125 0.20326171875 0.451873046875 0.18220703125 0.4324375 0.152244140625 0.3972109375 0.121470703125 0.3328310546875 0.09758203125 0.279716796875 0.0920849609375 0.24717578125 0.096931640625 0.2194814453125 0.1100869140625 0.2029267578125 0.130453125 0.1851376953125 0.160759765625 0 0.1673486328125 0 0.93914453125 0.164884765625 0.9415673828125 0.2779892578125 0.9383876953125 0.527013671875 0.9320283203125 0.6897548828125 0.9277880859375 0.69838671875 0.93399609375 0.6962666015625 0.916279296875 0.678095703125 0.8812919921875 0.6730986328125 0.8655439453125 0.6811240234375 0.8523701171875 0.692623046875 0.8429892578125 0.6944404296875 0.83223828125 0.6802060546875 0.815732421875 0.679146484375 0.8036181640625 0.686263671875 0.78317578125 0.6867177734375 0.7640966796875 0.6859599609375 0.746076171875 0.689140625 0.7356279296875 0.7015576171875 0.728056640625 0.7148828125 0.7173056640625 0.7176083984375 0.701708984375 0.7141259765625 0.6915634765625 0.7210908203125 0.6850517578125 0.7478935546875 0.682931640625 0.7589482421875 0.6898974609375 0.761248046875 0.7032880859375 0.749236328125 0.7112958984375 0.7724208984375 0.724326171875 0.7726162109375 0.733603515625 0.7657802734375 0.743662109375 0.7732021484375 0.753013671875 0.7678310546875 0.7681640625 0.8279560546875 0.76943359375 0.8602578125 0.76298828125 0.88359765625 0.7673828125 0.9083046875 0.76767578125 0.95625 0.76728515625 0.9724609375 0.7634765625 0.9818359375 0.7701171875 0.98232421875 0.75927734375 0.9884765625 0.75078125 0.99580078125 0.75380859375 1 0.76064453125 1 0.0971767578125