9 0.253294921875 0.310259765625 0.306841796875 0.3106513671875 0.31075 0.24636328125 0.255640625 0.24616796875 0.253294921875 0.310259765625
9 0.2441103515625 0.4455703125 0.3021513671875 0.445765625 0.3052783203125 0.3789375 0.2470419921875 0.37815625 0.2441103515625 0.4455703125
9 0.3513984375 0.4451796875 0.4059228515625 0.445765625 0.407486328125 0.3791328125 0.353744140625 0.3779609375 0.3513984375 0.4451796875
9 0.2364892578125 0.5838935546875 0.295703125 0.5838935546875 0.300197265625 0.5147197265625 0.2400068359375 0.5143291015625 0.2364892578125 0.5838935546875
9 0.34455859375 0.5854560546875 0.400646484375 0.58584765625 0.4035771484375 0.517064453125 0.347880859375 0.5151103515625 0.34455859375 0.5854560546875
9 0.41217578125 0.245248046875 0.35804296875 0.2440751953125 0.35784765625 0.3097314453125 0.41119921875 0.30894921875 0.41217578125 0.245248046875
9 0.5678994140625 0.5200029296875 0.5091123046875 0.517826171875 0.507587890625 0.588798828125 0.5685517578125 0.58988671875 0.5678994140625 0.5200029296875
9 0.5698583984375 0.3770869140625 0.5128134765625 0.377740234375 0.510443359375 0.4467470703125 0.5702939453125 0.4473798828125 0.5698583984375 0.3770869140625
9 0.51390234375 0.3092529296875 0.5724716796875 0.3096884765625 0.5774794921875 0.2415458984375 0.51716796875 0.2415458984375 0.51390234375 0.3092529296875
9 0.622984375 0.3088173828125 0.6813359375 0.3081640625 0.6846025390625 0.2404580078125 0.6225927734375 0.2401416015625 0.622984375 0.3088173828125
9 0.6190654296875 0.448994140625 0.6798125 0.4494296875 0.6813359375 0.37845703125 0.6204150390625 0.3784228515625 0.6190654296875 0.448994140625
9 0.6173232421875 0.5914111328125 0.67894140625 0.59162890625 0.6791591796875 0.5213095703125 0.6182373046875 0.5202421875 0.6173232421875 0.5914111328125
2 0 0.625982421875 0.17734765625 0.6552666015625 0.234029296875 0.6539658203125 0.2366328125 0.6396484375 0.6746435546875 0.650060546875 0.6772470703125 0.66698046875 1 0.6754404296875 0.99225 0.6747900390625 0.9876943359375 0.4733232421875 0.9857421875 0.394390625 0.9844404296875 0.1920029296875 0.9857421875 0.18354296875 0.5850810546875 0.1887490234375 0 0.197072265625 0 0.625982421875
3 1 0.6771337890625 0.9941435546875 0.67645703125 0.678421875 0.6681064453125 0.6762744140625 0.6674287109375 0.6735654296875 0.651404296875 0.3222998046875 0.64192578125 0.321623046875 0.6665263671875 0.34735546875 0.670814453125 0.3502890625 0.6755537109375 0.3877587890625 0.677359375 1 0.704443359375 1 0.6771337890625
6 1 0.7051015625 0.6039873046875 0.6877392578125 0.527001953125 0.6844150390625 0.434373046875 0.68084375 0.380609375 0.677888671875 0.3492001953125 0.676087890625 0.34661328125 0.6722705078125 0.3203828125 0.6673447265625 0.3209990234375 0.6424716796875 0.2374609375 0.640994140625 0.2347509765625 0.654908203125 0.1778515625 0.6562626953125 0 0.6265341796875 0 1 1 1 1 0.7051015625