8 1 0.969353515625 0.9984697265625 0.9409482421875 0.994208984375 0.9388173828125 0.965802734375 0.948048828125 0.945208984375 0.944498046875 0.9246142578125 0.944498046875 0.9132724609375 0.945455078125 0.9075703125 0.9565712890625 0.8915576171875 0.9545224609375 0.8701220703125 0.9592109375 0.84466796875 0.961220703125 0.8078271484375 0.957201171875 0.7790244140625 0.957201171875 0.7455322265625 0.963900390625 0.7274462890625 0.9592109375 0.7086904296875 0.9538525390625 0.684576171875 0.9525126953125 0.6664912109375 0.9592109375 0.62630078125 0.9558623046875 0.5990439453125 0.954345703125 0.5920126953125 0.954345703125 0.5877939453125 0.949658203125 0.5877939453125 0.942626953125 0.5877939453125 0.9299716796875 0.583107421875 0.9234091796875 0.577482421875 0.9215341796875 0.572326171875 0.9145029296875 0.562013671875 0.9079404296875 0.554982421875 0.9060654296875 0.5432646484375 0.9041904296875 0.5385771484375 0.87700390625 0.5261552734375 0.8507548828125 0.5083837890625 0.8385126953125 0.49055859375 0.8278173828125 0.46275 0.824251953125 0.4115498046875 0.818412109375 0.3722490234375 0.81666015625 0.3436484375 0.819740234375 0.323408203125 0.82501953125 0.297447265625 0.840419921875 0.2626865234375 0.8531806640625 0.23892578125 0.8655009765625 0.2274853515625 0.87430078125 0.2204453125 0.8875009765625 0.2195654296875 0.8980615234375 0.2103251953125 0.90158203125 0.1966845703125 0.9037822265625 0.1848046875 0.9117021484375 0.1720439453125 0.91390234375 0.1592841796875 0.9187421875 0.150923828125 0.929302734375 0.1456435546875 0.9398623046875 0.1328828125 0.93854296875 0.113962890625 0.9411826171875 0.0902021484375 0.94822265625 0.066001953125 0.960103515625 0.0457607421875 0.966263671875 0.029041015625 0.971103515625 0.0101201171875 0.971103515625 0 0.9706611328125 0 0.97550390625 0 0.9979130859375 0.0008798828125 0.9983837890625 0.4154375 0.9984697265625 0.508763671875 1 0.5461044921875 0.997759765625 0.561017578125 0.992078125 0.5709599609375 0.983556640625 0.8188017578125 0.98213671875 1 0.9828466796875 1 0.969353515625
9 0.3114296875 0.2443720703125 0.3089619140625 0.1896552734375 0.26494140625 0.25177734375 0.2669990234375 0.3019677734375 0.3114296875 0.2443720703125
9 0.760322265625 0.3389150390625 0.753365234375 0.225115234375 0.691744140625 0.2107041015625 0.6982041015625 0.32698828125 0.760322265625 0.3389150390625
9 0.897740234375 0.36845703125 0.887529296875 0.263365234375 0.844556640625 0.2544306640625 0.8534921875 0.3612236328125 0.897740234375 0.36845703125
9 0.9128515625 0.4895390625 0.9034541015625 0.3834873046875 0.8578115234375 0.378564453125 0.8663134765625 0.4832744140625 0.9128515625 0.4895390625
9 0.774302734375 0.4904248046875 0.7669609375 0.3714892578125 0.700396484375 0.35484765625 0.7057802734375 0.481125 0.774302734375 0.4904248046875
9 0 0.5139716796875 0.04018359375 0.5200458984375 0.058873046875 0.4022998046875 0 0.3910859375 0 0.5139716796875
9 0.065111328125 0.5278369140625 0.2747705078125 0.5577880859375 0.28475390625 0.43971875 0.0833427734375 0.40455859375 0.065111328125 0.5278369140625
9 0.481974609375 0.7875166015625 0.4805966796875 0.662083984375 0.316109375 0.6418671875 0.3110556640625 0.773732421875 0.481974609375 0.7875166015625
9 0.638130859375 0.79905078125 0.633435546875 0.6778271484375 0.49300390625 0.6628876953125 0.492150390625 0.788806640625 0.638130859375 0.79905078125
9 0.79991015625 0.809802734375 0.7900185546875 0.697841796875 0.7198740234375 0.689298828125 0.7279677734375 0.8066552734375 0.79991015625 0.809802734375
9 0.4840322265625 0.470455078125 0.3252529296875 0.4447900390625 0.317572265625 0.56194921875 0.4816708984375 0.58851171875 0.4840322265625 0.470455078125
9 0.63121875 0.6078583984375 0.6276640625 0.498677734375 0.491568359375 0.474810546875 0.492583984375 0.5900849609375 0.63121875 0.6078583984375
9 0.9489765625 0.7775673828125 0.9408134765625 0.7131279296875 0.8957060546875 0.70969140625 0.9047275390625 0.7788564453125 0.9489765625 0.7775673828125
9 0.784427734375 0.6297353515625 0.7786552734375 0.5229521484375 0.7111220703125 0.516025390625 0.71689453125 0.619345703125 0.784427734375 0.6297353515625
9 0.927982421875 0.61080078125 0.920732421875 0.53346875 0.8754208984375 0.5322607421875 0.883275390625 0.60898828125 0.927982421875 0.61080078125
9 0.030349609375 0.75478515625 0.208083984375 0.766779296875 0.2161669921875 0.6694384765625 0.04498046875 0.6546796875 0.030349609375 0.75478515625
9 0.0227568359375 0.9202265625 0.031705078125 0.9284296875 0.031705078125 0.9340224609375 0.028349609375 0.9343955078125 0.024248046875 0.954529296875 0.0764482421875 0.9537841796875 0.1927314453125 0.9553291015625 0.2064892578125 0.8441435546875 0.006802734375 0.83489453125 0.0007578125 0.9192783203125 0.0227568359375 0.9202265625
9 0.8872685546875 0.961044921875 0.8836494140625 0.8931142578125 0.7260732421875 0.8872685546875 0.73052734375 0.9638291015625 0.8872685546875 0.961044921875
9 1 0.9429052734375 0.9998642578125 0.8960087890625 0.9176337890625 0.8955673828125 0.920333984375 0.9438427734375 1 0.9429052734375
6 1 1 0.999951171875 0.9834716796875 0.9488076171875 0.9832822265625 0.8910341796875 0.9830927734375 0.680359375 0.9833525390625 0.5711083984375 0.984216796875 0.561337890625 0.992904296875 0.545771484375 0.9984638671875 0.524080078125 1 0.5468759765625 0.9998427734375 0.6202431640625 1 1 1
9 0.54091015625 0.8816435546875 0.54415234375 0.9029287109375 0.56151171875 0.90659765625 0.5740078125 0.9142666015625 0.5788369140625 0.9210830078125 0.5842333984375 0.92335546875 0.5884931640625 0.9284677734375 0.5890615234375 0.9489169921875 0.592185546875 0.952609375 0.641212890625 0.9549033203125 0.6401064453125 0.878001953125 0.538880859375 0.8740322265625 0.54091015625 0.8816435546875
2 1 0.2090908203125 0.99821484375 0.1150703125 0.7792998046875 0.000935546875 0.3358564453125 0 0.2599716796875 0.1616630859375 0.1667607421875 0.13981640625 0.119009765625 0.247591796875 0.1117275390625 0.3437158203125 0.001767578125 0.3196845703125 0.00009765625 0.9701171875 0.02880859375 0.97080078125 0.0517578125 0.9638671875 0.06552734375 0.95986328125 0.0814453125 0.951953125 0.0894130859375 0.9480849609375 0.11432421875 0.94074609375 0.1325595703125 0.938037109375 0.14518359375 0.939466796875 0.15078125 0.92862890625 0.1585234375 0.9187431640625 0.1716240234375 0.9135029296875 0.1843896484375 0.9114306640625 0.1966748046875 0.9033095703125 0.21025390625 0.9013671875 0.219140625 0.89794921875 0.22021484375 0.88720703125 0.22705078125 0.8740234375 0.2377548828125 0.865845703125 0.262890625 0.8523505859375 0.297060546875 0.83953515625 0.32216796875 0.824771484375 0.343001953125 0.8191025390625 0.374423828125 0.8151259765625 0.4383349609375 0.81964453125 0.492263671875 0.826982421875 0.527388671875 0.84996875 0.537580078125 0.8724736328125 0.5438486328125 0.903662109375 0.56109375 0.9069951171875 0.57312109375 0.914240234375 0.578125 0.921484375 0.58369140625 0.9234375 0.58818359375 0.92958984375 0.58857421875 0.9494140625 0.592578125 0.95390625 0.6422822265625 0.956349609375 0.666537109375 0.958525390625 0.6833134765625 0.9522841796875 0.7086416015625 0.9531904296875 0.7296123046875 0.9589970703125 0.7453271484375 0.963162109375 0.8875400390625 0.962322265625 0.9063896484375 0.958353515625 0.92078125 0.94462890625 0.94807421875 0.9435693359375 0.966091796875 0.947013671875 1 0.9447470703125 1 0.2090908203125