3 1 0.8873759765625 0.815671875 0.885033203125 0.81448046875 0.8746142578125 0.790666015625 0.871935546875 0.7891767578125 0.86300390625 0.7826279296875 0.8552646484375 0.7760791015625 0.8430595703125 0.7677431640625 0.837701171875 0.7421416015625 0.8368076171875 0.7349970703125 0.840677734375 0.7308974609375 0.8512763671875 0.7336572265625 0.8616240234375 0.7319326171875 0.864728515625 0.7319326171875 0.8774912109375 0.736416015625 0.8912880859375 0.7357265625 1 1 1 1 0.8873759765625
9 0.411134765625 0.337591796875 0.457439453125 0.329419921875 0.457439453125 0.30538671875 0.412416015625 0.3125966796875 0.411134765625 0.337591796875
9 0.415880859375 0.4799609375 0.422056640625 0.4022412109375 0.4076455078125 0.40378515625 0.400439453125 0.400697265625 0.395806640625 0.4019833984375 0.3955498046875 0.4063583984375 0.3783076171875 0.409189453125 0.3711015625 0.4848505859375 0.415880859375 0.4799609375
9 0.4069150390625 0.5719677734375 0.414794921875 0.488359375 0.369484375 0.4922958984375 0.3609658203125 0.5735673828125 0.4069150390625 0.5719677734375
9 0.3501220703125 0.6715615234375 0.3974072265625 0.6694951171875 0.4057421875 0.5776904296875 0.3591650390625 0.5808662109375 0.3501220703125 0.6715615234375
9 0.5543466796875 0.4649560546875 0.55727734375 0.3797529296875 0.5124775390625 0.386451171875 0.5080810546875 0.4706083984375 0.5543466796875 0.4649560546875
9 0.6104169921875 0.45825390625 0.61151953125 0.3711455078125 0.5654296875 0.3790849609375 0.5632236328125 0.4639873046875 0.6104169921875 0.45825390625
9 0.4711923828125 0.6871181640625 0.6282568359375 0.6811123046875 0.6342451171875 0.5267177734375 0.4823837890625 0.5409443359375 0.4711923828125 0.6871181640625
0 0.4029345703125 0.7058115234375 0.521669921875 0.69860546875 0.6265107421875 0.6945439453125 0.6549423828125 0.7039365234375 0.6574814453125 0.6371728515625 0.6290458984375 0.6221806640625 0.405025390625 0.637734375 0.3994462890625 0.6941884765625 0.4029345703125 0.7058115234375
9 0.62820703125 0.936302734375 0.6313544921875 0.8288447265625 0.627943359375 0.8025810546875 0.623509765625 0.7885966796875 0.6166875 0.774611328125 0.60475 0.7578984375 0.5856484375 0.7411845703125 0.56620703125 0.7347041015625 0.545400390625 0.735044921875 0.5242529296875 0.7405029296875 0.506857421875 0.751076171875 0.48809765625 0.7694951171875 0.4744541015625 0.7923486328125 0.4669501953125 0.8186123046875 0.4586455078125 0.9306123046875 0.62820703125 0.936302734375
9 0.4000595703125 0.749154296875 0.390591796875 0.7435146484375 0.38152734375 0.7404931640625 0.3615849609375 0.741298828125 0.3472822265625 0.74573046875 0.3408359375 0.7507666015625 0.3382177734375 0.7791689453125 0.39784375 0.7789677734375 0.4000595703125 0.749154296875
9 0.77666015625 0.8427734375 0.78349609375 0.8552734375 0.78984375 0.8626953125 0.79111328125 0.87109375 0.81416015625 0.87373046875 0.8107685546875 0.7652568359375 0.7628369140625 0.7661650390625 0.7659853515625 0.8362451171875 0.76826171875 0.837109375 0.77666015625 0.8427734375
9 0.9171904296875 0.8853154296875 0.9261669921875 0.885201171875 0.9175947265625 0.767185546875 0.8661162109375 0.7666015625 0.8724384765625 0.884048828125 0.9171904296875 0.8853154296875
9 0.972734375 0.860478515625 0.9671435546875 0.77371484375 0.9519375 0.7721494140625 0.959541015625 0.8611494140625 0.972734375 0.860478515625
9 0.8087841796875 0.6372314453125 0.8014736328125 0.4991865234375 0.7423115234375 0.506478515625 0.745412109375 0.6411923828125 0.8087841796875 0.6372314453125
9 0.8597421875 0.6360283203125 0.91637890625 0.6402763671875 0.9051826171875 0.50337890625 0.8494697265625 0.4994404296875 0.8597421875 0.6360283203125
9 0.844923828125 0.420794921875 0.898904296875 0.4268388671875 0.890984375 0.3384697265625 0.8403388671875 0.3328427734375 0.844923828125 0.420794921875
9 0.7973125 0.4237099609375 0.794876953125 0.3335458984375 0.7395869140625 0.3454326171875 0.7407412109375 0.4322529296875 0.7973125 0.4237099609375
2 0.4807275390625 0.3184892578125 0.48012890625 0.298134765625 0.439419921875 0.253833984375 0.4310390625 0.25263671875 0.3855400390625 0.3160947265625 0.39631640625 0.3202861328125 0.3957177734375 0.335251953125 0.226294921875 0.36159375 0.2138095703125 0.369943359375 0.2324521484375 0.4054814453125 0.2074013671875 0.4416015625 0.19555078125 0.4732666015625 0.1993857421875 0.50394140625 0.1271943359375 0.9368232421875 0.13225 0.9374384765625 0.263443359375 0.938189453125 0.2616923828125 0.9559521484375 0.2884619140625 0.9559521484375 0.335 0.946099609375 0.3354599609375 0.9313740234375 0.374013671875 0.93369140625 0.4050849609375 0.92985546875 0.7343251953125 0.9400390625 0.7353916015625 0.890595703125 0.731189453125 0.8781630859375 0.730875 0.8642958984375 0.73259375 0.8609990234375 0.7300556640625 0.851654296875 0.7345546875 0.839771484375 0.7419384765625 0.83596484375 0.76778125 0.8371181640625 0.7769560546875 0.84273046875 0.783984375 0.8547978515625 0.790349609375 0.86301953125 0.79194140625 0.8709765625 0.8155234375 0.873390625 0.8174462890625 0.883580078125 1 0.88621484375 0.9993505859375 0.660794921875 0.96669140625 0.3763642578125 0.971158203125 0.3710859375 0.969939453125 0.3471318359375 0.976841796875 0.3377939453125 0.974 0.3154638671875 0.977654296875 0.3085615234375 0.976357421875 0.281458984375 0.9278642578125 0.2199677734375 0.87687109375 0.1564775390625 0.8435380859375 0.13744140625 0.7807216796875 0.1360244140625 0.7359970703125 0.15569140625 0.71305859375 0.1893681640625 0.69090625 0.2406162109375 0.6424130859375 0.2937275390625 0.484927734375 0.3209755859375 0.4807275390625 0.3184892578125
8 0 0.793724609375 0.03248046875 0.788498046875 0.05712109375 0.79521875 0.076908203125 0.813138671875 0.083525390625 0.8280244140625 0.0630263671875 0.894279296875 0.043271484375 0.946017578125 0.0690625 0.943369140625 0.1085810546875 0.8236572265625 0.1349833984375 0.8102705078125 0.160796875 0.803162109375 0.1917197265625 0.8027490234375 0.2160458984375 0.8006875 0.2593369140625 0.7978017578125 0.281189453125 0.79244140625 0.29520703125 0.7804853515625 0.3055146484375 0.7644052734375 0.3018037109375 0.740080078125 0.2869609375 0.7174033203125 0.2663466796875 0.699673828125 0.2498544921875 0.691015625 0.2201689453125 0.6547333984375 0.2032646484375 0.6473125 0.1822373046875 0.6497861328125 0.1542001953125 0.6543212890625 0.1203916015625 0.6551455078125 0.0997763671875 0.6501982421875 0.051537109375 0.64442578125 0.0193779296875 0.6510224609375 0 0.665453125 0 0.793724609375
1 0 0.9341162109375 0.02173046875 0.9357353515625 0.0241142578125 0.94738671875 0.0825830078125 0.9434228515625 0.094275390625 0.942755859375 0.118345703125 0.941083984375 0.1250322265625 0.937072265625 0.13171875 0.89662109375 0.1287099609375 0.8852548828125 0.1126630859375 0.86118359375 0.102298828125 0.851154296875 0 0.8494833984375 0 0.9341162109375
6 0 0.9994853515625 0.7345478515625 0.9994853515625 0.7338408203125 0.9414306640625 0.404642578125 0.9306669921875 0.374658203125 0.93484375 0.3368916015625 0.932912109375 0.3363310546875 0.9468623046875 0.288240234375 0.9573828125 0.2603720703125 0.958076171875 0.261412109375 0.940146484375 0.126818359375 0.9384921875 0.1201650390625 0.94240625 0.0212587890625 0.95023046875 0.020314453125 0.9367666015625 0 0.934404296875 0 0.9994853515625
8 1 0.815294921875 0.996791015625 0.8026591796875 0.9933447265625 0.7865771484375 0.99047265625 0.78284375 0.9835810546875 0.78226953125 0.97984765625 0.7862900390625 0.9752529296875 0.797203125 0.9780546875 0.8324091796875 0.980134765625 0.8845048828125 1 0.8847919921875 1 0.815294921875