9 0.2327353515625 0.589970703125 0.2301669921875 0.4902666015625 0.1864580078125 0.4915947265625 0.1858212890625 0.5869697265625 0.2327353515625 0.589970703125
9 0.005091796875 0.7941171875 0.0579404296875 0.809294921875 0.0609404296875 0.6786240234375 0.0099814453125 0.6720966796875 0.005091796875 0.7941171875
9 0.6157587890625 0.521724609375 0.615359375 0.414029296875 0.578830078125 0.4082412109375 0.5798701171875 0.4104521484375 0.578634765625 0.5193173828125 0.6157587890625 0.521724609375
9 0.682255859375 0.525501953125 0.6838505859375 0.4262626953125 0.65628515625 0.4234404296875 0.65484765625 0.525 0.682255859375 0.525501953125
9 0.5821357421875 0.7984677734375 0.607203125 0.7896474609375 0.605412109375 0.6916484375 0.5792568359375 0.696986328125 0.5821357421875 0.7984677734375
9 0.6456533203125 0.762244140625 0.6641884765625 0.75572265625 0.662796875 0.675103515625 0.6422578125 0.679134765625 0.6456533203125 0.762244140625
2 0.4770849609375 1 0.7493154296875 0.8180673828125 0.820408203125 0.769546875 0.92159375 0.69733203125 0.918208984375 0.6540146484375 0.9042578125 0.6425986328125 0.78390234375 0.61937109375 0.7655400390625 0.622974609375 0.7597080078125 0.60401953125 0.760736328125 0.5428203125 0.7637158203125 0.52075 0.768515625 0.5028447265625 0.775154296875 0.503208984375 0.786849609375 0.496609375 0.8466943359375 0.493416015625 0.8464677734375 0.488646484375 0.8433525390625 0.4799775390625 0.8351689453125 0.4656611328125 0.83506640625 0.459763671875 0.83133203125 0.4547529296875 0.8305302734375 0.4475654296875 0.8241513671875 0.4374306640625 0.8234599609375 0.431646484375 0.816244140625 0.4227705078125 0.816642578125 0.417763671875 0.809921875 0.40913671875 0.8104716796875 0.4040654296875 0.8033046875 0.394763671875 0.8037802734375 0.388634765625 0.7955126953125 0.3791826171875 0.7967109375 0.3726767578125 0.787890625 0.3635078125 0.7876611328125 0.3556318359375 0.7801689453125 0.346501953125 0.7798994140625 0.3395283203125 0.770970703125 0.3298505859375 0.7716767578125 0.321609375 0.76311328125 0.3106005859375 0.7634462890625 0.30360546875 0.7542529296875 0.2899970703125 0.7538955078125 0.2828466796875 0.744234375 0.2697119140625 0.7431494140625 0.263205078125 0.73259375 0.2470771484375 0.7340517578125 0.2382001953125 0.7299140625 0.2255625 0.692685546875 0.23432421875 0.6888974609375 0.233001953125 0.6542255859375 0.241337890625 0.652763671875 0.2391396484375 0.6289580078125 0.2468974609375 0.630302734375 0.231125 0.6376728515625 0.22972265625 0.635015625 0.2263681640625 0.6265234375 0.2233623046875 0.6162041015625 0.223052734375 0.6123359375 0.22625 0.6161708984375 0.2327802734375 0.616853515625 0.24676953125 0.585841796875 0.256716796875 0.5805546875 0.2534130859375 0.55326171875 0.26200390625 0.54827734375 0.2594365234375 0.5290908203125 0.2648291015625 0.526201171875 0.258279296875 0.5239736328125 0.2500146484375 0.5231748046875 0.2331796875 0.520111328125 0.2305 0.5154775390625 0.2318525390625 0.5147197265625 0.2475830078125 0.5128154296875 0.2568701171875 0.5066962890625 0.26782421875 0.494078125 0.27260546875 0.4899052734375 0.2706162109375 0.4845537109375 0.2721826171875 0.4637666015625 0.277953125 0.456037109375 0.278326171875 0.437615234375 0.283818359375 0.4337939453125 0.2825810546875 0.4286259765625 0.2839365234375 0.4117412109375 0.2883310546875 0.4070595703125 0.287181640625 0.4027177734375 0.28837109375 0.3858203125 0.2937744140625 0.378498046875 0.2933505859375 0.3612861328125 0.297876953125 0.358244140625 0.2975576171875 0.3529169921875 0.298 0.33766796875 0.3020732421875 0.3323837890625 0.3018076171875 0.3161455078125 0.305728515625 0.312142578125 0.3054013671875 0.29446875 0.30930078125 0.2910556640625 0.3087705078125 0.2754072265625 0.31359375 0.273193359375 0.3124345703125 0.2696484375 0.3129833984375 0.2553330078125 0.3171572265625 0.2515244140625 0.315712890625 0.237279296875 0.3197978515625 0.2316337890625 0.3193154296875 0.219046875 0.32325390625 0.213826171875 0.322787109375 0.2025556640625 0.3254658203125 0.1955986328125 0.3257431640625 0.191138671875 0.3278232421875 0.1815380859375 0.3290693359375 0.175982421875 0.329931640625 0.1546650390625 0.3356484375 0.150912109375 0.3399150390625 0.1349130859375 0.34335546875 0.132904296875 0.34682421875 0.117708984375 0.349158203125 0.1146435546875 0.3521982421875 0.098623046875 0.355845703125 0.0960537109375 0.3580419921875 0.0788017578125 0.3622392578125 0.0762744140625 0.365263671875 0.0584677734375 0.3684541015625 0.0564189453125 0.3709697265625 0.0389375 0.37451171875 0.0345087890625 0.3778759765625 0.0155478515625 0.3816005859375 0.0135771484375 0.3843134765625 0 0.388658203125 0 1 0.4770849609375 1
0 0 0.8578125 0.00370703125 0.977208984375 0.057416015625 0.999775390625 0.323474609375 0.9992392578125 0.3243154296875 0.952599609375 0.316236328125 0.946755859375 0.1022626953125 0.879494140625 0.0982470703125 0.827078125 0.073220703125 0.8267119140625 0.00071484375 0.84771875 0 0.8578125
4 0.856572265625 1 0.999740234375 0.822330078125 1 0.60762890625 0.9140537109375 0.608125 0.91170703125 0.613126953125 0.915447265625 0.6209560546875 0.916427734375 0.6206982421875 0.9179267578125 0.648341796875 0.9201943359375 0.6528466796875 0.9232001953125 0.69803125 0.7802763671875 0.7994892578125 0.480701171875 1 0.856572265625 1
3 1 1 0.9996787109375 0.8252001953125 0.8599814453125 1 1 1
9 0.80412890625 0.5412578125 0.8031357421875 0.5158701171875 0.7743623046875 0.5164990234375 0.774490234375 0.54137890625 0.80412890625 0.5412578125
9 0.76098046875 0.6030517578125 0.763138671875 0.6104267578125 0.840283203125 0.6158037109375 0.8434716796875 0.581607421875 0.7611162109375 0.5806640625 0.76098046875 0.6030517578125
2 0.7763291015625 0.50501953125 0.768775390625 0.5045986328125 0.7622265625 0.542943359375 0.76163671875 0.6045205078125 0.7665009765625 0.621365234375 0.7843291015625 0.61801953125 0.904892578125 0.6406962890625 0.916330078125 0.6501337890625 0.914927734375 0.623166015625 0.90957421875 0.612931640625 0.9126240234375 0.6065556640625 0.99991015625 0.6051123046875 1 0.4932060546875 0.9211123046875 0.495791015625 0.884697265625 0.469150390625 0.8385859375 0.4671171875 0.8480283203125 0.487712890625 0.847640625 0.495041015625 0.787310546875 0.4987802734375 0.7763291015625 0.50501953125
8 1 0.3285380859375 0.9888603515625 0.32678515625 0.9774501953125 0.3283779296875 0.9713564453125 0.330705078125 0.9668671875 0.3431787109375 0.97523046875 0.3554404296875 0.9640078125 0.3622294921875 0.9563427734375 0.3690234375 0.9531220703125 0.377177734375 0.94225390625 0.3848896484375 0.92921484375 0.383568359375 0.912900390625 0.3904345703125 0.893841796875 0.400220703125 0.8759560546875 0.400552734375 0.8707685546875 0.4071162109375 0.8684853515625 0.4150615234375 0.86014453125 0.4140888671875 0.850943359375 0.40671484375 0.846888671875 0.4107041015625 0.846396484375 0.4183310546875 0.846072265625 0.425494140625 0.8310439453125 0.4268369140625 0.823884765625 0.4308974609375 0.82323046875 0.43858203125 0.825271484375 0.4512119140625 0.83755859375 0.455125 0.840876953125 0.4684990234375 0.8407041015625 0.479326171875 0.833560546875 0.491857421875 0.82582421875 0.51344140625 0.814509765625 0.5248564453125 0.805544921875 0.54034375 0.8018662109375 0.5643564453125 0.8050341796875 0.576353515625 0.813427734375 0.5923525390625 0.8104853515625 0.6117958984375 0.812056640625 0.625576171875 0.82816796875 0.6328017578125 0.8479130859375 0.63797265625 0.8822119140625 0.642951171875 0.904205078125 0.641005859375 0.911974609375 0.629798828125 0.9087734375 0.61409765625 0.913224609375 0.6038447265625 1 0.6022978515625 1 0.3285380859375
8 0 0.046779296875 0.03216796875 0.025634765625 0.0345732421875 0.0148134765625 0.0151630859375 0.0105771484375 0.02472265625 0 0 0.0005634765625 0 0.046779296875
8 0.1238662109375 0.015140625 0.0846591796875 0.0453212890625 0.072046875 0.0528193359375 0.067767578125 0.053216796875 0.0639365234375 0.0597177734375 0 0.111490234375 0.0008515625 0.20634375 0.0213994140625 0.22083203125 0.0318837890625 0.2203876953125 0.030318359375 0.2148994140625 0.0223896484375 0.205310546875 0.0211064453125 0.19930078125 0.0177431640625 0.19340234375 0.00690234375 0.1869609375 0.0047705078125 0.1700361328125 0.008744140625 0.166712890625 0.012517578125 0.1625986328125 0.0065615234375 0.156037109375 0.0031416015625 0.1231025390625 0.058482421875 0.0791787109375 0.0684375 0.0735556640625 0.0826630859375 0.0757138671875 0.0841103515625 0.0610478515625 0.1535556640625 0.0010634765625 0.14848828125 0 0.135455078125 0.0018515625 0.1238662109375 0.015140625
8 0.01596484375 0.2587333984375 0.018458984375 0.258181640625 0.019494140625 0.2556611328125 0.0446337890625 0.2600810546875 0.047107421875 0.259525390625 0.05524609375 0.2569541015625 0.0698583984375 0.249732421875 0.072009765625 0.2512041015625 0.07726171875 0.249615234375 0.078984375 0.2452509765625 0.0774716796875 0.2402451171875 0.0748603515625 0.238998046875 0.047576171875 0.2524052734375 0.022517578125 0.248029296875 0.018505859375 0.2434072265625 0.01637890625 0.243076171875 0.0098935546875 0.24839453125 0.00012890625 0.247462890625 0 0.2560341796875 0.0099755859375 0.2555244140625 0.01596484375 0.2587333984375
9 0.8365576171875 0.7570693359375 0.8390107421875 0.6921201171875 0.779072265625 0.69003515625 0.773119140625 0.7997587890625 0.8365576171875 0.7570693359375