2 1 0.9227373046875 0.99798046875 0.2185166015625 0.92945703125 0.2092880859375 0.918345703125 0.163685546875 0.9018876953125 0.162041015625 0.893404296875 0.169294921875 0.9048994140625 0.2090654296875 0.721158203125 0.18945703125 0.718484375 0.177447265625 0.7284580078125 0.1716376953125 0.7308544921875 0.1503310546875 0.6830927734375 0.1468349609375 0.678736328125 0.113802734375 0.6638291015625 0.0904443359375 0.61566796875 0.0963759765625 0.6090517578125 0.113326171875 0.616935546875 0.153427734375 0.5817744140625 0.148056640625 0.5790927734375 0.137330078125 0.4931123046875 0.124759765625 0.4787509765625 0.14283203125 0.4441591796875 0.135125 0.4379580078125 0.092373046875 0.4297978515625 0.078126953125 0.414154296875 0.077681640625 0.3997080078125 0.0875625 0.39748046875 0.1030068359375 0.402013671875 0.1356787109375 0.125974609375 0.101923828125 0.1279111328125 0.00204296875 0.091498046875 0.00012890625 0.08553515625 0.096291015625 0.0640751953125 0.096298828125 0.065142578125 0.027759765625 0.059333984375 0.012984375 0.0450419921875 0.0067451171875 0.031103515625 0.020060546875 0.02679296875 0.069529296875 0 0.068330078125 0.001966796875 0.9756513671875 1 0.9227373046875
9 0 0.158943359375 0.016265625 0.1594814453125 0.0193623046875 0.0950478515625 0 0.0932880859375 0 0.158943359375
9 0.242033203125 0.64958984375 0.2400166015625 0.5199541015625 0.1523564453125 0.5199951171875 0.153017578125 0.6498330078125 0.242033203125 0.64958984375
9 0.4691943359375 0.6432080078125 0.459841796875 0.52412109375 0.381470703125 0.524056640625 0.3917607421875 0.64531640625 0.4691943359375 0.6432080078125
9 0.4202216796875 0.422853515625 0.4124453125 0.3398623046875 0.3415146484375 0.3361015625 0.3477978515625 0.421494140625 0.4202216796875 0.422853515625
9 0.2719677734375 0.4167001953125 0.2672119140625 0.332455078125 0.1873125 0.3295751953125 0.189169921875 0.4149599609375 0.2719677734375 0.4167001953125
9 0 0.55531640625 0.015669921875 0.554771484375 0.0196015625 0.4200078125 0 0.41705859375 0 0.55531640625
9 0.6896953125 0.77834375 0.6686748046875 0.6438779296875 0.5924384765625 0.647125 0.60872265625 0.7840693359375 0.6896953125 0.77834375
9 0.649435546875 0.5607900390625 0.630822265625 0.4461123046875 0.5650947265625 0.4429609375 0.5792861328125 0.5593271484375 0.649435546875 0.5607900390625
9 0.8237236328125 0.5595029296875 0.803291015625 0.44815625 0.7391572265625 0.4450693359375 0.759708984375 0.5636103515625 0.8237236328125 0.5595029296875
9 0.8682119140625 0.7814306640625 0.8418046875 0.6427041015625 0.77725 0.6477080078125 0.80425 0.7841494140625 0.8682119140625 0.7814306640625
9 1 0.56068359375 0.9887490234375 0.49748828125 0.9406259765625 0.4985625 0.9718203125 0.6159951171875 1 0.6139638671875 1 0.56068359375
9 0.6236552734375 0.3614365234375 0.6119033203125 0.269380859375 0.54807421875 0.263849609375 0.5586396484375 0.3593359375 0.6236552734375 0.3614365234375
9 0.97796875 0.3969765625 0.9560654296875 0.30646484375 0.8897138671875 0.3038349609375 0.9123916015625 0.395361328125 0.97796875 0.3969765625
9 0.790125 0.364779296875 0.7752744140625 0.2781357421875 0.7082294921875 0.277669921875 0.7186396484375 0.3628173828125 0.790125 0.364779296875
9 0.51628125 0.1963916015625 0.556955078125 0.200328125 0.5516552734375 0.162263671875 0.512326171875 0.158330078125 0.51628125 0.1963916015625
9 0.7035791015625 0.21494921875 0.697408203125 0.177365234375 0.6581650390625 0.1751953125 0.663455078125 0.211703125 0.7035791015625 0.21494921875
9 0.1576865234375 0.869462890625 0.2352373046875 0.86698828125 0.2330068359375 0.755388671875 0.1549384765625 0.760234375 0.1576865234375 0.869462890625
8 0.00197265625 0.9705478515625 0.1117294921875 0.9632666015625 0.115603515625 0.8050390625 0.1111484375 0.7944033203125 0.081072265625 0.794408203125 0.0387626953125 0.7980439453125 0 0.8041767578125 0.00197265625 0.9705478515625
8 0.3436064453125 0.9921591796875 0.35983203125 0.9921591796875 0.374560546875 0.981583984375 0.3790732421875 0.9700576171875 0.37955078125 0.94329296875 0.3786181640625 0.9125478515625 0.3862548828125 0.890359375 0.3951845703125 0.86862109375 0.4043955078125 0.854173828125 0.399837890625 0.8285419921875 0.3998291015625 0.8047109375 0.3949794921875 0.76242578125 0.3738193359375 0.72791015625 0.3522216796875 0.7135771484375 0.30695703125 0.7169931640625 0.2672470703125 0.735197265625 0.25717578125 0.7578134765625 0.2582861328125 0.7787197265625 0.264681640625 0.8133447265625 0.2746064453125 0.832103515625 0.28339453125 0.8917734375 0.291787109375 0.9558701171875 0.2982646484375 0.97698046875 0.3120791015625 0.98281640625 0.3436064453125 0.9921591796875
8 0.7013291015625 0.9686904296875 0.9994111328125 0.9410703125 1 0.7888544921875 0.8598369140625 0.7905009765625 0.706732421875 0.7956357421875 0.67451953125 0.8047548828125 0.7013291015625 0.9686904296875
6 1 0.9258994140625 0.0019619140625 0.98119140625 0.002369140625 1 1 1 1 0.9258994140625
3 0.536228515625 1 0.516228515625 0.790552734375 0.5183330078125 0.7777509765625 0.4946728515625 0.774150390625 0.4540390625 0.7792939453125 0.454552734375 0.79472265625 0.4602109375 0.7988369140625 0.461240234375 0.8409462890625 0.265271484375 0.851232421875 0.26784375 0.99420703125 0.271748046875 1 0.536228515625 1
3 0.70756640625 1 0.6720263671875 0.792421875 0.6719130859375 0.788341796875 0.67762109375 0.783208984375 0.6759755859375 0.7707060546875 0.6299052734375 0.7726796875 0.6062119140625 0.7769580078125 0.6095029296875 0.788802734375 0.6144384765625 0.7884736328125 0.6394482421875 0.97612109375 0.6453720703125 1 0.70756640625 1