9 0.4999443359375 0.8719248046875 0.507884765625 0.7635068359375 0.4003828125 0.7607587890625 0.38847265625 0.8691767578125 0.4999443359375 0.8719248046875
9 0.3909794921875 0.5618408203125 0.37897265625 0.646193359375 0.4645576171875 0.648041015625 0.47379296875 0.5639951171875 0.3909794921875 0.5618408203125
9 0.4138515625 0.3986455078125 0.408470703125 0.469296875 0.4835673828125 0.4707001953125 0.4903525390625 0.4014521484375 0.4138515625 0.3986455078125
9 0.435375 0.261083984375 0.4271865234375 0.3172314453125 0.4990078125 0.3200390625 0.5027509765625 0.2617861328125 0.435375 0.261083984375
9 0.3893291015625 0.3158671875 0.3979306640625 0.2561689453125 0.329630859375 0.25548046875 0.3187919921875 0.3132861328125 0.3893291015625 0.3158671875
9 0.2997353515625 0.395560546875 0.2863427734375 0.46686328125 0.3650712890625 0.4686396484375 0.3759091796875 0.3972421875 0.2997353515625 0.395560546875
9 0.2674853515625 0.5599267578125 0.25017578125 0.6440576171875 0.3347080078125 0.646271484375 0.348595703125 0.5613359375 0.2674853515625 0.5599267578125
9 0.245748046875 0.75380859375 0.224212890625 0.86455859375 0.3383310546875 0.864646484375 0.3538291015625 0.7542109375 0.245748046875 0.75380859375
9 0.1749033203125 0.867541015625 0.197615234375 0.755056640625 0.091783203125 0.7546376953125 0.0636865234375 0.86590234375 0.1749033203125 0.867541015625
9 0 0.8642119140625 0.0085380859375 0.8642041015625 0.0403173828125 0.7517978515625 0 0.7503544921875 0 0.8642119140625
9 0.12170703125 0.6300537109375 0.1422158203125 0.5544072265625 0.031603515625 0.5523896484375 0.007060546875 0.629044921875 0.12170703125 0.6300537109375
9 0.1680771484375 0.438142578125 0.1730693359375 0.424353515625 0.1756845703125 0.4248291015625 0.1825791015625 0.392021484375 0.08487109375 0.388931640625 0.0691806640625 0.434576171875 0.1680771484375 0.438142578125
9 0.212140625 0.274521484375 0.2203251953125 0.2451005859375 0.1265322265625 0.2424462890625 0.118568359375 0.2707607421875 0.212140625 0.274521484375
9 0.6120537109375 0.3013662109375 0.612744140625 0.2568349609375 0.5861630859375 0.25631640625 0.5835732421875 0.2999853515625 0.6120537109375 0.3013662109375
9 0.604630859375 0.4429013671875 0.60963671875 0.321095703125 0.58184765625 0.3206982421875 0.5771875 0.4429013671875 0.604630859375 0.4429013671875
9 0.5951259765625 0.6086474609375 0.60103125 0.469697265625 0.57520703125 0.4692099609375 0.5677705078125 0.6084921875 0.5951259765625 0.6086474609375
9 0.58704296875 0.79780078125 0.5935712890625 0.638896484375 0.56652734375 0.638896484375 0.5567353515625 0.7973349609375 0.58704296875 0.79780078125
9 0.7017626953125 0.7983125 0.699947265625 0.6415068359375 0.672384765625 0.641357421875 0.6720546875 0.798642578125 0.7017626953125 0.7983125
9 0.6732099609375 0.471677734375 0.6715595703125 0.6119794921875 0.698626953125 0.6119794921875 0.6991220703125 0.4721884765625 0.6732099609375 0.471677734375
9 0.676150390625 0.3260224609375 0.6746953125 0.4456162109375 0.6996171875 0.44578125 0.6982041015625 0.3263642578125 0.676150390625 0.3260224609375
9 0.69905859375 0.303796875 0.6982041015625 0.261912109375 0.6763212890625 0.261912109375 0.675978515625 0.303796875 0.69905859375 0.303796875
9 0.749625 0.760041015625 0.75278125 0.8724052734375 0.86104296875 0.8739833984375 0.85473046875 0.7625654296875 0.749625 0.760041015625
9 0.79277734375 0.572171875 0.797455078125 0.6542822265625 0.878265625 0.6550615234375 0.872029296875 0.573990234375 0.79277734375 0.572171875
9 0.7848583984375 0.4110478515625 0.7882216796875 0.479755859375 0.8624560546875 0.480716796875 0.8586123046875 0.4122490234375 0.7848583984375 0.4110478515625
9 0.780388671875 0.2699541015625 0.7825244140625 0.32975390625 0.8521484375 0.3321025390625 0.8500126953125 0.2712353515625 0.780388671875 0.2699541015625
9 0.88326171875 0.2728974609375 0.887986328125 0.332966796875 0.9570546875 0.334091796875 0.95098046875 0.274248046875 0.88326171875 0.2728974609375
9 0.9770771484375 0.4850517578125 0.9696533203125 0.41530859375 0.8960859375 0.414408203125 0.9028349609375 0.482126953125 0.9770771484375 0.4850517578125
9 1 0.6598720703125 0.9998671875 0.6465341796875 0.9905986328125 0.577359375 0.9132861328125 0.5762294921875 0.9227802734375 0.6582890625 1 0.6598720703125
9 1 0.8762119140625 0.999189453125 0.7667158203125 0.898818359375 0.76566796875 0.909443359375 0.87508203125 1 0.8762119140625
9 0.583158203125 0.9965166015625 0.5924443359375 0.84130859375 0.551564453125 0.841279296875 0.5422998046875 0.9962509765625 0.583158203125 0.9965166015625
9 0.701751953125 0.995044921875 0.70149609375 0.84468359375 0.6628515625 0.844939453125 0.6605478515625 0.9947890625 0.701751953125 0.995044921875
8 0 1 0.536212890625 0.9999296875 0.537267578125 0.9938662109375 0.535685546875 0.9896484375 0.5341044921875 0.9838486328125 0.5304130859375 0.9793662109375 0.5219775390625 0.974357421875 0.5080048828125 0.97409375 0.502205078125 0.975412109375 0.5003603515625 0.9717216796875 0.495087890625 0.9709306640625 0.483751953125 0.9709306640625 0.470833984375 0.9722490234375 0.46187109375 0.9701396484375 0.44842578125 0.9696123046875 0.4436806640625 0.967767578125 0.4415712890625 0.965658203125 0.4352451171875 0.96803125 0.426017578125 0.9693486328125 0.418900390625 0.9704033203125 0.4149453125 0.9690849609375 0.405982421875 0.9688212890625 0.3937138671875 0.9696123046875 0.387650390625 0.9690849609375 0.37605078125 0.9688212890625 0.3684052734375 0.9696123046875 0.3641875 0.96644921875 0.3570693359375 0.9693486328125 0.3481064453125 0.9706669921875 0.34098828125 0.9714580078125 0.3365068359375 0.9682939453125 0.33176171875 0.9711943359375 0.3251708984375 0.9693486328125 0.3019716796875 0.9714580078125 0.295634765625 0.9682939453125 0.2890439453125 0.965658203125 0.281134765625 0.964076171875 0.2700625 0.9669765625 0.2655810546875 0.96644921875 0.2632080078125 0.963021484375 0.2558271484375 0.96433984375 0.24791796875 0.9669765625 0.2226103515625 0.9669765625 0.2176015625 0.96539453125 0.2096923828125 0.966712890625 0.1999384765625 0.9714580078125 0.19334765625 0.9704033203125 0.1855556640625 0.9722490234375 0.179228515625 0.97462109375 0.1671015625 0.97462109375 0.1507568359375 0.973830078125 0.13362109375 0.97567578125 0.120966796875 0.9820029296875 0.11200390625 0.98490234375 0.1043583984375 0.986220703125 0.0938134765625 0.9875390625 0.0845869140625 0.985693359375 0.08116015625 0.978576171875 0.0724599609375 0.97462109375 0.0616513671875 0.9727763671875 0.043724609375 0.9706669921875 0.02785546875 0.9706669921875 0.0123017578125 0.9709306640625 0 0.9733037109375 0 1
8 0.994310546875 1 0.9932880859375 0.9990087890625 0.990423828125 0.997986328125 0.988787109375 0.99491796875 0.9857197265625 0.9953271484375 0.9832646484375 0.997986328125 0.9781513671875 0.9975771484375 0.96546875 0.996349609375 0.9548330078125 0.99553125 0.93764453125 0.994099609375 0.92578125 0.994712890625 0.918212890625 0.99491796875 0.9118720703125 0.99266796875 0.90778125 0.991236328125 0.905326171875 0.9953271484375 0.9000078125 0.9936904296875 0.890189453125 0.9928720703125 0.883439453125 0.992462890625 0.8748486328125 0.9928720703125 0.850302734375 0.99103125 0.8347578125 0.9900087890625 0.827802734375 0.99103125 0.8230986328125 0.9908271484375 0.81634765625 0.989599609375 0.8110302734375 0.990212890625 0.806734375 0.9922587890625 0.803666015625 0.9967587890625 0.80059765625 0.9998271484375 0.8098125 1 0.994310546875 1
0 0.0445224609375 0.26044921875 0.0406513671875 0.2722392578125 0.02918359375 0.3093447265625 0.031640625 0.31733203125 0.1990625 0.322861328125 0.2336767578125 0.368048828125 0.236541015625 0.359203125 0.238736328125 0.3611240234375 0.2514091796875 0.30978515625 0.2165654296875 0.2622685546875 0.04205859375 0.256048828125 0.04135546875 0.259041015625 0.0445224609375 0.26044921875
0 0 0.487484375 0.1557568359375 0.4924296875 0.201189453125 0.5235283203125 0.2135517578125 0.4693203125 0.2172607421875 0.46684765625 0.2176728515625 0.463962890625 0.17646484375 0.423580078125 0 0.41784375 0 0.487484375
0 0 0.6941796875 0.1050947265625 0.6952431640625 0.15232421875 0.7190703125 0.173142578125 0.6484404296875 0.17612109375 0.6446103515625 0.17612109375 0.6418447265625 0.12825390625 0.6135498046875 0 0.6113388671875 0 0.6941796875
2 1 0.197931640625 0.0129736328125 0.1610625 0 0.16033203125 0 1 1 1 1 0.197931640625
0 0.9697509765625 0.433001953125 0.9836162109375 0.469974609375 0.9114228515625 0.468380859375 0.8986728515625 0.4294951171875 0.897716796875 0.433638671875 0.90680078125 0.4702939453125 0.9026572265625 0.483361328125 0.9815439453125 0.48383984375 0.9883974609375 0.4717275390625 0.97309765625 0.432205078125 0.9697509765625 0.433001953125
0 0.4894248046875 0.418361328125 0.4871474609375 0.416734375 0.477708984375 0.45611328125 0.4035068359375 0.45416015625 0.41619921875 0.41055078125 0.4129453125 0.4102255859375 0.3978115234375 0.456763671875 0.40253125 0.4692939453125 0.48361328125 0.4709208984375 0.4808466796875 0.459205078125 0.4894248046875 0.418361328125
4 0.7354072265625 1 0.7361982421875 0.9669716796875 0.7383076171875 0.9598525390625 0.7475361328125 0.9569951171875 0.7456904296875 0.87103515625 0.71273046875 0.86998046875 0.705875 0.8771005859375 0.706666015625 0.9587451171875 0.71589453125 0.9677099609375 0.717212890625 0.976939453125 0.720640625 0.980103515625 0.72644140625 0.980103515625 0.727232421875 0.99987890625 0.7354072265625 1