2 0 0.57205859375 0.289703125 0.5909521484375 0.441376953125 0.599349609375 0.443900390625 0.6311611328125 0.5002880859375 0.632830078125 0.5182138671875 0.6366318359375 0.5315771484375 0.662146484375 0.53268359375 0.67851953125 0.56462890625 0.680564453125 0.61701953125 0.6826083984375 0.7321259765625 0.68567578125 0.7525703125 0.6864423828125 0.8783701171875 0.6910419921875 0.9542724609375 0.6928310546875 0.9558056640625 0.6833759765625 0.9949072265625 0.6831201171875 1 0.685931640625 0.99969140625 0.3702314453125 0.6125068359375 0.267447265625 0.2391298828125 0.161517578125 0 0.0901982421875 0 0.57205859375
9 0.162673828125 0.23475 0.1636806640625 0.1910615234375 0.1199921875 0.1785791015625 0.11697265625 0.22428125 0.162673828125 0.23475
9 0.2366591796875 0.2521240234375 0.2378759765625 0.2123330078125 0.1984326171875 0.201212890625 0.196 0.24395703125 0.2366591796875 0.2521240234375
9 0.1549931640625 0.340740234375 0.156556640625 0.297474609375 0.113291015625 0.288091796875 0.1103369140625 0.3339638671875 0.1549931640625 0.340740234375
9 0.2317216796875 0.3554404296875 0.23318359375 0.3126787109375 0.1937109375 0.304271484375 0.19115234375 0.3488623046875 0.2317216796875 0.3554404296875
9 0.22962890625 0.4625322265625 0.22986328125 0.41716796875 0.1877724609375 0.411087890625 0.1852001953125 0.458791015625 0.22962890625 0.4625322265625
9 0.15059765625 0.452619140625 0.1525244140625 0.4044384765625 0.106271484375 0.3972802734375 0.1032431640625 0.4479384765625 0.15059765625 0.452619140625
9 0.143439453125 0.565498046875 0.1456416015625 0.51704296875 0.0982880859375 0.5120869140625 0.0952587890625 0.56522265625 0.143439453125 0.565498046875
9 0.2221796875 0.57210546875 0.2252080078125 0.5253017578125 0.1819833984375 0.52172265625 0.17978125 0.5679755859375 0.2221796875 0.57210546875
9 0.2666708984375 0.583498046875 0.335205078125 0.586943359375 0.334439453125 0.54540234375 0.2674365234375 0.5388935546875 0.2666708984375 0.583498046875
9 0.3787119140625 0.5878056640625 0.4023974609375 0.5897119140625 0.440513671875 0.589439453125 0.4404453125 0.5576171875 0.3791328125 0.550951171875 0.3787119140625 0.5878056640625
9 0.490474609375 0.59488671875 0.5286982421875 0.596697265625 0.5282958984375 0.56330078125 0.490072265625 0.5596796875 0.490474609375 0.59488671875
9 0.4880771484375 0.496865234375 0.528896484375 0.500576171875 0.528896484375 0.4765537109375 0.4892490234375 0.4710849609375 0.4880771484375 0.496865234375
9 0.38841015625 0.4829140625 0.43739453125 0.4886904296875 0.43878125 0.4611943359375 0.3893349609375 0.4561103515625 0.38841015625 0.4829140625
9 0.3907998046875 0.3842109375 0.43783203125 0.391708984375 0.4382861328125 0.3737587890625 0.39102734375 0.3648974609375 0.3907998046875 0.3842109375
9 0.38731640625 0.2852021484375 0.439537109375 0.2970419921875 0.439748046875 0.2894306640625 0.3877392578125 0.2782255859375 0.38731640625 0.2852021484375
9 0.479169921875 0.3994814453125 0.5284814453125 0.40634765625 0.5293134765625 0.3913671875 0.4800029296875 0.383044921875 0.479169921875 0.3994814453125
9 0.49123828125 0.308974609375 0.53930078125 0.3214580078125 0.539716796875 0.3091826171875 0.49061328125 0.2994033203125 0.49123828125 0.308974609375
9 0.6037392578125 0.3471591796875 0.6023955078125 0.3124248046875 0.577064453125 0.3064755859375 0.5774482421875 0.34274609375 0.6037392578125 0.3471591796875
9 0.6526435546875 0.3597900390625 0.6774912109375 0.3643544921875 0.6764775390625 0.3291103515625 0.6523896484375 0.323279296875 0.6526435546875 0.3597900390625
9 0.7221142578125 0.3754111328125 0.7451787109375 0.3788466796875 0.7444423828125 0.3444951171875 0.721623046875 0.3405693359375 0.7221142578125 0.3754111328125
9 0.72628515625 0.4536826171875 0.7478779296875 0.4558916015625 0.7466513671875 0.421294921875 0.7253037109375 0.417369140625 0.72628515625 0.4536826171875
9 0.6548837890625 0.4411689453125 0.678193359375 0.443623046875 0.678193359375 0.4082900390625 0.6548837890625 0.40485546875 0.6548837890625 0.4411689453125
9 0.5775380859375 0.428421875 0.605560546875 0.431310546875 0.605271484375 0.3943330078125 0.578404296875 0.389421875 0.5775380859375 0.428421875
9 0.5805361328125 0.514708984375 0.6068671875 0.5172158203125 0.606240234375 0.4789736328125 0.580849609375 0.4764658203125 0.5805361328125 0.514708984375
9 0.6597607421875 0.5249482421875 0.683498046875 0.527078125 0.6822802734375 0.4896474609375 0.6585439453125 0.4866044921875 0.6597607421875 0.5249482421875
9 0.7313330078125 0.5339326171875 0.7522978515625 0.5350224609375 0.7506650390625 0.4996259765625 0.72969921875 0.4969033203125 0.7313330078125 0.5339326171875
9 0.734873046875 0.6164326171875 0.7561103515625 0.616705078125 0.7547490234375 0.579130859375 0.732966796875 0.5785859375 0.734873046875 0.6164326171875
9 0.6621748046875 0.6096259765625 0.68586328125 0.6109873046875 0.684501953125 0.5734130859375 0.660541015625 0.5715068359375 0.6621748046875 0.6096259765625
9 0.582009765625 0.604162109375 0.60944921875 0.604666015625 0.6079384765625 0.5653955078125 0.5817578125 0.56413671875 0.582009765625 0.604162109375
9 0.2696142578125 0.46964453125 0.338544921875 0.4753154296875 0.338763671875 0.4482666015625 0.2711416015625 0.4395419921875 0.2696142578125 0.46964453125
9 0.2774677734375 0.36428515625 0.339853515625 0.3736650390625 0.3389814453125 0.35577734375 0.2768134765625 0.34487109375 0.2774677734375 0.36428515625
9 0.2809580078125 0.2606708984375 0.3446533203125 0.273541015625 0.3444345703125 0.263943359375 0.2813935546875 0.251291015625 0.2809580078125 0.2606708984375
9 0.767208984375 0.402388671875 0.789419921875 0.4002626953125 0.7896552734375 0.3702548828125 0.765318359375 0.365529296875 0.767208984375 0.402388671875
9 0.7700458984375 0.4609501953125 0.7943544921875 0.459412109375 0.79327734375 0.442333984375 0.7700458984375 0.4378720703125 0.7700458984375 0.4609501953125
9 0.7754306640625 0.53403125 0.7971240234375 0.53433984375 0.7972783203125 0.5135693359375 0.774353515625 0.5112607421875 0.7754306640625 0.53403125
9 0.779865234375 0.6187255859375 0.8029453125 0.6187255859375 0.800828125 0.5882333984375 0.77944140625 0.58738671875 0.779865234375 0.6187255859375
9 0.780041015625 0.6894638671875 0.804673828125 0.6890791015625 0.8053154296875 0.6656005859375 0.7787578125 0.664958984375 0.780041015625 0.6894638671875
9 0.7360263671875 0.687708984375 0.7558310546875 0.687708984375 0.755318359375 0.6694404296875 0.734318359375 0.6694404296875 0.7360263671875 0.687708984375
9 0.6864541015625 0.68533203125 0.68514453125 0.65951953125 0.6615771484375 0.65933203125 0.661763671875 0.68533203125 0.6864541015625 0.68533203125
9 0.5813857421875 0.6828642578125 0.60950390625 0.68434375 0.6082353515625 0.6560146484375 0.58180859375 0.6553798828125 0.5813857421875 0.6828642578125
9 0.8977998046875 0.3983271484375 0.906767578125 0.4002041015625 0.9073935546875 0.41563671875 0.91434375 0.4169638671875 0.913103515625 0.386673828125 0.8971748046875 0.38498046875 0.8977998046875 0.3983271484375
9 0.9595751953125 0.4273623046875 0.95881640625 0.3981640625 0.945923828125 0.398732421875 0.946681640625 0.425466796875 0.9595751953125 0.4273623046875
9 0.9546865234375 0.4936396484375 0.97113671875 0.494408203125 0.9691376953125 0.4642763671875 0.953302734375 0.4625849609375 0.9546865234375 0.4936396484375
9 0.903390625 0.47506640625 0.913642578125 0.4764560546875 0.913990234375 0.4867080078125 0.92215625 0.48583984375 0.918333984375 0.45421484375 0.902 0.453171875 0.903390625 0.47506640625
9 0.911166015625 0.5567470703125 0.92961328125 0.5575322265625 0.9278466796875 0.5245634765625 0.9084189453125 0.5243671875 0.911166015625 0.5567470703125
9 0.9785068359375 0.5641318359375 0.9772060546875 0.5324892578125 0.95878515625 0.532056640625 0.959435546875 0.5636982421875 0.9785068359375 0.5641318359375
9 0.966919921875 0.6330830078125 0.98755078125 0.634125 0.9844248046875 0.6003662109375 0.9642109375 0.599740234375 0.966919921875 0.6330830078125
9 0.9162822265625 0.6307900390625 0.935037109375 0.6307900390625 0.933787109375 0.597240234375 0.91378125 0.5955732421875 0.9162822265625 0.6307900390625
4 1 0.7432060546875 0.99901171875 0.68524609375 0.9569482421875 0.684267578125 0.96037109375 0.7419833984375 1 0.7432060546875
0 0.27591796875 0.29580859375 0.287 0.291830078125 0.315416015625 0.296376953125 0.4952880859375 0.3372958984375 0.577654296875 0.3554794921875 0.578568359375 0.3231982421875 0.489416015625 0.3032294921875 0.3863525390625 0.2777158203125 0.283447265625 0.2534873046875 0.2771943359375 0.2555712890625 0.276486328125 0.265404296875 0.27591796875 0.29580859375
0 0.271560546875 0.4007958984375 0.284373046875 0.397732421875 0.373779296875 0.410265625 0.465669921875 0.424568359375 0.5476474609375 0.43721484375 0.580845703125 0.4435380859375 0.580990234375 0.4119345703125 0.5735927734375 0.4095986328125 0.46666796875 0.3903251953125 0.363265625 0.3724150390625 0.2797490234375 0.355478515625 0.2727412109375 0.3605400390625 0.271560546875 0.4007958984375
0 0.2681083984375 0.5121298828125 0.2768876953125 0.5128056640625 0.385943359375 0.5202373046875 0.5087431640625 0.5323349609375 0.581333984375 0.5392919921875 0.5805830078125 0.500515625 0.5237080078125 0.4935361328125 0.3904423828125 0.47598828125 0.27478515625 0.4602353515625 0.2680048828125 0.4650205078125 0.2681083984375 0.5121298828125
0 0.2646953125 0.584556640625 0.4420244140625 0.59784375 0.444599609375 0.6219892578125 0.582068359375 0.6313251953125 0.58465234375 0.5954443359375 0.47775 0.5875048828125 0.3715576171875 0.5807001953125 0.2667587890625 0.57389453125 0.2635830078125 0.5763896484375 0.2646953125 0.584556640625
0 0.7674453125 0.4059287109375 0.78654296875 0.4021533203125 0.84316796875 0.4090380859375 0.9084541015625 0.42613671875 0.9071162109375 0.4000068359375 0.8281318359375 0.381419921875 0.7826982421875 0.3720478515625 0.765064453125 0.37697265625 0.7674453125 0.4059287109375
0 0.76893359375 0.4608720703125 0.7692158203125 0.481962890625 0.792421875 0.4802646484375 0.857796875 0.4910185546875 0.9132666015625 0.4969619140625 0.9117060546875 0.4716767578125 0.89000390625 0.467189453125 0.7880400390625 0.4494892578125 0.76884375 0.4534775390625 0.76893359375 0.4608720703125
0 0.773966796875 0.562662109375 0.795607421875 0.5600078125 0.851546875 0.5636826171875 0.916265625 0.5706240234375 0.9151220703125 0.55104296875 0.9139091796875 0.5451806640625 0.796849609375 0.5304248046875 0.7721923828125 0.5310576171875 0.773966796875 0.562662109375
0 0.7793408203125 0.6427666015625 0.8037490234375 0.643638671875 0.9244638671875 0.6514140625 0.9225126953125 0.628837890625 0.9227841796875 0.622330078125 0.808080078125 0.613923828125 0.776353515625 0.613923828125 0.7793408203125 0.6427666015625
8 0.0985087890625 0.8194716796875 0.1921376953125 0.814603515625 0.197005859375 0.8114541015625 0.1614892578125 0.7922705078125 0.139728515625 0.783966796875 0.11739453125 0.7833935546875 0.1090908203125 0.7876884765625 0.0890478515625 0.7899794921875 0.0732998046875 0.7919833984375 0.0753046875 0.746744140625 0.07644921875 0.6545458984375 0.07730859375 0.6158916015625 0.08103125 0.6095927734375 0.1105224609375 0.5829638671875 0.1219755859375 0.573515625 0.1090908203125 0.56492578125 0.11166796875 0.55347265625 0.1005009765625 0.551181640625 0.0890478515625 0.548318359375 0.09362890625 0.5374384765625 0.103650390625 0.51625 0.10680078125 0.4973525390625 0.115962890625 0.4927705078125 0.1308515625 0.47330078125 0.1299931640625 0.4727275390625 0.1070869140625 0.4873310546875 0.0962060546875 0.491912109375 0.101646484375 0.4827490234375 0.1062275390625 0.4698642578125 0.1256982421875 0.450966796875 0.1291337890625 0.4409453125 0.11653515625 0.446671875 0.11453125 0.441517578125 0.104509765625 0.447244140625 0.1039375 0.4406591796875 0.1119541015625 0.42748828125 0.0990693359375 0.420330078125 0.0913388671875 0.4111669921875 0.087330078125 0.4011455078125 0.0818896484375 0.4125986328125 0.073873046875 0.415748046875 0.0675732421875 0.4123125 0.0747314453125 0.427201171875 0.0793125 0.448962890625 0.0790263671875 0.46098828125 0.073013671875 0.448103515625 0.063564453125 0.439513671875 0.058697265625 0.4418046875 0.0526845703125 0.434359375 0.0400859375 0.42662890625 0.035791015625 0.437509765625 0.0546884765625 0.4512529296875 0.061560546875 0.4641376953125 0.077880859375 0.4755908203125 0.07644921875 0.4876171875 0.0604150390625 0.4841806640625 0.0526845703125 0.4764501953125 0.037794921875 0.4692919921875 0.0274873046875 0.4644248046875 0.0277734375 0.4758779296875 0.0400859375 0.4870439453125 0.0561201171875 0.5056552734375 0.073013671875 0.5208310546875 0.071009765625 0.5437373046875 0.0627060546875 0.5428779296875 0.050966796875 0.53056640625 0.0432353515625 0.5294208984375 0.0455263671875 0.536865234375 0.036650390625 0.5337158203125 0.034359375 0.5380107421875 0.03722265625 0.5474599609375 0.0518251953125 0.557767578125 0.0598427734375 0.5646396484375 0.0475302734375 0.5614892578125 0.03521875 0.5563359375 0.0286328125 0.5563359375 0.030923828125 0.5672158203125 0.0475302734375 0.5792421875 0.056693359375 0.594130859375 0.0555478515625 0.6075888671875 0.0704365234375 0.6219052734375 0.0699189453125 0.6631064453125 0.068326171875 0.740248046875 0.0658232421875 0.777568359375 0.0633203125 0.7864423828125 0.0592236328125 0.7855322265625 0.0448876953125 0.7773408203125 0.030779296875 0.786669921875 0.0168984375 0.7957724609375 0.0002861328125 0.8005517578125 0.0002861328125 0.811474609375 0.0021064453125 0.8210322265625 0.007244140625 0.8239365234375 0.0985087890625 0.8194716796875
8 0.5260615234375 0.6701123046875 0.527392578125 0.658140625 0.522736328125 0.6468330078125 0.514421875 0.6395166015625 0.5067734375 0.6368564453125 0.492140625 0.6405146484375 0.4798359375 0.6431748046875 0.4728525390625 0.6504912109375 0.473849609375 0.66080078125 0.48016796875 0.6677841796875 0.478505859375 0.675765625 0.471189453125 0.67310546875 0.45555859375 0.6747685546875 0.4535634765625 0.6704453125 0.4535634765625 0.6657890625 0.4499052734375 0.6491611328125 0.4425888671875 0.6481630859375 0.42862109375 0.6514892578125 0.42330078125 0.6604677734375 0.40866796875 0.66312890625 0.38937890625 0.66545703125 0.3764091796875 0.679423828125 0.3667646484375 0.688736328125 0.3594482421875 0.6957197265625 0.3594482421875 0.69771484375 0.3823955078125 0.6980478515625 0.4093330078125 0.6967177734375 0.4093330078125 0.6837470703125 0.45760546875 0.68308203125 0.4901962890625 0.6847451171875 0.4901962890625 0.703369140625 0.500505859375 0.7043662109375 0.49917578125 0.6558125 0.51613671875 0.6554794921875 0.517798828125 0.7186669921875 0.5217236328125 0.719048828125 0.55172265625 0.722490234375 0.6071396484375 0.7197373046875 0.6491650390625 0.7259326171875 0.711466796875 0.730751953125 0.8003271484375 0.7359150390625 0.879150390625 0.736603515625 0.926306640625 0.7379794921875 0.9607275390625 0.73866796875 0.95694140625 0.6932333984375 0.846060546875 0.692544921875 0.7487314453125 0.6866767578125 0.6508935546875 0.683505859375 0.5969921875 0.683505859375 0.5260615234375 0.679091796875 0.5260615234375 0.6701123046875
8 1 0.52171484375 0.9945087890625 0.52204296875 0.98728515625 0.50891015625 0.9889267578125 0.492822265625 0.9826884765625 0.4849423828125 0.971525390625 0.4796884765625 0.97480859375 0.4675400390625 0.9577353515625 0.456376953125 0.9439462890625 0.443900390625 0.9354091796875 0.455392578125 0.9281865234375 0.467869140625 0.9285146484375 0.48362890625 0.930484375 0.5010302734375 0.934095703125 0.5151484375 0.9262158203125 0.5161328125 0.9130830078125 0.5115361328125 0.9065166015625 0.524998046875 0.9042177734375 0.5391162109375 0.908158203125 0.544369140625 0.8973232421875 0.5456826171875 0.88025 0.54666796875 0.864490234375 0.5450263671875 0.8654755859375 0.549623046875 0.883861328125 0.5653828125 0.91111328125 0.5739189453125 0.9137392578125 0.5837685546875 0.91209765625 0.600513671875 0.9232607421875 0.60937890625 0.927201171875 0.619556640625 0.9199775390625 0.6241533203125 0.9163662109375 0.6277646484375 0.8999501953125 0.6274365234375 0.8818916015625 0.6182431640625 0.878166015625 0.6225712890625 0.89859375 0.6371630859375 0.922669921875 0.6451884765625 0.9409091796875 0.647376953125 0.951556640625 0.653900390625 0.954845703125 0.6711669921875 0.95957421875 0.72194140625 0.963068359375 0.764904296875 0.9458017578125 0.7651103515625 0.9342900390625 0.7653154296875 0.926478515625 0.76469921875 0.9268896484375 0.7751826171875 0.94919921875 0.776826171875 0.997134765625 0.780109375 1 0.7784677734375 0.9981201171875 0.770587890625 0.9941806640625 0.7666484375 0.9728388671875 0.7646787109375 0.9698837890625 0.7213388671875 0.9626611328125 0.6658515625 0.9577353515625 0.62218359375 0.958392578125 0.619884765625 0.9764501953125 0.6139755859375 0.9797333984375 0.600841796875 0.9856435546875 0.588365234375 1 0.588365234375 1 0.52171484375
5 0 0.74144921875 0.1030458984375 0.742951171875 0.159826171875 0.743251953125 0.1778173828125 0.7328134765625 0.2537890625 0.7304208984375 0.4410029296875 0.7361015625 0.474490234375 0.739091796875 0.4855517578125 0.7068017578125 0.487046875 0.6858720703125 0.4102080078125 0.686470703125 0.4096103515625 0.697533203125 0.3578857421875 0.69902734375 0.3590361328125 0.6948671875 0.3892822265625 0.663318359375 0.421353515625 0.660189453125 0.4265673828125 0.6523671875 0.4411689453125 0.646630859375 0.4500341796875 0.6479345703125 0.453423828125 0.65966796875 0.4542060546875 0.6690546875 0.4557705078125 0.6745302734375 0.468546875 0.67218359375 0.476369140625 0.6750517578125 0.479498046875 0.6672294921875 0.4729794921875 0.662275390625 0.47271875 0.6505419921875 0.4789765625 0.6427197265625 0.486798828125 0.6406337890625 0.502703125 0.63672265625 0.5032939453125 0.633810546875 0.441634765625 0.6325439453125 0.4410048828125 0.6004443359375 0.128396484375 0.5815625 0 0.5730654296875 0 0.74144921875
6 1 0.78108984375 0.9302216796875 0.77580078125 0.84375390625 0.7749189453125 0.7044619140625 0.77580078125 0.6858779296875 0.7634580078125 0.6479697265625 0.76433984375 0.541296875 0.7634580078125 0.4734150390625 0.7555244140625 0.4571181640625 0.74044140625 0.3394443359375 0.7368203125 0.260755859375 0.7313251953125 0.1813203125 0.737369140625 0.150236328125 0.7460029296875 0.0535322265625 0.7460029296875 0 0.735572265625 0 1 1 1 1 0.78108984375