9 0.314951171875 0.4850009765625 0.321158203125 0.441162109375 0.3163291015625 0.4373466796875 0.3086494140625 0.4359111328125 0.30134765625 0.437359375 0.296404296875 0.440228515625 0.291796875 0.44621875 0.286560546875 0.4890732421875 0.314951171875 0.4850009765625
9 0.4412548828125 0.4500927734375 0.447671875 0.3968330078125 0.4443212890625 0.392673828125 0.4372998046875 0.392345703125 0.433970703125 0.3929951171875 0.4305986328125 0.39496484375 0.424884765625 0.3988994140625 0.4223076171875 0.4035654296875 0.4161015625 0.455322265625 0.4412548828125 0.4500927734375
9 0.4836787109375 0.4418427734375 0.487630859375 0.390865234375 0.4830263671875 0.3831337890625 0.474244140625 0.3829951171875 0.46761328125 0.3864306640625 0.463197265625 0.392427734375 0.4604501953125 0.3978798828125 0.4556591796875 0.4471767578125 0.4836787109375 0.4418427734375
9 0.77224609375 0.3879814453125 0.772291015625 0.345994140625 0.7677216796875 0.3423779296875 0.7574267578125 0.3427578125 0.7502080078125 0.346115234375 0.7447978515625 0.35055078125 0.74289453125 0.3551728515625 0.7425595703125 0.394650390625 0.77224609375 0.3879814453125
9 0.631001953125 0.3914560546875 0.632376953125 0.3971865234375 0.637525390625 0.401498046875 0.6459794921875 0.4006875 0.6505009765625 0.394880859375 0.6498408203125 0.38848046875 0.6452119140625 0.384107421875 0.63975390625 0.3829931640625 0.6339951171875 0.385869140625 0.631001953125 0.3914560546875
9 0.789134765625 0.604982421875 0.785376953125 0.4840029296875 0.7232314453125 0.493814453125 0.722830078125 0.495587890625 0.7219638671875 0.61243359375 0.789134765625 0.604982421875
9 0.6475478515625 0.60083984375 0.6469189453125 0.5338271484375 0.62181640625 0.5391708984375 0.6197080078125 0.6027294921875 0.6475478515625 0.60083984375
9 0.7988837890625 0.8440361328125 0.79432421875 0.713517578125 0.72177734375 0.7154462890625 0.718755859375 0.8444443359375 0.7988837890625 0.8440361328125
9 0.29348828125 0.6625693359375 0.30510546875 0.566892578125 0.2640205078125 0.570205078125 0.2467646484375 0.6675615234375 0.29348828125 0.6625693359375
9 0.45291015625 0.713828125 0.4660625 0.5793154296875 0.403078125 0.586677734375 0.3895947265625 0.7171337890625 0.45291015625 0.713828125
9 0.2875390625 0.85921875 0.2982255859375 0.7557919921875 0.229376953125 0.7561591796875 0.21544921875 0.854935546875 0.2875390625 0.85921875
2 1 0.8486064453125 0.997162109375 0.44846875 0.95519140625 0.3880830078125 0.9255966796875 0.3451171875 0.920466796875 0.313302734375 0.90472265625 0.299318359375 0.8409677734375 0.3103076171875 0.813900390625 0.2686630859375 0.6145078125 0.320119140625 0.5446474609375 0.178193359375 0.5378232421875 0.1682373046875 0.5247314453125 0.1695458984375 0.432859375 0.2807119140625 0.4051630859375 0.30468359375 0.333357421875 0.333689453125 0.3331142578125 0.34276953125 0.36467578125 0.3667724609375 0.3677548828125 0.377228515625 0.3224345703125 0.3964501953125 0.3162763671875 0.40912109375 0.2837939453125 0.437529296875 0.230509765625 0.49644140625 0.16634765625 0.51453125 0.1656728515625 0.5186513671875 0.1943544921875 0.5305302734375 0.210267578125 0.5418740234375 0.2078984375 0.5624951171875 0.17878515625 0.7102587890625 0.1685302734375 0.717400390625 0.1751767578125 0.73188671875 0.15066015625 0.8572236328125 1 0.8486064453125
8 1 0 0.9713232421875 0.0019921875 0.954306640625 0.0215322265625 0.939140625 0.0851494140625 0.9344501953125 0.1264091796875 0.9434208984375 0.1442529296875 0.95908984375 0.1741767578125 0.946916015625 0.2032265625 0.9387958984375 0.2618974609375 0.924494140625 0.301935546875 0.91569140625 0.3299208984375 0.919423828125 0.3582548828125 0.9283984375 0.3803349609375 0.9257080078125 0.4232177734375 0.9250849609375 0.439638671875 0.8875380859375 0.4663603515625 0.8550908203125 0.50128515625 0.8061201171875 0.5330302734375 0.796689453125 0.55474609375 0.792552734375 0.581416015625 0.800337890625 0.60047265625 0.8224384765625 0.6136171875 0.836689453125 0.6315634765625 0.83667578125 0.64233203125 0.8118369140625 0.6513125 0.8020439453125 0.667798828125 0.7976328125 0.6876181640625 0.803693359375 0.71390625 0.787462890625 0.7264931640625 0.7797607421875 0.7409765625 0.7742529296875 0.7573603515625 0.77137109375 0.7821064453125 0.7752939453125 0.80760546875 0.7509765625 0.7911611328125 0.73117578125 0.779541015625 0.708349609375 0.771025390625 0.66675 0.7763759765625 0.630728515625 0.76611328125 0.65625 0.7356171875 0.6783701171875 0.693939453125 0.6740849609375 0.67158203125 0.6504306640625 0.66255078125 0.635501953125 0.645794921875 0.615845703125 0.6520283203125 0.593400390625 0.638423828125 0.58033984375 0.628439453125 0.5646943359375 0.628779296875 0.5381640625 0.6328876953125 0.5192607421875 0.6166201171875 0.495048828125 0.625943359375 0.473212890625 0.632576171875 0.45951953125 0.6528046875 0.4491826171875 0.6790517578125 0.423814453125 0.6877431640625 0.379048828125 0.6850517578125 0.366857421875 0.68646484375 0.3459140625 0.6721865234375 0.299837890625 0.66869140625 0.2783740234375 0.672390625 0.2395771484375 0.6925263671875 0.19266015625 0.7241650390625 0.1738701171875 0.73525 0.159732421875 0.75155078125 0.15046484375 0.75811328125 0.132806640625 0.754548828125 0.1209638671875 0.753373046875 0.1076142578125 0.7639052734375 0.0966455078125 0.7668701171875 0.0817998046875 0.7845703125 0.088111328125 0.8034736328125 0.077142578125 0.80941796875 0.0779423828125 0.82557421875 0.086517578125 0.831486328125 0.0886328125 0.8419443359375 0.0062373046875 0.8517236328125 0 0.8573994140625 0 0.9994091796875 1 1 1 0