2 0 1 0.880833984375 0.999833984375 0.8734052734375 0.9268515625 0.88355078125 0.925171875 0.8903828125 0.9219814453125 0.8902373046875 0.91673046875 0.896349609375 0.91373828125 0.896625 0.907783203125 0.893943359375 0.89325 0.8883037109375 0.8844365234375 0.881916015625 0.8742490234375 0.87591015625 0.857775390625 0.8690009765625 0.8540576171875 0.8527265625 0.8499765625 0.83322265625 0.7657900390625 0.8346796875 0.7587353515625 0.84111328125 0.7560849609375 0.848205078125 0.752265625 0.8487333984375 0.7464736328125 0.8530263671875 0.742998046875 0.8543349609375 0.7363525390625 0.8547041015625 0.732865234375 0.8469140625 0.71527734375 0.837646484375 0.6962216796875 0.8106923828125 0.6783154296875 0.8004697265625 0.6712685546875 0.7922109375 0.657400390625 0.777900390625 0.5972119140625 0.7813076171875 0.587640625 0.8026630859375 0.575111328125 0.805560546875 0.5676015625 0.8111416015625 0.55893359375 0.7416259765625 0.4557822265625 0.75463671875 0.441189453125 0.7441171875 0.422431640625 0.720779296875 0.4173544921875 0.7013388671875 0.3870986328125 0.712703125 0.3731337890625 0.700583984375 0.3518740234375 0.672205078125 0.3436357421875 0.6513095703125 0.309373046875 0.6528388671875 0.304703125 0.6533740234375 0.3019365234375 0.650373046875 0.299740234375 0.6572685546875 0.28749609375 0.6396259765625 0.259279296875 0.613048828125 0.25341015625 0.603798828125 0.23901953125 0.5971953125 0.2273125 0.5936689453125 0.2198291015625 0.596185546875 0.2142587890625 0.5955908203125 0.21085546875 0.5903671875 0.20699609375 0.586216796875 0.19616796875 0.5840185546875 0.1969794921875 0.5823828125 0.2083212890625 0.5285244140625 0.12851171875 0.1590927734375 0.311044921875 0.16531640625 0.32025390625 0.170427734375 0.325599609375 0.1152119140625 0.46525390625 0.0364736328125 0.494056640625 0.0342060546875 0.498419921875 0.044373046875 0.5053984375 0.0473232421875 0.514615234375 0.0553720703125 0.5163876953125 0.073908203125 0.52518359375 0.0884345703125 0.546802734375 0.059947265625 0.799861328125 0 0.8163994140625 0 1
9 0.4622197265625 0.7194677734375 0.448900390625 0.594103515625 0.2332373046875 0.648126953125 0.2272705078125 0.763126953125 0.4622197265625 0.7194677734375
9 0.236234375 0.4202724609375 0.23646484375 0.3770458984375 0.201373046875 0.392576171875 0.1990849609375 0.4345927734375 0.236234375 0.4202724609375
9 0.43704296875 0.3406572265625 0.4330185546875 0.291787109375 0.3868310546875 0.3117275390625 0.3868740234375 0.3600400390625 0.43704296875 0.3406572265625
9 0.4493212890625 0.2335458984375 0.4482041015625 0.205708984375 0.4285625 0.21403125 0.4296728515625 0.24148828125 0.4493212890625 0.2335458984375
9 0.40503515625 0.24966015625 0.40558984375 0.2259873046875 0.3960517578125 0.231259765625 0.3963134765625 0.2526220703125 0.40503515625 0.24966015625
9 0.2625634765625 0.319224609375 0.2627353515625 0.2959375 0.2528642578125 0.3004423828125 0.251787109375 0.3222236328125 0.2625634765625 0.319224609375
9 0.22719140625 0.607787109375 0.2322412109375 0.512046875 0.1795107421875 0.5288701171875 0.17303125 0.6230673828125 0.22719140625 0.607787109375
9 0.4478994140625 0.5110869140625 0.4435625 0.441947265625 0.38286328125 0.4606171875 0.3860986328125 0.5285458984375 0.4478994140625 0.5110869140625
9 0.5471025390625 0.7457109375 0.5309912109375 0.6105673828125 0.483095703125 0.5806005859375 0.4938203125 0.7207216796875 0.5471025390625 0.7457109375
9 0.3453515625 0.9936767578125 0.34608203125 0.9112978515625 0.34394921875 0.8975859375 0.3296572265625 0.8767734375 0.3095576171875 0.86876953125 0.289982421875 0.8675048828125 0.268830078125 0.87097265625 0.24208203125 0.886197265625 0.2322734375 0.8989208984375 0.2235185546875 0.9200361328125 0.21886328125 0.9983505859375 0.3453515625 0.9936767578125
9 0.1537919921875 0.999890625 0.1571279296875 0.9327255859375 0.1568427734375 0.91410546875 0.1447314453125 0.891525390625 0.130318359375 0.886845703125 0.10954296875 0.8874619140625 0.087630859375 0.89774609375 0.0728837890625 0.9110439453125 0.0630634765625 0.930689453125 0.05269921875 0.9983427734375 0.1537919921875 0.999890625
9 0.205638671875 0.7688779296875 0.2078759765625 0.700880859375 0.1679326171875 0.7088037109375 0.166220703125 0.709560546875 0.161814453125 0.7781044921875 0.205638671875 0.7688779296875
9 0.5685517578125 1 0.55931640625 0.9242919921875 0.5173349609375 0.9206650390625 0.52068359375 1 0.5685517578125 1
9 0.7123359375 0.7930830078125 0.6873232421875 0.66926171875 0.6642607421875 0.651705078125 0.6866220703125 0.7839384765625 0.7123359375 0.7930830078125
9 0.669505859375 0.5656015625 0.6523623046875 0.4727353515625 0.631158203125 0.4499169921875 0.6478369140625 0.5489658203125 0.669505859375 0.5656015625
9 0.7304599609375 0.6255673828125 0.715447265625 0.542171875 0.697990234375 0.52448828125 0.7141630859375 0.61401953125 0.7304599609375 0.6255673828125
9 0.7766171875 0.6724248046875 0.75943359375 0.593849609375 0.7474814453125 0.584787109375 0.765625 0.6644345703125 0.7766171875 0.6724248046875
9 0.7712509765625 0.8266923828125 0.7489951171875 0.7141845703125 0.7318037109375 0.7025859375 0.7526318359375 0.8212880859375 0.7712509765625 0.8266923828125
9 0.81873828125 0.8533955078125 0.7952021484375 0.75125390625 0.78111328125 0.7400966796875 0.8049912109375 0.8482763671875 0.81873828125 0.8533955078125
0 0.241548828125 0.5835146484375 0.4441669921875 0.524681640625 0.4433740234375 0.5158408203125 0.447458984375 0.5120791015625 0.444560546875 0.4726240234375 0.4387451171875 0.4634814453125 0.2993740234375 0.5104130859375 0.237546875 0.5293564453125 0.242607421875 0.53481640625 0.241548828125 0.5835146484375
0 0.4765771484375 0.5127060546875 0.481083984375 0.515095703125 0.5272900390625 0.55258984375 0.523654296875 0.52167578125 0.5243330078125 0.514111328125 0.5247236328125 0.5105224609375 0.522509765625 0.5073388671875 0.5172861328125 0.50646484375 0.4753779296875 0.4703916015625 0.4728671875 0.474095703125 0.4765771484375 0.5127060546875
0 0.4662138671875 0.7191337890625 0.464138671875 0.7008837890625 0.2144267578125 0.7493974609375 0.2170888671875 0.765802734375 0.4662138671875 0.7191337890625
0 0.566640625 0.752412109375 0.56527734375 0.7387109375 0.490486328125 0.7029248046875 0.4919892578125 0.719697265625 0.566640625 0.752412109375
0 0.8420537109375 0.8676162109375 0.840302734375 0.879583984375 0.8409072265625 0.88350390625 0.8440986328125 0.8967705078125 0.84933203125 0.90934375 0.8576748046875 0.9126015625 0.876109375 0.91431640625 0.890087890625 0.91446875 0.8941220703125 0.9132548828125 0.89518359375 0.907046875 0.893494140625 0.8976142578125 0.884166015625 0.8817841796875 0.8780654296875 0.8728349609375 0.8776572265625 0.86672265625 0.873091796875 0.8572119140625 0.8590849609375 0.854587890625 0.8338603515625 0.8560380859375 0.839580078125 0.8603203125 0.8420537109375 0.8676162109375
0 0.8172919921875 0.7386806640625 0.83167578125 0.7386806640625 0.846404296875 0.743306640625 0.851404296875 0.7433740234375 0.8529189453125 0.73726171875 0.85099609375 0.7291806640625 0.84301171875 0.7121083984375 0.835744140625 0.695306640625 0.82927734375 0.6901767578125 0.815107421875 0.686884765625 0.7950595703125 0.6857763671875 0.8074853515625 0.74045703125 0.8172919921875 0.7386806640625
2 1 0.9106787109375 0.9207939453125 0.64722265625 0.920748046875 0.63973828125 0.873416015625 0.5538837890625 0.8096220703125 0.564720703125 0.805404296875 0.5697900390625 0.8040537109375 0.5754150390625 0.7892685546875 0.58428125 0.782294921875 0.5881357421875 0.779251953125 0.596953125 0.793236328125 0.6553388671875 0.8009033203125 0.6699130859375 0.8386865234375 0.6961083984375 0.855642578125 0.7320576171875 0.8542255859375 0.7436865234375 0.849669921875 0.7471953125 0.8489296875 0.7529794921875 0.8355869140625 0.759482421875 0.8341953125 0.7658525390625 0.8535419921875 0.8483056640625 0.8709873046875 0.8535947265625 0.8770146484375 0.8575087890625 0.8827958984375 0.873498046875 0.894919921875 0.892701171875 0.8978056640625 0.908396484375 0.89740234375 0.91450390625 0.8911513671875 0.91792578125 0.8912197265625 0.9216005859375 0.8837080078125 0.926470703125 0.8745234375 0.928326171875 0.88174609375 1 1 1 1 0.9106787109375
2 0 0.816634765625 0.0587607421875 0.7997001953125 0.074044921875 0.6634921875 0.001396484375 0.68014453125 0 0.6800625 0 0.816634765625
9 0.000044921875 0.7276591796875 0.0380810546875 0.7204814453125 0.040685546875 0.689619140625 0.0005830078125 0.697908203125 0.000044921875 0.7276591796875
9 0.029935546875 0.7718271484375 0.0341552734375 0.737861328125 0.000296875 0.743466796875 0.000326171875 0.776306640625 0.029935546875 0.7718271484375
9 0.025267578125 0.8090419921875 0.0277998046875 0.7886826171875 0.000296875 0.7927734375 0.000388671875 0.8160029296875 0.025267578125 0.8090419921875
7 0.8885361328125 0 0.87887890625 0.0840732421875 0.89140234375 0.187326171875 1 0.5480126953125 1 0.3575068359375 0.97171484375 0.25295703125 0.94066015625 0.153890625 0.926744140625 0.0714990234375 0.9335712890625 0 0.8885361328125 0
8 0.8812919921875 0 0.876900390625 0.0201259765625 0.8432646484375 0.0401953125 0.8261650390625 0.0582314453125 0.8220771484375 0.08434375 0.831826171875 0.1033232421875 0.8272490234375 0.126548828125 0.8337353515625 0.1464716796875 0.85608984375 0.1480947265625 0.84084375 0.1663447265625 0.8421240234375 0.1896484375 0.83762109375 0.213435546875 0.8443310546875 0.2285859375 0.89596484375 0.23488671875 0.9496201171875 0.2704658203125 0.9696669921875 0.3123623046875 1 0.3647822265625 1 0 0.8812919921875 0
8 1 0.7083115234375 0.9942001953125 0.7025205078125 0.97790234375 0.696576171875 0.9658564453125 0.6903974609375 0.954599609375 0.67944140625 0.9462939453125 0.67702734375 0.93661328125 0.6793837890625 0.9334912109375 0.6862578125 0.93796484375 0.7010048828125 1 0.905248046875 1 0.7083115234375
8 0.9482353515625 0.4373798828125 0.940669921875 0.4361943359375 0.940623046875 0.4460029296875 0.945708984375 0.4589296875 0.947373046875 0.4708193359375 0.93953515625 0.4640712890625 0.9364130859375 0.465609375 0.93705859375 0.480525390625 0.9467724609375 0.49230078125 0.9597939453125 0.50115234375 0.956701171875 0.5131533203125 0.965947265625 0.5166015625 0.972548828125 0.52476171875 0.9811171875 0.5434921875 0.983666015625 0.550734375 0.9694189453125 0.549787109375 0.96676171875 0.5530185546875 0.968455078125 0.5584169921875 0.9848193359375 0.567162109375 0.9968857421875 0.5693984375 1 0.5679111328125 0.9967216796875 0.5280751953125 0.9687197265625 0.447779296875 0.959318359375 0.4398876953125 0.9482353515625 0.4373798828125
8 0.337939453125 0.9993076171875 0.6257392578125 0.9997275390625 0.6271923828125 0.9697548828125 0.6206259765625 0.9376240234375 0.6193896484375 0.9111630859375 0.6417529296875 0.89518359375 0.6585166015625 0.880126953125 0.664390625 0.874611328125 0.6788779296875 0.8655029296875 0.6823544921875 0.8484765625 0.671642578125 0.8385458984375 0.6476728515625 0.83314453125 0.623814453125 0.8339580078125 0.612759765625 0.823833984375 0.61766015625 0.8107861328125 0.613609375 0.804783203125 0.595623046875 0.799111328125 0.5731728515625 0.7964619140625 0.57576953125 0.7810888671875 0.5676953125 0.7746357421875 0.54648046875 0.7677041015625 0.5305927734375 0.7629248046875 0.517455078125 0.7656064453125 0.5028876953125 0.7735537109375 0.469330078125 0.77609375 0.445494140625 0.78232421875 0.424388671875 0.7836611328125 0.413349609375 0.7749072265625 0.3944677734375 0.777439453125 0.3870703125 0.7897744140625 0.3722685546875 0.795705078125 0.3661396484375 0.802826171875 0.37907421875 0.8174462890625 0.3816142578125 0.826314453125 0.3656083984375 0.8267998046875 0.360654296875 0.8339375 0.362955078125 0.8472734375 0.3544599609375 0.87525 0.3522685546875 0.88760546875 0.3301103515625 0.8802529296875 0.3127431640625 0.865802734375 0.30440625 0.8499599609375 0.29596875 0.8359755859375 0.2800078125 0.8316572265625 0.267984375 0.8189208984375 0.2573583984375 0.8228427734375 0.257646484375 0.8371337890625 0.270115234375 0.85273828125 0.291654296875 0.859119140625 0.3062861328125 0.8854462890625 0.322919921875 0.8947880859375 0.355072265625 0.9018076171875 0.361861328125 0.9114814453125 0.357705078125 0.9308818359375 0.36463671875 0.946814453125 0.3652275390625 0.9692119140625 0.355072265625 0.972521484375 0.3391962890625 0.9818916015625 0.338078125 0.991419921875 0.337939453125 0.9993076171875
8 0.9367333984375 0.9994609375 0.93215625 0.99084375 0.9145185546875 0.98135546875 0.9113818359375 0.966994140625 0.90631640625 0.9605009765625 0.8843125 0.947064453125 0.8816650390625 0.9319619140625 0.8641396484375 0.923671875 0.850376953125 0.91769140625 0.842591796875 0.9114560546875 0.827876953125 0.908626953125 0.800466796875 0.90690234375 0.7755751953125 0.906451171875 0.76874609375 0.900212890625 0.7522529296875 0.8896884765625 0.7400302734375 0.887515625 0.73122265625 0.8920361328125 0.72457421875 0.8998828125 0.71507421875 0.9101376953125 0.7082294921875 0.9212939453125 0.70219921875 0.941353515625 0.7002294921875 0.9637607421875 0.696896484375 0.9770517578125 0.7001455078125 0.9903916015625 0.702970703125 0.9991123046875 0.9367333984375 0.9994609375
8 0.8261806640625 0.676599609375 0.821470703125 0.6762060546875 0.813134765625 0.6802509765625 0.8018369140625 0.6788466796875 0.7969384765625 0.6799111328125 0.7954375 0.68641015625 0.797392578125 0.70230859375 0.7998876953125 0.7155078125 0.803982421875 0.7240634765625 0.811958984375 0.72403125 0.827921875 0.72403125 0.8405703125 0.7272158203125 0.8461796875 0.728181640625 0.848345703125 0.7157197265625 0.8550419921875 0.706439453125 0.8555888671875 0.6978876953125 0.8516669921875 0.6945732421875 0.845001953125 0.6951181640625 0.84223828125 0.68650390625 0.838216796875 0.6817392578125 0.8396064453125 0.6749833984375 0.83866015625 0.671212890625 0.8337314453125 0.6679287109375 0.8293154296875 0.6706337890625 0.8261806640625 0.676599609375
8 0.0005556640625 0.9994716796875 0.0734970703125 1 0.098787109375 0.998388671875 0.125939453125 0.9966220703125 0.1422373046875 0.9929716796875 0.14474609375 0.9880439453125 0.140205078125 0.9818271484375 0.128037109375 0.9783798828125 0.1560859375 0.9532431640625 0.170466796875 0.9510087890625 0.189197265625 0.951732421875 0.2042841796875 0.9522822265625 0.215201171875 0.9479560546875 0.214484375 0.9367470703125 0.1981953125 0.9331044921875 0.204720703125 0.9285205078125 0.22093359375 0.925484375 0.2384931640625 0.9264873046875 0.2460078125 0.9224677734375 0.245291015625 0.9138154296875 0.24160546875 0.9067763671875 0.221041015625 0.906201171875 0.18777734375 0.918791015625 0.1563408203125 0.9334443359375 0.12384765625 0.957818359375 0.0912685546875 0.983576171875 0.070630859375 0.9787939453125 0.0584384765625 0.9749580078125 0.04946875 0.9668251953125 0.04638671875 0.9567470703125 0.035416015625 0.9542294921875 0.02906640625 0.959400390625 0.0246689453125 0.9729912109375 0.015404296875 0.9799765625 0.0098486328125 0.9841806640625 0.002900390625 0.992328125 0.0005556640625 0.9994716796875