2 1 0.81809765625 0.988291015625 0.767697265625 0.9700302734375 0.5587900390625 0.955421875 0.308978515625 0.9663779296875 0.3140908203125 0.997056640625 0.300212890625 0.8004814453125 0.2688564453125 0.7990615234375 0.247556640625 0.7985234375 0.2305166015625 0.797103515625 0.177501953125 0.8146171875 0.15998828125 0.683029296875 0.1349013671875 0.665515625 0.14626171875 0.6663701171875 0.155240234375 0.6760908203125 0.16503515625 0.5126376953125 0.1243525390625 0.500529296875 0.10109765625 0.3029091796875 0.059966796875 0.2963740234375 0.066501953125 0.2856103515625 0.066501953125 0.244896484375 0.13352734375 0.22874609375 0.15717578125 0.207068359375 0.13669921875 0.1222802734375 0.12343359375 0.0654658203125 0.13669921875 0.065177734375 0.1491005859375 0 0.1381416015625 0 0.8546201171875 0.3286015625 0.8546201171875 0.6712783203125 0.8568115234375 0.894064453125 0.8590029296875 1 0.8575419921875 1 0.81809765625
9 0.411275390625 0.0628017578125 0.409640625 0.059259765625 0.3983330078125 0.049859375 0.3897509765625 0.046181640625 0.3777626953125 0.043865234375 0.3684990234375 0.0442744140625 0.3595078125 0.04781640625 0.355693359375 0.05094921875 0.411275390625 0.0628017578125
9 0.3288583984375 0.141775390625 0.3285498046875 0.1023251953125 0.291873046875 0.09646875 0.2910341796875 0.135123046875 0.3288583984375 0.141775390625
9 0.40773828125 0.156197265625 0.4086845703125 0.11866015625 0.367076171875 0.1100302734375 0.3657783203125 0.1478486328125 0.40773828125 0.156197265625
9 0.4794931640625 0.1696669921875 0.480283203125 0.1301484375 0.4455068359375 0.1240888671875 0.4439267578125 0.1628173828125 0.4794931640625 0.1696669921875
9 0.57366015625 0.2024091796875 0.5916962890625 0.2049140625 0.5916962890625 0.167337890625 0.572908203125 0.165083984375 0.57366015625 0.2024091796875
9 0.6002138671875 0.207669921875 0.618 0.2101748046875 0.6174990234375 0.17184765625 0.599962890625 0.1693427734375 0.6002138671875 0.207669921875
9 0.626767578125 0.2126796875 0.6445537109375 0.21443359375 0.6448037109375 0.1763564453125 0.627017578125 0.1738515625 0.626767578125 0.2126796875
9 0.7322119140625 0.2195732421875 0.73203125 0.19266796875 0.72968359375 0.1863486328125 0.724447265625 0.1789453125 0.7183076171875 0.173888671875 0.7114462890625 0.171361328125 0.703681640625 0.17190234375 0.698083984375 0.17497265625 0.697181640625 0.178583984375 0.6982646484375 0.1863486328125 0.6946533203125 0.18779296875 0.6955556640625 0.2136142578125 0.7322119140625 0.2195732421875
9 0.780099609375 0.227873046875 0.779275390625 0.1957119140625 0.77583984375 0.189802734375 0.76773046875 0.18196875 0.761271484375 0.1796318359375 0.7541240234375 0.17976953125 0.7490390625 0.1825185546875 0.747251953125 0.1867783203125 0.7480771484375 0.1929638671875 0.7451904296875 0.1952998046875 0.7462900390625 0.221962890625 0.780099609375 0.227873046875
9 0.8425087890625 0.3722421875 0.889349609375 0.379376953125 0.887177734375 0.3210595703125 0.84219921875 0.3151650390625 0.8425087890625 0.3722421875
9 0.7712431640625 0.3620859375 0.7694326171875 0.3285927734375 0.7664912109375 0.3116201171875 0.7529130859375 0.2996259765625 0.736845703125 0.296005859375 0.7271142578125 0.299400390625 0.719193359375 0.305509765625 0.7167041015625 0.315919921875 0.7173828125 0.3564287109375 0.7712431640625 0.3620859375
9 0.64121875 0.3475390625 0.6399912109375 0.278943359375 0.59367578125 0.27192578125 0.59560546875 0.3421005859375 0.64121875 0.3475390625
9 0.5064189453125 0.3324072265625 0.5070341796875 0.2584619140625 0.4626650390625 0.252314453125 0.4609638671875 0.326830078125 0.5064189453125 0.3324072265625
9 0 0.261212890625 0.0127421875 0.2618720703125 0.0188935546875 0.18871484375 0 0.1862978515625 0 0.261212890625
9 0.110037109375 0.2636064453125 0.110037109375 0.246677734375 0.1139072265625 0.2399052734375 0.115599609375 0.1854912109375 0.093591796875 0.190328125 0.090931640625 0.2665078125 0.110037109375 0.2636064453125
9 0.1698876953125 0.2694326171875 0.1731884765625 0.18994921875 0.14017578125 0.1848701171875 0.136875 0.264099609375 0.1698876953125 0.2694326171875
9 0.19180078125 0.254931640625 0.1955458984375 0.257607421875 0.194208984375 0.2760654296875 0.2019658203125 0.27954296875 0.205978515625 0.20731640625 0.194208984375 0.19955859375 0.19180078125 0.254931640625
9 0 0.41255859375 0.0072001953125 0.4129189453125 0.014400390625 0.321478515625 0 0.31787890625 0 0.41255859375
9 0.0989833984375 0.4153896484375 0.099712890625 0.3988515625 0.1045771484375 0.3971494140625 0.1074951171875 0.3329443359375 0.08512109375 0.3351328125 0.081958984375 0.417091796875 0.0989833984375 0.4153896484375
9 0.1298701171875 0.3971494140625 0.1293837890625 0.416119140625 0.1602705078125 0.418064453125 0.1641611328125 0.337564453125 0.132544921875 0.33416015625 0.1298701171875 0.3971494140625
9 0.18328515625 0.4062041015625 0.1860537109375 0.4075888671875 0.1857080078125 0.42472265625 0.19453515625 0.428703125 0.1986884765625 0.3497822265625 0.18674609375 0.344935546875 0.18328515625 0.4062041015625
9 0.10771484375 0.579337890625 0.1124755859375 0.5016767578125 0.107119140625 0.4966181640625 0.099978515625 0.4931962890625 0.0920927734375 0.4926015625 0.0861416015625 0.4939404296875 0.081083984375 0.49795703125 0.0786884765625 0.5022529296875 0.073041015625 0.5773642578125 0.10771484375 0.579337890625
9 0.181279296875 0.58547265625 0.1842265625 0.50828125 0.182384765625 0.5049658203125 0.175015625 0.500359375 0.1691201171875 0.4988857421875 0.161013671875 0.4994384765625 0.155119140625 0.5025703125 0.1516181640625 0.5073603515625 0.14793359375 0.5828935546875 0.181279296875 0.58547265625
9 0.16117578125 0.74274609375 0.1649384765625 0.672296875 0.1546953125 0.6620537109375 0.13441796875 0.65201953125 0.117275390625 0.6507646484375 0.104732421875 0.65285546875 0.0888447265625 0.659544921875 0.07734765625 0.6693701171875 0.072330078125 0.7406552734375 0.16117578125 0.74274609375
9 0.2853359375 0.7465849609375 0.2874833984375 0.6754638671875 0.280146484375 0.6647919921875 0.2708076171875 0.6592333984375 0.2590244140625 0.6578994140625 0.2481298828125 0.6603447265625 0.238791015625 0.6687939453125 0.23212109375 0.6779091796875 0.230787109375 0.7450556640625 0.2853359375 0.7465849609375
9 0.2899384765625 0.5919169921875 0.2928046875 0.510115234375 0.2425390625 0.50629296875 0.239671875 0.5892412109375 0.2899384765625 0.5919169921875
9 0.29527734375 0.442650390625 0.2977509765625 0.3648994140625 0.24986328125 0.3594208984375 0.246505859375 0.43699609375 0.29527734375 0.442650390625
9 0.299771484375 0.3032724609375 0.3030537109375 0.2264697265625 0.2553525390625 0.2190302734375 0.2514140625 0.2973642578125 0.299771484375 0.3032724609375
9 0.4153291015625 0.330248046875 0.41554296875 0.264884765625 0.411470703125 0.2580263671875 0.4013984375 0.247525390625 0.3900400390625 0.2417392578125 0.378896484375 0.238953125 0.36539453125 0.241525390625 0.356822265625 0.247525390625 0.35143359375 0.2519150390625 0.3487216796875 0.380177734375 0.41298828125 0.3874990234375 0.4153291015625 0.330248046875
9 0.3449833984375 0.51728515625 0.413296875 0.522408203125 0.414435546875 0.437396484375 0.3472607421875 0.4309443359375 0.3449833984375 0.51728515625
9 0.3694375 0.6531474609375 0.3733037109375 0.651681640625 0.3810361328125 0.6511484375 0.387302734375 0.6524814453125 0.393435546875 0.6544814453125 0.402634765625 0.6546142578125 0.4043681640625 0.5806201171875 0.351171875 0.5786201171875 0.351171875 0.6526142578125 0.3694375 0.6531474609375
9 0.507123046875 0.75509765625 0.507123046875 0.6889287109375 0.5054912109375 0.6840322265625 0.4985849609375 0.6757451171875 0.492935546875 0.6721044921875 0.485150390625 0.6703466796875 0.475357421875 0.6713505859375 0.4690791015625 0.6747412109375 0.4628017578125 0.680265625 0.4587841796875 0.6855390625 0.4585322265625 0.752962890625 0.507123046875 0.75509765625
9 0.5108759765625 0.6086650390625 0.5105751953125 0.5257470703125 0.4610048828125 0.521390625 0.4608544921875 0.6065615234375 0.5108759765625 0.6086650390625
9 0.5059189453125 0.46551171875 0.506369140625 0.390705078125 0.46355859375 0.38619921875 0.462357421875 0.460705078125 0.5059189453125 0.46551171875
9 0.638296875 0.4789462890625 0.63672265625 0.4078076171875 0.5958408203125 0.4039990234375 0.5971884765625 0.47700390625 0.638296875 0.4789462890625
9 0.6004228515625 0.6190068359375 0.643337890625 0.62111328125 0.6421875 0.5410322265625 0.59908203125 0.5368173828125 0.6004228515625 0.6190068359375
9 0.6453037109375 0.75940625 0.6448623046875 0.696392578125 0.6432421875 0.6928583984375 0.6363232421875 0.68564453125 0.628078125 0.681080078125 0.620716796875 0.67990234375 0.613060546875 0.681375 0.607171875 0.6846142578125 0.602607421875 0.689177734375 0.5986318359375 0.6940361328125 0.6001044921875 0.758228515625 0.6453037109375 0.75940625
9 0.69882421875 0.7012724609375 0.699232421875 0.7252099609375 0.700591796875 0.7634296875 0.7211298828125 0.7638369140625 0.720994140625 0.7454755859375 0.71908984375 0.7049443359375 0.715009765625 0.6971923828125 0.7090244140625 0.69283984375 0.7038564453125 0.6936552734375 0.69950390625 0.7001845703125 0.69882421875 0.7012724609375
9 0.7329775390625 0.6265908203125 0.7325634765625 0.6105849609375 0.7317353515625 0.5737421875 0.728837890625 0.568361328125 0.725802734375 0.5639453125 0.7200068359375 0.562013671875 0.7164189453125 0.562427734375 0.7133837890625 0.5654638671875 0.7114521484375 0.5705693359375 0.7109443359375 0.577021484375 0.712798828125 0.6257685546875 0.7329775390625 0.6265908203125
9 0.7638154296875 0.6267275390625 0.7620771484375 0.5867373046875 0.76167578125 0.5749677734375 0.7590009765625 0.5693505859375 0.754052734375 0.565740234375 0.7492373046875 0.5649375 0.7465625 0.5670771484375 0.7438876953125 0.570822265625 0.7425498046875 0.576974609375 0.7428173828125 0.5811201171875 0.7444228515625 0.62605859375 0.7638154296875 0.6267275390625
9 0.794328125 0.628943359375 0.7930576171875 0.5853388671875 0.791646484375 0.5763076171875 0.7875546875 0.5702392578125 0.78416796875 0.5685458984375 0.780216796875 0.5684052734375 0.776265625 0.5702392578125 0.7741484375 0.5729208984375 0.7733017578125 0.578423828125 0.773443359375 0.5843505859375 0.7754189453125 0.628943359375 0.794328125 0.628943359375
9 0.72666015625 0.48896484375 0.725390625 0.44775390625 0.725 0.4392578125 0.721875 0.43427734375 0.71748046875 0.43037109375 0.71455078125 0.42919921875 0.71083984375 0.42978515625 0.708984375 0.431640625 0.7074453125 0.4342001953125 0.70601171875 0.438298828125 0.7057041015625 0.4417822265625 0.705525390625 0.4482451171875 0.7071455078125 0.489005859375 0.72666015625 0.48896484375
9 0.75712890625 0.49140625 0.755859375 0.4505859375 0.755078125 0.44375 0.75205078125 0.43779296875 0.7486328125 0.43388671875 0.74423828125 0.43251953125 0.74033203125 0.4328125 0.73818359375 0.43466796875 0.7365234375 0.4412109375 0.73623046875 0.4462890625 0.736328125 0.45126953125 0.73828125 0.49130859375 0.75712890625 0.49140625
9 0.7868271484375 0.495095703125 0.786478515625 0.4819560546875 0.78519921875 0.4518408203125 0.7833388671875 0.4449814453125 0.781013671875 0.4402138671875 0.776013671875 0.4371904296875 0.771478515625 0.4367255859375 0.767990234375 0.438818359375 0.7664794921875 0.4432373046875 0.76624609375 0.449283203125 0.766828125 0.4553291015625 0.7682236328125 0.49428125 0.7868271484375 0.495095703125
9 0.907734375 0.7691064453125 0.9045869140625 0.7110224609375 0.900294921875 0.7052998046875 0.894 0.699005859375 0.8879912109375 0.69614453125 0.8792646484375 0.69614453125 0.8739716796875 0.697861328125 0.8693935546875 0.7011513671875 0.8655302734375 0.707302734375 0.869107421875 0.7686767578125 0.907734375 0.7691064453125
9 0.90093359375 0.6368994140625 0.8971015625 0.5638974609375 0.8599296875 0.560640625 0.863953125 0.63555859375 0.90093359375 0.6368994140625
9 0.891736328125 0.5048828125 0.887712890625 0.4364794921875 0.85245703125 0.43322265625 0.8566728515625 0.502966796875 0.891736328125 0.5048828125
3 1 0.82809765625 0.8363017578125 0.8264306640625 0.48776953125 0.8199755859375 0.2468955078125 0.8169638671875 0 0.815109375 0 1 1 1 1 0.82809765625