8 0 0.9100791015625 0.01503515625 0.914140625 0.0680830078125 0.9186259765625 0.1584814453125 0.9219833984375 0.2223525390625 0.9225634765625 0.2568212890625 0.92788671875 0.2872451171875 0.930185546875 0.3827431640625 0.9021181640625 0.3632685546875 0.8970947265625 0.33301171875 0.889134765625 0.3236708984375 0.884130859375 0.2912744140625 0.8786337890625 0.258369140625 0.8822978515625 0.243330078125 0.8796953125 0.22410546875 0.8806552734375 0.2393916015625 0.7424150390625 0.2501357421875 0.731818359375 0.2624248046875 0.7211689453125 0.2848740234375 0.68409765625 0.3172587890625 0.66733984375 0.3389072265625 0.65704296875 0.351298828125 0.6404404296875 0.349693359375 0.6197861328125 0.333015625 0.58881640625 0.32469140625 0.567353515625 0.315107421875 0.5538095703125 0.321048828125 0.540693359375 0.315203125 0.51846875 0.293486328125 0.4974306640625 0.272228515625 0.4837802734375 0.2596513671875 0.4697158203125 0.226166015625 0.4697158203125 0.20588671875 0.4803955078125 0.1784990234375 0.4891484375 0.1600859375 0.50669921875 0.15060546875 0.5223798828125 0.1305166015625 0.534216796875 0.1244326171875 0.5332998046875 0.1060478515625 0.5323564453125 0.0852568359375 0.5376513671875 0.06473828125 0.5452998046875 0.0474658203125 0.5626044921875 0.0361455078125 0.5806787109375 0.0309599609375 0.5986767578125 0.0149248046875 0.615224609375 0.0046982421875 0.62316796875 0.0015234375 0.63552734375 0.0028193359375 0.6541474609375 0.00363671875 0.6944052734375 0 0.7211708984375 0.000419921875 0.7485029296875 0.0073125 0.762072265625 0.00340234375 0.7756435546875 0 0.7993076171875 0 0.9100791015625
2 1 0.2954189453125 0.9857470703125 0.2916640625 0.972876953125 0.2907802734375 0.9645390625 0.28277734375 0.95095703125 0.2578701171875 0.9422158203125 0.2541318359375 0.9288603515625 0.2579296875 0.90242578125 0.248171875 0.896783203125 0.23651171875 0.88501171875 0.2153681640625 0.871322265625 0.2055322265625 0.843599609375 0.2002626953125 0.818544921875 0.1811162109375 0.77078515625 0.15678125 0.7434326171875 0.149943359375 0.7089580078125 0.15337109375 0.5847080078125 0.1980205078125 0.4004697265625 0.269458984375 0.3767822265625 0.27208203125 0.36219921875 0.27208203125 0.34083984375 0.2664814453125 0.3321015625 0.2667509765625 0.3167666015625 0.2873388671875 0.3171025390625 0.29123046875 0.32652734375 0.2970849609375 0.323525390625 0.3103916015625 0.298533203125 0.300236328125 0.272037109375 0.2936142578125 0.2658544921875 0.2965009765625 0.2537783203125 0.3129248046875 0.2564150390625 0.316291015625 0.264091796875 0.3199091796875 0.2616513671875 0.3367998046875 0.2368349609375 0.345140625 0.2283857421875 0.345150390625 0.2221123046875 0.3463330078125 0.15710546875 0.3744423828125 0.1515908203125 0.3709951171875 0.140009765625 0.37130078125 0.136861328125 0.375728515625 0.13898046875 0.379111328125 0.1374365234375 0.3924638671875 0.0455234375 0.425046875 0.008611328125 0.43968359375 0 0.4467490234375 0 0.8735244140625 0.08560546875 0.872115234375 0.0900732421875 0.863185546875 0.097419921875 0.852794921875 0.1028681640625 0.8428251953125 0.1139892578125 0.8397099609375 0.1281123046875 0.837970703125 0.1373125 0.8352734375 0.138166015625 0.8430791015625 0.136111328125 0.8524228515625 0.143486328125 0.85651171875 0.14612890625 0.867189453125 0.146888671875 0.87373828125 0.1535341796875 0.8753505859375 0.1518583984375 0.867103515625 0.1512041015625 0.8546396484375 0.1546142578125 0.847880859375 0.1625654296875 0.8412177734375 0.1722763671875 0.835146484375 0.1849638671875 0.83030078125 0.1986123046875 0.8269541015625 0.2133125 0.82530859375 0.234685546875 0.8232763671875 0.26291796875 0.8251787109375 0.2670712890625 0.836962890625 0.2692578125 0.844318359375 0.2736865234375 0.8513125 0.2754287109375 0.85920703125 0.2739375 0.8680615234375 0.272126953125 0.8744921875 1 0.88258203125 1 0.2954189453125
9 0.0328916015625 0.4983525390625 0.0382685546875 0.4654150390625 0.0277998046875 0.4685419921875 0.0216015625 0.5015126953125 0.0328916015625 0.4983525390625
9 0.04547265625 0.4946015625 0.0579677734375 0.491353515625 0.063751953125 0.4554853515625 0.051298828125 0.4599091796875 0.04547265625 0.4946015625
9 0.095814453125 0.47890625 0.0989443359375 0.440810546875 0.08365234375 0.447005859375 0.078171875 0.485087890625 0.095814453125 0.47890625
9 0.1737568359375 0.4384091796875 0.1770732421875 0.40314453125 0.1436435546875 0.4143369140625 0.138771484375 0.452625 0.1737568359375 0.4384091796875
9 0.2275556640625 0.4237275390625 0.2318544921875 0.381908203125 0.2109833984375 0.38816015625 0.20719921875 0.429021484375 0.2275556640625 0.4237275390625
9 0.30660546875 0.3993916015625 0.312 0.352923828125 0.2695126953125 0.3672265625 0.266109375 0.4125419921875 0.30660546875 0.3993916015625
9 0.2852900390625 0.3276875 0.28638671875 0.3100380859375 0.2730302734375 0.3154775390625 0.27216796875 0.3319462890625 0.2852900390625 0.3276875
9 0.3477099609375 0.3027939453125 0.3467607421875 0.2902216796875 0.33290625 0.2943037109375 0.3343857421875 0.3071533203125 0.3477099609375 0.3027939453125
9 0.3955 0.362533203125 0.3974208984375 0.3190751953125 0.3728583984375 0.3276650390625 0.37055078125 0.3684287109375 0.3955 0.362533203125
9 0.463029296875 0.3387734375 0.462869140625 0.2968193359375 0.438341796875 0.3058740234375 0.436486328125 0.3467958984375 0.463029296875 0.3387734375
9 0.541583984375 0.3130576171875 0.5405859375 0.2686181640625 0.5114775390625 0.277513671875 0.511666015625 0.3225078125 0.541583984375 0.3130576171875
9 0.6239296875 0.2838701171875 0.6218779296875 0.2367890625 0.589435546875 0.2482177734375 0.5900166015625 0.29576953125 0.6239296875 0.2838701171875
9 0.77444140625 0.287599609375 0.7725703125 0.210466796875 0.7316806640625 0.2092021484375 0.7339091796875 0.28609375 0.77444140625 0.287599609375
9 0.881375 0.296509765625 0.879177734375 0.258044921875 0.8595244140625 0.2444189453125 0.86230078125 0.2855859375 0.881375 0.296509765625
9 0.952896484375 0.338416015625 0.95033203125 0.30240234375 0.9323740234375 0.2910068359375 0.933892578125 0.32840625 0.952896484375 0.338416015625
9 1 0.3673896484375 0.999392578125 0.333322265625 0.9893779296875 0.327451171875 0.9905986328125 0.362494140625 1 0.3673896484375
9 0.966662109375 0.4876923828125 0.962451171875 0.4170478515625 0.939443359375 0.40562890625 0.944181640625 0.482271484375 0.966662109375 0.4876923828125
9 0.9015439453125 0.4628447265625 0.8949814453125 0.384529296875 0.865544921875 0.3716494140625 0.8707197265625 0.4517353515625 0.9015439453125 0.4628447265625
9 0.7892548828125 0.4487763671875 0.7833681640625 0.341875 0.7284765625 0.3401337890625 0.730728515625 0.44797265625 0.7892548828125 0.4487763671875
9 0.90558984375 0.6146044921875 0.9001845703125 0.5294609375 0.87846875 0.5223623046875 0.8781328125 0.5221923828125 0.883287109375 0.6112099609375 0.90558984375 0.6146044921875
9 0.7938779296875 0.6271591796875 0.7863740234375 0.5012841796875 0.73523046875 0.4993583984375 0.7413271484375 0.6270927734375 0.7938779296875 0.6271591796875
9 0.6261728515625 0.44909765625 0.62163671875 0.3649931640625 0.5824365234375 0.3757958984375 0.581640625 0.4572568359375 0.6261728515625 0.44909765625
9 0.536955078125 0.4672783203125 0.5387548828125 0.3933876953125 0.5072431640625 0.4004404296875 0.502546875 0.4757783203125 0.536955078125 0.4672783203125
9 0.4553251953125 0.4876806640625 0.4577861328125 0.4108984375 0.42772265625 0.418248046875 0.4255068359375 0.494130859375 0.4553251953125 0.4876806640625
9 0.624740234375 0.608923828125 0.621318359375 0.5163916015625 0.5836494140625 0.5225185546875 0.5853955078125 0.612228515625 0.624740234375 0.608923828125
9 0.5343095703125 0.6202275390625 0.5332275390625 0.531689453125 0.4992666015625 0.538126953125 0.4977841796875 0.625544921875 0.5343095703125 0.6202275390625
9 0.450427734375 0.6303095703125 0.452640625 0.546703125 0.418005859375 0.55176953125 0.4160859375 0.63583984375 0.450427734375 0.6303095703125
9 0.3744794921875 0.641583984375 0.3808037109375 0.5627705078125 0.35490234375 0.5659453125 0.3476201171875 0.645033203125 0.3744794921875 0.641583984375
9 0.3870341796875 0.5018828125 0.3893505859375 0.4322666015625 0.361474609375 0.4374208984375 0.3590361328125 0.5071572265625 0.3870341796875 0.5018828125
9 0.3001240234375 0.5330517578125 0.3059189453125 0.4642880859375 0.2566416015625 0.4754599609375 0.250302734375 0.5421630859375 0.3001240234375 0.5330517578125
9 0.2860400390625 0.6634013671875 0.2921455078125 0.589654296875 0.2427470703125 0.59575390625 0.239294921875 0.668900390625 0.2860400390625 0.6634013671875
9 0.1912880859375 0.5462392578125 0.221552734375 0.552416015625 0.2306513671875 0.4850810546875 0.202095703125 0.4781064453125 0.164994140625 0.4873369140625 0.15844921875 0.5537333984375 0.1912880859375 0.5462392578125
9 0.1380498046875 0.5664228515625 0.1435576171875 0.5127373046875 0.1275087890625 0.5146650390625 0.1209228515625 0.5694462890625 0.1380498046875 0.5664228515625
9 0.077841796875 0.594626953125 0.0866220703125 0.53547265625 0.0672333984375 0.539578125 0.060013671875 0.5949248046875 0.077841796875 0.594626953125
9 0.039287109375 0.6127353515625 0.0506611328125 0.545291015625 0.034501953125 0.5469033203125 0.022734375 0.6113759765625 0.039287109375 0.6127353515625
9 0 0.610013671875 0.0152724609375 0.6108212890625 0.024470703125 0.55160546875 0.009791015625 0.55342578125 0 0.610013671875
9 0.1264609375 0.6865029296875 0.1322568359375 0.6219619140625 0.115310546875 0.622123046875 0.1075478515625 0.686564453125 0.1264609375 0.6865029296875
9 0.182068359375 0.6671259765625 0.2137685546875 0.673302734375 0.2203984375 0.6097890625 0.1964794921875 0.6032373046875 0.147072265625 0.607623046875 0.14107421875 0.6697744140625 0.182068359375 0.6671259765625
9 0.134125 0.7582431640625 0.11407421875 0.7580703125 0.108916015625 0.8039013671875 0.12934375 0.804685546875 0.134125 0.7582431640625
9 0.1854482421875 0.803681640625 0.1900693359375 0.754263671875 0.1717958984375 0.75334765625 0.1658759765625 0.8049599609375 0.1854482421875 0.803681640625
9 0.2428212890625 0.8037900390625 0.2456953125 0.7513798828125 0.2290146484375 0.7507724609375 0.2268154296875 0.8031962890625 0.2428212890625 0.8037900390625
9 0.278376953125 0.8050126953125 0.2831611328125 0.7488837890625 0.2611787109375 0.748421875 0.2570615234375 0.8039833984375 0.278376953125 0.8050126953125
9 0.4394521484375 0.7888203125 0.4441728515625 0.702283203125 0.44198046875 0.697328125 0.4359365234375 0.693763671875 0.4279345703125 0.69319140625 0.4202421875 0.6949453125 0.416359375 0.698025390625 0.413958984375 0.70225 0.408515625 0.789248046875 0.4394521484375 0.7888203125
9 0.3637021484375 0.7895625 0.3671650390625 0.75895703125 0.34007421875 0.7579619140625 0.3377568359375 0.7893857421875 0.3637021484375 0.7895625
9 0.5285751953125 0.78742578125 0.531421875 0.6949736328125 0.52753125 0.6885341796875 0.51631640625 0.6869267578125 0.5071630859375 0.6866240234375 0.49818359375 0.689556640625 0.4940771484375 0.6918994140625 0.4939296875 0.697529296875 0.4916630859375 0.78677734375 0.5285751953125 0.78742578125
9 0.6220908203125 0.784951171875 0.623220703125 0.686541015625 0.6218515625 0.6796884765625 0.6120810546875 0.6746865234375 0.5978935546875 0.6735771484375 0.5891611328125 0.676234375 0.5819951171875 0.6819775390625 0.581564453125 0.6865087890625 0.58261328125 0.7841083984375 0.6220908203125 0.784951171875
9 0.8000439453125 0.78419140625 0.797548828125 0.6808486328125 0.7928369140625 0.67455078125 0.7791044921875 0.6698115234375 0.7655498046875 0.668298828125 0.752556640625 0.6700810546875 0.74396875 0.6724794921875 0.7371142578125 0.67843359375 0.74109765625 0.7832685546875 0.8000439453125 0.78419140625
9 0.915458984375 0.7483740234375 0.9115927734375 0.6892060546875 0.90711328125 0.6830966796875 0.9003232421875 0.6803935546875 0.8934892578125 0.6806298828125 0.8881865234375 0.682966796875 0.8867431640625 0.6858828125 0.8861611328125 0.6898017578125 0.8897041015625 0.7504765625 0.915458984375 0.7483740234375
0 0.6941728515625 0.5834912109375 0.702607421875 0.5850869140625 0.706294921875 0.58965625 0.7049443359375 0.60817578125 0.705517578125 0.6305390625 0.8402421875 0.630166015625 0.84071875 0.5881162109375 0.8483740234375 0.5859091796875 0.8480732421875 0.5806103515625 0.844333984375 0.5809267578125 0.842806640625 0.5832177734375 0.835080078125 0.5815634765625 0.81220703125 0.5796689453125 0.7389462890625 0.57868359375 0.6973974609375 0.581669921875 0.696291015625 0.579109375 0.694064453125 0.5792080078125 0.69398828125 0.58067578125 0.6941728515625 0.5834912109375
0 0.7035791015625 0.4510107421875 0.8318349609375 0.451671875 0.8290322265625 0.4207958984375 0.8327265625 0.4157685546875 0.83750390625 0.4154931640625 0.837837890625 0.411623046875 0.837044921875 0.4101162109375 0.831392578125 0.410125 0.825107421875 0.40906640625 0.7803291015625 0.4063759765625 0.745548828125 0.405212890625 0.711494140625 0.4062841796875 0.701388671875 0.40730078125 0.69444921875 0.408396484375 0.69183984375 0.4063212890625 0.6902900390625 0.4063212890625 0.6902412109375 0.411359375 0.690638671875 0.41401171875 0.702787109375 0.4158818359375 0.7035791015625 0.4510107421875
0 0.73610546875 0.2884541015625 0.806345703125 0.2899208984375 0.82348828125 0.292919921875 0.8280908203125 0.28368359375 0.828662109375 0.2762939453125 0.82196875 0.2673076171875 0.8191123046875 0.25141015625 0.8161083984375 0.2467333984375 0.77115625 0.2459443359375 0.722376953125 0.2460966796875 0.7063837890625 0.2489091796875 0.7022177734375 0.254548828125 0.699248046875 0.2671953125 0.694447265625 0.2882080078125 0.6947880859375 0.29471484375 0.6967763671875 0.2953291015625 0.7051435546875 0.291111328125 0.73610546875 0.2884541015625
7 0.35353125 0.947564453125 0.358001953125 0.88409375 0.3523583984375 0.87539453125 0.359541015625 0.7616181640625 0.368232421875 0.7623916015625 0.3742470703125 0.761986328125 0.380419921875 0.7050146484375 0.3793037109375 0.6983564453125 0.346080078125 0.6940830078125 0.3425205078125 0.6963994140625 0.336212890625 0.753615234375 0.338892578125 0.7579853515625 0.35158203125 0.758462890625 0.3426796875 0.87550390625 0.337478515625 0.884048828125 0.33451953125 0.9484814453125 0.35353125 0.947564453125
7 0.200666015625 0.942927734375 0.2068720703125 0.93897265625 0.2117060546875 0.8858408203125 0.209421875 0.877333984375 0.2053125 0.874671875 0.1977626953125 0.878333984375 0.1929267578125 0.8874619140625 0.1883837890625 0.9421220703125 0.200666015625 0.942927734375
7 0.0698359375 0.8958330078125 0.0829208984375 0.8087001953125 0.084671875 0.8074140625 0.0881240234375 0.7873046875 0.096076171875 0.787587890625 0.1000244140625 0.7860078125 0.10515625 0.7487998046875 0.1034033203125 0.7457646484375 0.075939453125 0.7448720703125 0.0722607421875 0.746220703125 0.0653623046875 0.7834404296875 0.0675859375 0.7865380859375 0.079279296875 0.7876533203125 0.063408203125 0.8955234375 0.0698359375 0.8958330078125
8 0.6805283203125 0.9503046875 0.781787109375 0.952421875 0.8139521484375 0.9519384765625 0.828900390625 0.9438955078125 0.854205078125 0.937078125 0.86780859375 0.92741796875 0.8806376953125 0.9169482421875 0.8794443359375 0.912333984375 0.8588974609375 0.908021484375 0.842009765625 0.8998486328125 0.823515625 0.8986630859375 0.8047998046875 0.894109375 0.7876083984375 0.899662109375 0.7750419921875 0.90324609375 0.76273046875 0.9020703125 0.7484736328125 0.8992783203125 0.7211611328125 0.898658203125 0.7147216796875 0.899578125 0.707171875 0.897447265625 0.681626953125 0.901541015625 0.65321484375 0.9023125 0.6254580078125 0.9116455078125 0.598796875 0.9107255859375 0.60574609375 0.6874638671875 0.6362568359375 0.66874609375 0.6663115234375 0.64387890625 0.6824375 0.6191689453125 0.6906142578125 0.5977265625 0.6894716796875 0.588416015625 0.6753955078125 0.5900166015625 0.6687978515625 0.5962109375 0.6722412109375 0.5755322265625 0.6677802734375 0.562318359375 0.6695498046875 0.545017578125 0.6787255859375 0.5287861328125 0.6739482421875 0.5132373046875 0.66031640625 0.4963896484375 0.6426484375 0.473974609375 0.63544140625 0.4479169921875 0.6295595703125 0.4414921875 0.615005859375 0.440015625 0.59028515625 0.4412978515625 0.569634765625 0.446861328125 0.5481640625 0.460708984375 0.5432900390625 0.472201171875 0.5420595703125 0.485875 0.5409375 0.502783203125 0.530275390625 0.5093173828125 0.51528125 0.5218857421875 0.50661328125 0.537701171875 0.504208984375 0.5617861328125 0.50621875 0.5829443359375 0.50502734375 0.6145400390625 0.50869140625 0.6321328125 0.5184814453125 0.6652890625 0.5351572265625 0.68095703125 0.5609814453125 0.695435546875 0.5859658203125 0.7062724609375 0.584755859375 0.9047060546875 0.5645771484375 0.9003017578125 0.54136328125 0.9013681640625 0.5216396484375 0.90291796875 0.4911982421875 0.9126279296875 0.4601142578125 0.92338671875 0.4466474609375 0.9367451171875 0.542935546875 0.9429736328125 0.6805283203125 0.9503046875
8 1 0.8309267578125 0.9997705078125 0.4798046875 0.99801953125 0.407478515625 0.989599609375 0.405828125 0.986533203125 0.4111630859375 0.992712890625 0.436935546875 0.9872705078125 0.467078125 0.97373828125 0.47283203125 0.9446083984375 0.4623095703125 0.9301669921875 0.4661416015625 0.92462890625 0.4751123046875 0.926443359375 0.4900078125 0.91482421875 0.4871015625 0.90403515625 0.4977548828125 0.9012119140625 0.5084326171875 0.88919921875 0.5156533203125 0.8896494140625 0.531677734375 0.8945859375 0.5496875 0.8884697265625 0.5598583984375 0.890248046875 0.574244140625 0.9050283203125 0.5911416015625 0.9146494140625 0.6112646484375 0.9031220703125 0.6107822265625 0.86878125 0.5925615234375 0.847119140625 0.5850810546875 0.8394033203125 0.59087890625 0.8424140625 0.601296875 0.8649169921875 0.6210458984375 0.8647421875 0.6323486328125 0.8736728515625 0.64555078125 0.8905869140625 0.64980078125 0.928296875 0.6658173828125 0.955349609375 0.68101953125 0.9612705078125 0.710021484375 0.96335546875 0.7236767578125 0.963818359375 0.7439638671875 0.8771337890625 0.747212890625 0.854830078125 0.7494658203125 0.8279248046875 0.73786328125 0.811130859375 0.732388671875 0.7899150390625 0.727185546875 0.75326953125 0.7062412109375 0.740080078125 0.70148828125 0.7309541015625 0.7080478515625 0.7224052734375 0.7174853515625 0.720447265625 0.7363603515625 0.7224248046875 0.7561484375 0.725236328125 0.775486328125 0.7256982421875 0.793205078125 0.732580078125 0.82528515625 0.741236328125 0.8374541015625 0.7482021484375 0.8399658203125 0.999052734375 0.8449619140625 1 0.8309267578125
7 0.833556640625 0.8983388671875 0.8206826171875 0.730322265625 0.8682333984375 0.730345703125 0.86774609375 0.71223828125 0.819783203125 0.7088974609375 0.8217001953125 0.7061025390625 0.82581640625 0.6857177734375 0.8298837890625 0.6599287109375 0.829552734375 0.654896484375 0.8260546875 0.6529765625 0.816224609375 0.655166015625 0.8081298828125 0.6548544921875 0.8059541015625 0.6583818359375 0.8035341796875 0.66436328125 0.808306640625 0.675734375 0.808994140625 0.710486328125 0.771955078125 0.7151044921875 0.7712109375 0.73298046875 0.8116484375 0.72993359375 0.8265224609375 0.898666015625 0.833556640625 0.8983388671875
3 0.695169921875 0.8410478515625 0.69651171875 0.876921875 0.9981005859375 0.88180859375 0.9985166015625 0.7538544921875 0.718767578125 0.7610546875 0.721544921875 0.837462890625 0.695169921875 0.8410478515625
6 1 0.88307421875 0.8700654296875 0.8824638671875 0.6229248046875 0.87955859375 0.6256005859375 0.9043505859375 0.65560546875 0.900515625 0.6836650390625 0.8999189453125 0.7080380859375 0.8952890625 0.7154609375 0.8973642578125 0.7445439453125 0.8978564453125 0.7765712890625 0.901302734375 0.80325 0.8928359375 0.8392412109375 0.8976318359375 0.8571533203125 0.9064423828125 0.8755283203125 0.9091728515625 0.8831728515625 0.9143740234375 0.86146484375 0.9370263671875 0.8421884765625 0.9422529296875 0.813802734375 0.9549580078125 0.4448662109375 0.9371494140625 0.457662109375 0.92299609375 0.4915048828125 0.9112880859375 0.5216015625 0.9017626953125 0.5656884765625 0.8986435546875 0.5834169921875 0.9030380859375 0.5824814453125 0.8780869140625 0.3745458984375 0.876666015625 0.27365625 0.875501953125 0.2275732421875 0.8756533203125 0.227279296875 0.8796650390625 0.245544921875 0.8781123046875 0.2567578125 0.8812783203125 0.2914052734375 0.876521484375 0.3243828125 0.882294921875 0.3333251953125 0.8878466796875 0.349548828125 0.8914560546875 0.386474609375 0.902595703125 0.28885546875 0.932623046875 0.2209775390625 0.92344921875 0.190123046875 0.9247001953125 0.01696484375 0.916861328125 0.0006162109375 0.9111337890625 0.0003193359375 1 1 1 1 0.88307421875
6 0.02816015625 0.8857099609375 0.023220703125 0.8903671875 0.0438564453125 0.893240234375 0.049798828125 0.8874619140625 0.06224609375 0.8852724609375 0.0829443359375 0.890322265625 0.1009892578125 0.8882529296875 0.1080400390625 0.8894208984375 0.117033203125 0.886849609375 0.132671875 0.889765625 0.148693359375 0.886455078125 0.174724609375 0.8879365234375 0.18956640625 0.884033203125 0.1979384765625 0.8754169921875 0.0797080078125 0.87425 0.0205830078125 0.87316796875 0.0209228515625 0.874251953125 0.027908203125 0.8799599609375 0.02816015625 0.8857099609375