8 1 1 0.998716796875 0.76173828125 0.971572265625 0.75764453125 0.94801171875 0.75969140625 0.9203544921875 0.7663447265625 0.875283203125 0.7776025390625 0.86452734375 0.7704384765625 0.83840625 0.7689033203125 0.8286748046875 0.7724853515625 0.809724609375 0.788861328125 0.78104296875 0.791931640625 0.7467275390625 0.791931640625 0.7139482421875 0.791419921875 0.6791201171875 0.791931640625 0.6494140625 0.794490234375 0.6238046875 0.802677734375 0.5777470703125 0.801142578125 0.531138671875 0.802166015625 0.4788974609375 0.8062607421875 0.4640439453125 0.8093310546875 0.447654296875 0.801654296875 0.4092822265625 0.8077958984375 0.38213671875 0.8057490234375 0.362673828125 0.803701171875 0.34269921875 0.8062607421875 0.3268212890625 0.8144482421875 0.296642578125 0.8072841796875 0.2674482421875 0.8072841796875 0.2413271484375 0.8149599609375 0.2249375 0.8159833984375 0.19318359375 0.8175185546875 0.1614697265625 0.8236591796875 0.13791015625 0.8180302734375 0.1133251953125 0.8205888671875 0.0933505859375 0.8262177734375 0.0667177734375 0.83287109375 0.057001953125 0.8461083984375 0.0546865234375 0.853048828125 0.0564228515625 0.862365234375 0.06973828125 0.861208984375 0.083052734375 0.862365234375 0.097525390625 0.87393359375 0.10505078125 0.901119140625 0.0998408203125 0.97515625 0.2607646484375 0.9843447265625 0.3852392578125 1 1 1
8 0 0.958376953125 0.0058720703125 0.957380859375 0.0096591796875 0.9543935546875 0.01165234375 0.94921484375 0.01085546875 0.9456298828125 0.007267578125 0.943638671875 0.001884765625 0.940849609375 0.001087890625 0.93427734375 0.00507421875 0.93007421875 0.008861328125 0.9179248046875 0.01205078125 0.9089619140625 0.0158388671875 0.8796640625 0.0184296875 0.873091796875 0.0196259765625 0.856560546875 0.0192275390625 0.8452080078125 0.0164365234375 0.83684375 0.01165234375 0.8320634765625 0.0062705078125 0.8312666015625 0.00303515625 0.8318359375 0 0.8342431640625 0 0.958376953125
8 0.2562119140625 0.576720703125 0.24723828125 0.5830205078125 0.243115234375 0.58859375 0.242873046875 0.6007099609375 0.2479658203125 0.613794921875 0.25596875 0.6222763671875 0.2632451171875 0.627123046875 0.2690654296875 0.6300302734375 0.27003515625 0.63802734375 0.268337890625 0.642146484375 0.268337890625 0.6482041015625 0.271248046875 0.65329296875 0.2804638671875 0.6547470703125 0.2944794921875 0.6527529296875 0.29873828125 0.6470791015625 0.2996845703125 0.642587890625 0.29768359375 0.63826953125 0.293296875 0.63455078125 0.29258984375 0.6300302734375 0.3013212890625 0.620337890625 0.3059287109375 0.614037109375 0.30908203125 0.602890625 0.308111328125 0.591259765625 0.3044736328125 0.58083984375 0.299380859375 0.5759931640625 0.2901650390625 0.5735703125 0.272318359375 0.5730234375 0.2562119140625 0.576720703125
9 0 0.2316611328125 0.0214775390625 0.2185068359375 0.023453125 0.1678583984375 0 0.17662890625 0 0.2316611328125
9 0.1397216796875 0.119595703125 0.1388974609375 0.16709375 0.19550390625 0.139638671875 0.1943173828125 0.093443359375 0.1397216796875 0.119595703125
9 0.290087890625 0.0393056640625 0.29108984375 0.0756865234375 0.326833984375 0.059666015625 0.3246005859375 0.026130859375 0.290087890625 0.0393056640625
9 0.3756982421875 0 0.3781787109375 0.043310546875 0.4479970703125 0.0065947265625 0.44465625 0 0.3756982421875 0
9 0.2977890625 0.20552734375 0.3302734375 0.19401953125 0.328796875 0.16982421875 0.2959931640625 0.183595703125 0.2977890625 0.20552734375
9 0.386080078125 0.2238466796875 0.4595302734375 0.1942451171875 0.451505859375 0.1180830078125 0.382345703125 0.1490966796875 0.386080078125 0.2238466796875
9 0.473751953125 0.398681640625 0.46384765625 0.2902421875 0.3905869140625 0.310759765625 0.3978212890625 0.4176484375 0.473751953125 0.398681640625
9 0.29942578125 0.3837744140625 0.3378037109375 0.37387890625 0.334501953125 0.3231630859375 0.297017578125 0.3356376953125 0.29942578125 0.3837744140625
9 0.3004296875 0.4441748046875 0.339375 0.4331083984375 0.3383037109375 0.4038349609375 0.300244140625 0.4137333984375 0.3004296875 0.4441748046875
9 0.4079404296875 0.639080078125 0.4911982421875 0.628134765625 0.4776142578125 0.4779580078125 0.402138671875 0.4924326171875 0.4079404296875 0.639080078125
9 0.3002529296875 0.5650478515625 0.343197265625 0.5576044921875 0.3405673828125 0.4954326171875 0.299814453125 0.5037509765625 0.3002529296875 0.5650478515625
9 0.1386923828125 0.675888671875 0.1918955078125 0.668705078125 0.19045703125 0.541796875 0.138212890625 0.5528115234375 0.1386923828125 0.675888671875
9 0.079654296875 0.8314091796875 0.147771484375 0.8309609375 0.15001171875 0.71857421875 0.0838388671875 0.7249658203125 0.079654296875 0.8314091796875
9 0.308349609375 0.739177734375 0.3312041015625 0.7378349609375 0.33030859375 0.72171484375 0.30641796875 0.723755859375 0.308349609375 0.739177734375
9 0.246955078125 0.744103515625 0.284150390625 0.7414169921875 0.2837021484375 0.724849609375 0.2479501953125 0.7277880859375 0.246955078125 0.744103515625
9 0.2697197265625 0.848037109375 0.3239443359375 0.8471416015625 0.3217041015625 0.7746044921875 0.2665830078125 0.777291015625 0.2697197265625 0.848037109375
9 0.43333984375 0.8771806640625 0.5189345703125 0.870912109375 0.5068349609375 0.685044921875 0.41837109375 0.695521484375 0.43333984375 0.8771806640625
9 0.740556640625 0.7999267578125 0.875185546875 0.7861396484375 0.8508759765625 0.65360546875 0.7192861328125 0.664166015625 0.740556640625 0.7999267578125
9 0.7047373046875 0.538830078125 0.823130859375 0.5168359375 0.7993330078125 0.3896259765625 0.6819462890625 0.41697265625 0.7047373046875 0.538830078125
9 0.6630361328125 0.31234375 0.782619140625 0.277271484375 0.76417578125 0.1601669921875 0.6451875 0.1970224609375 0.6630361328125 0.31234375
9 0.638111328125 0 0.619072265625 0.0059228515625 0.6333515625 0.1063828125 0.7481748046875 0.060611328125 0.7362763671875 0 0.638111328125 0
9 0 0.3616787109375 0.012158203125 0.35379296875 0.01574609375 0.2813876953125 0 0.2882275390625 0 0.3616787109375
9 0.131287109375 0.4892236328125 0.191693359375 0.4723544921875 0.1924443359375 0.37338671875 0.17293359375 0.3767607421875 0.1631787109375 0.3835087890625 0.1354150390625 0.392130859375 0.131287109375 0.4892236328125
9 0.1491171875 0.240462890625 0.137849609375 0.2487578125 0.1366630859375 0.318974609375 0.19211328125 0.299419921875 0.1927060546875 0.225056640625 0.173728515625 0.227130859375 0.1651416015625 0.236890625 0.1491171875 0.240462890625
0 0.350376953125 0 0.208173828125 0.0724482421875 0.0609140625 0.1480673828125 0.0654111328125 0.20110546875 0.452830078125 0.0159501953125 0.4489111328125 0 0.350376953125 0
0 0.059251953125 0.305796875 0.067650390625 0.3208994140625 0.067650390625 0.343275390625 0.46066796875 0.19789453125 0.4819423828125 0.21747265625 0.479703125 0.1732822265625 0.4925791015625 0.15594140625 0.45394921875 0.131328125 0.251841796875 0.210705078125 0.0594033203125 0.2901220703125 0.059251953125 0.305796875
0 0.0430673828125 0.45630078125 0.047546875 0.46469140625 0.0576240234375 0.465810546875 0.05818359375 0.504408203125 0.237896484375 0.46189453125 0.47471484375 0.4026005859375 0.494310546875 0.4109912109375 0.49375 0.357849609375 0.50046875 0.353375 0.504947265625 0.3399501953125 0.4769541015625 0.31421875 0.4030537109375 0.335474609375 0.2418154296875 0.3886162109375 0.1365634765625 0.421619140625 0.0483203125 0.4467861328125 0.0430673828125 0.45630078125
0 0.031783203125 0.6353603515625 0.0476279296875 0.64195703125 0.0430068359375 0.6894521484375 0.49459375 0.6274443359375 0.518361328125 0.6353603515625 0.512419921875 0.572693359375 0.5262841796875 0.5634580078125 0.5262841796875 0.5555419921875 0.5011962890625 0.54366796875 0.403484375 0.556201171875 0.1935361328125 0.593142578125 0.0314384765625 0.62370703125 0.031783203125 0.6353603515625
2 0.1370869140625 0 0.1359345703125 0.010294921875 0.0814033203125 0.0429501953125 0.03608984375 0.02721875 0 0.0487060546875 0 0.8752265625 1 0.870916015625 1 0 0.1370869140625 0