9 0.262521484375 0.152458984375 0.2612685546875 0.0969052734375 0.2136513671875 0.103796875 0.211353515625 0.1597685546875 0.262521484375 0.152458984375
9 0.3538671875 0.13683984375 0.3525595703125 0.0806220703125 0.303314453125 0.0891201171875 0.3017890625 0.1446845703125 0.3538671875 0.13683984375
9 0.4511845703125 0.1214560546875 0.451037109375 0.0653564453125 0.397515625 0.0731552734375 0.3973974609375 0.1293876953125 0.4511845703125 0.1214560546875
9 0.4575126953125 0.2834990234375 0.4575126953125 0.19975390625 0.400595703125 0.2070048828125 0.3984208984375 0.289298828125 0.4575126953125 0.2834990234375
9 0.6105966796875 0.2626630859375 0.608693359375 0.1800576171875 0.545501953125 0.189193359375 0.5481669921875 0.269515625 0.6105966796875 0.2626630859375
9 0.7882939453125 0.216771484375 0.7809912109375 0.13221484375 0.7237236328125 0.148357421875 0.7294892578125 0.2290703125 0.7882939453125 0.216771484375
9 0.865595703125 0.2171103515625 0.859189453125 0.1409443359375 0.8182587890625 0.131333984375 0.82430859375 0.2131953125 0.865595703125 0.2171103515625
9 0.89783984375 0.4259755859375 0.88393359375 0.32307421875 0.83758203125 0.3138037109375 0.847779296875 0.42273046875 0.89783984375 0.4259755859375
9 0.736892578125 0.321154296875 0.7429111328125 0.4290654296875 0.8095498046875 0.4208974609375 0.800951171875 0.31040625 0.736892578125 0.321154296875
9 0.62055078125 0.4524365234375 0.6159375 0.3492041015625 0.5452890625 0.35439453125 0.54701953125 0.457916015625 0.62055078125 0.4524365234375
9 0.3937412109375 0.3638828125 0.392345703125 0.4665732421875 0.4573642578125 0.463783203125 0.45859765625 0.358322265625 0.3937412109375 0.3638828125
0 0.0011337890625 0.5190712890625 0.25046875 0.50150390625 0.272001953125 0.5117041015625 0.2765361328125 0.462970703125 0.253869140625 0.446537109375 0.0062333984375 0.4646708984375 0.0011337890625 0.5190712890625
0 0.2620419921875 0.3178515625 0.2822392578125 0.333265625 0.2859599609375 0.283302734375 0.2577900390625 0.26523046875 0.0207294921875 0.297654296875 0.0170087890625 0.3449599609375 0.2620419921875 0.3178515625
0 0 0.7139931640625 0.1420341796875 0.7114453125 0.259865234375 0.71208203125 0.26559765625 0.66240234375 0.234388671875 0.6483896484375 0.0019111328125 0.6541220703125 0 0.7139931640625
9 0.223708984375 0.6551181640625 0.2280361328125 0.562951171875 0.1739482421875 0.5655478515625 0.166591796875 0.654685546875 0.223708984375 0.6551181640625
9 0.2407060546875 0.4473857421875 0.2411259765625 0.388154296875 0.186935546875 0.391935546875 0.1848359375 0.4511669921875 0.2407060546875 0.4473857421875
9 0.138091796875 0.45405078125 0.14221875 0.397388671875 0.0945625 0.4000146484375 0.0900595703125 0.456677734375 0.138091796875 0.45405078125
9 0.4575869140625 0.670568359375 0.4572060546875 0.5513134765625 0.393958984375 0.5555048828125 0.393197265625 0.671330078125 0.4575869140625 0.670568359375
9 0.6307509765625 0.66826953125 0.622609375 0.54686328125 0.551818359375 0.5482783203125 0.5557119140625 0.66826953125 0.6307509765625 0.66826953125
9 0.8346162109375 0.6570458984375 0.82121484375 0.514841796875 0.7463896484375 0.5196806640625 0.7579296875 0.6592802734375 0.8346162109375 0.6570458984375
9 0.9282255859375 0.663314453125 0.9140458984375 0.5249794921875 0.86182421875 0.517025390625 0.87600390625 0.6591640625 0.9282255859375 0.663314453125
0 1 0.5614833984375 0.9995537109375 0.4832900390625 0.985421875 0.4663330078125 0.9350205078125 0.465390625 0.9406728515625 0.5346337890625 0.98306640625 0.535576171875 1 0.5614833984375
5 0.000376953125 0.8688779296875 0.072720703125 0.8692548828125 0.098341796875 0.8733994140625 0.116810546875 0.878810546875 0.1343603515625 0.88916796875 0.1493212890625 0.90067578125 0.167015625 0.913623046875 0.176021484375 0.9148447265625 0.217001953125 0.9234306640625 0.244712890625 0.933578125 0.2548603515625 0.9445068359375 0.2588857421875 0.957107421875 0.262162109375 0.977337890625 0.5497626953125 0.9888095703125 1 1 0.999421875 0.79103515625 0.92758984375 0.7865185546875 0.5574873046875 0.7831513671875 0.55566796875 0.733408203125 0.5338291015625 0.7321953125 0.524123046875 0.7328017578125 0.524123046875 0.7831513671875 0.287916015625 0.7766630859375 0 0.773552734375 0.000376953125 0.8688779296875
1 0.24894921875 1 0.25702734375 0.997921875 0.2604296875 0.9960087890625 0.2606416015625 0.99239453125 0.26000390625 0.9902685546875 0.2608544921875 0.9834658203125 0.261279296875 0.97836328125 0.2614921875 0.9749619140625 0.2606416015625 0.971134765625 0.2588056640625 0.958615234375 0.2545927734375 0.9453369140625 0.244888671875 0.9343564453125 0.2226728515625 0.9263125 0.216416015625 0.9240146484375 0.1795166015625 0.9162255859375 0.1665849609375 0.914251953125 0.1573427734375 0.907783203125 0.1332744140625 0.8889091796875 0.11548828125 0.8789482421875 0.096515625 0.8739990234375 0.0725927734375 0.870080078125 0.0002763671875 0.8703173828125 0.0005537109375 0.994806640625 0.2420625 1 0.24894921875 1
7 0.5500166015625 1 0.546328125 0.8127294921875 0.558259765625 0.8172158203125 0.5538955078125 0.734431640625 0.5246357421875 0.7335537109375 0.525015625 0.809041015625 0.53608203125 0.813548828125 0.5369013671875 1 0.5500166015625 1
6 0.2611328125 0.99208984375 0.26103515625 0.99599609375 0.25703125 0.9986328125 0.25087890625 0.99990234375 0.888265625 1 0.786279296875 0.996099609375 0.4983388671875 0.989279296875 0.2619140625 0.97783203125 0.2603515625 0.98994140625 0.2611328125 0.99208984375
2 1 0.4150166015625 0.9444619140625 0.2169013671875 0.91884375 0.213486328125 0.906482421875 0.1714970703125 0.9228154296875 0.1418935546875 0.9238369140625 0.1173935546875 0.9177119140625 0.0939150390625 0.88759765625 0.0724775390625 0.832984375 0.057166015625 0.74927734375 0.0602275390625 0.669654296875 0.088810546875 0.4915048828125 0.11367578125 0.4915048828125 0.037619140625 0.2052705078125 0.096501953125 0.2028173828125 0.1594736328125 0 0.1902548828125 0 0.771779296875 0.5222255859375 0.7813720703125 0.523099609375 0.731552734375 0.555001953125 0.731990234375 0.558060546875 0.7818095703125 0.8384853515625 0.7838740234375 1 0.7872353515625 1 0.4150166015625
9 0.9935029296875 0.73075 0.9908583984375 0.6983603515625 0.959791015625 0.668615234375 0.962765625 0.71984375 0.9935029296875 0.73075
0 0.9418037109375 0.356765625 0.967646484375 0.398400390625 0.9654921875 0.3725576171875 0.9453935546875 0.3316416015625 0.911654296875 0.324462890625 0.9145263671875 0.3574833984375 0.9418037109375 0.356765625