9 0.07721484375 0.3979677734375 0.0898994140625 0.3562685546875 0.05137109375 0.368953125 0.0382109375 0.407322265625 0.07721484375 0.3979677734375
9 0.1685751953125 0.37749609375 0.178640625 0.3297294921875 0.142478515625 0.34011328125 0.125267578125 0.3882177734375 0.1685751953125 0.37749609375
9 0.287765625 0.343236328125 0.296736328125 0.2901240234375 0.252791015625 0.3050087890625 0.2420546875 0.35625 0.287765625 0.343236328125
9 0.130572265625 0.501435546875 0.1477548828125 0.443265625 0.1087841796875 0.4527294921875 0.087328125 0.510251953125 0.130572265625 0.501435546875
9 0.2128203125 0.4844990234375 0.260458984375 0.4739697265625 0.2720234375 0.410796875 0.2264560546875 0.422361328125 0.2128203125 0.4844990234375
9 0.0893349609375 0.649857421875 0.1089775390625 0.5792705078125 0.0686728515625 0.58625 0.04436328125 0.6547197265625 0.0893349609375 0.649857421875
9 0.2281982421875 0.63169921875 0.243779296875 0.553095703125 0.193880859375 0.5617529296875 0.1750830078125 0.6376005859375 0.2281982421875 0.63169921875
9 0 0.8275595703125 0.038609375 0.8269443359375 0.0633935546875 0.73767578125 0.021115234375 0.74023828125 0 0.80503125 0 0.8275595703125
9 0.2078994140625 0.7238193359375 0.1545146484375 0.7260361328125 0.132341796875 0.8255078125 0.1888935546875 0.82450390625 0.2078994140625 0.7238193359375
9 0.37642578125 0.94984765625 0.3833740234375 0.868421875 0.2721435546875 0.86789453125 0.2604443359375 0.9438779296875 0.37642578125 0.94984765625
9 0.315287109375 0.7262685546875 0.3281787109375 0.637267578125 0.3017890625 0.64004296875 0.2872841796875 0.7274765625 0.315287109375 0.7262685546875
9 0.360177734375 0.7226220703125 0.3682373046875 0.6327041015625 0.341287109375 0.6367333984375 0.3289453125 0.725140625 0.360177734375 0.7226220703125
9 0.404521484375 0.7198828125 0.412005859375 0.628166015625 0.3809345703125 0.630958984375 0.373150390625 0.7222421875 0.404521484375 0.7198828125
9 0.3433037109375 0.5407783203125 0.3527392578125 0.471580078125 0.3277333984375 0.4773583984375 0.318048828125 0.544765625 0.3433037109375 0.5407783203125
9 0.3821142578125 0.5332255859375 0.389578125 0.46406640625 0.363767578125 0.46901171875 0.35526171875 0.537728515625 0.3821142578125 0.5332255859375
9 0.4240810546875 0.526267578125 0.429091796875 0.455244140625 0.40061328125 0.46177734375 0.3943310546875 0.5316259765625 0.4240810546875 0.526267578125
9 0.3646044921875 0.39075 0.372359375 0.334765625 0.349484375 0.3411298828125 0.3491640625 0.3413408203125 0.3419580078125 0.395279296875 0.3646044921875 0.39075
9 0.4013515625 0.380958984375 0.4072880859375 0.3240771484375 0.3820712890625 0.3336865234375 0.3761396484375 0.38800390625 0.4013515625 0.380958984375
9 0.4382939453125 0.37169140625 0.4434521484375 0.3139521484375 0.4179169921875 0.3222587890625 0.411501953125 0.378294921875 0.4382939453125 0.37169140625
9 0.9437919921875 0.730677734375 0.908572265625 0.7118740234375 0.92648046875 0.8297734375 0.9673720703125 0.8473837890625 0.9437919921875 0.730677734375
9 0.919833984375 0.59199609375 0.90214453125 0.51612890625 0.874431640625 0.497064453125 0.871287109375 0.497654296875 0.8848486328125 0.5739140625 0.919833984375 0.59199609375
9 0.84177734375 0.3242724609375 0.8413701171875 0.3291611328125 0.84923828125 0.3760908203125 0.8800234375 0.3948955078125 0.8698623046875 0.345306640625 0.8446884765625 0.323923828125 0.84177734375 0.3242724609375
9 0.8504013671875 0.2387431640625 0.84382421875 0.205037109375 0.820783203125 0.1849697265625 0.816869140625 0.1852958984375 0.8202939453125 0.2188974609375 0.8504013671875 0.2387431640625
2 0.85186328125 0 0.3138154296875 0.193986328125 0.2872958984375 0.1581357421875 0.067275390625 0.2468330078125 0.086298828125 0.2672470703125 0.0802666015625 0.2807021484375 0.046861328125 0.2904462890625 0.0310859375 0.2779189453125 0 0.289517578125 0 1 1 1 1 0.84062109375 0.9866259765625 0.776361328125 0.9868115234375 0.7616171875 0.9725380859375 0.6779619140625 0.9725380859375 0.661310546875 0.9666484375 0.6380126953125 0.95199609375 0.611638671875 0.9391171875 0.5193671875 0.940103515625 0.4968271484375 0.861470703125 0.02055078125 0.8570546875 0 0.85186328125 0
0 0 0.530865234375 0.0359677734375 0.522767578125 0.0371533203125 0.5156513671875 0 0.5234716796875 0 0.530865234375