9 0.9529345703125 0.275484375 0.9315654296875 0.1565126953125 0.8131708984375 0.196939453125 0.8304970703125 0.3130244140625 0.9529345703125 0.275484375
9 0.99471875 0.5196611328125 0.9699990234375 0.3837001953125 0.8437109375 0.4121826171875 0.864669921875 0.5454560546875 0.99471875 0.5196611328125
9 1 0.6464208984375 0.8803720703125 0.65957421875 0.907619140625 0.79816015625 0.9278203125 0.79111328125 0.9414443359375 0.7897041015625 0.964462890625 0.7897041015625 0.9771474609375 0.792052734375 0.9949990234375 0.781248046875 1 0.7709130859375 1 0.6464208984375
9 0.8049443359375 0 0.7863193359375 0.00772265625 0.801310546875 0.1076591796875 0.9148740234375 0.061779296875 0.9030634765625 0 0.8049443359375 0
9 0.6053681640625 0.8027314453125 0.6149853515625 0.799984375 0.63284375 0.801357421875 0.6456650390625 0.8068525390625 0.668103515625 0.8045634765625 0.6845888671875 0.80410546875 0.6735986328125 0.67909375 0.5788095703125 0.6909990234375 0.5870517578125 0.8068525390625 0.6053681640625 0.8027314453125
9 0.6562939453125 0.62812890625 0.657603515625 0.6261640625 0.6438486328125 0.47879296875 0.5679677734375 0.4939013671875 0.577037109375 0.636744140625 0.6562939453125 0.62812890625
9 0.5083720703125 0.5585361328125 0.5115205078125 0.55538671875 0.5117177734375 0.5534189453125 0.5091591796875 0.496341796875 0.46940234375 0.5056162109375 0.4709765625 0.564833984375 0.5083720703125 0.5585361328125
9 0.451365234375 0.7441220703125 0.45087109375 0.721146484375 0.413318359375 0.7241103515625 0.4135654296875 0.7436279296875 0.451365234375 0.7441220703125
9 0.49929296875 0.739427734375 0.49929296875 0.7169462890625 0.4708818359375 0.71867578125 0.47112890625 0.74091015625 0.49929296875 0.739427734375
9 0.4437060546875 0.813791015625 0.4567998046875 0.811814453125 0.46915234375 0.80934375 0.4753291015625 0.80934375 0.4829873046875 0.810826171875 0.48817578125 0.811814453125 0.491140625 0.816755859375 0.489658203125 0.7722861328125 0.433330078125 0.7757451171875 0.4355537109375 0.8130498046875 0.4437060546875 0.813791015625
9 0.26701171875 0.8234140625 0.2812880859375 0.819169921875 0.297494140625 0.8207138671875 0.309841796875 0.824572265625 0.316787109375 0.826115234375 0.31948828125 0.7142177734375 0.2508330078125 0.71923046875 0.2450244140625 0.83593359375 0.26701171875 0.8234140625
9 0.3554052734375 0.6706962890625 0.358029296875 0.667697265625 0.3561552734375 0.536857421875 0.3044189453125 0.551103515625 0.302169921875 0.6763203125 0.3554052734375 0.6706962890625
9 0.3605771484375 0.47285546875 0.3595595703125 0.3727890625 0.339546875 0.3771982421875 0.3303876953125 0.3836435546875 0.3005380859375 0.3931416015625 0.2995205078125 0.4877802734375 0.3605771484375 0.47285546875
9 0.516080078125 0.636873046875 0.512869140625 0.581091796875 0.47153515625 0.591525390625 0.4727392578125 0.6424912109375 0.516080078125 0.636873046875
9 0.5048701171875 0.3624189453125 0.5025810546875 0.323517578125 0.4642509765625 0.3372470703125 0.4653955078125 0.372716796875 0.5048701171875 0.3624189453125
9 0.5062333984375 0.4334306640625 0.5062333984375 0.40351953125 0.46503515625 0.4139599609375 0.4664453125 0.44161328125 0.5062333984375 0.4334306640625
9 0.642443359375 0.397146484375 0.6312119140625 0.2897734375 0.557982421875 0.312236328125 0.5647216796875 0.41556640625 0.642443359375 0.397146484375
9 0.5490107421875 0.1493603515625 0.5523974609375 0.2248876953125 0.6262314453125 0.1947451171875 0.619119140625 0.118201171875 0.5490107421875 0.1493603515625
9 0.499244140625 0.20908203125 0.49637109375 0.1669462890625 0.46030078125 0.18194921875 0.4622158203125 0.2240849609375 0.499244140625 0.20908203125
9 0.3599052734375 0.298986328125 0.36065234375 0.2261083984375 0.358552734375 0.2245625 0.3417451171875 0.226896484375 0.3293740234375 0.23716796875 0.317935546875 0.2388017578125 0.3045927734375 0.2485322265625 0.303845703125 0.3206630859375 0.3599052734375 0.298986328125
9 0.3652626953125 0.1395419921875 0.3632734375 0.0941328125 0.315212890625 0.1170029296875 0.31620703125 0.1610869140625 0.3652626953125 0.1395419921875
9 0.494203125 0.0592841796875 0.492669921875 0.02453125 0.45740625 0.0419072265625 0.4594501953125 0.073849609375 0.494203125 0.0592841796875
9 0.613501953125 0.0155205078125 0.6120908203125 0.000564453125 0.54210546875 0 0.5454912109375 0.048255859375 0.613501953125 0.0155205078125
9 0.1075 0.8293388671875 0.122634765625 0.8273984375 0.1366064453125 0.826234375 0.145919921875 0.8305029296875 0.152517578125 0.735810546875 0.0989619140625 0.74085546875 0.0919765625 0.831279296875 0.1075 0.8293388671875
9 0.158224609375 0.6599853515625 0.1659638671875 0.5675439453125 0.1130791015625 0.580873046875 0.10619921875 0.668154296875 0.158224609375 0.6599853515625
9 0.1688408203125 0.5000888671875 0.176076171875 0.4184833984375 0.125423828125 0.4341611328125 0.1189921875 0.5145615234375 0.1688408203125 0.5000888671875
9 0.179404296875 0.353044921875 0.184087890625 0.2802744140625 0.1361748046875 0.300087890625 0.1322119140625 0.372859375 0.179404296875 0.353044921875
9 0.190572265625 0.217751953125 0.191197265625 0.1662041015625 0.15620703125 0.18307421875 0.15464453125 0.2358720703125 0.190572265625 0.217751953125
9 0 0.6727236328125 0.00569921875 0.670009765625 0.0113974609375 0.6127509765625 0.0124833984375 0.61030859375 0.0105830078125 0.609765625 0.0062412109375 0.61030859375 0 0.6124794921875 0 0.6727236328125
9 0 0.5483212890625 0.0195009765625 0.54115234375 0.0278173828125 0.4703173828125 0.023802734375 0.47003125 0 0.478634765625 0 0.5483212890625
9 0.0032001953125 0.3593134765625 0 0.4209931640625 0.0354951171875 0.410228515625 0.0418955078125 0.3421474609375 0.0032001953125 0.3593134765625
9 0.0531025390625 0.22490625 0.020564453125 0.2436484375 0.01666015625 0.2459912109375 0.010412109375 0.3050810546875 0.0156181640625 0.305341796875 0.04971875 0.287640625 0.0567470703125 0.224646484375 0.0531025390625 0.22490625
0 0.2330908203125 0.3179296875 0.2330908203125 0.342419921875 0.2239072265625 0.34810546875 0.224880859375 0.3541474609375 0.2335693359375 0.358255859375 0.626607421875 0.207666015625 0.6481201171875 0.227421875 0.653388671875 0.23096484375 0.6535888671875 0.22119921875 0.6495849609375 0.2131923828125 0.64825 0.169486328125 0.6575791015625 0.16295703125 0.657259765625 0.155927734375 0.6402431640625 0.137123046875 0.6336044921875 0.1197197265625 0.227017578125 0.29485546875 0.22609375 0.304810546875 0.2330908203125 0.3179296875
0 0.2175810546875 0.507427734375 0.2175810546875 0.516802734375 0.2226591796875 0.519927734375 0.642693359375 0.4113330078125 0.6688662109375 0.4246142578125 0.6719912109375 0.4156298828125 0.6637880859375 0.4078173828125 0.6622255859375 0.3601982421875 0.6731630859375 0.3519951171875 0.6719912109375 0.3379326171875 0.645427734375 0.3144951171875 0.2201953125 0.45004296875 0.2100380859375 0.45199609375 0.2123818359375 0.4613720703125 0.2234404296875 0.4671923828125 0.2238310546875 0.501177734375 0.2175810546875 0.507427734375
0 0.2107841796875 0.6426982421875 0.2107841796875 0.686234375 0.20604296875 0.6892509765625 0.2064736328125 0.70002734375 0.2176806640625 0.701751953125 0.6635703125 0.6435595703125 0.6829677734375 0.6470087890625 0.6777958984375 0.5763154296875 0.6915888671875 0.5664013671875 0.6890029296875 0.5495908203125 0.6618466796875 0.536228515625 0.1991455078125 0.6250244140625 0.1982841796875 0.63709375 0.2107841796875 0.6426982421875
0 0.2370908203125 0.173609375 0.238470703125 0.1929296875 0.231294921875 0.2012099609375 0.2326748046875 0.211974609375 0.6126279296875 0.0298427734375 0.6385224609375 0.05468359375 0.6396259765625 0.042263671875 0.6302421875 0.02692578125 0.628310546875 0 0.5278427734375 0.000705078125 0.5149208984375 0 0.2299150390625 0.1515283203125 0.229638671875 0.1625693359375 0.2370908203125 0.173609375
8 0.158283203125 1 0.165240234375 0.9749052734375 0.16759375 0.95960546875 0.177951171875 0.953943359375 0.1791279296875 0.946646484375 0.1755966796875 0.93723046875 0.1814814453125 0.9106318359375 0.1859541015625 0.87162890625 0.188072265625 0.8499736328125 0.1876015625 0.8415 0.1845419921875 0.83514453125 0.1786572265625 0.83326171875 0.1664169921875 0.8311435546875 0.145703125 0.8311435546875 0.13878515625 0.8280009765625 0.094939453125 0.83307421875 0.077908203125 0.83017578125 0.0605146484375 0.827638671875 0.0257275390625 0.824015625 0 0.8277041015625 0 1 0.158283203125 1
8 1 0.7712099609375 0.9954599609375 0.7817216796875 0.9775908203125 0.7924091796875 0.9633994140625 0.790130859375 0.9318642578125 0.7910068359375 0.9253818359375 0.7924091796875 0.9085634765625 0.7987158203125 0.905234375 0.7980146484375 0.89396484375 0.7896689453125 0.875947265625 0.7879365234375 0.8471875 0.7896689453125 0.818427734375 0.7910546875 0.7972919921875 0.8014501953125 0.7872431640625 0.8028359375 0.777541015625 0.8007568359375 0.7685322265625 0.8035283203125 0.7468271484375 0.8035283203125 0.709751953125 0.8024892578125 0.6986640625 0.7997177734375 0.6906943359375 0.8028359375 0.68341796875 0.8059541015625 0.6754521484375 0.8061708984375 0.648615234375 0.80746875 0.642123046875 0.8072529296875 0.63325 0.8024912109375 0.6165849609375 0.8009765625 0.5951591796875 0.8059541015625 0.5865029296875 0.807685546875 0.57585546875 0.807685546875 0.5401455078125 0.80790234375 0.5180703125 0.8068193359375 0.510255859375 0.807685546875 0.501166015625 0.8107158203125 0.49229296875 0.815693359375 0.4848935546875 0.81319921875 0.4777861328125 0.8115947265625 0.4699912109375 0.8104482421875 0.445689453125 0.8145751953125 0.436060546875 0.814345703125 0.4287236328125 0.81182421875 0.421845703125 0.8120537109375 0.41565625 0.8157216796875 0.4053388671875 0.8148046875 0.392275390625 0.817326171875 0.386314453125 0.8148046875 0.381728515625 0.8120537109375 0.375080078125 0.814345703125 0.3663681640625 0.817326171875 0.344947265625 0.8198486328125 0.3302744140625 0.82512109375 0.326376953125 0.823287109375 0.319041015625 0.823287109375 0.317435546875 0.825580078125 0.3141220703125 0.826857421875 0.3055849609375 0.8242431640625 0.29722265625 0.821107421875 0.2825009765625 0.8197138671875 0.2685634765625 0.823546875 0.2452177734375 0.83661328125 0.239884765625 0.8370859375 0.2334609375 0.8366845703125 0.2282412109375 0.8386923828125 0.224025390625 0.84057421875 0.223642578125 0.8539775390625 0.2255576171875 0.8589560546875 0.2427900390625 0.8574248046875 0.262703125 0.8585732421875 0.27342578125 0.866615234375 0.2736279296875 0.9095966796875 0.2724755859375 0.95049609375 0.270171875 0.9735390625 0.276376953125 0.975333984375 0.40946484375 0.9816484375 0.45706640625 0.9899052734375 0.555650390625 1 0.6115087890625 1 1 0.999548828125 1 0.7712099609375
2 0.3015732421875 0 0.2994345703125 0.00624609375 0.247845703125 0.0358896484375 0.2053662109375 0.0236650390625 0.198337890625 0.0242763671875 0.1292705078125 0.066927734375 0.1317158203125 0.073345703125 0.1466904296875 0.0834306640625 0.1454677734375 0.0984052734375 0.12621484375 0.11062890625 0.117658203125 0.1142958984375 0.0702890625 0.106044921875 0.0632607421875 0.10665625 0.0152802734375 0.1356884765625 0.0049873046875 0.1408974609375 0.005298828125 0.1449501953125 0.016208984375 0.156794921875 0.021197265625 0.16084765625 0.021197265625 0.170822265625 0.0090400390625 0.1779921875 0 0.181109375 0 0.827033203125 0.024341796875 0.8228515625 0.0423994140625 0.8251318359375 0.0780947265625 0.82950390625 0.0957724609375 0.8321650390625 0.138947265625 0.827603515625 0.1469306640625 0.83007421875 0.1699306640625 0.8308349609375 0.18399609375 0.83349609375 0.1879873046875 0.839578125 0.189318359375 0.8450908203125 0.1824755859375 0.909525390625 0.1756328125 0.93670703125 0.18000390625 0.9458310546875 0.1784833984375 0.9541943359375 0.168599609375 0.961037109375 0.162990234375 0.98594921875 0.1974296875 0.985548828125 0.2014345703125 0.98675 0.2198564453125 0.987951171875 0.225177734375 0.889306640625 0.2262958984375 0.862025390625 0.2227177734375 0.8548701171875 0.2236513671875 0.841234375 0.2242373046875 0.8398671875 0.2342099609375 0.835765625 0.2451474609375 0.8363515625 0.268396484375 0.82314453125 0.283337890625 0.81962890625 0.296484375 0.82060546875 0.31416015625 0.82666015625 0.31708984375 0.8251953125 0.31904296875 0.823046875 0.326171875 0.8228515625 0.33056640625 0.82470703125 0.3451171875 0.81923828125 0.35350390625 0.8185546875 0.36756640625 0.81640625 0.376146484375 0.81318359375 0.392552734375 0.81689453125 0.405931640625 0.81435546875 0.4154912109375 0.81494140625 0.4213505859375 0.81171875 0.4284794921875 0.81142578125 0.4359013671875 0.81376953125 0.44560546875 0.81416015625 0.47041015625 0.80986328125 0.47919921875 0.811328125 0.49091796875 0.8146484375 0.492515625 0.814763671875 0.5023798828125 0.809396484375 0.514708984375 0.806060546875 0.5289248046875 0.8067861328125 0.556630859375 0.8069306640625 0.58651171875 0.8073662109375 0.5940546875 0.8059150390625 0.616455078125 0.8002587890625 0.633861328125 0.8022890625 0.642564453125 0.807220703125 0.6826484375 0.80548046875 0.6990400390625 0.79909765625 0.70962890625 0.8019990234375 0.7350126953125 0.802724609375 0.7683916015625 0.802869140625 0.777833984375 0.80011328125 0.786537109375 0.8019990234375 0.7961103515625 0.8014189453125 0.81861328125 0.7905400390625 0.8757685546875 0.7873486328125 0.8937548828125 0.7890888671875 0.90448828125 0.7964873046875 0.90883984375 0.7972119140625 0.9289208984375 0.7899599609375 0.9637333984375 0.7889443359375 0.976642578125 0.7912646484375 0.9947744140625 0.7808212890625 1 0.7692216796875 1 0 0.3015732421875 0