8 0.8016171875 0 0.80373828125 0.0124658203125 0.8126806640625 0.0163603515625 0.81612109375 0.0246083984375 0.813828125 0.0305654296875 0.807177734375 0.0268994140625 0.8021328125 0.0239208984375 0.7977763671875 0.0230048828125 0.797546875 0.0278154296875 0.800986328125 0.03491796875 0.8090126953125 0.04225 0.8198125 0.05275 0.8229228515625 0.057669921875 0.8203310546875 0.0612958984375 0.8143701171875 0.0644033203125 0.8143701171875 0.069064453125 0.8177392578125 0.070099609375 0.820849609375 0.070099609375 0.8237001953125 0.075796875 0.82655078125 0.08228515625 0.8169619140625 0.084615234375 0.8141103515625 0.0903125 0.816443359375 0.0967861328125 0.8211083984375 0.10015234375 0.8084091796875 0.1131005859375 0.812037109375 0.1203515625 0.81903515625 0.1232001953125 0.8296611328125 0.12475390625 0.826751953125 0.13267578125 0.8197216796875 0.1417490234375 0.8100546875 0.146431640625 0.8077109375 0.151115234375 0.80741796875 0.1601884765625 0.7968720703125 0.161359375 0.786326171875 0.1695546875 0.786912109375 0.1792138671875 0.793943359375 0.18653125 0.8033173828125 0.1976533203125 0.7971650390625 0.1994091796875 0.789548828125 0.1947265625 0.7833974609375 0.1894580078125 0.7798818359375 0.19501953125 0.7822255859375 0.2078974609375 0.788669921875 0.2263525390625 0.790720703125 0.230158203125 0.8041962890625 0.2392314453125 0.8167919921875 0.24453125 0.832611328125 0.250384765625 0.8372978515625 0.2556533203125 0.831732421875 0.2571171875 0.8197216796875 0.2579951171875 0.8159130859375 0.263263671875 0.8156201171875 0.270873046875 0.8123984375 0.2743857421875 0.8047822265625 0.2720439453125 0.7977509765625 0.2764345703125 0.8000947265625 0.287556640625 0.8017578125 0.3006337890625 0.7841123046875 0.2957568359375 0.782234375 0.3021337890625 0.790494140625 0.30963671875 0.793123046875 0.3118876953125 0.79162109375 0.329517578125 0.78486328125 0.3415224609375 0.77885546875 0.3482744140625 0.773974609375 0.352025390625 0.7698447265625 0.3493994140625 0.76871875 0.3366455078125 0.7660908203125 0.3246416015625 0.75895703125 0.314888671875 0.7514482421875 0.305509765625 0.7491962890625 0.293505859375 0.7420625 0.2905048828125 0.73868359375 0.3002587890625 0.740560546875 0.31076171875 0.73192578125 0.3257666015625 0.7349287109375 0.3381455078125 0.7349287109375 0.3478994140625 0.7244169921875 0.364404296875 0.7221640625 0.3775341796875 0.71878515625 0.36965625 0.710900390625 0.3546513671875 0.700388671875 0.3501494140625 0.6962587890625 0.3554013671875 0.6898759765625 0.3722822265625 0.694005859375 0.38016015625 0.6932548828125 0.4094794921875 0.693630859375 0.423359375 0.6943818359375 0.4319873046875 0.697009765625 0.4387392578125 0.6665986328125 0.4323623046875 0.675984375 0.45787109375 0.6812412109375 0.4736259765625 0.68501171875 0.4927978515625 0.680130859375 0.5055517578125 0.674875 0.5228076171875 0.670369140625 0.5344365234375 0.663236328125 0.5464404296875 0.6564775390625 0.5651962890625 0.6553515625 0.55131640625 0.6444638671875 0.55056640625 0.6414599609375 0.5543173828125 0.640333984375 0.5636962890625 0.63845703125 0.5780107421875 0.630197265625 0.5885146484375 0.6219375 0.58026171875 0.6193095703125 0.585888671875 0.620060546875 0.592640625 0.630197265625 0.60276953125 0.6328251953125 0.6136474609375 0.635078125 0.6241513671875 0.635078125 0.63840625 0.6249404296875 0.65116015625 0.6178076171875 0.6489091796875 0.6110498046875 0.65153515625 0.6125517578125 0.6597880859375 0.617431640625 0.6672900390625 0.6170791015625 0.6906083984375 0.6208330078125 0.7097392578125 0.6076923828125 0.7033623046875 0.598306640625 0.7037373046875 0.5907978515625 0.7082392578125 0.5907978515625 0.7202431640625 0.604689453125 0.7329970703125 0.608443359375 0.734498046875 0.6009345703125 0.75250390625 0.6020615234375 0.7686337890625 0.6054404296875 0.781763671875 0.600970703125 0.7850068359375 0.6034267578125 0.7944130859375 0.61161328125 0.803001953125 0.61161328125 0.808728515625 0.608748046875 0.8152724609375 0.6132509765625 0.8263154296875 0.6214375 0.832859375 0.627578125 0.838994140625 0.6259404296875 0.8508544921875 0.6251220703125 0.8647607421875 0.6345361328125 0.8798935546875 0.641904296875 0.895435546875 0.65500390625 0.9138623046875 0.677517578125 0.9212236328125 0.6934814453125 0.9232685546875 0.70985546875 0.937583984375 0.7172236328125 0.9572158203125 0.73359765625 0.9658046875 0.7409658203125 0.9703037109375 0.7417841796875 0.988298828125 0.7622509765625 1 1 1 1 0 0.8016171875 0
9 0.3484345703125 0 0.3448203125 0.0853193359375 0.56686328125 0 0.3484345703125 0
9 0.339001953125 0.280451171875 0.562966796875 0.2179736328125 0.562966796875 0.10771875 0.34784765625 0.1812685546875 0.339001953125 0.280451171875
9 0.32571484375 0.5085947265625 0.566669921875 0.476796875 0.5650166015625 0.343826171875 0.3356337890625 0.3909033203125 0.32571484375 0.5085947265625
9 0.307978515625 0.7735927734375 0.57168359375 0.7820615234375 0.5693291015625 0.616443359375 0.3198662109375 0.6312939453125 0.307978515625 0.7735927734375
9 0.2752724609375 0.9802880859375 0.37884375 0.995482421875 0.38048828125 0.9367587890625 0.2788046875 0.9252265625 0.2752724609375 0.9802880859375
9 0.485271484375 0.999751953125 0.6213115234375 1 0.6233671875 0.9660791015625 0.4865048828125 0.94965234375 0.485271484375 0.999751953125
9 0 0.5521376953125 0.008552734375 0.5506572265625 0.023375 0.4539013671875 0 0.4585908203125 0 0.5521376953125
9 0 0.3710498046875 0.0406044921875 0.3606591796875 0.052751953125 0.276822265625 0 0.293904296875 0 0.3710498046875
9 0 0.22134375 0.06544921875 0.19246484375 0.07667578125 0.1227734375 0.0001982421875 0.1560244140625 0 0.22134375
9 0.111287109375 0.6158955078125 0.1755517578125 0.610173828125 0.23552734375 0.0542734375 0.1803427734375 0.0775224609375 0.111287109375 0.6158955078125
3 0.4082724609375 1 0.40507421875 0.99775 0.2323662109375 0.97298046875 0.2330712890625 0.9525361328125 0.239994140625 0.951576171875 0.2423017578125 0.9488857421875 0.242494140625 0.9412001953125 0.1959921875 0.93266796875 0.1948515625 0.918228515625 0.199224609375 0.9163291015625 0.1994150390625 0.9075888671875 0.174314453125 0.9054990234375 0.104337890625 0.9060693359375 0.1039580078125 0.9149990234375 0.1083310546875 0.9184189453125 0.1077607421875 0.924498046875 0.0400673828125 0.913572265625 0.0400673828125 0.903447265625 0.0431630859375 0.901197265625 0.045697265625 0.899228515625 0.0454150390625 0.893884765625 0.0428818359375 0.8913544921875 0 0.88955859375 0 1 0.4082724609375 1
2 0.1307626953125 0 0.000083984375 0.065765625 0 0.8866474609375 0.0439873046875 0.8900751953125 0.04719921875 0.8939599609375 0.0473681640625 0.9005478515625 0.041451171875 0.9051083984375 0.042634765625 0.9125400390625 0.1068369140625 0.9225625 0.106228515625 0.9187138671875 0.1017685546875 0.91526953125 0.10136328125 0.903318359375 0.167455078125 0.903521484375 0.2012353515625 0.9059716796875 0.2012353515625 0.91637109375 0.1978330078125 0.9195712890625 0.19843359375 0.9299921875 0.2434599609375 0.940791015625 0.244060546875 0.9495908203125 0.2396572265625 0.95358984375 0.2358544921875 0.954390625 0.2357138671875 0.9696708984375 0.406125 0.9935576171875 0.418384765625 1 1 1 1 0 0.1307626953125 0