2 0.6437666015625 0 0.6393427734375 0.077330078125 0.620171875 0.084408203125 0.6071943359375 0.0640576171875 0.5927412109375 0.0684814453125 0.5585390625 0.05668359375 0.5213759765625 0.0929619140625 0.508103515625 0.09733203125 0.508693359375 0.101755859375 0.5193115234375 0.1179775390625 0.407318359375 0.1516015625 0.3910966796875 0.1377392578125 0.38018359375 0.1400986328125 0.35393359375 0.128595703125 0.3200146484375 0.1607451171875 0.3093974609375 0.1645791015625 0.3043828125 0.1678232421875 0.1825703125 0.130365234375 0.17342578125 0.12709765625 0.166720703125 0.12709765625 0.1639306640625 0.1301435546875 0.161880859375 0.2324384765625 0.1630595703125 0.23715625 0.1669912109375 0.24030078125 0.1724951171875 0.24521484375 0.1572197265625 0.293625 0.146408203125 0.33116796875 0.1412978515625 0.33234765625 0.1385458984375 0.3417822265625 0.1391357421875 0.348072265625 0.1412978515625 0.353576171875 0.116923828125 0.440328125 0.0988408203125 0.5041826171875 0.091205078125 0.5035927734375 0.08786328125 0.5037900390625 0.087470703125 0.50791796875 0.08786328125 0.512634765625 0.0910087890625 0.5161728515625 0.085111328125 0.52030078125 0.08530859375 0.5250185546875 0.0888466796875 0.5315048828125 0.0898291015625 0.53622265625 0.0762666015625 0.585953125 0.0428505859375 0.5692451171875 0.0434404296875 0.5578447265625 0.0418681640625 0.5379912109375 0.036560546875 0.5193701171875 0.025552734375 0.4995166015625 0.01041796875 0.4837919921875 0 0.476912109375 0 0.9412578125 0.051791015625 0.938638671875 0.042189453125 0.9750087890625 0.0474267578125 0.9770458984375 0.039861328125 0.99217578125 0.0378251953125 1 1 1 1 0 0.79126171875 0 0.7847724609375 0.0049931640625 0.768255859375 0.0103017578125 0.767076171875 0.01295703125 0.7744501953125 0.0294736328125 0.6983544921875 0.0557236328125 0.6980595703125 0 0.6437666015625 0
9 0.58068359375 0.3917705078125 0.5873212890625 0.263451171875 0.5108037109375 0.28494140625 0.4989609375 0.4082255859375 0.58068359375 0.3917705078125
9 0.927326171875 0.5846162109375 0.9112109375 0.41141015625 0.802462890625 0.4292724609375 0.8071337890625 0.5960205078125 0.927326171875 0.5846162109375
9 1 1 0.9836064453125 0.8232216796875 0.9757578125 0.77009375 0.970154296875 0.7593974609375 0.9625126953125 0.7532841796875 0.9436640625 0.744625 0.8208896484375 0.74971875 0.8137578125 0.754302734375 0.8010224609375 0.7665283203125 0.799494140625 0.778244140625 0.8010224609375 0.8230693359375 0.8072880859375 1 1 1
9 0.42719921875 0.991765625 0.564890625 0.99578125 0.5736875 0.8313154296875 0.575443359375 0.7871044921875 0.571078125 0.777939453125 0.5654033203125 0.771392578125 0.55885546875 0.7674638671875 0.471990234375 0.771392578125 0.4623876953125 0.7753203125 0.453220703125 0.784486328125 0.4475458984375 0.79321484375 0.4256982421875 0.989279296875 0.42719921875 0.991765625
9 0.2572958984375 0.9840927734375 0.2817548828125 0.8401982421875 0.286708984375 0.794689453125 0.283337890625 0.7845751953125 0.2775576171875 0.78072265625 0.2698505859375 0.77927734375 0.26214453125 0.7812041015625 0.2558828125 0.7826484375 0.2187939453125 0.785056640625 0.208197265625 0.7869833984375 0.2014541015625 0.7961337890625 0.1922548828125 0.8422587890625 0.158640625 0.979173828125 0.2572958984375 0.9840927734375
9 0.3642119140625 0.2380166015625 0.37367578125 0.176146484375 0.33634375 0.1898173828125 0.326353515625 0.2501103515625 0.3642119140625 0.2380166015625
9 0.5831875 0.1728779296875 0.586611328125 0.1044111328125 0.5377060546875 0.12226171875 0.5333046875 0.187060546875 0.5831875 0.1728779296875
9 0.8727041015625 0.086533203125 0.866935546875 0.017306640625 0.8041181640625 0.037177734375 0.8063623046875 0.1057626953125 0.8727041015625 0.086533203125
9 0.2378388671875 0.2759580078125 0.259314453125 0.257345703125 0.2603876953125 0.239091796875 0.2532294921875 0.228533203125 0.24338671875 0.2220908203125 0.23569140625 0.2195849609375 0.2235224609375 0.218869140625 0.21457421875 0.2224482421875 0.209205078125 0.2292490234375 0.192919921875 0.2888427734375 0.2378388671875 0.2759580078125
9 0.1681689453125 0.4787392578125 0.1933447265625 0.384732421875 0.165611328125 0.379412109375 0.1400419921875 0.4742158203125 0.1681689453125 0.4787392578125
9 0.116857421875 0.6805400390625 0.1540029296875 0.5502734375 0.118755859375 0.5462060546875 0.08405078125 0.674845703125 0.116857421875 0.6805400390625
9 0.0538125 0.8676357421875 0.04289453125 0.917548828125 0.0577119140625 0.91871875 0.0723349609375 0.8709501953125 0.0538125 0.8676357421875
9 0.0276865234375 0.8651005859375 0.0130634765625 0.915208984375 0.030611328125 0.91657421875 0.0442587890625 0.86685546875 0.0276865234375 0.8651005859375
9 0 0.914234375 0.0154033203125 0.86256640625 0 0.861201171875 0 0.914234375
9 0.0404501953125 0.609173828125 0.0282021484375 0.649462890625 0.04222265625 0.654458984375 0.052859375 0.6159423828125 0.0404501953125 0.609173828125
9 0.0141162109375 0.68801171875 0.0023828125 0.730359375 0.0166826171875 0.7332919921875 0.0291484375 0.691677734375 0.0141162109375 0.68801171875
9 0 0.5649677734375 0.009458984375 0.569267578125 0.01225390625 0.5591630859375 0.01268359375 0.5464794921875 0.0105341796875 0.5365908203125 0.006234375 0.526701171875 0 0.519822265625 0 0.5649677734375
8 0 0.8208564453125 0.0059033203125 0.812412109375 0.0091494140625 0.805033203125 0.00796875 0.7998681640625 0.0064931640625 0.7961787109375 0.0143154296875 0.7719013671875 0.0212509765625 0.7659990234375 0.0281875 0.7636376953125 0.0280400390625 0.7595048828125 0.020513671875 0.7590625 0.021103515625 0.75640625 0.02612109375 0.756111328125 0.026416015625 0.7521259765625 0.0180048828125 0.7512412109375 0.0209560546875 0.7413955078125 0.023169921875 0.7250146484375 0.02612109375 0.7143896484375 0.03143359375 0.7157177734375 0.0370419921875 0.717193359375 0.0402880859375 0.714537109375 0.0450107421875 0.704232421875 0.0487001953125 0.6933115234375 0.049880859375 0.6832763671875 0.0534228515625 0.674716796875 0.0534658203125 0.6690302734375 0.0484189453125 0.66871484375 0.0394287109375 0.6581474609375 0.040533203125 0.6562548828125 0.0452646484375 0.658935546875 0.048576171875 0.6568857421875 0.0515732421875 0.6512080078125 0.057408203125 0.64694921875 0.0635595703125 0.6417451171875 0.0630859375 0.6378017578125 0.054884765625 0.638748046875 0.0552001953125 0.6341748046875 0.0589853515625 0.633701171875 0.06182421875 0.629916015625 0.058197265625 0.627392578125 0.058828125 0.6220302734375 0.065767578125 0.62423828125 0.0690791015625 0.6177294921875 0.071287109375 0.610001953125 0.0714453125 0.599119140625 0.063244140625 0.594072265625 0.0539384765625 0.58918359375 0.0495224609375 0.58334765625 0.0520458984375 0.573884765625 0.057408203125 0.57625 0.0692373046875 0.5836630859375 0.07696484375 0.5849248046875 0.079646484375 0.5798779296875 0.0793310546875 0.575619140625 0.06939453125 0.571203125 0.0667138671875 0.56741796875 0.070025390625 0.564421875 0.0831640625 0.5626865234375 0.0853720703125 0.558474609375 0.085845703125 0.5475927734375 0.083953125 0.5449111328125 0.079537109375 0.5425458984375 0.07007421875 0.541599609375 0.0609267578125 0.539076171875 0.053671875 0.5373408203125 0.0481552734375 0.5399853515625 0.0481552734375 0.5337392578125 0.044931640625 0.5311201171875 0.0407001953125 0.530716796875 0.0394912109375 0.536560546875 0.0409345703125 0.558388671875 0.0377861328125 0.571771484375 0.0372607421875 0.583841796875 0.0388349609375 0.5938134765625 0.0372607421875 0.60876953125 0.0244033203125 0.6161494140625 0.015744140625 0.6266455078125 0.0189794921875 0.629337890625 0.024802734375 0.6280439453125 0.0342919921875 0.621357421875 0.02846875 0.63688671875 0.0226455078125 0.6373173828125 0.0170380859375 0.6338671875 0.0092744140625 0.631494140625 0 0.6360234375 0 0.659748046875 0.0060390625 0.65112109375 0.01617578125 0.6414150390625 0.0267431640625 0.655865234375 0.01725390625 0.6612578125 0.0021572265625 0.6601787109375 0 0.662767578125 0 0.680021484375 0.0028037109375 0.678080078125 0.007548828125 0.6772177734375 0.0109990234375 0.6819619140625 0.0049609375 0.695765625 0.003666015625 0.7056865234375 0 0.7097841796875 0 0.7169013671875 0.002587890625 0.7171171875 0 0.7255283203125 0 0.739978515625 0.0028037109375 0.7397626953125 0.0073330078125 0.74968359375 0.003666015625 0.7742705078125 0 0.795837890625 0 0.8208564453125
8 0 0.9845380859375 0.0423505859375 0.98191796875 0.0449560546875 0.981576171875 0.046283203125 0.9775947265625 0.041638671875 0.9751064453125 0.0512607421875 0.9389423828125 0 0.9417626953125 0 0.9845380859375
6 0.0374404296875 1 0.038953125 0.99275 0.04487890625 0.98216015625 0 0.984681640625 0 1 0.0374404296875 1
9 0.81296484375 0.3390556640625 0.8981240234375 0.3213828125 0.886876953125 0.1990791015625 0.8083740234375 0.2204248046875 0.81296484375 0.3390556640625
9 0.27123046875 0.5367060546875 0.2453642578125 0.661349609375 0.2936689453125 0.656052734375 0.3164189453125 0.5286044921875 0.27123046875 0.5367060546875
9 0.351634765625 0.3397158203125 0.3095625 0.350310546875 0.2887841796875 0.4489169921875 0.334494140625 0.440236328125 0.351634765625 0.3397158203125
9 0.5678212890625 0.48615625 0.508291015625 0.4959990234375 0.4943740234375 0.633849609375 0.5593837890625 0.62465625 0.5678212890625 0.48615625