2 0 0.984029296875 0.0594912109375 1 0.0672783203125 0.984029296875 0.0774716796875 0.9629619140625 0.110091796875 0.9656806640625 0.106025390625 1 0.27616796875 0.9999375 0.282603515625 0.9197783203125 0.3750498046875 0.9215341796875 0.3773896484375 0.8665341796875 0.4075830078125 0.862609375 0.5382685546875 0.8492392578125 0.9989248046875 0.84601953125 0.9997646484375 0.183990234375 0.9930439453125 0.1739091796875 0.97876171875 0.1629873046875 0.951037109375 0.15542578125 0.9239697265625 0.15856640625 0.8031171875 0.12428125 0.6548359375 0.082283203125 0.5709033203125 0.06121875 0.4961591796875 0.0434228515625 0.4549892578125 0.0469892578125 0.435505859375 0.0418310546875 0.413158203125 0.04526953125 0.3890908203125 0.0573037109375 0.365595703125 0.074494140625 0.36273046875 0.0848095703125 0.365595703125 0.0922587890625 0.377056640625 0.106583984375 0.375337890625 0.10944921875 0.348978515625 0.1564384765625 0.339236328125 0.1621689453125 0.31001171875 0.1581572265625 0.2945400390625 0.2062919921875 0.29683203125 0.2137421875 0.28365234375 0.228640625 0.277921875 0.228640625 0.2658876953125 0.256146484375 0.2630224609375 0.2744833984375 0.257865234375 0.2893828125 0.2498427734375 0.2888095703125 0.2395283203125 0.3151689453125 0.2401015625 0.326056640625 0.2337978515625 0.33637109375 0.225775390625 0.3369443359375 0.22119140625 0.3501240234375 0.2171796875 0.3747646484375 0.20228125 0.40284375 0.1954052734375 0.4097197265625 0.1770673828125 0.452697265625 0.1742021484375 0.4492587890625 0.15701171875 0.4807763671875 0.148416015625 0.5128662109375 0.136955078125 0.5203154296875 0.1243486328125 0.545529296875 0.10944921875 0.573607421875 0.112314453125 0.583921875 0.104865234375 0.5971025390625 0.0911123046875 0.62575390625 0.078505859375 0.62575390625 0.0762138671875 0.6349228515625 0.080224609375 0.6509677734375 0.0704833984375 0.6704501953125 0.055583984375 0.7019677734375 0.0355283203125 0.743798828125 0.027505859375 0.76385546875 0.0166181640625 0.784484375 0.0126064453125 0.8039677734375 0.0212021484375 0.809125 0.014326171875 0.8480908203125 0 0.8503837890625 0 0.8945068359375 0 0.9116982421875 0.002865234375 0.9134169921875 0 0.94321484375 0 0.984029296875
9 0.4342373046875 0.3959052734375 0.43709765625 0.281482421875 0.3810302734375 0.296357421875 0.3758818359375 0.4027705078125 0.4342373046875 0.3959052734375
9 0.6773876953125 0.415357421875 0.6699501953125 0.308943359375 0.61159375 0.294640625 0.612166015625 0.409064453125 0.6773876953125 0.415357421875
9 0.4428271484375 0.1863154296875 0.4421708984375 0.1134951171875 0.396248046875 0.1259599609375 0.3929677734375 0.1941875 0.4428271484375 0.1863154296875
9 0.667541015625 0.198916015625 0.66405078125 0.1465693359375 0.61369921875 0.135103515625 0.6151943359375 0.188447265625 0.667541015625 0.198916015625
9 0.8326044921875 0.2374892578125 0.8278310546875 0.187763671875 0.7856640625 0.177818359375 0.7896416015625 0.229533203125 0.8326044921875 0.2374892578125
9 0.9614931640625 0.268916015625 0.953537109375 0.2215771484375 0.924099609375 0.2144169921875 0.9288740234375 0.264142578125 0.9614931640625 0.268916015625
9 1 0.2804521484375 0.9961025390625 0.2327158203125 0.968654296875 0.2263505859375 0.975814453125 0.2748828125 1 0.2804521484375
9 0.9896923828125 0.4437666015625 0.975638671875 0.3691748046875 0.9313154296875 0.36376953125 0.9448291015625 0.447009765625 0.9896923828125 0.4437666015625
9 0.8545615234375 0.442685546875 0.843751953125 0.3437705078125 0.7934833984375 0.3335009765625 0.802671875 0.434578125 0.8545615234375 0.442685546875
9 1 0.552740234375 0.9595166015625 0.5487802734375 0.970265625 0.6483525390625 1 0.6415634765625 1 0.552740234375
9 0.8785283203125 0.6563251953125 0.8651826171875 0.532076171875 0.8106337890625 0.5267109375 0.819576171875 0.654587890625 0.8785283203125 0.6563251953125
9 0.6875439453125 0.8531494140625 0.6834423828125 0.756759765625 0.6762646484375 0.7521455078125 0.6490908203125 0.7480439453125 0.6362734375 0.7480439453125 0.6224296875 0.7531708984375 0.6126884765625 0.758810546875 0.6147392578125 0.855712890625 0.6875439453125 0.8531494140625
9 0.8988046875 0.8494599609375 0.89187109375 0.772384765625 0.88453125 0.762189453125 0.8755595703125 0.7572958984375 0.8596552734375 0.754033203125 0.84048828125 0.7552568359375 0.8307001953125 0.7605576171875 0.82825390625 0.764228515625 0.83437109375 0.8498671875 0.8988046875 0.8494599609375
9 0.6137783203125 0.50621875 0.6137783203125 0.638447265625 0.6759453125 0.639927734375 0.6759453125 0.5121396484375 0.6137783203125 0.50621875
9 0.3631650390625 0.504640625 0.357435546875 0.63289453125 0.4156123046875 0.63025 0.42575 0.49450390625 0.3631650390625 0.504640625
0 0.3021123046875 0.202126953125 0.2982333984375 0.21333203125 0.3008193359375 0.21591796875 0.30771484375 0.2215205078125 0.3447783203125 0.20428125 0.4008056640625 0.1922138671875 0.442609375 0.1874736328125 0.4512294921875 0.1831640625 0.4624345703125 0.1779921875 0.4663134765625 0.1779921875 0.4632958984375 0.1594599609375 0.470623046875 0.1585986328125 0.470623046875 0.144806640625 0.457693359375 0.14006640625 0.4296806640625 0.1417900390625 0.3822734375 0.1491171875 0.3434853515625 0.161615234375 0.3245224609375 0.1719580078125 0.3159033203125 0.17669921875 0.3150419921875 0.194369140625 0.3021123046875 0.202126953125
0 0.286716796875 0.3925625 0.2814443359375 0.43473828125 0.3475478515625 0.41730078125 0.4132451171875 0.41040625 0.472859375 0.409189453125 0.493947265625 0.4148671875 0.50205859375 0.3787744140625 0.4724541015625 0.3520087890625 0.4509599609375 0.349169921875 0.3929677734375 0.353630859375 0.331326171875 0.3649853515625 0.29198828125 0.3799912109375 0.2826611328125 0.384857421875 0.2850947265625 0.3921572265625 0.286716796875 0.3925625
0 0.2571416015625 0.62421484375 0.2590439453125 0.6348662109375 0.2525771484375 0.6907822265625 0.4366845703125 0.6736650390625 0.492220703125 0.67937109375 0.495263671875 0.61812890625 0.4606484375 0.6029130859375 0.438966796875 0.6002509765625 0.4363037109375 0.60101171875 0.3986455078125 0.6017724609375 0.32408984375 0.6093798828125 0.2780625 0.617748046875 0.2586630859375 0.621171875 0.2571416015625 0.6234541015625 0.2571416015625 0.62421484375
0 0.972197265625 0.4736865234375 1 0.4802724609375 0.9995546875 0.4306240234375 0.9742236328125 0.42859765625 0.9666240234375 0.4291044921875 0.963078125 0.42859765625 0.935720703125 0.4503818359375 0.9397734375 0.4898984375 0.972197265625 0.4736865234375
0 1 0.640009765625 0.971048828125 0.6491708984375 0.9802099609375 0.7087158203125 1 0.70288671875 1 0.640009765625
9 0.1408916015625 0.583634765625 0.130439453125 0.65219921875 0.1467451171875 0.65303515625 0.1567783203125 0.5861435546875 0.1408916015625 0.583634765625
9 0.128767578125 0.78891015625 0.13796484375 0.7111484375 0.12166015625 0.7094755859375 0.1103720703125 0.78807421875 0.128767578125 0.78891015625
8 0.53515234375 0.8528994140625 0.5371416015625 0.830021484375 0.5500732421875 0.7902333984375 0.5630048828125 0.7663603515625 0.589861328125 0.7444765625 0.612740234375 0.71065625 0.61075 0.6828046875 0.6177138671875 0.6708681640625 0.6327939453125 0.66225390625 0.6691220703125 0.6673232421875 0.705451171875 0.671546875 0.76374609375 0.6690126953125 0.786529296875 0.649935546875 0.802390625 0.636873046875 0.82105078125 0.6284765625 0.818251953125 0.6154140625 0.7958603515625 0.612615234375 0.767869140625 0.63407421875 0.730548828125 0.649935546875 0.72215234375 0.63407421875 0.73428125 0.606083984375 0.7576064453125 0.6014189453125 0.774400390625 0.57716015625 0.780931640625 0.5585 0.7883955078125 0.5323759765625 0.7613388671875 0.5547685546875 0.7548076171875 0.5389072265625 0.75947265625 0.50251953125 0.768802734375 0.4791943359375 0.7641376953125 0.464265625 0.750142578125 0.470796875 0.73987890625 0.5146484375 0.717486328125 0.52211328125 0.686697265625 0.542638671875 0.6568408203125 0.531443359375 0.633515625 0.54637109375 0.592462890625 0.54637109375 0.574736328125 0.5361083984375 0.6036591796875 0.50905078125 0.64564453125 0.4857255859375 0.6727021484375 0.4605341796875 0.6923056640625 0.4286572265625 0.69726171875 0.4080029296875 0.709654296875 0.392306640625 0.70221875 0.3700009765625 0.6766083984375 0.3700009765625 0.6600859375 0.393958984375 0.6344755859375 0.3964375 0.607212890625 0.389001953125 0.607212890625 0.3700009765625 0.604734375 0.3617392578125 0.6204306640625 0.344390625 0.6245615234375 0.330345703125 0.6204306640625 0.3138232421875 0.6091376953125 0.3124853515625 0.5852919921875 0.3451279296875 0.5632373046875 0.371423828125 0.5632373046875 0.3866923828125 0.53609375 0.394326171875 0.5157353515625 0.39687109375 0.50301171875 0.3866923828125 0.48095703125 0.3960224609375 0.471626953125 0.4129873046875 0.449572265625 0.4019599609375 0.433455078125 0.378208984375 0.4207314453125 0.371423828125 0.416490234375 0.4070498046875 0.404615234375 0.417228515625 0.377470703125 0.394326171875 0.359658203125 0.4011123046875 0.359658203125 0.417228515625 0.3431025390625 0.4331162109375 0.3391494140625 0.4433935546875 0.3431025390625 0.4623671875 0.358123046875 0.46473828125 0.374724609375 0.47264453125 0.39451953125 0.48034375 0.4096552734375 0.47985546875 0.4179560546875 0.4891328125 0.4238154296875 0.497921875 0.432115234375 0.5120810546875 0.444322265625 0.5150107421875 0.454576171875 0.5208701171875 0.4643408203125 0.5252646484375 0.4760595703125 0.5252646484375 0.4877548828125 0.528484375 0.49006640625 0.542353515625 0.4954599609375 0.5477470703125 0.512412109375 0.54389453125 0.5409228515625 0.55853515625 0.54631640625 0.58550390625 0.5455458984375 0.5901279296875 0.5409228515625 0.5901279296875 0.5339873046875 0.582421875 0.530134765625 0.5754873046875 0.5162646484375 0.58550390625 0.408388671875 0.574716796875 0.3968310546875 0.571634765625 0.381419921875 0.56469921875 0.35059765625 0.5277138671875 0.3259404296875 0.4922685546875 0.3051357421875 0.483021484375 0.3182353515625 0.497662109375 0.319005859375 0.5053671875 0.3228583984375 0.5176962890625 0.332875 0.5254013671875 0.3467451171875 0.539271484375 0.34443359375 0.5462060546875 0.3390400390625 0.5446650390625 0.34443359375 0.5785693359375 0.3536796875 0.5770283203125 0.372943359375 0.5862744140625 0.4122412109375 0.5916689453125 0.4939189453125 0.5970625 0.51703515625 0.6032265625 0.51934765625 0.6263427734375 0.512412109375 0.6425244140625 0.49006640625 0.6471474609375 0.4684912109375 0.6471474609375 0.4538505859375 0.643294921875 0.44229296875 0.6348193359375 0.437669921875 0.6301962890625 0.4299638671875 0.619408203125 0.4237998046875 0.6186376953125 0.408388671875 0.62403125 0.4060771484375 0.6394423828125 0.393748046875 0.6456064453125 0.3675498046875 0.640212890625 0.3559912109375 0.6363603515625 0.339810546875 0.62942578125 0.3351865234375 0.62403125 0.3274814453125 0.6070791015625 0.3182353515625 0.5916689453125 0.313611328125 0.5885859375 0.291265625 0.58550390625 0.27354296875 0.577798828125 0.2904951171875 0.6070791015625 0.2904951171875 0.6217197265625 0.2935771484375 0.637130859375 0.301283203125 0.6471474609375 0.3082177734375 0.65023046875 0.320546875 0.65023046875 0.3468701171875 0.6842548828125 0.359994140625 0.6926923828125 0.390931640625 0.70206640625 0.4153056640625 0.71800390625 0.4312431640625 0.73487890625 0.4462431640625 0.75550390625 0.4584306640625 0.7705029296875 0.4678056640625 0.7873779296875 0.4687431640625 0.8145654296875 0.4649931640625 0.841751953125 0.4593681640625 0.852064453125 0.4518681640625 0.850189453125 0.4396806640625 0.841751953125 0.4284306640625 0.839876953125 0.4153056640625 0.856751953125 0.405931640625 0.852064453125 0.405931640625 0.839876953125 0.401244140625 0.8201904296875 0.390931640625 0.8098779296875 0.374056640625 0.8089404296875 0.374056640625 0.8230029296875 0.362806640625 0.8201904296875 0.3346826171875 0.8276904296875 0.3253076171875 0.8155029296875 0.3065576171875 0.7967529296875 0.2868701171875 0.7976904296875 0.26812109375 0.8023779296875 0.25499609375 0.8108154296875 0.25499609375 0.8258154296875 0.26249609375 0.8258154296875 0.27843359375 0.8220654296875 0.2943701171875 0.831439453125 0.2868701171875 0.848314453125 0.2943701171875 0.859564453125 0.2981201171875 0.880189453125 0.2934326171875 0.886751953125 0.2868701171875 0.9036259765625 0.2887451171875 0.9251884765625 0.2999951171875 0.9411259765625 0.2953076171875 0.999890625 0.358119140625 0.999890625 1 0.999890625 0.997484375 0.850189453125 0.53515234375 0.8528994140625
6 0.05782421875 1 0 0.9858857421875 0 1 0.05782421875 1
4 0.105703125 1 0.1091376953125 0.9669716796875 0.0782275390625 0.9650634765625 0.0614375 0.9994072265625 0.105703125 1
8 0.0004931640625 0.759837890625 0.0044404296875 0.759837890625 0.0113486328125 0.7588505859375 0.016775390625 0.7539169921875 0.0172685546875 0.7460224609375 0.0192421875 0.7450361328125 0.0212158203125 0.7381279296875 0.0177626953125 0.7356611328125 0.0138154296875 0.736154296875 0.00789453125 0.7371416015625 0.00148046875 0.73516796875 0.0004931640625 0.759837890625
9 0.3743408203125 0.9091826171875 0.376263671875 0.8649736328125 0.404615234375 0.8606484375 0.4113427734375 0.7578125 0.3993291015625 0.75396875 0.3815498046875 0.7510849609375 0.3652109375 0.7520458984375 0.349353515625 0.75541015625 0.340703125 0.7606962890625 0.328208984375 0.9082216796875 0.3743408203125 0.9091826171875