9 0.4583974609375 0.431103515625 0.4557548828125 0.552662109375 0.5232958984375 0.5691064453125 0.5209462890625 0.452541015625 0.4583974609375 0.431103515625
9 0.4644248046875 0.22296484375 0.461814453125 0.3166650390625 0.5231630859375 0.34329296875 0.5218583984375 0.251681640625 0.4644248046875 0.22296484375
9 0.47016796875 0.06500390625 0.469646484375 0.110427734375 0.5179423828125 0.1365341796875 0.518203125 0.09450390625 0.47016796875 0.06500390625
9 0.7071875 0.220916015625 0.7034951171875 0.2153134765625 0.69547265625 0.20691015625 0.6859228515625 0.20092578125 0.6832490234375 0.2015625 0.6879609375 0.2438359375 0.7108798828125 0.25644140625 0.708078125 0.2230810546875 0.7071875 0.220916015625
9 0.7846025390625 0.22284375 0.7739150390625 0.206021484375 0.761447265625 0.19335546875 0.7509580078125 0.18533984375 0.74284375 0.183064453125 0.7362138671875 0.1840537109375 0.7388857421875 0.225416015625 0.7911328125 0.2577734375 0.7916279296875 0.2565859375 0.788857421875 0.235806640625 0.7846025390625 0.22284375
9 0.746158203125 0.2810771484375 0.7546201171875 0.3549765625 0.8084423828125 0.380361328125 0.7987314453125 0.3107255859375 0.746158203125 0.2810771484375
9 0.8413681640625 0.3006796875 0.837765625 0.295216796875 0.8321865234375 0.291962890625 0.8271884765625 0.2909169921875 0.83253515625 0.3296201171875 0.848109375 0.3350830078125 0.8442744140625 0.306375 0.8413681640625 0.3006796875
9 0.7634599609375 0.428287109375 0.7749140625 0.529591796875 0.83237890625 0.5486826171875 0.8184423828125 0.452341796875 0.7634599609375 0.428287109375
9 0.8585341796875 0.4153046875 0.8690341796875 0.4849873046875 0.8948076171875 0.49548828125 0.8825888671875 0.42599609375 0.8585341796875 0.4153046875
9 0.78515625 0.611025390625 0.8003603515625 0.7413671875 0.8630029296875 0.752314453125 0.8449599609375 0.6282568359375 0.78515625 0.611025390625
9 0.8838837890625 0.5723076171875 0.900912109375 0.6655478515625 0.927064453125 0.6698056640625 0.9114541015625 0.5822275390625 0.8838837890625 0.5723076171875
9 0.924923828125 0.8558759765625 0.9283173828125 0.87844921875 0.956498046875 0.8772685546875 0.9539892578125 0.8536630859375 0.924923828125 0.8558759765625
9 0.939677734375 0.784466796875 0.93230078125 0.7734013671875 0.9253671875 0.7686796875 0.921087890625 0.767794921875 0.9165146484375 0.77059765625 0.914154296875 0.78092578125 0.9200556640625 0.821056640625 0.9469072265625 0.823859375 0.9430712890625 0.797892578125 0.939677734375 0.784466796875
9 0.9830751953125 0.6122783203125 0.99994140625 0.6835458984375 1 0.6171748046875 0.9833876953125 0.610873046875 0.9830751953125 0.6122783203125
9 0.952162109375 0.4651826171875 0.9683359375 0.5314033203125 0.9859208984375 0.536794921875 0.9702607421875 0.4748095703125 0.952162109375 0.4651826171875
9 1 0.4876513671875 0.9869638671875 0.4820595703125 1 0.537740234375 1 0.4876513671875
9 0.9537431640625 0.3916025390625 0.9466669921875 0.3550888671875 0.931806640625 0.3474462890625 0.938599609375 0.3841015625 0.9537431640625 0.3916025390625
9 0.9854794921875 0.4101904296875 0.975861328125 0.3728115234375 0.9621025390625 0.36501953125 0.9689208984375 0.4009365234375 0.9854794921875 0.4101904296875
9 0.6641611328125 0.3181484375 0.6694462890625 0.40079296875 0.7091796875 0.41683203125 0.7026181640625 0.33718359375 0.6641611328125 0.3181484375
9 0.6787421875 0.501330078125 0.6853037109375 0.60711328125 0.729228515625 0.6176845703125 0.719568359375 0.516275390625 0.6787421875 0.501330078125
9 0.7280322265625 0.74484375 0.7183134765625 0.737513671875 0.71140234375 0.734921875 0.7025478515625 0.7342744140625 0.6971484375 0.7347060546875 0.68958984375 0.7433447265625 0.6969326171875 0.871435546875 0.745525390625 0.8727314453125 0.73688671875 0.776806640625 0.734294921875 0.7562900390625 0.7280322265625 0.74484375
9 0.5136328125 0.7186953125 0.504986328125 0.71054296875 0.49559765625 0.7028837890625 0.4797861328125 0.701154296875 0.4661982421875 0.7014013671875 0.4558212890625 0.7053544921875 0.44445703125 0.7209189453125 0.4422333984375 0.8642080078125 0.5188212890625 0.8666787109375 0.51857421875 0.728578125 0.5136328125 0.7186953125
8 0.3656025390625 1 0.3656025390625 0.9869794921875 0.3656025390625 0.9673046875 0.3682451171875 0.9499794921875 0.387626953125 0.9212001953125 0.3935 0.90327734375 0.3932060546875 0.8971103515625 0.387919921875 0.89681640625 0.3738251953125 0.915904296875 0.3656025390625 0.927650390625 0.3647216796875 0.9206025390625 0.3688330078125 0.9088564453125 0.371181640625 0.89182421875 0.369419921875 0.882720703125 0.3741181640625 0.8703876953125 0.3732373046875 0.8589345703125 0.3628369140625 0.836837890625 0.3605791015625 0.8199091796875 0.3532431640625 0.808623046875 0.357591796875 0.8028427734375 0.3798544921875 0.792638671875 0.3815966796875 0.7848837890625 0.3768525390625 0.78352734375 0.35482421875 0.789966796875 0.3507578125 0.785900390625 0.380580078125 0.7408271484375 0.3900693359375 0.7370986328125 0.398880859375 0.7350654296875 0.4185703125 0.7374814453125 0.423947265625 0.74550390625 0.4222353515625 0.7533798828125 0.4253173828125 0.7561201171875 0.433193359375 0.7489287109375 0.44209765625 0.7513251953125 0.4544248046875 0.75577734375 0.4664111328125 0.75577734375 0.471205078125 0.7492705078125 0.4790810546875 0.73933984375 0.4821630859375 0.7294091796875 0.495861328125 0.7201630859375 0.5078466796875 0.7160537109375 0.5181201171875 0.71468359375 0.526681640625 0.72084765625 0.5393515625 0.717765625 0.55270703125 0.70441015625 0.5684599609375 0.698931640625 0.5893486328125 0.6951640625 0.5965400390625 0.68386328125 0.609552734375 0.686603515625 0.6140048828125 0.6800966796875 0.6359208984375 0.6770146484375 0.6348935546875 0.672220703125 0.61229296875 0.672220703125 0.619826171875 0.662974609375 0.6390029296875 0.6540712890625 0.636109375 0.6514462890625 0.620017578125 0.6511943359375 0.6011611328125 0.6682919921875 0.5918583984375 0.670302734375 0.5805439453125 0.6801083984375 0.5719951171875 0.683376953125 0.5926123046875 0.6604970703125 0.5971376953125 0.6594921875 0.6046806640625 0.6532060546875 0.6225322265625 0.6408857421875 0.637115234375 0.6328408203125 0.64516015625 0.628314453125 0.6466689453125 0.62177734375 0.6486806640625 0.6122236328125 0.642646484375 0.609708984375 0.6250458984375 0.6225322265625 0.620017578125 0.625548828125 0.6132294921875 0.62303515625 0.6076982421875 0.6293203125 0.5916064453125 0.644154296875 0.5812978515625 0.64918359375 0.576521484375 0.6559716796875 0.569732421875 0.6622578125 0.561435546875 0.6755830078125 0.54735546875 0.688154296875 0.53428125 0.693685546875 0.522966796875 0.6982119140625 0.5254814453125 0.6871484375 0.522966796875 0.6813662109375 0.535287109375 0.6645205078125 0.53629296875 0.6587373046875 0.533275390625 0.658234375 0.5217099609375 0.6642685546875 0.5189443359375 0.658234375 0.5179384765625 0.652955078125 0.525984375 0.6459150390625 0.533275390625 0.6439033203125 0.5357900390625 0.6391259765625 0.5526357421875 0.6401318359375 0.548361328125 0.632337890625 0.5551494140625 0.635103515625 0.5619384765625 0.6335947265625 0.5775263671875 0.6363603515625 0.5946240234375 0.6298232421875 0.5926123046875 0.6263037109375 0.567720703125 0.6300751953125 0.56520703125 0.6290693359375 0.5709892578125 0.624041015625 0.5812978515625 0.61473828125 0.6019150390625 0.6074462890625 0.6019150390625 0.6039267578125 0.593869140625 0.6016640625 0.5747607421875 0.6099609375 0.555904296875 0.6273095703125 0.5543955078125 0.624041015625 0.5760185546875 0.6011611328125 0.58456640625 0.5936181640625 0.582806640625 0.5898466796875 0.5742578125 0.592361328125 0.5564072265625 0.6094580078125 0.548361328125 0.6127265625 0.5694814453125 0.580794921875 0.580041015625 0.5707236328125 0.5787841796875 0.5669521484375 0.5471044921875 0.601900390625 0.538806640625 0.61195703125 0.5347841796875 0.599888671875 0.537046875 0.590333984375 0.5493671875 0.570974609375 0.547607421875 0.5697177734375 0.5355380859375 0.5790205078125 0.524978515625 0.5961171875 0.5196982421875 0.5973740234375 0.521458984375 0.5752490234375 0.5199501953125 0.547591796875 0.518693359375 0.517435546875 0.5141669921875 0.5010927734375 0.5096416015625 0.5078818359375 0.51014453125 0.55967578125 0.499466796875 0.5645576171875 0.4798095703125 0.58292578125 0.4736875 0.580669921875 0.4656318359375 0.56198046875 0.4598310546875 0.555857421875 0.46788671875 0.5526357421875 0.4810986328125 0.556501953125 0.4814208984375 0.5490908203125 0.46788671875 0.540068359375 0.47175390625 0.5297568359375 0.4814208984375 0.53458984375 0.4868994140625 0.532333984375 0.4814208984375 0.5233115234375 0.4553203125 0.521056640625 0.4653095703125 0.517189453125 0.4788427734375 0.5101005859375 0.4807763671875 0.5042998046875 0.4662763671875 0.5042998046875 0.453064453125 0.510744140625 0.4553203125 0.498177734375 0.4672431640625 0.4665986328125 0.471431640625 0.4363076171875 0.4656318359375 0.4404970703125 0.45338671875 0.4620869140625 0.4366298828125 0.51493359375 0.430830078125 0.53265625 0.4205185546875 0.5481240234375 0.4021513671875 0.5664912109375 0.388939453125 0.5587578125 0.39055078125 0.5681025390625 0.3860390625 0.57519140625 0.3776611328125 0.5758359375 0.382494140625 0.5613359375 0.3957060546875 0.5478017578125 0.413751953125 0.53716796875 0.413751953125 0.5339453125 0.40762890625 0.53330078125 0.41149609375 0.5229892578125 0.4201962890625 0.5233115234375 0.4218076171875 0.517833984375 0.4160068359375 0.517189453125 0.4382412109375 0.490765625 0.4359853515625 0.4849658203125 0.4185849609375 0.49141015625 0.4021513671875 0.4972109375 0.4205185546875 0.4585419921875 0.4185849609375 0.453064453125 0.3944169921875 0.4865771484375 0.4195517578125 0.4421083984375 0.4176181640625 0.4359853515625 0.411818359375 0.4366298828125 0.38926171875 0.471431640625 0.3812060546875 0.496244140625 0.3763720703125 0.47562109375 0.36573828125 0.45209765625 0.3612265625 0.4578974609375 0.369283203125 0.4885107421875 0.3728271484375 0.5007548828125 0.3612265625 0.498177734375 0.33933984375 0.48523046875 0.3336181640625 0.4888056640625 0.3472060546875 0.502751953125 0.3203876953125 0.508115234375 0.323248046875 0.4927392578125 0.3432724609375 0.470927734375 0.3572177734375 0.4509033203125 0.3568603515625 0.4426787109375 0.3522119140625 0.4394609375 0.3429150390625 0.4476845703125 0.3236064453125 0.454478515625 0.3200302734375 0.439818359375 0.2950263671875 0.44017578125 0.285013671875 0.4290908203125 0.2785771484375 0.4344541015625 0.2825107421875 0.4433935546875 0.2606982421875 0.45412109375 0.26677734375 0.4062060546875 0.2692802734375 0.362861328125 0.261771484375 0.358212890625 0.256765625 0.4050556640625 0.25283203125 0.4265107421875 0.2510439453125 0.4039833984375 0.2453232421875 0.406486328125 0.2421044921875 0.4272255859375 0.2142138671875 0.4136376953125 0.212068359375 0.419716796875 0.2396015625 0.437953125 0.24353515625 0.448400390625 0.24425 0.459484375 0.2013408203125 0.459484375 0.173794921875 0.4372197265625 0.155212890625 0.38366015625 0.1360849609375 0.3552412109375 0.124607421875 0.368904296875 0.1202353515625 0.3891259765625 0.13991015625 0.4186376953125 0.1541201171875 0.4623603515625 0.1655966796875 0.4771162109375 0.1967490234375 0.4924189453125 0.2027607421875 0.4984306640625 0.195109375 0.5022568359375 0.1759814453125 0.509361328125 0.161224609375 0.503896484375 0.1568525390625 0.509361328125 0.1694228515625 0.53067578125 0.170515625 0.551443359375 0.1584921875 0.551990234375 0.145921875 0.540513671875 0.14045703125 0.5470712890625 0.15248046875 0.5623740234375 0.1525595703125 0.5747705078125 0.1379833984375 0.5854599609375 0.12923828125 0.5767138671875 0.1379833984375 0.5611669921875 0.1355546875 0.54610546875 0.123408203125 0.539302734375 0.1102900390625 0.53590234375 0.09085546875 0.5470771484375 0.0816240234375 0.551935546875 0.08308203125 0.53347265625 0.081138671875 0.513552734375 0.0835673828125 0.4960615234375 0.082595703125 0.4800283203125 0.077251953125 0.4654521484375 0.0660771484375 0.45525 0.05004296875 0.4518486328125 0.0378974609375 0.4635087890625 0.030123046875 0.47468359375 0.0111748046875 0.513552734375 0.0068017578125 0.52326953125 0 0.53347265625 0 1 0.3656025390625 1
8 0.7671103515625 0.9937626953125 0.7711630859375 0.9940517578125 0.778689453125 0.9983935546875 0.9237158203125 1 0.921978515625 0.9957890625 0.9225576171875 0.9798671875 0.92342578125 0.9723408203125 0.9213994140625 0.964236328125 0.9147412109375 0.959025390625 0.911267578125 0.9442626953125 0.90663671875 0.936736328125 0.8938935546875 0.93297265625 0.8811572265625 0.9283408203125 0.8687099609375 0.923419921875 0.8562626953125 0.9170517578125 0.84497265625 0.9170517578125 0.8359990234375 0.9196572265625 0.8276044921875 0.9193671875 0.8180517578125 0.914736328125 0.8093681640625 0.9173408203125 0.8041572265625 0.92197265625 0.7943154296875 0.919078125 0.7879462890625 0.920525390625 0.780130859375 0.9193671875 0.7671044921875 0.9182099609375 0.7592890625 0.9184990234375 0.7532099609375 0.9251572265625 0.7534990234375 0.9323935546875 0.7561044921875 0.939919921875 0.758419921875 0.9459990234375 0.7561044921875 0.9500517578125 0.75697265625 0.9596044921875 0.7630517578125 0.9708935546875 0.7613154296875 0.9801572265625 0.7630517578125 0.9911572265625 0.7671103515625 0.9937626953125
3 0 1 0.4347666015625 0.9999638671875 0.4404599609375 0.938630859375 0.442650390625 0.9352958984375 0.440712890625 0.9298037109375 0.4405166015625 0.919970703125 0.436779296875 0.9174140625 0.4340263671875 0.919578125 0.4334365234375 0.9300009765625 0.430486328125 0.934720703125 0.429896484375 0.9380634765625 0.409640625 0.939833984375 0.407673828125 0.9368837890625 0.4029541015625 0.9368837890625 0.401578125 0.939833984375 0 0.9514365234375 0 1
9 0.845251953125 0.878740234375 0.8395791015625 0.8728837890625 0.8335400390625 0.8705048828125 0.8291484375 0.871419921875 0.8278671875 0.880935546875 0.827318359375 0.89484375 0.83152734375 0.9195478515625 0.839212890625 0.9188154296875 0.843421875 0.916986328125 0.851107421875 0.915705078125 0.850009765625 0.89118359375 0.845251953125 0.878740234375
4 0.7982724609375 0.851642578125 0.8022177734375 0.8551728515625 0.808240234375 0.8549658203125 0.81384765625 0.8466591796875 0.819662109375 0.848943359375 0.8275537109375 0.851642578125 0.832537109375 0.8485283203125 0.837521484375 0.8518505859375 0.842505859375 0.8466591796875 0.84707421875 0.8499814453125 0.8530966796875 0.8447900390625 0.8580810546875 0.847697265625 0.865556640625 0.84208984375 0.8715791015625 0.84707421875 0.8753173828125 0.844375 0.8798857421875 0.8483203125 0.8836240234375 0.844998046875 0.888400390625 0.8479052734375 0.892345703125 0.8441669921875 0.8969873046875 0.849033203125 0.89757421875 0.8602958984375 0.9022685546875 0.8616650390625 0.905201171875 0.8585361328125 0.910873046875 0.8616650390625 0.91576171875 0.8575576171875 0.9206513671875 0.859904296875 0.926126953125 0.856775390625 0.9300380859375 0.8589267578125 0.9370791015625 0.856189453125 0.9413818359375 0.85775390625 0.946662109375 0.8544287109375 0.9542890625 0.8544287109375 0.959177734375 0.8511044921875 0.958861328125 0.8331123046875 0.9576875 0.8270498046875 0.8458173828125 0.806466796875 0.7959423828125 0.824998046875 0.798001953125 0.85130859375 0.7982724609375 0.851642578125
2 0.37347265625 0 0.3439482421875 0.034162109375 0.340541015625 0.0375673828125 0.33826953125 0.043810546875 0.338837890625 0.05573046875 0.2833779296875 0.1294150390625 0.2389794921875 0.1069482421875 0.229935546875 0.10722265625 0.2260986328125 0.110509765625 0.12716015625 0.2663310546875 0.1252421875 0.2772900390625 0.1241455078125 0.28633203125 0.0810947265625 0.432673828125 0.08409765625 0.4560859375 0.0648359375 1 1 1 1 0.3574375 0.9861318359375 0.357716796875 0.9209375 0.3155830078125 0.9041953125 0.315025390625 0.8827099609375 0.2993994140625 0.8088896484375 0.161279296875 0.71738671875 0.096265625 0.671904296875 0.1317021484375 0.663533203125 0.1333759765625 0.65739453125 0.1275166015625 0.6378623046875 0.1420263671875 0.545443359375 0.0829072265625 0.5486328125 0.0766982421875 0.5494716796875 0.072501953125 0.5483330078125 0.0702275390625 0.5312724609375 0.058126953125 0.5195673828125 0.03352734375 0.4810810546875 0.008728515625 0.4470009765625 0.016982421875 0.4146376953125 0 0.37347265625 0