8 0.09712890625 0.83503125 0.112501953125 0.8413203125 0.1090078125 0.8615849609375 0.101322265625 0.9691953125 0.1041171875 0.9901591796875 0.1173935546875 0.99365234375 0.173994140625 0.9985439453125 0.52185546875 1 0.5765361328125 0.96865234375 0.6776630859375 0.9078876953125 0.7591181640625 0.8858271484375 0.8268740234375 0.8770556640625 0.887091796875 0.8753828125 0.99860546875 0.874267578125 1 0.81057421875 0.9607607421875 0.8067783203125 0.911458984375 0.796560546875 0.8699404296875 0.8004228515625 0.8284228515625 0.8052509765625 0.745541015625 0.8044150390625 0.6867685546875 0.7999140625 0.6429130859375 0.787634765625 0.5788857421875 0.7920205078125 0.4657607421875 0.7923828125 0.4191044921875 0.788607421875 0.36768359375 0.78633203125 0.3411865234375 0.781767578125 0.3080546875 0.7810625 0.2742177734375 0.78740625 0.26998828125 0.7867021484375 0.2368564453125 0.7810625 0.2107744140625 0.7810625 0.1670849609375 0.782123046875 0.1233623046875 0.780357421875 0.08388671875 0.7810625 0.0704931640625 0.788111328125 0.0697880859375 0.8029150390625 0.0697880859375 0.8325224609375 0.09712890625 0.83503125
2 0 0 0.0003505859375 0.789130859375 0.0371552734375 0.7920517578125 0.03808984375 0.7928701171875 0.038162109375 0.7997529296875 0.04075 0.7996640625 0.0237265625 0.8731435546875 0.00105078125 0.9361220703125 0 0.9990947265625 0.0262685546875 1 0.0517822265625 0.838615234375 0.0669375 0.829142578125 0.0694755859375 0.7997119140625 0.0702841796875 0.7876416015625 0.083271484375 0.780001953125 0.1119140625 0.779484375 0.12607421875 0.77998046875 0.165328125 0.7802197265625 0.170013671875 0.7806591796875 0.2214921875 0.7796865234375 0.240357421875 0.7803603515625 0.2689453125 0.78564453125 0.27275390625 0.78740234375 0.27451171875 0.787109375 0.27880859375 0.7861328125 0.287109375 0.78447265625 0.30107421875 0.78173828125 0.30679296875 0.7804814453125 0.3129580078125 0.780587890625 0.33798828125 0.78095703125 0.347435546875 0.7820322265625 0.3679345703125 0.7851328125 0.4212529296875 0.7879384765625 0.46806640625 0.79169921875 0.47470703125 0.79287109375 0.48994140625 0.7919921875 0.5269580078125 0.7909306640625 0.53913671875 0.7904365234375 0.57700390625 0.7911572265625 0.599189453125 0.7896904296875 0.6378759765625 0.7871240234375 0.65183984375 0.7878662109375 0.6869345703125 0.7982041015625 0.7410732421875 0.80228515625 0.797341796875 0.8030537109375 0.8483134765625 0.801873046875 0.8754892578125 0.7993212890625 0.9124765625 0.7962841796875 0.92459375 0.7987880859375 0.988154296875 0.808841796875 1 0.8101318359375 0.998509765625 0 0 0
1 1 0.8779140625 0.8275146484375 0.8791796875 0.7538876953125 0.8898203125 0.681333984375 0.9098349609375 0.5337255859375 1 1 1 1 0.8779140625
8 0.0007529296875 0.927384765625 0.0143017578125 0.8972744140625 0.02258203125 0.87017578125 0.0376376953125 0.8061923828125 0.0376376953125 0.7933955078125 0 0.7896318359375 0.0007529296875 0.927384765625
9 0.9124755859375 0.79510546875 0.957265625 0.8045869140625 0.99941015625 0.809681640625 1 0.6896494140625 0.994119140625 0.649056640625 0.83534765625 0.6520205078125 0.84872265625 0.800990234375 0.9124755859375 0.79510546875
9 0.27303515625 0.7866357421875 0.2805419921875 0.7851533203125 0.3065009765625 0.7801435546875 0.340658203125 0.78037109375 0.3474892578125 0.781509765625 0.3493115234375 0.7535009765625 0.2700673828125 0.7546396484375 0.26983984375 0.78492578125 0.27303515625 0.7866357421875
9 0.369771484375 0.7147451171875 0.3703994140625 0.689005859375 0.32362890625 0.6893193359375 0.3226865234375 0.71505859375 0.369771484375 0.7147451171875
9 0.300859375 0.71749609375 0.301654296875 0.6912822265625 0.2466455078125 0.6918779296875 0.24565234375 0.71749609375 0.300859375 0.71749609375
9 0.0387236328125 0.79144140625 0.0387236328125 0.798791015625 0.0692509765625 0.799638671875 0.0695341796875 0.7869189453125 0.0831015625 0.779287109375 0.114498046875 0.7782802734375 0.126369140625 0.679044921875 0.048111328125 0.68208984375 0.0308095703125 0.79059375 0.0387236328125 0.79144140625
9 0.1732080078125 0.6162880859375 0.18891015625 0.476935546875 0.129767578125 0.4823837890625 0.11040234375 0.62217578125 0.1732080078125 0.6162880859375
9 0.303638671875 0.5157705078125 0.307244140625 0.4478330078125 0.2664814453125 0.4481103515625 0.2602109375 0.515626953125 0.303638671875 0.5157705078125
9 0.336587890625 0.511345703125 0.3972734375 0.5055068359375 0.399150390625 0.4371044921875 0.3405498046875 0.4408583984375 0.336587890625 0.511345703125
9 0.56215234375 0.4410234375 0.4770341796875 0.4489736328125 0.4737607421875 0.6019052734375 0.563087890625 0.597228515625 0.56215234375 0.4410234375
9 0.830236328125 0.52579296875 0.9691904296875 0.51462109375 0.9536201171875 0.3758349609375 0.8204599609375 0.3917265625 0.830236328125 0.52579296875
9 0.812658203125 0.2692138671875 0.9394375 0.2481796875 0.9268173828125 0.1360078125 0.8034609375 0.160525390625 0.812658203125 0.2692138671875
9 0.912001953125 0.0200107421875 0.909576171875 0.001212890625 0.7937568359375 0 0.7961826171875 0.044265625 0.912001953125 0.0200107421875
9 0.506748046875 0.790255859375 0.5967294921875 0.789 0.5910419921875 0.6588935546875 0.47807421875 0.662126953125 0.4749873046875 0.7925458984375 0.506748046875 0.790255859375
9 0.20594921875 0.385484375 0.2096640625 0.272810546875 0.1362587890625 0.28444140625 0.124681640625 0.3967783203125 0.20594921875 0.385484375
9 0.406177734375 0.2414833984375 0.355994140625 0.250240234375 0.3539736328125 0.282236328125 0.404830078125 0.27853125 0.406177734375 0.2414833984375
9 0.478392578125 0.242001953125 0.476896484375 0.35047265625 0.571154296875 0.3385029296875 0.56591796875 0.2270400390625 0.478392578125 0.242001953125
9 0.5680029296875 0.1133173828125 0.565169921875 0.0519375 0.5420341796875 0.0576025390625 0.5382568359375 0.02974609375 0.473099609375 0.0443828125 0.4721552734375 0.130314453125 0.5680029296875 0.1133173828125
9 0.3614501953125 0.1540341796875 0.411572265625 0.1434384765625 0.414423828125 0.0603095703125 0.3659326171875 0.072126953125 0.3614501953125 0.1540341796875
0 0.2674443359375 0.1711103515625 0.5914833984375 0.11005859375 0.603068359375 0.1261484375 0.6013115234375 0.0851416015625 0.61136328125 0.082185546875 0.6184580078125 0.0780458984375 0.604859375 0.034884765625 0.5989462890625 0.021876953125 0.55728515625 0.027158203125 0.4754521484375 0.0472451171875 0.105326171875 0.136923828125 0.0438857421875 0.14687109375 0.0438857421875 0.162669921875 0.053814453125 0.1699072265625 0.050322265625 0.2141630859375 0.2674443359375 0.1711103515625
0 0.59669921875 0.3367783203125 0.6036865234375 0.348423828125 0.602646484375 0.3037294921875 0.6079404296875 0.295546875 0.6204560546875 0.294583984375 0.6185302734375 0.2864013671875 0.6036083984375 0.245005859375 0.592056640625 0.24404296875 0.581466796875 0.2329716796875 0.56943359375 0.233453125 0.5639873046875 0.2460595703125 0.3883466796875 0.27580078125 0.25601171875 0.2974443359375 0.0308671875 0.328724609375 0.0108193359375 0.3347705078125 0.0111376953125 0.346544921875 0.0257763671875 0.3538642578125 0.022708984375 0.4080146484375 0.59669921875 0.3367783203125
0 0.001236328125 0.627193359375 0.595794921875 0.59621484375 0.6088291015625 0.6046240234375 0.607728515625 0.541033203125 0.612615234375 0.5355712890625 0.621814453125 0.532984375 0.62296484375 0.52091015625 0.607728515625 0.49963671875 0.603412109375 0.497453125 0 0.5447431640625 0.001236328125 0.627193359375