9 0.1908349609375 0.418478515625 0.1939677734375 0.303873046875 0.014880859375 0.305701171875 0.0088759765625 0.4195224609375 0.1908349609375 0.418478515625
9 0.2179521484375 0.3064580078125 0.216748046875 0.41874609375 0.451208984375 0.4179384765625 0.451208984375 0.30798828125 0.2179521484375 0.3064580078125
9 0.69458203125 0.417470703125 0.6904609375 0.3026083984375 0.4780302734375 0.3021943359375 0.4797275390625 0.4178818359375 0.69458203125 0.417470703125
9 0.964044921875 0.4239248046875 0.95343359375 0.290751953125 0.7490869140625 0.2920654296875 0.755361328125 0.4236259765625 0.964044921875 0.4239248046875
9 0.999857421875 0.4240400390625 1 0.290009765625 0.9629638671875 0.2903212890625 0.9751064453125 0.4243515625 0.999857421875 0.4240400390625
9 0.4358115234375 0.6465380859375 0.43298046875 0.56038671875 0.275724609375 0.5589599609375 0.27121875 0.6439306640625 0.4358115234375 0.6465380859375
9 0.65175390625 0.6436923828125 0.6465947265625 0.550814453125 0.5575869140625 0.5488798828125 0.4766416015625 0.5495244140625 0.475029296875 0.6407900390625 0.65175390625 0.6436923828125
9 0.983185546875 0.6460615234375 0.9704736328125 0.505685546875 0.75991015625 0.50623828125 0.7670947265625 0.6438505859375 0.983185546875 0.6460615234375
9 1 0.6532900390625 0.9998310546875 0.50665234375 0.9825986328125 0.50665234375 0.995130859375 0.653603515625 1 0.6532900390625
9 0.42410546875 0.7989873046875 0.421880859375 0.7931474609375 0.421880859375 0.7873076171875 0.43383984375 0.787029296875 0.4343955078125 0.72334375 0.260025390625 0.718337890625 0.258357421875 0.79481640625 0.42410546875 0.7989873046875
9 0.4949453125 0.788806640625 0.504345703125 0.7965712890625 0.50475390625 0.801884765625 0.5002587890625 0.801884765625 0.5002587890625 0.825181640625 0.545625 0.8259990234375 0.5492421875 0.8224873046875 0.5564501953125 0.820259765625 0.5615615234375 0.8173759765625 0.5654931640625 0.813837890625 0.5696865234375 0.811609375 0.5761083984375 0.810037109375 0.5888203125 0.810037109375 0.5948486328125 0.8095126953125 0.5987802734375 0.807546875 0.604546875 0.8064990234375 0.6079541015625 0.80728515625 0.611361328125 0.8093818359375 0.616037109375 0.8061826171875 0.6218759765625 0.7984501953125 0.62534765625 0.7916650390625 0.629765625 0.787404296875 0.6330791015625 0.7855107421875 0.6386025390625 0.7855107421875 0.645072265625 0.7855107421875 0.6475966796875 0.7831435546875 0.6537294921875 0.7849091796875 0.6572744140625 0.813666015625 0.6600322265625 0.81346875 0.6572744140625 0.73389453125 0.6088212890625 0.7319248046875 0.467970703125 0.73076953125 0.4687880859375 0.787580078125 0.4949453125 0.788806640625
6 1 0.8802275390625 0.3942841796875 0.8654228515625 0.3902783203125 0.865787109375 0.3815361328125 0.8615986328125 0.305748046875 0.83515625 0.28837890625 0.82706640625 0.2750546875 0.8251630859375 0.2469775390625 0.8251630859375 0.2208291015625 0.8247685546875 0.2108818359375 0.824484375 0 0.820140625 0 1 1 0.999408203125 1 0.8802275390625
8 0.2731826171875 0.818130859375 0.2838125 0.8184853515625 0.295859375 0.821673828125 0.30436328125 0.82592578125 0.32349609375 0.8333662109375 0.355740234375 0.8425791015625 0.3880810546875 0.8539560546875 0.4077529296875 0.8548505859375 0.671890625 0.8621357421875 0.698802734375 0.86283203125 0.7041396484375 0.8621357421875 0.715275390625 0.8646875 0.7431162109375 0.863759765625 0.7404306640625 0.8701435546875 0.7511923828125 0.87162890625 0.757501953125 0.872927734375 0.7630693359375 0.871814453125 0.7630693359375 0.8643916015625 0.7782861328125 0.8649482421875 0.782740234375 0.8662470703125 0.786265625 0.871072265625 0.7912763671875 0.875154296875 0.79944140625 0.875154296875 0.8042666015625 0.873484375 0.803859375 0.8700947265625 0.8071982421875 0.86617578125 0.860673828125 0.86617578125 0.864634765625 0.8683759765625 0.87013671875 0.8732177734375 0.8747578125 0.8751982421875 0.8879619140625 0.876078125 0.906447265625 0.8765185546875 0.913708984375 0.876958984375 0.9196513671875 0.876958984375 0.9304345703125 0.87673828125 0.933294921875 0.87277734375 0.944078125 0.8696962890625 0.999974609375 0.8694765625 1 0.699939453125 0.97097265625 0.695193359375 0.9512744140625 0.69163671875 0.9135185546875 0.687806640625 0.8990185546875 0.688353515625 0.889716796875 0.688626953125 0.8806875 0.6930048828125 0.871669921875 0.697501953125 0.868064453125 0.695560546875 0.860576171875 0.690568359375 0.847541015625 0.686130859375 0.8389443359375 0.686962890625 0.8281279296875 0.690013671875 0.8159248046875 0.690845703125 0.8078818359375 0.691955078125 0.80039453125 0.695560546875 0.78985546875 0.700830078125 0.77765234375 0.704435546875 0.7657265625 0.710537109375 0.7576845703125 0.722185546875 0.7474228515625 0.723294921875 0.7332783203125 0.723849609375 0.71855078125 0.731509765625 0.717048828125 0.7330126953125 0.707658203125 0.7395859375 0.6960146484375 0.74465625 0.68962890625 0.7465341796875 0.6868115234375 0.75160546875 0.6901923828125 0.755361328125 0.69432421875 0.757990234375 0.6920703125 0.7608076171875 0.6856845703125 0.763625 0.683755859375 0.771826171875 0.6818740234375 0.772767578125 0.6759951171875 0.777587890625 0.67176171875 0.779822265625 0.668234375 0.778763671875 0.6621201171875 0.7761767578125 0.6594150390625 0.776412109375 0.658474609375 0.7788818359375 0.657416015625 0.7831142578125 0.6615322265625 0.782056640625 0.6658828125 0.7835849609375 0.668705078125 0.7864072265625 0.6683515625 0.7887587890625 0.66929296875 0.7916982421875 0.6697626953125 0.79440234375 0.6672939453125 0.7974599609375 0.666470703125 0.800517578125 0.6690576171875 0.799576171875 0.6721142578125 0.800517578125 0.6691748046875 0.8038095703125 0.6649423828125 0.8068671875 0.6636484375 0.8120400390625 0.6611328125 0.812890625 0.65986328125 0.8140625 0.65732421875 0.81416015625 0.6556748046875 0.8060146484375 0.6542607421875 0.800712890625 0.653396484375 0.7854638671875 0.6482529296875 0.7839091796875 0.646099609375 0.7859423828125 0.633060546875 0.786181640625 0.6298310546875 0.7883349609375 0.62683984375 0.790966796875 0.6245673828125 0.79395703125 0.623490234375 0.798623046875 0.620619140625 0.8028095703125 0.6173896484375 0.80771484375 0.6154755859375 0.81273828125 0.614279296875 0.81501171875 0.6118935546875 0.8106923828125 0.6111708984375 0.81017578125 0.607140625 0.8076953125 0.6044541015625 0.8072822265625 0.6016650390625 0.80790234375 0.5981513671875 0.808935546875 0.5940185546875 0.8104853515625 0.5869921875 0.8103818359375 0.5792431640625 0.81110546875 0.576349609375 0.8122421875 0.57325 0.8127587890625 0.5689560546875 0.81524609375 0.5652548828125 0.816927734375 0.5612177734375 0.8204609375 0.5553291015625 0.821638671875 0.550787109375 0.8234892578125 0.54439453125 0.826685546875 0.5391796875 0.82786328125 0.532955078125 0.8298818359375 0.528076171875 0.83291015625 0.52282421875 0.8327607421875 0.520759765625 0.8313154296875 0.5158037109375 0.82945703125 0.5085771484375 0.8333798828125 0.5038271484375 0.8319345703125 0.4961875 0.8344130859375 0.4868955078125 0.83379296875 0.477603515625 0.8304892578125 0.4714091796875 0.82656640625 0.460052734375 0.8230556640625 0.4542705078125 0.821404296875 0.449521484375 0.8255341796875 0.4470439453125 0.8275986328125 0.43692578125 0.8238818359375 0.428515625 0.8205439453125 0.4247841796875 0.8188857421875 0.42022265625 0.8168125 0.414625 0.81971484375 0.407369140625 0.8226171875 0.398455078125 0.8253115234375 0.38269921875 0.827384765625 0.3731630859375 0.8248974609375 0.3547119140625 0.824068359375 0.3227861328125 0.82303125 0.30495703125 0.819921875 0.29625 0.8149462890625 0.2782138671875 0.81391015625 0.2541650390625 0.8161904296875 0.249189453125 0.818263671875 0.2731826171875 0.818130859375
2 0.6920908203125 0 0.6437158203125 0.0625654296875 0.634041015625 0 0.534064453125 0.00064453125 0.5277265625 0.0217724609375 0.53809375 0.22809375 0.5222705078125 0.229599609375 0.5109521484375 0.2314658203125 0.090953125 0.23403515625 0.09366796875 0.1713173828125 0.0768349609375 0.1390087890625 0.034208984375 0.0741201171875 0.036923828125 0.0591875 0.032580078125 0.0399111328125 0.00162890625 0.002986328125 0 0.81858203125 0.22127734375 0.8224130859375 0.24168359375 0.8209375 0.2466005859375 0.819216796875 0.252501953125 0.8155283203125 0.2677451171875 0.81282421875 0.2970029296875 0.8133154296875 0.3041328125 0.8172490234375 0.310771484375 0.819216796875 0.3717587890625 0.8225263671875 0.3792431640625 0.825298828125 0.39088671875 0.824189453125 0.404748046875 0.8216943359375 0.4205498046875 0.815318359375 0.44522265625 0.824744140625 0.4532626953125 0.81975390625 0.4671240234375 0.8228037109375 0.4856982421875 0.832505859375 0.5015673828125 0.832974609375 0.5347890625 0.85080078125 0.578544921875 0.853232421875 0.6263515625 0.8483701171875 0.694416015625 0.8362158203125 1 0.841078125 1 0 0.708861328125 0 0.6920908203125 0
9 0.6731650390625 0.0432802734375 0.649978515625 0.0857880859375 0.6569345703125 0.1507080078125 0.7044658203125 0.0718759765625 0.6948046875 0.01623046875 0.6731650390625 0.0432802734375