8 0.718490234375 1 0.7338115234375 0.987017578125 0.7821953125 0.985404296875 0.8642890625 0.9867744140625 0.9982578125 0.9875400390625 1 0.961212890625 0.9975 0.9563740234375 0.9628251953125 0.955568359375 0.911216796875 0.96201953125 0.8688818359375 0.9530908203125 0.8252470703125 0.9553876953125 0.7739560546875 0.9515595703125 0.737662109375 0.9092392578125 0.708482421875 0.8975673828125 0.6933095703125 0.852046875 0.6547919921875 0.832205078125 0.5940986328125 0.819365234375 0.5205654296875 0.8100283203125 0.4622060546875 0.8333720703125 0.408763671875 0.8540400390625 0.38993359375 0.87716796875 0.375904296875 0.899736328125 0.3611748046875 0.9029375 0.322751953125 0.9176669921875 0.3112255859375 0.9362373046875 0.2847939453125 0.9407529296875 0.2147626953125 0.965263671875 0.177412109375 0.971099609375 0.11671875 0.954759765625 0.0887060546875 0.959427734375 0.0011669921875 0.9640966796875 0 1 0.718490234375 1
9 0.1906025390625 0.9196982421875 0.20067578125 0.9297705078125 0.1913779296875 0.954564453125 0.3600556640625 0.9576279296875 0.3668642578125 0.85778125 0.170951171875 0.8532421875 0.1618740234375 0.91905078125 0.1906025390625 0.9196982421875
9 0 0.9309423828125 0.1057548828125 0.9314384765625 0.107244140625 0.917537109375 0.130083984375 0.918033203125 0.140509765625 0.832634765625 0 0.832138671875 0 0.9309423828125
9 0.9650693359375 0.906400390625 0.9171689453125 0.9012021484375 0.918654296875 0.944646484375 0.96618359375 0.9457607421875 0.9650693359375 0.906400390625
9 0.96063671875 0.69478125 0.88601953125 0.686875 0.8940615234375 0.80097265625 0.969759765625 0.8081337890625 0.96063671875 0.69478125
9 0.803349609375 0.7950419921875 0.7991962890625 0.6745810546875 0.4826748046875 0.6388583984375 0.476859375 0.7709501953125 0.803349609375 0.7950419921875
9 0.375125 0.766935546875 0.38490625 0.673154296875 0.2002197265625 0.6547431640625 0.1869873046875 0.7525517578125 0.375125 0.766935546875
9 0.000681640625 0.6505576171875 0 0.7493330078125 0.1539541015625 0.760232421875 0.167578125 0.6635009765625 0 0.6498759765625 0.000681640625 0.6505576171875
9 0 0.488693359375 0.20719921875 0.5192373046875 0.231138671875 0.3978896484375 0 0.3516611328125 0 0.488693359375
9 0.4420380859375 0.550642578125 0.456328125 0.4391806640625 0.2515048828125 0.4020263671875 0.2343564453125 0.518251953125 0.4420380859375 0.550642578125
9 0.6524208984375 0.4742265625 0.4972197265625 0.442611328125 0.4866806640625 0.5652392578125 0.6505048828125 0.588232421875 0.6524208984375 0.4742265625
9 0.7982314453125 0.608048828125 0.794359375 0.50015234375 0.6580498046875 0.47590234375 0.6589423828125 0.586619140625 0.7982314453125 0.608048828125
9 0.945892578125 0.5230986328125 0.876865234375 0.5123134765625 0.876865234375 0.621248046875 0.954521484375 0.6298759765625 0.945892578125 0.5230986328125
9 0.9311787109375 0.37017578125 0.8647001953125 0.3572626953125 0.8685263671875 0.43378515625 0.9354833984375 0.4466982421875 0.9311787109375 0.37017578125
9 0.9189716796875 0.2303369140625 0.854857421875 0.21371484375 0.8596064453125 0.292076171875 0.923126953125 0.30691796875 0.9189716796875 0.2303369140625
2 0 0.961775390625 0.0902939453125 0.9555087890625 0.1216748046875 0.9523759765625 0.1707265625 0.9651162109375 0.2095810546875 0.963052734375 0.229517578125 0.9584521484375 0.2724560546875 0.9420947265625 0.310283203125 0.93187109375 0.3193330078125 0.915484375 0.3748271484375 0.897478515625 0.38577734375 0.87810546875 0.40714453125 0.8522099609375 0.4593603515625 0.8326484375 0.4952626953125 0.8165390625 0.5193857421875 0.80778515625 0.6128486328125 0.8202470703125 0.6624765625 0.830099609375 0.6945322265625 0.8514697265625 0.711640625 0.8964619140625 0.739287109375 0.905677734375 0.7495263671875 0.9189892578125 0.776505859375 0.949580078125 0.8306708984375 0.9538115234375 0.8594453125 0.9512724609375 0.8731123046875 0.9535810546875 0.8968251953125 0.95824609375 0.9120361328125 0.959474609375 0.9694208984375 0.953736328125 0.976689453125 0.9548837890625 0.99971875 0.95395703125 0.99882421875 0.1598115234375 0.4946552734375 0.022830078125 0.423376953125 0.1579990234375 0.331337890625 0.1365234375 0.2797041015625 0.2541396484375 0.2782001953125 0.3443662109375 0.0015341796875 0.28378515625 0 0.961775390625
9 0.4898193359375 0.1667138671875 0.4325439453125 0.24758984375 0.4313623046875 0.3108173828125 0.485134765625 0.2452265625 0.4898193359375 0.1667138671875