2 1 0.874689453125 0.6539482421875 0.8704755859375 0.6458369140625 0.7775 0.6539482421875 0.7668916015625 0.6608125 0.7462998046875 0.669548828125 0.7338203125 0.666447265625 0.6798896484375 0.6691357421875 0.6707490234375 0.668060546875 0.6591884765625 0.6629521484375 0.6524677734375 0.6332421875 0.3772841796875 0.6376767578125 0.3687314453125 0.6360927734375 0.3494072265625 0.6437158203125 0.3363525390625 0.6409208984375 0.3143486328125 0.6449326171875 0.30611328125 0.6442978515625 0.281662109375 0.6005869140625 0.226125 0.5270107421875 0.1457685546875 0.47055859375 0.1353291015625 0.4230009765625 0.1473154296875 0.3936142578125 0.1666484375 0.3719619140625 0.1956474609375 0.3664560546875 0.2312802734375 0.31166796875 0.2919072265625 0.165357421875 0.3184658203125 0.1045224609375 0.2531396484375 0.0979892578125 0.2531396484375 0.05389453125 0.313158203125 0.0583857421875 0.315607421875 0.066958984375 0.316423828125 0.066142578125 0.3384716796875 0 0.34799609375 0 0.9310224609375 0.0372412109375 0.9363427734375 0.070798828125 0.9310224609375 0.4019345703125 0.94215234375 0.4036005859375 1 1 1 1 0.874689453125
9 0.473830078125 0.6375458984375 0.46705078125 0.4992724609375 0.4089736328125 0.5084619140625 0.4121220703125 0.64037890625 0.473830078125 0.6375458984375
9 0.5822666015625 0.6393896484375 0.5718974609375 0.505154296875 0.516705078125 0.5014501953125 0.5254677734375 0.6361435546875 0.5822666015625 0.6393896484375
9 0.565765625 0.4268359375 0.5579775390625 0.339158203125 0.508234375 0.3338818359375 0.5064755859375 0.333630859375 0.51074609375 0.4213095703125 0.565765625 0.4268359375
9 0.4638720703125 0.4238359375 0.461111328125 0.3340986328125 0.4069921875 0.3459716796875 0.4056123046875 0.3476279296875 0.4056123046875 0.4332236328125 0.4638720703125 0.4238359375
9 0.220888671875 0.4658984375 0.2242392578125 0.3801337890625 0.179123046875 0.385271484375 0.1751025390625 0.4710361328125 0.220888671875 0.4658984375
9 0.276708984375 0.4587548828125 0.277560546875 0.371064453125 0.2311396484375 0.3788896484375 0.229259765625 0.464392578125 0.276708984375 0.4587548828125
9 0.0820908203125 0.479447265625 0.0887861328125 0.4040517578125 0.0445390625 0.4098740234375 0.03784375 0.48410546875 0.0820908203125 0.479447265625
9 0.0745078125 0.57221875 0.0810078125 0.4889013671875 0.034912109375 0.4940927734375 0.0274609375 0.574560546875 0.0745078125 0.57221875
9 0.0640595703125 0.6698017578125 0.0726669921875 0.580119140625 0.0263046875 0.5822314453125 0.017525390625 0.6712119140625 0.0640595703125 0.6698017578125
9 0.29387109375 0.6683974609375 0.3005654296875 0.5277841796875 0.1485419921875 0.5418154296875 0.1406025390625 0.6775166015625 0.29387109375 0.6683974609375
9 0.4448818359375 0.84781640625 0.4468720703125 0.8547060546875 0.4505458984375 0.8589921875 0.4554453125 0.86297265625 0.4554443359375 0.874373046875 0.480404296875 0.8749892578125 0.4795625 0.80976953125 0.47769921875 0.765064453125 0.4295341796875 0.76537890625 0.4323603515625 0.837765625 0.4424326171875 0.8439892578125 0.4448818359375 0.84781640625
9 0.5834326171875 0.88460546875 0.576048828125 0.76762109375 0.532025390625 0.7668203125 0.5389521484375 0.8848134765625 0.5834326171875 0.88460546875
9 0.6368583984375 0.8450107421875 0.631880859375 0.7754384765625 0.6183408203125 0.77440234375 0.6235029296875 0.84596484375 0.6368583984375 0.8450107421875
9 0.294396484375 0.935623046875 0.2970625 0.826068359375 0.2940927734375 0.8039609375 0.287392578125 0.783630859375 0.27653515625 0.764224609375 0.2631357421875 0.75036328125 0.2520458984375 0.741583984375 0.2421123046875 0.7371943359375 0.22640234375 0.7344228515625 0.2116171875 0.73580859375 0.1986796875 0.73904296875 0.1825078125 0.74551171875 0.1679541015625 0.7566005859375 0.154759765625 0.769736328125 0.1431923828125 0.78943359375 0.1340224609375 0.81559375 0.12491796875 0.9300126953125 0.294396484375 0.935623046875
9 0.06464453125 0.777171875 0.06690234375 0.7486455078125 0.05930859375 0.74392578125 0.050689453125 0.74084765625 0.03324609375 0.7400263671875 0.0242158203125 0.7418740234375 0.013544921875 0.74618359375 0.0073876953125 0.7506982421875 0.005951171875 0.77758203125 0.06464453125 0.777171875
0 0.0707587890625 0.6981953125 0.0707783203125 0.7058134765625 0.2830048828125 0.695212890625 0.320935546875 0.7043994140625 0.3238994140625 0.68987890625 0.3247880859375 0.6365380859375 0.2945615234375 0.6214248046875 0.0707587890625 0.639044921875 0.0674423828125 0.692943359375 0.0707587890625 0.6981953125
3 1 0.8790126953125 0.776857421875 0.8756875 0.7681796875 0.88923828125 0.480671875 0.8847734375 0.4802587890625 0.8765185546875 0.4540478515625 0.875693359375 0.453841796875 0.8635166015625 0.4447607421875 0.8534033203125 0.44434765625 0.849275390625 0.4414580078125 0.8447353515625 0.428869140625 0.8364794921875 0.4191689453125 0.8361640625 0.4048203125 0.8387734375 0.39655859375 0.846599609375 0.400037109375 0.8639931640625 0.403515625 1 1 1 1 0.8790126953125
8 1 0.5089521484375 0.964283203125 0.504037109375 0.951771484375 0.50135546875 0.9464091796875 0.50582421875 0.9464091796875 0.5165478515625 0.9388134765625 0.505376953125 0.9285361328125 0.50358984375 0.9200458984375 0.507611328125 0.917365234375 0.5169951171875 0.908427734375 0.523697265625 0.904853515625 0.5339755859375 0.884298828125 0.5415712890625 0.87804296875 0.5321875 0.867765625 0.5321875 0.8606162109375 0.536208984375 0.858828125 0.5438056640625 0.8472109375 0.5518486328125 0.8476572265625 0.5616796875 0.8440830078125 0.5616796875 0.822634765625 0.5558701171875 0.7944833984375 0.567041015625 0.7846533203125 0.581787109375 0.7681201171875 0.597873046875 0.7672265625 0.6112783203125 0.7538212890625 0.612171875 0.7515869140625 0.6278115234375 0.7538212890625 0.6461318359375 0.751837890625 0.66312890625 0.7178876953125 0.6839375 0.703650390625 0.7146025390625 0.6954365234375 0.7310302734375 0.6961044921875 0.7525224609375 0.7096787109375 0.7622783203125 0.7321611328125 0.7728837890625 0.7397958984375 0.78773046875 0.7444619140625 0.805970703125 0.731736328125 0.8068193359375 0.718162109375 0.812333984375 0.69058984375 0.8140302734375 0.684650390625 0.819544921875 0.6740458984375 0.821666015625 0.6676826171875 0.801728515625 0.6600478515625 0.786033203125 0.65198828125 0.7813671875 0.6413828125 0.78773046875 0.6485947265625 0.8721455078125 0.7648232421875 0.8751142578125 0.7779736328125 0.873841796875 0.9501220703125 0.8757001953125 1 0.8769404296875 1 0.5089521484375
9 0.7263095703125 0.8158544921875 0.7202041015625 0.7783173828125 0.701435546875 0.77922265625 0.705279296875 0.8156279296875 0.7263095703125 0.8158544921875
9 0.7464345703125 0.806357421875 0.745982421875 0.7783173828125 0.7281181640625 0.7776396484375 0.7290224609375 0.80703515625 0.7464345703125 0.806357421875
9 0.802134765625 0.8535673828125 0.7999462890625 0.8160869140625 0.7784150390625 0.816240234375 0.7780595703125 0.82046484375 0.779701171875 0.855208984375 0.802134765625 0.8535673828125
9 0.9002236328125 0.5231875 0.891994140625 0.4892021484375 0.8747724609375 0.501546875 0.881783203125 0.53537890625 0.9002236328125 0.5231875
2 1 0.3389150390625 0.771857421875 0.518705078125 0.7646650390625 0.5621728515625 0.7708427734375 0.566291015625 0.7657041015625 0.59700390625 0.7842666015625 0.5800791015625 0.7927294921875 0.565884765625 0.8227568359375 0.553873046875 0.8462333984375 0.5604248046875 0.8454140625 0.551416015625 0.8563330078125 0.5432275390625 0.859609375 0.5344921875 0.867798828125 0.5303974609375 0.8787177734375 0.5303974609375 0.8847236328125 0.5391328125 0.9041044921875 0.5325810546875 0.907107421875 0.5222080078125 0.9155693359375 0.516748046875 0.918845703125 0.5055556640625 0.9289453125 0.5014609375 0.939591796875 0.5033720703125 0.944505859375 0.5101962890625 0.9450517578125 0.5044638671875 0.9521484375 0.49955078125 1 0.5078271484375 1 0.3389150390625
2 0.655919921875 0.767478515625 0.6490341796875 0.779529296875 0.6576416015625 0.8680185546875 0.9507763671875 0.8711650390625 0.9251748046875 0.8171552734375 0.882353515625 0.809052734375 0.8455068359375 0.7918056640625 0.82198828125 0.7890615234375 0.798861328125 0.810228515625 0.756134765625 0.810228515625 0.7494716796875 0.8019970703125 0.7361435546875 0.765150390625 0.7212490234375 0.75887890625 0.7094892578125 0.756134765625 0.6608828125 0.75652734375 0.655919921875 0.767478515625
6 0.4023486328125 1 0.40059375 0.944400390625 0.0715849609375 0.932666015625 0.0381103515625 0.9383310546875 0 0.932666015625 0 1 0.4023486328125 1
9 0.9399423828125 0.4895947265625 0.958982421875 0.4811875 0.951302734375 0.4507958984375 0.933513671875 0.4616552734375 0.9399423828125 0.4895947265625
9 0.824775390625 0.5531142578125 0.8333408203125 0.5500693359375 0.830294921875 0.5300869140625 0.82173046875 0.535416015625 0.824775390625 0.5531142578125
9 0.7881357421875 0.5879794921875 0.7940869140625 0.58569140625 0.7917978515625 0.5588349609375 0.7851328125 0.562482421875 0.7881357421875 0.5879794921875