8 1 0.8477734375 0.953822265625 0.84288671875 0.9292763671875 0.8378994140625 0.8967041015625 0.8327265625 0.86562109375 0.834234375 0.8073486328125 0.83084375 0.774904296875 0.8291005859375 0.7354443359375 0.8269755859375 0.7345830078125 0.8145400390625 0.7299423828125 0.812853515625 0.7229052734375 0.813060546875 0.708619140625 0.81738671875 0.7035888671875 0.8220986328125 0.672634765625 0.8211025390625 0.6554306640625 0.81161328125 0.6344033203125 0.8101796875 0.6120029296875 0.7927900390625 0.58696875 0.7884228515625 0.5699599609375 0.7845107421875 0.552833984375 0.79045703125 0.5371083984375 0.787515625 0.5185771484375 0.7859892578125 0.503435546875 0.7900029296875 0.4851982421875 0.787294921875 0.4723896484375 0.780837890625 0.456626953125 0.780837890625 0.4391669921875 0.791412109375 0.42597265625 0.803966796875 0.4027373046875 0.8030576171875 0.3908564453125 0.7777958984375 0.384921875 0.7582080078125 0.3720029296875 0.7510048828125 0.35914453125 0.75289453125 0.349505859375 0.7621318359375 0.33103515625 0.751046875 0.314794921875 0.7434150390625 0.3035048828125 0.7432373046875 0.29311328125 0.7537958984375 0.2950390625 0.7244599609375 0.286857421875 0.7045830078125 0.2749072265625 0.687736328125 0.247953125 0.6776923828125 0.2212958984375 0.6835087890625 0.2087705078125 0.689337890625 0.1898095703125 0.7097890625 0.176341796875 0.7279912109375 0.171302734375 0.7117236328125 0.1589296875 0.69959765625 0.15045703125 0.698802734375 0.152884765625 0.6656474609375 0.1569013671875 0.6405517578125 0.145681640625 0.611619140625 0.1348486328125 0.5985244140625 0.1130947265625 0.5969765625 0.09815625 0.6241494140625 0.075880859375 0.642287109375 0.0537421875 0.6683203125 0.04658203125 0.7004150390625 0.03559765625 0.7047412109375 0.01980078125 0.7030029296875 0.0061220703125 0.70457421875 0 0.7258671875 0 0.8833447265625 0.0000595703125 0.9265908203125 0.0093935546875 0.90461328125 0.016919921875 0.880205078125 0.02704296875 0.8738876953125 0.0960732421875 0.867595703125 0.12120703125 0.8691259765625 0.1191279296875 0.900498046875 0.1196259765625 0.938494140625 0.117029296875 0.9755966796875 0.1306328125 1 0.16201171875 1 0.9308271484375 1 0.970205078125 0.9292373046875 1 0.88852734375 1 0.8477734375
2 1 0.176595703125 0.8917197265625 0.1124326171875 0.6782060546875 0.000037109375 0.4838984375 0 0.463623046875 0.0243193359375 0.4535859375 0.027318359375 0.4212978515625 0.0753720703125 0.4256201171875 0.080580078125 0.3910166015625 0.122548828125 0.3861171875 0.1214111328125 0.3568583984375 0.160810546875 0.3588125 0.1679296875 0.3314287109375 0.2117880859375 0.3230341796875 0.21225 0.302427734375 0.24151171875 0.3043876953125 0.2493173828125 0.2887138671875 0.267232421875 0.28398046875 0.2674013671875 0.268564453125 0.28946484375 0.26524609375 0.298697265625 0.2373525390625 0.33667578125 0.2268447265625 0.3572509765625 0.214111328125 0.3833173828125 0.2190947265625 0.3918828125 0.2186103515625 0.4089052734375 0.20473828125 0.429787109375 0.1735166015625 0.4691572265625 0.15890625 0.485271484375 0.157990234375 0.4893740234375 0.1627041015625 0.4973193359375 0.1726220703125 0.5001826171875 0.1813154296875 0.5085126953125 0.179025390625 0.5133408203125 0.181158203125 0.5168798828125 0.175623046875 0.557380859375 0.15698828125 0.5563740234375 0.1336474609375 0.57225 0.1283291015625 0.6049140625 0.120900390625 0.6096435546875 0.1207578125 0.6225615234375 0.1313955078125 0.624939453125 0.137474609375 0.6272236328125 0.13726171875 0.6356884765625 0.144146484375 0.642576171875 0.15210546875 0.6409736328125 0.158591796875 0.6431337890625 0.160576171875 0.6487744140625 0.1548203125 0.6849765625 0.137783203125 0.69299609375 0.13233984375 0.731470703125 0.1204384765625 0.740845703125 0.1188984375 0.7474619140625 0.1227451171875 0.7534130859375 0.1431806640625 0.753328125 0.1297578125 0.818767578125 0.395341796875 0.823298828125 1 0.8488701171875 1 0.176595703125
9 0.7056748046875 0.059744140625 0.7060615234375 0.0445478515625 0.700486328125 0.0382978515625 0.6829912109375 0.0275126953125 0.6705234375 0.02227734375 0.66067578125 0.0205927734375 0.65958984375 0.0376591796875 0.7056748046875 0.059744140625
9 0.67230859375 0.2025849609375 0.672064453125 0.1478740234375 0.62473046875 0.126421875 0.6226298828125 0.1841591796875 0.67230859375 0.2025849609375
9 0.8209326171875 0.1164443359375 0.8209482421875 0.096849609375 0.814455078125 0.09015234375 0.8025244140625 0.0837138671875 0.7924892578125 0.07805078125 0.7843896484375 0.075259765625 0.777099609375 0.076220703125 0.776154296875 0.094505859375 0.8209326171875 0.1164443359375
9 0.9089296875 0.1614775390625 0.9087470703125 0.1475908203125 0.9027236328125 0.1403017578125 0.8928515625 0.13446484375 0.882939453125 0.130353515625 0.873671875 0.1283076171875 0.8738720703125 0.145546875 0.9089296875 0.1614775390625
9 0.8305556640625 0.21487109375 0.794134765625 0.198783203125 0.7916328125 0.251111328125 0.8327001953125 0.266486328125 0.8305556640625 0.21487109375
9 0.9702900390625 0.3239560546875 0.9674306640625 0.2689150390625 0.9316123046875 0.253708984375 0.934470703125 0.3108359375 0.9702900390625 0.3239560546875
9 0.9884736328125 0.5155224609375 0.9821669921875 0.422404296875 0.9386904296875 0.408123046875 0.9424189453125 0.50261328125 0.9884736328125 0.5155224609375
9 0.8381669921875 0.48857421875 0.8378779296875 0.379005859375 0.7903984375 0.364837890625 0.7906650390625 0.4738984375 0.8381669921875 0.48857421875
9 0.6686015625 0.424765625 0.672388671875 0.320767578125 0.6131123046875 0.3014921875 0.6065 0.4070625 0.6686015625 0.424765625
9 0.6539462890625 0.6519873046875 0.6628828125 0.5212001953125 0.6000107421875 0.509431640625 0.5945869140625 0.64271484375 0.6539462890625 0.6519873046875
9 0.8426923828125 0.70638671875 0.840455078125 0.563455078125 0.7941044921875 0.5517265625 0.7917607421875 0.70223046875 0.8426923828125 0.70638671875
9 0.6482978515625 0.82626953125 0.6541630859375 0.7690205078125 0.5859833984375 0.7596416015625 0.5824736328125 0.8188740234375 0.6482978515625 0.82626953125
9 0.851810546875 0.8395615234375 0.850822265625 0.78498046875 0.7934658203125 0.7813837890625 0.794689453125 0.83691796875 0.851810546875 0.8395615234375
9 1 0.7071015625 0.994125 0.595517578125 0.9539833984375 0.5860419921875 0.9593701171875 0.7044951171875 1 0.7071015625
9 1 0.797048828125 0.9637177734375 0.7929951171875 0.962646484375 0.844822265625 1 0.8474580078125 1 0.797048828125
9 0.3402421875 0.6507822265625 0.35285546875 0.6480361328125 0.37058984375 0.5249140625 0.3567158203125 0.535529296875 0.3402421875 0.6507822265625
9 0.3739228515625 0.438322265625 0.3842490234375 0.436978515625 0.3950390625 0.3407080078125 0.3860791015625 0.3492822265625 0.3739228515625 0.438322265625
0 0.273125 0.4394267578125 0.2669267578125 0.480837890625 0.2551669921875 0.4935107421875 0.2570244140625 0.4981865234375 0.3170263671875 0.4460234375 0.3992421875 0.4660205078125 0.4027958984375 0.4515556640625 0.4008662109375 0.44981640625 0.405427734375 0.399357421875 0.3309228515625 0.37941015625 0.27194140625 0.4300029296875 0.269833984375 0.4344638671875 0.273125 0.4394267578125
0 0.15725 0.5575654296875 0.1352587890625 0.573306640625 0.1292138671875 0.6066044921875 0.1229423828125 0.6108740234375 0.123298828125 0.6169345703125 0.1471572265625 0.597677734375 0.20138671875 0.6045556640625 0.2065625 0.5609638671875 0.15725 0.5575654296875
0 0.216423828125 0.6570068359375 0.1400625 0.6938115234375 0.1337236328125 0.7328447265625 0.127025390625 0.7371005859375 0.130162109375 0.7455224609375 0.207849609375 0.721646484375 0.2750693359375 0.723443359375 0.2843349609375 0.6643720703125 0.216423828125 0.6570068359375
0 0.477689453125 0.694482421875 0.477689453125 0.703171875 0.5240947265625 0.692939453125 0.9993623046875 0.7533212890625 1 0.6769833984375 0.535669921875 0.6014755859375 0.4968828125 0.6142021484375 0.4929111328125 0.6851904296875 0.477689453125 0.694482421875
0 0.725658203125 0.4853779296875 0.7238115234375 0.498205078125 0.775212890625 0.47789453125 0.9524658203125 0.523556640625 0.948212890625 0.4608935546875 0.93554296875 0.456583984375 0.77680859375 0.4120751953125 0.7337177734375 0.43528515625 0.73168359375 0.4372978515625 0.732322265625 0.4843701171875 0.725658203125 0.4853779296875
9 0.1021689453125 0.6932802734375 0.105904296875 0.662328125 0.080017578125 0.6605546875 0.075875 0.6906064453125 0.1021689453125 0.6932802734375
2 0.0888486328125 0.621546875 0.0643994140625 0.6345009765625 0.0552001953125 0.6399365234375 0.0548837890625 0.643453125 0.06253125 0.64677734375 0.0564814453125 0.6857958984375 0.049158203125 0.7228564453125 0.03750390625 0.7202841796875 0.020390625 0.7308818359375 0.000728515625 0.7549638671875 0.0006181640625 0.80659375 0.131232421875 0.808333984375 0.1412080078125 0.7542890625 0.12219921875 0.7553056640625 0.11816796875 0.7483466796875 0.1185986328125 0.74114453125 0.1260986328125 0.7342451171875 0.13122265625 0.730361328125 0.136072265625 0.6926572265625 0.1533125 0.682931640625 0.16006640625 0.648921875 0.1572216796875 0.6426767578125 0.1510859375 0.64119140625 0.1437373046875 0.6434189453125 0.13666015625 0.63646875 0.1358505859375 0.6275322265625 0.119779296875 0.623595703125 0.1195224609375 0.60840625 0.1274716796875 0.6040986328125 0.1328017578125 0.571017578125 0.151810546875 0.5587578125 0.1444248046875 0.5446669921875 0.1162021484375 0.581029296875 0.0888486328125 0.621546875
4 0.1290419921875 1 0.1150927734375 0.9757666015625 0.118375 0.934939453125 0.1175654296875 0.89965234375 0.1199716796875 0.8698720703125 0.0933037109375 0.8686689453125 0.0279296875 0.8754091796875 0.0172275390625 0.8819404296875 0.0101484375 0.9079736328125 0.000634765625 0.9290849609375 0 0.9669970703125 0 1 0.0503515625 1 0.1290419921875 1
3 0.1316865234375 0.9992255859375 0.51603515625 0.9977373046875 0.52819921875 0.878412109375 0.22924609375 0.86878125 0.123189453125 0.8689560546875 0.11805078125 0.9750576171875 0.1316865234375 0.9992255859375
1 0.9328671875 0.9996875 1 1 0.9994970703125 0.8900087890625 0.9695595703125 0.932705078125 0.9328671875 0.9996875
8 0.6143671875 0.4055791015625 0.6224736328125 0.405650390625 0.6299228515625 0.407908203125 0.6393759765625 0.407673828125 0.647974609375 0.4077998046875 0.6562578125 0.406287109375 0.668142578125 0.408767578125 0.673705078125 0.40758203125 0.6753642578125 0.400537109375 0.674328125 0.3911806640625 0.671939453125 0.3854912109375 0.666662109375 0.3823671875 0.658259765625 0.3810517578125 0.653310546875 0.38208984375 0.6476201171875 0.3845380859375 0.64283984375 0.3881005859375 0.638328125 0.38931640625 0.634447265625 0.39341015625 0.6287001953125 0.3944345703125 0.6238955078125 0.3906318359375 0.617376953125 0.38693359375 0.6129521484375 0.387646484375 0.6093759765625 0.3899765625 0.60766796875 0.3926962890625 0.607568359375 0.3981259765625 0.61027734375 0.4052255859375 0.6143671875 0.4055791015625
8 0.74444921875 0.4498486328125 0.7470712890625 0.4618330078125 0.7556904296875 0.470015625 0.77090234375 0.4697421875 0.794541015625 0.4694736328125 0.8891962890625 0.4973515625 0.92094921875 0.500490234375 0.9287119140625 0.4949130859375 0.937873046875 0.4813349609375 0.9399677734375 0.465912109375 0.93689453125 0.45302734375 0.9281640625 0.4479326171875 0.9112587890625 0.4450439453125 0.879810546875 0.443501953125 0.863453125 0.43032421875 0.85353515625 0.4177021484375 0.84298828125 0.4177021484375 0.8328505859375 0.420630859375 0.8241708984375 0.431041015625 0.8169619140625 0.42037109375 0.805572265625 0.4190986328125 0.8011923828125 0.4228525390625 0.8010615234375 0.4342392578125 0.7798681640625 0.4331640625 0.761015625 0.43801171875 0.7443896484375 0.4480732421875 0.74444921875 0.4498486328125
8 0.2819326171875 0.3966318359375 0.2733427734375 0.4025927734375 0.2697822265625 0.41085546875 0.2586474609375 0.4140302734375 0.2575078125 0.42030859375 0.258705078125 0.4285263671875 0.26420703125 0.4333671875 0.2752470703125 0.438537109375 0.2889345703125 0.436515625 0.30536328125 0.4282490234375 0.3136162109375 0.4153955078125 0.320021484375 0.4099404296875 0.32578125 0.4043037109375 0.3244794921875 0.395751953125 0.32142578125 0.3895166015625 0.3164921875 0.3869931640625 0.309865234375 0.3833125 0.296154296875 0.3881787109375 0.2819326171875 0.3966318359375
8 0.9503623046875 0 0.9490283203125 0.0016875 0.9560439453125 0.012607421875 0.9543828125 0.0291689453125 0.9474697265625 0.04021875 0.9327138671875 0.04805078125 0.9252958984375 0.0567900390625 0.92847265625 0.0639833984375 0.94374609375 0.0674794921875 0.955595703125 0.0695556640625 0.952728515625 0.0866181640625 0.953677734375 0.0983662109375 0.96244921875 0.112841796875 0.9732880859375 0.117396484375 0.980896484375 0.1108154296875 0.9817958984375 0.0787333984375 0.9917177734375 0.0546083984375 0.9996533203125 0.036771484375 1 0 0.9503623046875 0
0 0.669158203125 0.34734375 0.6797021484375 0.4134287109375 0.6220966796875 0.395171875 0.611552734375 0.3375732421875 0.610267578125 0.3486298828125 0.6154111328125 0.39671484375 0.6058955078125 0.4044287109375 0.6051240234375 0.409314453125 0.6735302734375 0.4260283203125 0.6861318359375 0.4180576171875 0.6861318359375 0.4157431640625 0.6723447265625 0.3424736328125 0.669158203125 0.34734375