9 0.581513671875 0.830892578125 0.5856806640625 0.66587890625 0.4395927734375 0.66421484375 0.430998046875 0.8353359375 0.581513671875 0.830892578125
9 0.7843740234375 0.8214521484375 0.784025390625 0.672298828125 0.6745283203125 0.668892578125 0.673513671875 0.8263251953125 0.7843740234375 0.8214521484375
9 0.58591796875 0.4848203125 0.5888447265625 0.3477939453125 0.4602822265625 0.3339794921875 0.455255859375 0.4750498046875 0.58591796875 0.4848203125
9 0.780841796875 0.503451171875 0.780236328125 0.375962890625 0.67606640625 0.360453125 0.6763662109375 0.492822265625 0.780841796875 0.503451171875
9 0.3564140625 0.8280576171875 0.3678134765625 0.664509765625 0.33466796875 0.6664404296875 0.3245419921875 0.819783203125 0.3564140625 0.8280576171875
9 0.297341796875 0.8964951171875 0.305060546875 0.8938544921875 0.3089130859375 0.83075390625 0.306119140625 0.8293564453125 0.3051220703125 0.8249658203125 0.31829296875 0.8217734375 0.32876953125 0.67051953125 0.3038662109375 0.6710498046875 0.285515625 0.9068291015625 0.2962275390625 0.9133876953125 0.297341796875 0.8964951171875
9 0.1544482421875 0.7045576171875 0.160875 0.6386806640625 0.138380859375 0.6457099609375 0.132556640625 0.7045576171875 0.1544482421875 0.7045576171875
9 0.380759765625 0.4787197265625 0.3887958984375 0.3428896484375 0.320193359375 0.391087890625 0.31221484375 0.5088330078125 0.380759765625 0.4787197265625
9 1 0.382177734375 0.9800595703125 0.3718642578125 0.9165634765625 0.3505087890625 0.850740234375 0.336966796875 0.8254814453125 0.3444287109375 0.8260556640625 0.38231640625 0.8367216796875 0.3808203125 0.8392236328125 0.5359853515625 0.8792666015625 0.53848828125 0.8795908203125 0.5858408203125 1 0.5954765625 1 0.382177734375
0 1 0.4709775390625 0.95147265625 0.463767578125 0.9468583984375 0.460306640625 0.886580078125 0.4510771484375 0.8534130859375 0.4562685546875 0.8424130859375 0.45745703125 0.7931767578125 0.4690888671875 0.788037109375 0.4663837890625 0.729875 0.4774755859375 0.7296044921875 0.4988466796875 0.740603515625 0.4995517578125 0.7425849609375 0.6226318359375 0.86786328125 0.6091640625 1 0.6177236328125 1 0.4709775390625
4 0.8008056640625 0.58098828125 0.802771484375 0.5885478515625 0.8054921875 0.5900595703125 0.8530048828125 0.5885869140625 0.878244140625 0.587556640625 0.878416015625 0.5425712890625 0.8772138671875 0.5403388671875 0.87309375 0.5391376953125 0.83806640625 0.5363896484375 0.82312890625 0.537935546875 0.817119140625 0.541541015625 0.817291015625 0.5446318359375 0.8188359375 0.5478935546875 0.8195234375 0.5583681640625 0.8038984375 0.5592265625 0.7994453125 0.5610322265625 0.7994453125 0.5702548828125 0.8008056640625 0.58098828125
8 0.8720087890625 0.53691015625 0.87765625 0.5280625 0.8802919921875 0.5177080078125 0.8802919921875 0.508294921875 0.8759619140625 0.501517578125 0.872197265625 0.4971875 0.866361328125 0.4968115234375 0.8609013671875 0.49229296875 0.8561953125 0.49229296875 0.85148828125 0.4937998046875 0.850923828125 0.5352158203125 0.8720087890625 0.53691015625
8 0.7316083984375 0.478509765625 0.7361689453125 0.480138671875 0.7490361328125 0.47671875 0.7482216796875 0.480626953125 0.748873046875 0.48567578125 0.753595703125 0.4920283203125 0.7562021484375 0.49105078125 0.757341796875 0.4884453125 0.753595703125 0.483396484375 0.754248046875 0.48046484375 0.7586455078125 0.4754150390625 0.763857421875 0.4744384765625 0.768580078125 0.4812783203125 0.772 0.4812783203125 0.776072265625 0.47720703125 0.78112109375 0.4664580078125 0.78112109375 0.4635263671875 0.7775380859375 0.4607568359375 0.7710234375 0.458314453125 0.760111328125 0.4575 0.7482216796875 0.4575 0.74382421875 0.4501708984375 0.73958984375 0.4482158203125 0.7356806640625 0.447890625 0.731283203125 0.44951953125 0.7285146484375 0.4535908203125 0.727537109375 0.465154296875 0.7283515625 0.4732978515625 0.7316083984375 0.478509765625
8 0.7819736328125 0.9303427734375 0.802017578125 0.927193359375 0.82236328125 0.926224609375 0.8246884765625 0.928744140625 0.825076171875 0.9386259765625 0.831470703125 0.9378505859375 0.83224609375 0.9337822265625 0.8308896484375 0.9240927734375 0.843484375 0.9231240234375 0.8446474609375 0.926224609375 0.8430966796875 0.9339755859375 0.8475537109375 0.9314560546875 0.85084765625 0.9266123046875 0.8512353515625 0.9221552734375 0.8543359375 0.92157421875 0.8553046875 0.926224609375 0.8543359375 0.93242578125 0.8585986328125 0.931650390625 0.860923828125 0.9250625 0.8587919921875 0.91866796875 0.89111328125 0.9139169921875 0.891703125 0.91096875 0.886001953125 0.9074296875 0.889541015625 0.906447265625 0.8954384765625 0.90192578125 0.8966181640625 0.897404296875 0.895044921875 0.8948486328125 0.8905234375 0.8891474609375 0.8846259765625 0.8824638671875 0.8834462890625 0.8791220703125 0.881087890625 0.8773525390625 0.8761728515625 0.87538671875 0.8754130859375 0.8721748046875 0.8740498046875 0.8697880859375 0.8718330078125 0.866548828125 0.8730263671875 0.863650390625 0.8723447265625 0.8604111328125 0.867912109375 0.8581953125 0.870810546875 0.8566611328125 0.876095703125 0.8551259765625 0.8776298828125 0.8530810546875 0.8769482421875 0.849841796875 0.872685546875 0.8454091796875 0.8667265625 0.842064453125 0.867693359375 0.835939453125 0.8717236328125 0.83271484375 0.8792998046875 0.8288466796875 0.8802666015625 0.8261064453125 0.879138671875 0.8233662109375 0.870111328125 0.8233662109375 0.8625361328125 0.8230439453125 0.8518974609375 0.8230439453125 0.8452880859375 0.8228828125 0.840291015625 0.8219150390625 0.834810546875 0.8223994140625 0.8278798828125 0.8282021484375 0.8240107421875 0.82965234375 0.8228828125 0.8319091796875 0.8228828125 0.8349716796875 0.8198203125 0.8330380859375 0.8215927734375 0.82836328125 0.823849609375 0.8246552734375 0.823205078125 0.82175390625 0.826646484375 0.816953125 0.8307470703125 0.8148408203125 0.8338544921875 0.8128525390625 0.8398193359375 0.81359765625 0.8421806640625 0.8122314453125 0.8414345703125 0.80974609375 0.8378310546875 0.808751953125 0.833978515625 0.80701171875 0.830375 0.80701171875 0.827392578125 0.8075087890625 0.8311201171875 0.8024140625 0.8331083984375 0.7981884765625 0.8322373046875 0.796240234375 0.830515625 0.795953125 0.8312333984375 0.793228515625 0.832810546875 0.79136328125 0.835392578125 0.78935546875 0.83553515625 0.7870615234375 0.833384765625 0.7854833984375 0.828794921875 0.7867744140625 0.8249228515625 0.78634375 0.8216240234375 0.7854833984375 0.8199033203125 0.78734765625 0.823345703125 0.79294140625 0.822484375 0.795666015625 0.81502734375 0.800255859375 0.813736328125 0.7975302734375 0.813736328125 0.7923671875 0.816318359375 0.78634375 0.81603125 0.783189453125 0.81301953125 0.783189453125 0.8104375 0.7854833984375 0.806421875 0.785197265625 0.8045576171875 0.78691796875 0.807283203125 0.7907900390625 0.805705078125 0.792654296875 0.804701171875 0.7900732421875 0.8019765625 0.7899296875 0.79738671875 0.7910771484375 0.7923671875 0.7897861328125 0.7919375 0.7930849609375 0.7919375 0.797244140625 0.78935546875 0.7975302734375 0.7844794921875 0.7915068359375 0.780607421875 0.79136328125 0.7790263671875 0.8036552734375 0.7737900390625 0.8129638671875 0.77340234375 0.8178125 0.7745654296875 0.8209150390625 0.781546875 0.8261513671875 0.7757294921875 0.8298359375 0.7691357421875 0.83041796875 0.7646748046875 0.83371484375 0.7666142578125 0.8366240234375 0.7704931640625 0.8381748046875 0.7745654296875 0.84244140625 0.7728203125 0.8480654296875 0.77553515625 0.850392578125 0.7811591796875 0.8529140625 0.7790263671875 0.854853515625 0.7706865234375 0.8579560546875 0.7674345703125 0.862669921875 0.764560546875 0.8651611328125 0.7605361328125 0.8741669921875 0.7584287109375 0.873208984375 0.754212890625 0.8709091796875 0.754404296875 0.866693359375 0.753638671875 0.8642021484375 0.7498056640625 0.859412109375 0.7494228515625 0.8567294921875 0.7509560546875 0.854046875 0.75574609375 0.85385546875 0.757087890625 0.8530888671875 0.757662109375 0.849064453125 0.7563212890625 0.8463818359375 0.7528720703125 0.8459990234375 0.7480810546875 0.8477236328125 0.74482421875 0.84733984375 0.7409912109375 0.8458076171875 0.7386923828125 0.84733984375 0.7386923828125 0.85098046875 0.74194921875 0.8534716796875 0.7411826171875 0.8576875 0.737734375 0.8634365234375 0.736775390625 0.86784375 0.7388837890625 0.8739755859375 0.7335185546875 0.8707177734375 0.7308359375 0.862861328125 0.7319853515625 0.855771484375 0.736009765625 0.8534716796875 0.736392578125 0.85098046875 0.7344765625 0.8482978515625 0.7270029296875 0.8431240234375 0.7212548828125 0.841783203125 0.7214462890625 0.8398671875 0.725662109375 0.8389091796875 0.726236328125 0.836609375 0.726044921875 0.834693359375 0.7243203125 0.83316015625 0.7212548828125 0.8325849609375 0.71378125 0.8333515625 0.7053505859375 0.834884765625 0.7036259765625 0.834884765625 0.7026455078125 0.8300576171875 0.7028427734375 0.82255078125 0.7018544921875 0.819390625 0.6981015625 0.8187978515625 0.693755859375 0.82215625 0.6874345703125 0.8276875 0.6842744140625 0.832033203125 0.6803232421875 0.83499609375 0.6757802734375 0.83084765625 0.6736064453125 0.8300576171875 0.6722236328125 0.8318349609375 0.672421875 0.8355888671875 0.67005078125 0.8389462890625 0.6704462890625 0.8417119140625 0.6747919921875 0.842107421875 0.678544921875 0.8444775390625 0.672421875 0.8506015625 0.6716318359375 0.8557373046875 0.6730146484375 0.8594912109375 0.6777548828125 0.8656142578125 0.6765703125 0.870552734375 0.6710390625 0.8737138671875 0.6690634765625 0.8796396484375 0.665705078125 0.87726953125 0.665310546875 0.87035546875 0.6627421875 0.863638671875 0.65819921875 0.862255859375 0.6552353515625 0.8614658203125 0.6574091796875 0.8587001953125 0.65819921875 0.8557373046875 0.6603720703125 0.85376171875 0.6607666015625 0.8509970703125 0.6589892578125 0.8502060546875 0.65266796875 0.8496142578125 0.652470703125 0.8450703125 0.6437783203125 0.839341796875 0.6467412109375 0.8367734375 0.64437109375 0.8318349609375 0.6390380859375 0.8288720703125 0.6283701171875 0.8286748046875 0.6281728515625 0.82255078125 0.6339013671875 0.8199833984375 0.6335068359375 0.81701953125 0.628962890625 0.814056640625 0.6194814453125 0.8172177734375 0.6184658203125 0.8107470703125 0.6134833984375 0.8075234375 0.60879296875 0.811626953125 0.6079140625 0.8171953125 0.612017578125 0.827748046875 0.5994140625 0.825109375 0.5944306640625 0.8265751953125 0.59237890625 0.83155859375 0.5944306640625 0.8344892578125 0.6014658203125 0.835662109375 0.6020517578125 0.8429892578125 0.5894482421875 0.84738671875 0.588275390625 0.852369140625 0.5947236328125 0.860576171875 0.589154296875 0.8661455078125 0.580068359375 0.8617490234375 0.5777236328125 0.8579384765625 0.5750849609375 0.8535419921875 0.5706884765625 0.851783203125 0.5630673828125 0.860869140625 0.555740234375 0.8503173828125 0.556326171875 0.845041015625 0.5624814453125 0.84064453125 0.56072265625 0.8377138671875 0.555447265625 0.836248046875 0.548412109375 0.8388857421875 0.539619140625 0.8350751953125 0.5346357421875 0.8391787109375 0.5340498046875 0.845041015625 0.5419638671875 0.851783203125 0.5416708984375 0.8661455078125 0.535515625 0.85705859375 0.5311181640625 0.8494384765625 0.5258427734375 0.84064453125 0.5232041015625 0.8339033203125 0.5196875 0.83273046875 0.516755859375 0.828919921875 0.5094287109375 0.828333984375 0.5018076171875 0.8303857421875 0.4909619140625 0.827748046875 0.476013671875 0.827455078125 0.4642890625 0.8224716796875 0.4584267578125 0.8218857421875 0.452857421875 0.8245234375 0.447875 0.8330234375 0.4376162109375 0.8432822265625 0.436150390625 0.8494384765625 0.43966796875 0.852076171875 0.4502197265625 0.8465068359375 0.455203125 0.8500244140625 0.452271484375 0.852369140625 0.444943359375 0.8561796875 0.443478515625 0.860869140625 0.4472890625 0.8626279296875 0.455203125 0.86380078125 0.4628232421875 0.8702490234375 0.4629384765625 0.8772724609375 0.460501953125 0.885650390625 0.4565732421875 0.88534765625 0.450228515625 0.8862548828125 0.43783984375 0.8880673828125 0.4369326171875 0.8944130859375 0.4393505859375 0.8986435546875 0.436630859375 0.9068017578125 0.436328125 0.913751953125 0.4269609375 0.9164716796875 0.4227314453125 0.913751953125 0.42001171875 0.913751953125 0.4133642578125 0.9185869140625 0.402486328125 0.9213056640625 0.3964423828125 0.9237236328125 0.38344921875 0.9152626953125 0.3801259765625 0.9164716796875 0.3789169921875 0.923119140625 0.3810322265625 0.931580078125 0.37317578125 0.9309755859375 0.3725712890625 0.9364140625 0.3763349609375 0.9495029296875 0.403259765625 0.9640478515625 0.7819736328125 0.9303427734375
8 0 1 0.0682607421875 0.9997158203125 0.2199462890625 0.97604296875 0.2294228515625 0.9545966796875 0.241392578125 0.9516044921875 0.24987109375 0.9416298828125 0.2603447265625 0.8847724609375 0.267478515625 0.8029453125 0.2623740234375 0.783037109375 0.26033203125 0.762619140625 0.26339453125 0.7370966796875 0.263271484375 0.7011806640625 0.01028125 0.699515625 0.0098701171875 0.6871787109375 0.0143935546875 0.6814208984375 0.0390673828125 0.685533203125 0.060041015625 0.6859443359375 0.0814248046875 0.686767578125 0.0863603515625 0.667439453125 0.0851259765625 0.6551015625 0.0732001953125 0.6485224609375 0.067443359375 0.651400390625 0.0604521484375 0.64893359375 0.05633984375 0.64317578125 0.0732001953125 0.6234365234375 0.070732421875 0.6164453125 0.0567509765625 0.6176796875 0.0583955078125 0.59094921875 0.05510546875 0.583546875 0.036923828125 0.5777353515625 0.0235546875 0.582828125 0.012095703125 0.582828125 0.0197353515625 0.560228515625 0.0187802734375 0.557044921875 0.0098671875 0.54876953125 0 0.5411298828125 0 1
2 1 0.3043427734375 0.9063603515625 0.2651328125 0.8044033203125 0.242908203125 0.68849609375 0.21678125 0.6520615234375 0.210978515625 0.6013671875 0.1644501953125 0.6010634765625 0.1416943359375 0.6001533203125 0.13775 0.5940849609375 0.134109375 0.583162109375 0.1328955078125 0.573453125 0.1380537109375 0.557978515625 0.12743359375 0.549787109375 0.1265234375 0.4725830078125 0.181453125 0.321609375 0.15733984375 0.3162197265625 0.161189453125 0.3015888671875 0.1596494140625 0.2200322265625 0.260306640625 0.214138671875 0.26069921875 0.2088349609375 0.2675751953125 0.208048828125 0.2724873046875 0.1757412109375 0.312828125 0.1721455078125 0.31237890625 0.1698984375 0.3166484375 0.17124609375 0.3209189453125 0.12749609375 0.3716796875 0.128328125 0.37722265625 0.1421865234375 0.3833203125 0.137474609375 0.393021484375 0.013658203125 0.5290439453125 0.0185888671875 0.538716796875 0.05758984375 0.5463701171875 0.054673828125 0.60541796875 0.0838330078125 0.6079697265625 0.0757578125 0.6984423828125 0.2647490234375 0.7000712890625 0.2650947265625 0.736427734375 0.2617724609375 0.762533203125 0.263908203125 0.7822314453125 0.2698232421875 0.802404296875 0.2630947265625 0.8831494140625 0.2577861328125 0.915115234375 0.3549150390625 0.9607919921875 0.395341796875 0.98441796875 0.5380625 0.9717333984375 0.6935400390625 0.9556298828125 0.912056640625 0.9286298828125 0.9136103515625 0.918271484375 1 0.90376953125 1 0.3043427734375
0 0.267568359375 0.47168359375 0.1478505859375 0.4563671875 0.0603125 0.52832421875 0.0560986328125 0.6036484375 0.13379296875 0.5670400390625 0.2573037109375 0.5738662109375 0.267568359375 0.47168359375
6 1 0.904873046875 0.9151640625 0.92059765625 0.9133525390625 0.929880859375 0.8037578125 0.944404296875 0.6485908203125 0.9618896484375 0.527416015625 0.9738388671875 0.485193359375 0.9777333984375 0.3957138671875 0.9862265625 0.35367578125 0.962373046875 0.2561630859375 0.915830078125 0.251533203125 0.942033203125 0.242470703125 0.9530849609375 0.230755859375 0.9561787109375 0.22147265625 0.978060546875 0.0772529296875 0.99965234375 1 1 1 0.904873046875
9 1 0.6314775390625 0.870732421875 0.62559375 0.84013671875 0.6280087890625 0.846517578125 0.8215810546875 0.88011328125 0.822451171875 0.8813271484375 0.8256376953125 0.8804169921875 0.8294306640625 0.872677734375 0.8335283203125 0.8685810546875 0.8368662109375 0.8679736328125 0.8414189453125 0.874158203125 0.8447001953125 0.8778251953125 0.8495498046875 0.87853515625 0.8532177734375 0.877115234375 0.855583984375 0.8700166015625 0.8579501953125 0.8734482421875 0.8599609375 0.8740390625 0.8633916015625 0.8732109375 0.8659951171875 0.8764052734375 0.87191015625 0.877115234375 0.874630859375 0.88184765625 0.876642578125 0.8846865234375 0.8790078125 0.8856337890625 0.881611328125 0.8977197265625 0.896392578125 0.896126953125 0.9030302734375 0.8890908203125 0.9076767578125 0.8925419921875 0.91006640625 0.909400390625 0.910931640625 0.910375 0.9149677734375 0.9374052734375 0.9124921875 1 0.902095703125 1 0.6314775390625
4 0.214361328125 0.6357607421875 0.245921875 0.640810546875 0.2553095703125 0.6359326171875 0.3741845703125 0.6087451171875 0.377466796875 0.57440625 0.3315146484375 0.5764267578125 0.20981640625 0.6127841796875 0.2083017578125 0.6163193359375 0.2093115234375 0.624146484375 0.214361328125 0.6357607421875