2 1 0.0354443359375 0.8517412109375 0.0448125 0.844908203125 0.089669921875 0.4130107421875 0.11097265625 0.395865234375 0.07241796875 0.119998046875 0.08440625 0.1130771484375 0.08485546875 0.113423828125 0.09307421875 0.0994560546875 0.125150390625 0 0.1289658203125 0 0.8894453125 1 0.8882470703125 1 0.0354443359375
0 1 0.0836875 0.8609013671875 0.094087890625 0.8454990234375 0.1341455078125 0.7980810546875 0.137109375 0.3998544921875 0.15510546875 0.3825078125 0.116671875 0.0005791015625 0.130439453125 0 0.1682802734375 0.0900634765625 0.16486328125 0.2338193359375 0.1592138671875 0.344189453125 0.1535966796875 0.3694599609375 0.1535966796875 0.3793388671875 0.158439453125 0.39234375 0.19353125 0.6597734375 0.179837890625 0.8509091796875 0.1703095703125 0.8608876953125 0.13101171875 1 0.1254208984375 1 0.0836875
9 0.3059873046875 0.27625 0.321458984375 0.2136181640625 0.2081630859375 0.2169736328125 0.1853603515625 0.281537109375 0.3059873046875 0.27625
9 0.2669248046875 0.434138671875 0.28721875 0.3533671875 0.159421875 0.3570224609375 0.1334248046875 0.438103515625 0.2669248046875 0.434138671875
9 0.216578125 0.624892578125 0.24118359375 0.530078125 0.100224609375 0.5326142578125 0.070583984375 0.627119140625 0.216578125 0.624892578125
9 0 0.864849609375 0.1552744140625 0.8648564453125 0.1853037109375 0.74369921875 0.0292451171875 0.7452685546875 0 0.8407490234375 0 0.864849609375
9 0.2414638671875 0.864654296875 0.2644111328125 0.774546875 0.2219296875 0.747498046875 0.1920693359375 0.859705078125 0.2414638671875 0.864654296875
9 0.374833984375 0.86319140625 0.3866748046875 0.763060546875 0.305654296875 0.76413671875 0.2894296875 0.8637177734375 0.374833984375 0.86319140625
9 0.481837890625 0.760072265625 0.4365185546875 0.75983984375 0.4241220703125 0.862734375 0.46910546875 0.8637626953125 0.481837890625 0.760072265625
9 0.4080126953125 0.6499755859375 0.418158203125 0.5691298828125 0.3420439453125 0.56998046875 0.327263671875 0.651490234375 0.4080126953125 0.6499755859375
9 0.496380859375 0.649923828125 0.503841796875 0.56651171875 0.4627294921875 0.566791015625 0.4516455078125 0.650083984375 0.496380859375 0.649923828125
9 0.2738134765625 0.6534375 0.2935087890625 0.6517880859375 0.309509765625 0.5766171875 0.2722685546875 0.535923828125 0.249548828125 0.6307626953125 0.2738134765625 0.6534375
9 0.3140517578125 0.4717431640625 0.334166015625 0.469146484375 0.344359375 0.415078125 0.3136943359375 0.366259765625 0.2939248046875 0.44344921875 0.3140517578125 0.4717431640625
9 0.433884765625 0.4683291015625 0.4430009765625 0.4073369140625 0.373607421875 0.4092158203125 0.3635595703125 0.46948828125 0.433884765625 0.4683291015625
9 0.517037109375 0.465453125 0.5187705078125 0.4064248046875 0.48212890625 0.40582421875 0.476259765625 0.465845703125 0.517037109375 0.465453125
9 0.34795703125 0.318673828125 0.3639248046875 0.3163466796875 0.372296875 0.275287109375 0.3469951171875 0.226150390625 0.3313310546875 0.288103515625 0.34795703125 0.318673828125
9 0.458255859375 0.313470703125 0.4619697265625 0.275130859375 0.4014912109375 0.2749404296875 0.39419921875 0.3149580078125 0.458255859375 0.313470703125
9 0.53125 0.312181640625 0.5342880859375 0.2704677734375 0.5002080078125 0.2714677734375 0.4966171875 0.3131611328125 0.53125 0.312181640625
9 0.515357421875 0.18071484375 0.5177060546875 0.1475556640625 0.463216796875 0.1489443359375 0.4592119140625 0.183498046875 0.515357421875 0.18071484375
9 0.802044921875 0.1634296875 0.8011923828125 0.1314140625 0.7408212890625 0.1339833984375 0.7435009765625 0.166298828125 0.802044921875 0.1634296875
9 0.654158203125 0.270693359375 0.6558779296875 0.23579296875 0.5885888671875 0.2377685546875 0.586486328125 0.2716875 0.654158203125 0.270693359375
9 0.6522998046875 0.407720703125 0.656384765625 0.29303125 0.5861806640625 0.29438671875 0.5790322265625 0.4095927734375 0.6522998046875 0.407720703125
9 0.6450087890625 0.580078125 0.64977734375 0.4424892578125 0.57623828125 0.443525390625 0.566857421875 0.5808388671875 0.6450087890625 0.580078125
9 0.6384111328125 0.7939931640625 0.643916015625 0.618650390625 0.5610693359375 0.6196552734375 0.5500234375 0.7944716796875 0.6384111328125 0.7939931640625
9 0.6349833984375 0.8645107421875 0.636369140625 0.8448330078125 0.5433837890625 0.8446875 0.5426884765625 0.863345703125 0.6349833984375 0.8645107421875
9 0.779712890625 0.8632900390625 0.7740439453125 0.7572373046875 0.72528125 0.7571865234375 0.7270478515625 0.8629755859375 0.779712890625 0.8632900390625
9 0.9239296875 0.86437890625 0.9130673828125 0.758421875 0.8230107421875 0.758255859375 0.8304697265625 0.8637978515625 0.9239296875 0.86437890625
9 0.982 0.863634765625 0.966400390625 0.7419091796875 0.9464833984375 0.770046875 0.957685546875 0.86162890625 0.982 0.863634765625
9 0.95079296875 0.6164892578125 0.9360078125 0.5249599609375 0.9219296875 0.5594228515625 0.9354990234375 0.645328125 0.95079296875 0.6164892578125
9 0.89933984375 0.6433056640625 0.891517578125 0.557228515625 0.8082333984375 0.558802734375 0.8146181640625 0.64436328125 0.89933984375 0.6433056640625
9 0.7690595703125 0.644294921875 0.7648505859375 0.5595390625 0.7220673828125 0.5603818359375 0.723759765625 0.644564453125 0.7690595703125 0.644294921875
9 0.7614091796875 0.4574091796875 0.7594375 0.3987509765625 0.7228798828125 0.3991845703125 0.724810546875 0.459095703125 0.7614091796875 0.4574091796875
9 0.880166015625 0.454568359375 0.8749970703125 0.395501953125 0.8012841796875 0.39761328125 0.80318359375 0.456783203125 0.880166015625 0.454568359375
9 0.9258154296875 0.4164208984375 0.9148671875 0.3500849609375 0.9014345703125 0.3949462890625 0.9101259765625 0.4552626953125 0.9258154296875 0.4164208984375
9 1 0.3294716796875 0.9388828125 0.332951171875 0.950068359375 0.41562890625 1 0.414103515625 1 0.3294716796875
9 1 0.5089345703125 0.96215234375 0.511103515625 0.9767890625 0.6142919921875 1 0.61391796875 1 0.5089345703125
9 1 0.1812666015625 0.919751953125 0.1841845703125 0.9270166015625 0.2527392578125 1 0.2501435546875 1 0.1812666015625
9 0.9056171875 0.255509765625 0.898033203125 0.2086162109375 0.8872353515625 0.2532294921875 0.8949150390625 0.297296875 0.9056171875 0.255509765625
9 0.868791015625 0.298869140625 0.864404296875 0.257310546875 0.7940537109375 0.259951171875 0.79644921875 0.301646484375 0.868791015625 0.298869140625
9 0.7576240234375 0.303447265625 0.756015625 0.26278125 0.7213369140625 0.2632626953125 0.7219833984375 0.3055908203125 0.7576240234375 0.303447265625
8 0.356845703125 0 0.3491494140625 0.0127744140625 0.3528505859375 0.0234501953125 0.3786552734375 0.0285966796875 0.3822763671875 0.0464375 0.358703125 0.0688759765625 0.3221123046875 0.08881640625 0.3160947265625 0.0955009765625 0.318814453125 0.1009365234375 0.366560546875 0.0798876953125 0.3571259765625 0.0938271484375 0.336935546875 0.10964453125 0.3377392578125 0.1172685546875 0.32719921875 0.1212119140625 0.3181728515625 0.12713671875 0.3137060546875 0.140642578125 0.3201533203125 0.147939453125 0.3393876953125 0.1520830078125 0.3636494140625 0.161763671875 0.3620478515625 0.1794599609375 0.358533203125 0.193896484375 0.3626123046875 0.201966796875 0.371388671875 0.2055625 0.3804912109375 0.204818359375 0.3880439453125 0.22586328125 0.395765625 0.2342314453125 0.404630859375 0.237826171875 0.4100263671875 0.25096484375 0.41356640625 0.2718232421875 0.40851171875 0.2861943359375 0.4090517578125 0.2926376953125 0.4155048828125 0.2987744140625 0.4262607421875 0.29729296875 0.4367412109375 0.2901943359375 0.4392294921875 0.2860830078125 0.4422998046875 0.2618798828125 0.452078125 0.2491826171875 0.47683203125 0.2444814453125 0.4848681640625 0.23607421875 0.502685546875 0.2292958984375 0.511798828125 0.2354326171875 0.5307197265625 0.247353515625 0.53716015625 0.258359375 0.544873046875 0.263265625 0.5610888671875 0.254859375 0.5857294921875 0.2419970703125 0.603767578125 0.24362109375 0.6105 0.252453125 0.6181923828125 0.2698857421875 0.6253994140625 0.279021484375 0.634798828125 0.2909150390625 0.6388486328125 0.3048916015625 0.65051171875 0.31157421875 0.6662958984375 0.30458984375 0.6927529296875 0.293951171875 0.7020986328125 0.3071875 0.7217236328125 0.3056103515625 0.7521748046875 0.3007626953125 0.7738623046875 0.2897451171875 0.7753935546875 0.274021484375 0.7715625 0.2571142578125 0.782962890625 0.2436337890625 0.79780078125 0.234115234375 0.815921875 0.22415625 0.82364453125 0.2025732421875 0.8335751953125 0.1892451171875 0.845189453125 0.2170302734375 0.86532421875 0.2530126953125 0.8797734375 0.2625908203125 0.8875419921875 0.2596171875 0.8888310546875 0.2451513671875 0.8730087890625 0.2055 0.88151171875 0.200048828125 0.899962890625 0.20035546875 0.907919921875 0.1867509765625 0.9128720703125 0.1757744140625 0.906837890625 0.157142578125 0.9158369140625 0.1494462890625 0.9521669921875 0.1528173828125 0.9614970703125 0.1404853515625 0.9624716796875 0.124599609375 0.9687158203125 0.1061953125 1 0.088828125 1 0 0.356845703125 0
7 0.4464228515625 0.1894013671875 0.4524794921875 0.218951171875 0.4485244140625 0.227498046875 0.44689453125 0.2331650390625 0.4475888671875 0.23787890625 0.437404296875 0.2423193359375 0.431529296875 0.246154296875 0.42630078125 0.2530068359375 0.4245986328125 0.2597958984375 0.424552734375 0.2675078125 0.4294052734375 0.2726015625 0.4364677734375 0.2797626953125 0.4453115234375 0.2846220703125 0.4566044921875 0.288126953125 0.468083984375 0.288359375 0.474171875 0.28751171875 0.5503515625 0.4933984375 0.553779296875 0.4985244140625 0.55614453125 0.4949931640625 0.5545810546875 0.4876123046875 0.4771142578125 0.283798828125 0.4836240234375 0.2753740234375 0.4833056640625 0.261806640625 0.4760830078125 0.250650390625 0.4636767578125 0.241517578125 0.460087890625 0.227255859375 0.4410361328125 0.1385830078125 0.43920703125 0.1228564453125 0.4392041015625 0.1160771484375 0.4380625 0.1121220703125 0.4324794921875 0.1104716796875 0.4299375 0.1129755859375 0.4303037109375 0.119884765625 0.43428515625 0.1398369140625 0.4464228515625 0.1894013671875
8 0 0 0 0.1739208984375 0.0232626953125 0.163927734375 0.0360126953125 0.186939453125 0.0492373046875 0.2020849609375 0.0584287109375 0.1999541015625 0.060259765625 0.180671875 0.0886259765625 0.1842626953125 0.1106474609375 0.1834833984375 0.1180439453125 0.1762041015625 0.112380859375 0.1679619140625 0.096232421875 0.16351171875 0.06680078125 0.1434189453125 0.0604833984375 0.1315107421875 0.0634697265625 0.12582421875 0.071478515625 0.114623046875 0.068994140625 0.1024638671875 0.0566650390625 0.1021728515625 0.03919140625 0.1043623046875 0.0375615234375 0.097892578125 0.05712109375 0.0884599609375 0.069912109375 0.0773125 0.08019140625 0.0644013671875 0.0855361328125 0.0505263671875 0.074107421875 0.045701171875 0.0464619140625 0.049259765625 0.03533203125 0.03248046875 0.028271484375 0.01875390625 0.041017578125 0.01409765625 0.057626953125 0 0 0
5 1 0.8909892578125 0 0.893505859375 0.001423828125 1 1 1 1 0.8909892578125