2 0.23691796875 0.9917060546875 0.2902958984375 0.9939296875 0.5684736328125 0.9789931640625 0.637162109375 0.8717255859375 0.6433662109375 0.8661298828125 0.677853515625 0.8536865234375 0.7324345703125 0.8422392578125 0.773560546875 0.835478515625 0.9051279296875 0.831234375 0.9153623046875 0.8215478515625 0.92389453125 0.8170498046875 0.9388876953125 0.81632421875 0.95214453125 0.819423828125 0.9680859375 0.83095703125 1 0.8317646484375 0.9982861328125 0.2312138671875 0.794810546875 0.1837998046875 0.7920673828125 0.155484375 0.79307421875 0.148578125 0.8039306640625 0.1317890625 0.5803466796875 0.07566015625 0.5616552734375 0.1308740234375 0.312166015625 0.073904296875 0.30844921875 0.148119140625 0.2650087890625 0.137501953125 0.2638037109375 0.1488447265625 0.2548056640625 0.1470322265625 0.25430859375 0.1561884765625 0.2544140625 0.1877138671875 0.2547041015625 0.2066591796875 0.2586025390625 0.2964375 0.2411455078125 0.293078125 0.2396572265625 0.3054677734375 0.229927734375 0.3054453125 0.227505859375 0.3096357421875 0.228732421875 0.3243388671875 0.2313046875 0.346275390625 0.2285751953125 0.3692890625 0.2343076171875 0.4259931640625 0.2386826171875 0.4734375 0.2171728515625 0.4701103515625 0.2134599609375 0.47215234375 0.2111279296875 0.485818359375 0.2006435546875 0.4831728515625 0.1993623046875 0.48894921875 0.1982177734375 0.4999853515625 0.2030810546875 0.520326171875 0.19732421875 0.55764453125 0.22446875 0.6786904296875 0.177435546875 0.677697265625 0.1743427734375 0.6929658203125 0.1631767578125 0.69577734375 0.16211328125 0.702138671875 0.1627373046875 0.712259765625 0.1695947265625 0.713744140625 0.1604638671875 0.78230078125 0.203853515625 0.828728515625 0.262595703125 0.82805859375 0.260140625 0.8465419921875 0.201744140625 0.8461123046875 0.1984306640625 0.859984375 0.2010263671875 0.8663486328125 0.25798828125 0.865462890625 0.247744140625 0.935798828125 0.240251953125 0.942513671875 0.2378818359375 0.94964453125 0.2416279296875 0.9557587890625 0.2380126953125 0.9784228515625 0.23691796875 0.9917060546875
9 0.641748046875 0.152001953125 0.6414892578125 0.11921875 0.6017841796875 0.1097236328125 0.6018876953125 0.1442783203125 0.641748046875 0.152001953125
9 0.6901015625 0.1633095703125 0.6898857421875 0.1312314453125 0.6520166015625 0.121736328125 0.652615234375 0.1543203125 0.6901015625 0.1633095703125
9 0.7369423828125 0.173994140625 0.7350712890625 0.142697265625 0.6988271484375 0.134234375 0.698873046875 0.164857421875 0.7369423828125 0.173994140625
9 0.781107421875 0.183314453125 0.7789482421875 0.1530947265625 0.74420703125 0.1438076171875 0.7446318359375 0.174875 0.781107421875 0.183314453125
9 0.93801953125 0.3271162109375 0.93249609375 0.2663642578125 0.8837412109375 0.256341796875 0.8893603515625 0.3198525390625 0.93801953125 0.3271162109375
9 0.95032421875 0.451166015625 0.9449287109375 0.380587890625 0.896853515625 0.376458984375 0.9028359375 0.4448662109375 0.95032421875 0.451166015625
9 0.7370888671875 0.28954296875 0.73484765625 0.2244951171875 0.679833984375 0.213380859375 0.6811279296875 0.2782763671875 0.7370888671875 0.28954296875
9 0.74504296875 0.4214462890625 0.74298046875 0.3506689453125 0.6832822265625 0.340953125 0.68490234375 0.4137490234375 0.74504296875 0.4214462890625
9 0.753814453125 0.5671884765625 0.7494248046875 0.4870048828125 0.6866767578125 0.4807373046875 0.688947265625 0.5624609375 0.753814453125 0.5671884765625
9 0.9767607421875 0.58736328125 0.966259765625 0.512830078125 0.91062890625 0.5070458984375 0.920205078125 0.5855556640625 0.9767607421875 0.58736328125
9 0.9959755859375 0.7447568359375 0.98558203125 0.6577568359375 0.929583984375 0.6539462890625 0.9402646484375 0.7421904296875 0.9959755859375 0.7447568359375
9 0.7648515625 0.73502734375 0.75966015625 0.64055859375 0.6890869140625 0.636017578125 0.6918291015625 0.7329033203125 0.7648515625 0.73502734375
9 0.774865234375 0.9285224609375 0.76941796875 0.8154931640625 0.6925185546875 0.815287109375 0.6994931640625 0.928876953125 0.774865234375 0.9285224609375
9 0.47042578125 0.935408203125 0.4763525390625 0.8162265625 0.387099609375 0.8144638671875 0.37701171875 0.937884765625 0.47042578125 0.935408203125
9 0.4818369140625 0.7119248046875 0.48727734375 0.624607421875 0.402380859375 0.617591796875 0.3973505859375 0.7084990234375 0.4818369140625 0.7119248046875
9 0.4952900390625 0.5169697265625 0.4977841796875 0.457544921875 0.4185048828125 0.44724609375 0.4155419921875 0.50682421875 0.4952900390625 0.5169697265625
9 0.5034609375 0.3476337890625 0.5060986328125 0.3098310546875 0.430421875 0.2965283203125 0.4254658203125 0.3332900390625 0.5034609375 0.3476337890625
9 0.4401904296875 0.1620732421875 0.4390419921875 0.1833037109375 0.50688671875 0.1978310546875 0.5082509765625 0.1778603515625 0.4401904296875 0.1620732421875
0 0.53795703125 0.2055068359375 0.53958984375 0.20154296875 0.5379296875 0.19780078125 0.4761337890625 0.1839921875 0.3496513671875 0.1575078125 0.266392578125 0.13999609375 0.2668740234375 0.151791015625 0.53795703125 0.2055068359375
0 0.535005859375 0.3537734375 0.53523828125 0.3454814453125 0.532787109375 0.3412900390625 0.2418759765625 0.296025390625 0.2410302734375 0.307267578125 0.535005859375 0.3537734375
0 0.530087890625 0.5195673828125 0.530486328125 0.5074765625 0.5269970703125 0.504837890625 0.2427607421875 0.4758046875 0.2176279296875 0.4720166015625 0.214318359375 0.47439453125 0.211943359375 0.4872646484375 0.530087890625 0.5195673828125
0 0.5225234375 0.7124072265625 0.5221240234375 0.7025 0.52180859375 0.692919921875 0.17837109375 0.6805546875 0.1750859375 0.6995068359375 0.5225234375 0.7124072265625
8 1 0.12712890625 0.976025390625 0.1256025390625 0.965099609375 0.1198056640625 0.953015625 0.122666015625 0.9487236328125 0.1325146484375 0.9519541015625 0.1510048828125 0.9445888671875 0.1778203125 0.9275234375 0.18328125 0.9214775390625 0.19673046875 0.9237197265625 0.223771484375 0.9126220703125 0.23858984375 0.901939453125 0.245005859375 0.8942646484375 0.278087890625 0.881787109375 0.3114892578125 0.86161328125 0.3276279296875 0.855341796875 0.3403203125 0.8521064453125 0.362029296875 0.85208984375 0.3809990234375 0.8563740234375 0.407439453125 0.8451005859375 0.426486328125 0.8487109375 0.446251953125 0.867328125 0.46367578125 0.8544638671875 0.489724609375 0.8423955078125 0.5101630859375 0.850875 0.5337265625 0.8534716796875 0.54792578125 0.8441162109375 0.5550537109375 0.81676953125 0.550939453125 0.81149609375 0.5610849609375 0.8285087890625 0.575833984375 0.855650390625 0.577681640625 0.8590751953125 0.593201171875 0.84695703125 0.61705078125 0.8533505859375 0.63628515625 0.8682685546875 0.639177734375 0.8821708984375 0.6595830078125 0.8985009765625 0.6626044921875 0.9148876953125 0.6652705078125 0.946220703125 0.661474609375 0.9555478515625 0.67716796875 0.951888671875 0.691892578125 0.96081640625 0.6998798828125 0.978248046875 0.70575390625 0.9828095703125 0.7204345703125 0.994115234375 0.7291796875 0.9945263671875 0.7567802734375 0.9926982421875 0.78242578125 1 0.789013671875 1 0.12712890625
1 1 0.835251953125 0.96718359375 0.83234375 0.964310546875 0.829970703125 0.9526279296875 0.8208837890625 0.938533203125 0.8171240234375 0.9242861328125 0.8187421875 0.914556640625 0.82383984375 0.906130859375 0.832638671875 0.901548828125 0.8319033203125 0.83765234375 0.8338544921875 0.7735068359375 0.837271484375 0.7300810546875 0.8443642578125 0.706658203125 0.8483466796875 0.6733955078125 0.8565625 0.650376953125 0.8649287109375 0.6399521484375 0.8720380859375 0.61048046875 0.9128505859375 0.57273828125 0.96833203125 0.5554423828125 1 1 1 1 0.835251953125
8 0.1865380859375 0.9959140625 0.1944921875 0.94462109375 0.2388740234375 0.9432763671875 0.246912109375 0.9350263671875 0.25680078125 0.8666474609375 0.203294921875 0.8673544921875 0.1992197265625 0.865791015625 0.19794140625 0.860423828125 0.199875 0.846138671875 0.2057099609375 0.845333984375 0.255091796875 0.8445263671875 0.259375 0.8441669921875 0.26224609375 0.8284267578125 0.253939453125 0.8292080078125 0.21874609375 0.829572265625 0.21166796875 0.8303232421875 0.204095703125 0.8306748046875 0.1744228515625 0.7982314453125 0.1679130859375 0.8023701171875 0.166150390625 0.8091416015625 0.1696181640625 0.8239873046875 0.1673564453125 0.8340712890625 0.16103515625 0.8454794921875 0.15867578125 0.859341796875 0.15833203125 0.874654296875 0.1470654296875 0.8731767578125 0.130408203125 0.8687890625 0.115810546875 0.873314453125 0.107744140625 0.874125 0.088849609375 0.8655322265625 0.06208203125 0.86042578125 0.0421044921875 0.8541962890625 0.0453623046875 0.8253232421875 0.049072265625 0.81729296875 0.04810546875 0.8105087890625 0.04121484375 0.804923828125 0.0412001953125 0.7939755859375 0.04348046875 0.7848876953125 0.0413984375 0.775919921875 0.0336162109375 0.7686142578125 0.02114453125 0.7640390625 0.0122822265625 0.7682412109375 0.0076015625 0.776642578125 0.005904296875 0.7903544921875 0.0000712890625 0.8043037109375 0.0000712890625 1 0.1821318359375 0.999431640625 0.1865380859375 0.9959140625
8 0.177796875 0.6992861328125 0.184001953125 0.6992412109375 0.2475361328125 0.7025830078125 0.25617578125 0.6999130859375 0.2574423828125 0.690388671875 0.2419423828125 0.68541015625 0.2267353515625 0.6861083984375 0.2228515625 0.676712890625 0.204435546875 0.5962255859375 0.1960078125 0.5607958984375 0.1970849609375 0.550212890625 0.1967333984375 0.5450849609375 0.1943203125 0.55588671875 0.18988671875 0.5726494140625 0.188373046875 0.5964580078125 0.1823232421875 0.6202578125 0.174314453125 0.6511455078125 0.17359375 0.669578125 0.1787392578125 0.69533984375 0.177796875 0.6992861328125
9 0.045921875 0.713228515625 0.0495419921875 0.6953984375 0.0354248046875 0.6950654296875 0.0318740234375 0.7129814453125 0.045921875 0.713228515625
9 0.063359375 0.714037109375 0.06717578125 0.69690234375 0.0527265625 0.695953125 0.04933984375 0.7137255859375 0.063359375 0.714037109375
9 0.1228564453125 0.7160673828125 0.12636328125 0.699099609375 0.1124150390625 0.6989541015625 0.109947265625 0.71580859375 0.1228564453125 0.7160673828125
9 0.053884765625 0.763900390625 0.0589453125 0.7392451171875 0.01933203125 0.73837109375 0.01501171875 0.7622451171875 0.053884765625 0.763900390625
9 0.126515625 0.76521875 0.13096875 0.73859765625 0.092900390625 0.737833984375 0.0889169921875 0.7648173828125 0.126515625 0.76521875
9 0.185943359375 0.8135986328125 0.183837890625 0.788466796875 0.1584541015625 0.7879755859375 0.1557919921875 0.813091796875 0.185943359375 0.8135986328125
9 0.11851171875 0.812064453125 0.1217490234375 0.785849609375 0.0832333984375 0.7848154296875 0.0800703125 0.81153125 0.11851171875 0.812064453125
9 0.1088408203125 0.8625576171875 0.113751953125 0.8335009765625 0.0735185546875 0.8324716796875 0.06928515625 0.862375 0.1088408203125 0.8625576171875
9 0.0442900390625 0.8116669921875 0.048173828125 0.7878447265625 0.007017578125 0.7864033203125 0.0027509765625 0.811193359375 0.0442900390625 0.8116669921875
9 0 0.86284765625 0.0336669921875 0.862494140625 0.0383310546875 0.8365595703125 0 0.8363095703125 0 0.86284765625
9 0.1001328125 0.9131875 0.104431640625 0.8822587890625 0.062330078125 0.8819169921875 0.058349609375 0.913943359375 0.1001328125 0.9131875
9 0.17987890625 0.91221484375 0.1818203125 0.8824501953125 0.1396416015625 0.8826181640625 0.136357421875 0.9139609375 0.17987890625 0.91221484375
9 0.1920302734375 0.8632861328125 0.1935849609375 0.8359716796875 0.1494990234375 0.834154296875 0.1465771484375 0.8625771484375 0.1920302734375 0.8632861328125
2 0.246146484375 0.9343720703125 0.2561142578125 0.8672109375 0.204623046875 0.8686474609375 0.198669921875 0.8670205078125 0.197091796875 0.8624248046875 0.199900390625 0.8447138671875 0.2583037109375 0.843888671875 0.2612265625 0.829537109375 0.2039453125 0.8317216796875 0.159455078125 0.783205078125 0.168255859375 0.714765625 0.16160546875 0.713115234375 0.1608212890625 0.70599609375 0.1619970703125 0.6949150390625 0.17317578125 0.692810546875 0.1765400390625 0.6769716796875 0.2216064453125 0.677677734375 0.219869140625 0.6723427734375 0.137826171875 0.6677470703125 0.1382626953125 0.6603681640625 0.1341279296875 0.65706640625 0.129251953125 0.658810546875 0.12623828125 0.667919921875 0.0366162109375 0.662474609375 0.03374609375 0.6591728515625 0.0065732421875 0.6574404296875 0.0047451171875 0.66163671875 0.0014443359375 0.66163671875 0 0.9306865234375 0.246146484375 0.9343720703125
4 0.183662109375 0.9998896484375 0.256005859375 1 0.25803125 0.992798828125 0.23670703125 0.992384765625 0.2403876953125 0.955634765625 0.23742578125 0.9505087890625 0.2387275390625 0.9440517578125 0.1950712890625 0.94501953125 0.1878857421875 0.9947841796875 0.183662109375 0.9998896484375
3 0.553734375 1 0.56630859375 0.979134765625 0.45381640625 0.9861943359375 0.3186953125 0.9933173828125 0.296517578125 0.994224609375 0.279392578125 0.9942001953125 0.2582470703125 0.9931669921875 0.2567978515625 1 0.553734375 1
8 0 0.45494921875 0.0046787109375 0.4483779296875 0.01022265625 0.4459287109375 0.0199501953125 0.4380537109375 0.0231328125 0.4300888671875 0.0443603515625 0.4177412109375 0.073787109375 0.3945615234375 0.0967294921875 0.40608984375 0.1002470703125 0.410828125 0.1126025390625 0.413384765625 0.117130859375 0.4161279296875 0.1271357421875 0.4118798828125 0.1272607421875 0.4036806640625 0.1224697265625 0.3992294921875 0.0988271484375 0.3969697265625 0.0785302734375 0.38944921875 0.0965322265625 0.3733359375 0.107294921875 0.3694697265625 0.118458984375 0.3695419921875 0.125169921875 0.365029296875 0.12907421875 0.3562568359375 0.136125 0.3599453125 0.1456630859375 0.3585888671875 0.1491005859375 0.3550126953125 0.169431640625 0.361013671875 0.17665625 0.3602255859375 0.1776220703125 0.3571298828125 0.1724248046875 0.3502490234375 0.1663193359375 0.350158203125 0.15404296875 0.3481845703125 0.141419921875 0.3475966796875 0.124837890625 0.3428701171875 0.1163466796875 0.3385146484375 0.1287529296875 0.3258525390625 0.1482373046875 0.3287412109375 0.1617958984375 0.3298935546875 0.17183984375 0.3229697265625 0.1779072265625 0.3121396484375 0.1913349609375 0.290869140625 0.2044326171875 0.274115234375 0.2173095703125 0.2628984375 0.2365869140625 0.2722587890625 0.24887890625 0.2742958984375 0.253341796875 0.2726103515625 0.2532666015625 0.265857421875 0.2378447265625 0.2598984375 0.2352431640625 0.2485283203125 0.231990234375 0.238947265625 0.223310546875 0.2385185546875 0.21108203125 0.2450673828125 0.1832177734375 0.27437890625 0.1719287109375 0.2839150390625 0.1678251953125 0.2953486328125 0.1545400390625 0.29937890625 0.14501171875 0.306181640625 0.123216796875 0.30476171875 0.1125 0.3069990234375 0.099705078125 0.3149892578125 0.0954833984375 0.3138779296875 0.09205078125 0.316603515625 0.081373046875 0.3290556640625 0.068466796875 0.3324375 0.0550791015625 0.3284296875 0.046072265625 0.3290498046875 0.0115263671875 0.32027734375 0.01097265625 0.3157783203125 0.0008134765625 0.3136572265625 0.0002861328125 0.3383076171875 0.017490234375 0.3369189453125 0.04592578125 0.3429306640625 0.052060546875 0.35078125 0.0596259765625 0.353685546875 0.062666015625 0.3713798828125 0.0294892578125 0.3989462890625 0 0.4132265625 0 0.45494921875
8 0.4982958984375 0.517041015625 0.5130751953125 0.5133134765625 0.515443359375 0.5038525390625 0.523099609375 0.4922451171875 0.5200517578125 0.4897216796875 0.504240234375 0.4979443359375 0.48682421875 0.5007431640625 0.4880546875 0.482458984375 0.495896484375 0.4701416015625 0.4988583984375 0.4611572265625 0.49314453125 0.4610537109375 0.4845009765625 0.467177734375 0.4695908203125 0.4639892578125 0.4637216796875 0.4549658203125 0.4546318359375 0.4364755859375 0.448884765625 0.4218994140625 0.445125 0.4168828125 0.438291015625 0.4158203125 0.4329541015625 0.422337890625 0.434298828125 0.43251953125 0.4313994140625 0.4418671875 0.42133203125 0.4583828125 0.4132763671875 0.4648759765625 0.4103984375 0.4827060546875 0.413892578125 0.4973486328125 0.42719140625 0.50552734375 0.4982958984375 0.517041015625
8 0.50060546875 0.3110166015625 0.4869931640625 0.3064794921875 0.4788056640625 0.308224609375 0.4732705078125 0.3142802734375 0.46903125 0.3211171875 0.4737880859375 0.335244140625 0.482017578125 0.3445625 0.5308740234375 0.3527021484375 0.5393916015625 0.3474990234375 0.539765625 0.3407490234375 0.5304638671875 0.335548828125 0.523314453125 0.3306259765625 0.5304677734375 0.3192626953125 0.5299658203125 0.30879296875 0.527904296875 0.3072080078125 0.52144140625 0.306197265625 0.5157587890625 0.312078125 0.50060546875 0.3110166015625