9 0.100275390625 0.7680751953125 0.0872138671875 0.9559853515625 0.2806025390625 0.9547216796875 0.2696474609375 0.779451171875 0.100275390625 0.7680751953125
9 0.1156083984375 0.505802734375 0.1084052734375 0.6320634765625 0.2636298828125 0.648990234375 0.25966796875 0.5294208984375 0.1156083984375 0.505802734375
9 0.124251953125 0.3151318359375 0.1195703125 0.4069697265625 0.2575078125 0.43362109375 0.2510244140625 0.34322265625 0.124251953125 0.3151318359375
9 0.1318154296875 0.1670517578125 0.129654296875 0.2362587890625 0.2503046875 0.268671875 0.244181640625 0.196224609375 0.1318154296875 0.1670517578125
9 0.42260546875 0.2488740234375 0.4309775390625 0.3169013671875 0.454001953125 0.2951328125 0.4853994140625 0.30476171875 0.4766083984375 0.262689453125 0.42260546875 0.2488740234375
9 0.53458984375 0.2784775390625 0.5443291015625 0.3197802734375 0.594830078125 0.332224609375 0.582205078125 0.29200390625 0.53458984375 0.2784775390625
9 0.6213427734375 0.42583203125 0.5699404296875 0.4155517578125 0.590140625 0.49184375 0.6437080078125 0.5008623046875 0.6213427734375 0.42583203125
9 0.4475751953125 0.39013671875 0.4653837890625 0.497306640625 0.492 0.4718427734375 0.5237041015625 0.477517578125 0.506873046875 0.402171875 0.4475751953125 0.39013671875
9 0.4803525390625 0.5621318359375 0.507779296875 0.72392578125 0.5384775390625 0.7007763671875 0.577251953125 0.7050068359375 0.54575390625 0.571658203125 0.4803525390625 0.5621318359375
9 0.6161572265625 0.5839736328125 0.650318359375 0.7131953125 0.713072265625 0.7182568359375 0.6738515625 0.592625 0.6161572265625 0.5839736328125
9 0.67612890625 0.8023134765625 0.716615234375 0.9517353515625 0.7839248046875 0.9517353515625 0.7386298828125 0.8064453125 0.67612890625 0.8023134765625
9 0.523431640625 0.791125 0.5552138671875 0.9527900390625 0.63337109375 0.9518173828125 0.5989951171875 0.7990927734375 0.523431640625 0.791125
9 1 0.6727744140625 0.9801484375 0.6325341796875 0.911390625 0.6211826171875 0.950861328125 0.713712890625 1 0.7185654296875 1 0.6727744140625
9 0.8395517578125 0.4642802734375 0.8714921875 0.5346318359375 0.937078125 0.546611328125 0.90438671875 0.47777734375 0.8395517578125 0.4642802734375
9 0.7824072265625 0.33421875 0.8074443359375 0.389484375 0.86715234375 0.405099609375 0.8416162109375 0.3510869140625 0.7824072265625 0.33421875
9 0.7395009765625 0.238466796875 0.7541142578125 0.27006640625 0.81033203125 0.28715234375 0.7946171875 0.2538994140625 0.7395009765625 0.238466796875
9 1 0.4460078125 0.975888671875 0.40735546875 0.9500283203125 0.401341796875 0.9774775390625 0.4572841796875 1 0.464109375 1 0.4460078125
0 0.484791015625 0.6698671875 0.494828125 0.7318525390625 0.48619921875 0.7387197265625 0.486375 0.7452353515625 0.4900732421875 0.756681640625 0.539732421875 0.7207587890625 0.8167275390625 0.747701171875 0.8160234375 0.739248046875 0.817080078125 0.7371357421875 0.8163759765625 0.7306201171875 0.8065146484375 0.7297392578125 0.783974609375 0.6654921875 0.7810537109375 0.664259765625 0.711015625 0.6549345703125 0.641455078125 0.6450732421875 0.531470703125 0.629224609375 0.5261875 0.629224609375 0.523017578125 0.63028125 0.4777470703125 0.66810546875 0.478626953125 0.67233203125 0.484791015625 0.6698671875
0 0.446595703125 0.466390625 0.453392578125 0.50812890625 0.4454033203125 0.5165234375 0.446953125 0.52212890625 0.449576171875 0.5317880859375 0.49071875 0.4880224609375 0.7394970703125 0.5342919921875 0.7394970703125 0.5251103515625 0.740689453125 0.5235595703125 0.7399736328125 0.5193857421875 0.7313876953125 0.5168818359375 0.7146923828125 0.4724736328125 0.7145732421875 0.4690146484375 0.7123076171875 0.467703125 0.6542001953125 0.455658203125 0.547201171875 0.4325234375 0.483466796875 0.41995703125 0.4807236328125 0.4192421875 0.4778623046875 0.4210302734375 0.4418251953125 0.4649599609375 0.4421826171875 0.4688955078125 0.446595703125 0.466390625
0 0.41884765625 0.30673828125 0.4240234375 0.33623046875 0.41728515625 0.3465751953125 0.4203125 0.3581962890625 0.45498046875 0.3104013671875 0.6787099609375 0.36501171875 0.6791005859375 0.3547578125 0.6785146484375 0.353390625 0.6706044921875 0.35094921875 0.6581044921875 0.31498828125 0.6571279296875 0.3127421875 0.6547841796875 0.31186328125 0.603208984375 0.297912109375 0.517037109375 0.274767578125 0.449171875 0.255626953125 0.4458583984375 0.2576162109375 0.4154296875 0.305078125 0.41572265625 0.3072265625 0.41884765625 0.30673828125
9 0.747275390625 0.17839453125 0.737365234375 0.1710322265625 0.7260380859375 0.16791796875 0.7227822265625 0.168908203125 0.7239140625 0.1742890625 0.73708203125 0.1902880859375 0.7543544921875 0.1949599609375 0.7539296875 0.1905712890625 0.7505322265625 0.1816513671875 0.747275390625 0.17839453125
8 0.51246484375 0.6912763671875 0.51667578125 0.6870654296875 0.523154296875 0.6836640625 0.53837890625 0.681396484375 0.545505859375 0.6841494140625 0.551822265625 0.683826171875 0.5526328125 0.681720703125 0.551822265625 0.676537109375 0.5536044921875 0.675080078125 0.5574912109375 0.6736220703125 0.5583017578125 0.670220703125 0.55408984375 0.66406640625 0.5511748046875 0.660826171875 0.553927734375 0.65953125 0.5550615234375 0.6562919921875 0.5526328125 0.65434765625 0.54744921875 0.6530517578125 0.5477734375 0.6491650390625 0.5438857421875 0.6467353515625 0.540646484375 0.64592578125 0.53659765625 0.6468974609375 0.5354638671875 0.6488408203125 0.536921875 0.6522421875 0.5377314453125 0.65953125 0.5344921875 0.6621220703125 0.527365234375 0.6619599609375 0.5216962890625 0.6619599609375 0.5153798828125 0.6637421875 0.509873046875 0.666171875 0.508091796875 0.669734375 0.505662109375 0.6708681640625 0.50517578125 0.67459375 0.503232421875 0.679291015625 0.500640625 0.6844736328125 0.500640625 0.688037109375 0.50274609375 0.690466796875 0.50517578125 0.6912763671875 0.508091796875 0.6919248046875 0.5097109375 0.69419140625 0.5114931640625 0.6935439453125 0.51246484375 0.6912763671875
8 0.73758203125 0.7170146484375 0.7455234375 0.7136298828125 0.7568486328125 0.7118076171875 0.767001953125 0.7135 0.77077734375 0.712978515625 0.7718193359375 0.7095947265625 0.7718193359375 0.705298828125 0.7748125 0.7036064453125 0.7736416015625 0.700091796875 0.7675234375 0.697748046875 0.7616650390625 0.696966796875 0.7576298828125 0.6930615234375 0.754115234375 0.688765625 0.7504697265625 0.6872041015625 0.746955078125 0.687724609375 0.7455234375 0.688765625 0.7451328125 0.6905888671875 0.747345703125 0.6956650390625 0.7422685546875 0.6946240234375 0.737712890625 0.6954052734375 0.7352392578125 0.697748046875 0.731984375 0.7003515625 0.7284697265625 0.7039970703125 0.724173828125 0.7086826171875 0.7220908203125 0.7125888671875 0.7226123046875 0.71558203125 0.7250849609375 0.716494140625 0.7284697265625 0.7192275390625 0.7314638671875 0.7200087890625 0.73758203125 0.7170146484375
8 0.1663388671875 0 0.14586328125 0.018052734375 0.1502734375 0.021203125 0.1720087890625 0.00104296875 0.1921689453125 0.0019873046875 0.194689453125 0.0205732421875 0.1987841796875 0.0199423828125 0.1997294921875 0.002302734375 0.20571484375 0.003248046875 0.20382421875 0.022462890625 0.2066591796875 0.02561328125 0.156888671875 0.043568359375 0.1263330078125 0.0498681640625 0.113103515625 0.050498046875 0.11341796875 0.055853515625 0.119087890625 0.0564833984375 0.1575185546875 0.0486083984375 0.2132744140625 0.026873046875 0.2132744140625 0.036525390625 0.1953193359375 0.047865234375 0.1987841796875 0.0529052734375 0.21358984375 0.0418798828125 0.213904296875 0.0582607421875 0.2072900390625 0.06330078125 0.2072900390625 0.0696005859375 0.2142197265625 0.0673955078125 0.214849609375 0.071490234375 0.1994140625 0.08598046875 0.1817744140625 0.0897607421875 0.1521640625 0.094486328125 0.12129296875 0.0850361328125 0.113103515625 0.0828310546875 0.1096376953125 0.0866103515625 0.111212890625 0.094486328125 0.1307431640625 0.0954306640625 0.1417685546875 0.1011005859375 0.1471240234375 0.10456640625 0.169173828125 0.1011005859375 0.1672841796875 0.11056640625 0.1594091796875 0.118126953125 0.1471240234375 0.11938671875 0.134208984375 0.1143466796875 0.1266484375 0.117181640625 0.1282236328125 0.1228515625 0.142083984375 0.1307265625 0.1660888671875 0.1244267578125 0.167978515625 0.126947265625 0.17459375 0.129466796875 0.181208984375 0.12915234375 0.18687890625 0.134822265625 0.180263671875 0.1534072265625 0.18246875 0.1701025390625 0.1865634765625 0.178607421875 0.2075810546875 0.176392578125 0.2188291015625 0.20093359375 0.21013671875 0.21525 0.250017578125 0.2326337890625 0.2806943359375 0.245416015625 0.2985888671875 0.236212890625 0.2868291015625 0.2249638671875 0.3011455078125 0.206046875 0.3307998046875 0.190197265625 0.2842734375 0.259220703125 0.3057470703125 0.2576865234375 0.327732421875 0.2438818359375 0.345228515625 0.2198251953125 0.3651455078125 0.2500693359375 0.372330078125 0.2492001953125 0.3762109375 0.241955078125 0.3747353515625 0.2106044921875 0.4009228515625 0.2334716796875 0.409310546875 0.2357529296875 0.41383203125 0.2268330078125 0.3669892578125 0.1844169921875 0.3787919921875 0.1438447265625 0.388013671875 0.1305673828125 0.3909638671875 0.14974609375 0.40866796875 0.14089453125 0.420470703125 0.1538037109375 0.4407568359375 0.1608115234375 0.4496083984375 0.14089453125 0.46288671875 0.1512216796875 0.4540341796875 0.175564453125 0.473951171875 0.18810546875 0.480974609375 0.206318359375 0.5009345703125 0.212392578125 0.5122158203125 0.2054501953125 0.5202431640625 0.1963388671875 0.5629814453125 0.215212890625 0.5503984375 0.2301826171875 0.5603779296875 0.2325693359375 0.5688388671875 0.240162109375 0.555822265625 0.2579521484375 0.5232802734375 0.279212890625 0.5215439453125 0.2839853515625 0.53178125 0.2835771484375 0.574818359375 0.245845703125 0.599580078125 0.2505615234375 0.614908203125 0.2405390625 0.5978115234375 0.2670693359375 0.62021484375 0.2765029296875 0.6255205078125 0.2505615234375 0.6367216796875 0.2434873046875 0.6514609375 0.257046875 0.66855859375 0.2505615234375 0.67504296875 0.2794501953125 0.6856552734375 0.2794501953125 0.679169921875 0.2670693359375 0.679759765625 0.2505615234375 0.6933193359375 0.2440771484375 0.7321416015625 0.21458203125 0.7531982421875 0.20689453125 0.743171875 0.2239404296875 0.750859375 0.2369755859375 0.761888671875 0.2416552734375 0.7769296875 0.2322958984375 0.7809404296875 0.23764453125 0.7799375 0.2466689453125 0.7735869140625 0.2523505859375 0.7795947265625 0.2647314453125 0.7551953125 0.273677734375 0.74665625 0.282216796875 0.75072265625 0.29523046875 0.761294921875 0.29523046875 0.76698828125 0.282216796875 0.7861015625 0.2671708984375 0.79016796875 0.27205078125 0.808466796875 0.266357421875 0.8096875 0.2492783203125 0.79789453125 0.230166015625 0.7913876953125 0.210646484375 0.796673828125 0.21715234375 0.80602734375 0.219185546875 0.8145673828125 0.20861328125 0.8092802734375 0.1984462890625 0.7950478515625 0.20088671875 0.80032421875 0.190181640625 0.8117919921875 0.1892255859375 0.814177734375 0.1836123046875 0.8259150390625 0.199123046875 0.8418447265625 0.204572265625 0.8544208984375 0.21295703125 0.8520400390625 0.2285341796875 0.8518505859375 0.233263671875 0.8537421875 0.2379931640625 0.8558232421875 0.24007421875 0.82612109375 0.26201953125 0.8176083984375 0.26334375 0.81552734375 0.26637109375 0.817796875 0.268640625 0.8227158203125 0.2684521484375 0.8283916015625 0.266181640625 0.865849609375 0.23837109375 0.8694443359375 0.23742578125 0.874552734375 0.2340205078125 0.87966015625 0.2355341796875 0.8807958984375 0.238560546875 0.87871484375 0.24575 0.8641474609375 0.26031640625 0.855255859375 0.261830078125 0.856580078125 0.2654248046875 0.852228515625 0.2654248046875 0.849390625 0.2695869140625 0.854876953125 0.2722353515625 0.8641474609375 0.26996484375 0.885146484375 0.2584248046875 0.9241181640625 0.22248046875 0.9284697265625 0.224939453125 0.9233623046875 0.241208984375 0.919767578125 0.2459384765625 0.914091796875 0.2489658203125 0.9137138671875 0.2555869140625 0.9148486328125 0.2610732421875 0.918443359375 0.2627763671875 0.924875 0.2612626953125 0.9292265625 0.2557763671875 0.9297939453125 0.249533203125 0.92790234375 0.24537109375 0.9311181640625 0.23307421875 0.934712890625 0.2586142578125 0.9338115234375 0.291064453125 0.928771484375 0.3137451171875 0.9240458984375 0.326974609375 0.9281416015625 0.330125 0.932236328125 0.3272900390625 0.945466796875 0.27751953125 0.9552314453125 0.2494833984375 0.965626953125 0.226173828125 0.977912109375 0.247279296875 0.9933466796875 0.2614541015625 0.9988212890625 0.2642890625 0.9988212890625 0.2438134765625 0.9933466796875 0.225228515625 0.9873623046875 0.2060126953125 0.9988212890625 0.190892578125 0.9988212890625 0.14355078125 0.997126953125 0.133470703125 0.998072265625 0.1208701171875 0.9988212890625 0.114884765625 0.9958671875 0.1082705078125 0.9988212890625 0.094724609375 0.9988212890625 0.00009765625 0.9464111328125 0 0.95019140625 0.0104931640625 0.9451513671875 0.0142724609375 0.9397958984375 0.0086025390625 0.941056640625 0 0.93255078125 0.000412109375 0.9306611328125 0.009232421875 0.920265625 0.00891796875 0.918060546875 0.0051376953125 0.9117607421875 0.004822265625 0.912390625 0.0123828125 0.905775390625 0.0130126953125 0.88435546875 0.0041923828125 0.8761650390625 0 0.751166015625 0 0.7407705078125 0.0108076171875 0.7306904296875 0.0164775390625 0.7313203125 0.0202578125 0.7139951171875 0.036953125 0.6982451171875 0.033802734375 0.7180908203125 0 0.713890625 0 0.701919921875 0.0123828125 0.6710498046875 0.0227783203125 0.662859375 0.018052734375 0.641439453125 0 0.608048828125 0 0.6052138671875 0.0016728515625 0.586943359375 0.00702734375 0.58379296875 0 0.57780859375 0.000412109375 0.580328125 0.0082880859375 0.5642626953125 0.0104931640625 0.5636328125 0 0.552607421875 0 0.5516630859375 0.013642578125 0.538748046875 0.0120673828125 0.5384326171875 0.0007275390625 0.53375 0.00009765625 0.4978388671875 0 0.4354677734375 0 0.425703125 0.003248046875 0.4247578125 0 0.415466796875 0.00009765625 0.4201923828125 0.0063974609375 0.407591796875 0.0076572265625 0.3968818359375 0 0.392787109375 0 0.403181640625 0.0123828125 0.4009765625 0.0123828125 0.3902666015625 0 0.3827060546875 0 0.3858564453125 0.0038779296875 0.3845966796875 0.0082880859375 0.36506640625 0.012697265625 0.3499462890625 0 0.345220703125 0.00104296875 0.35719140625 0.017107421875 0.339236328125 0.01490234375 0.3376611328125 0.0073427734375 0.3389208984375 0.0007275390625 0.333880859375 0.00009765625 0.3253759765625 0.002302734375 0.3231708984375 0.0054521484375 0.3222255859375 0.013328125 0.31498046875 0.0114375 0.30710546875 0 0.1663388671875 0
2 1 0.3341982421875 0.9765712890625 0.3270302734375 0.9790361328125 0.3187412109375 0.988892578125 0.3086611328125 0.988220703125 0.3064208984375 0.9487939453125 0.272146484375 0.9466494140625 0.2682451171875 0.9421689453125 0.2644375 0.939033203125 0.265556640625 0.89109375 0.307671875 0.88840625 0.3078955078125 0.864884765625 0.2586123046875 0.8635400390625 0.2552529296875 0.8592841796875 0.2514443359375 0.82076171875 0.1792802734375 0.82143359375 0.1667353515625 0.8263623046875 0.15755078125 0.8270341796875 0.1515029296875 0.614259765625 0.0743828125 0.6117958984375 0.0766220703125 0.5669931640625 0.143154296875 0.551759765625 0.1281455078125 0.5508642578125 0.1229931640625 0.5450390625 0.120529296875 0.5396630859375 0.12142578125 0.5376474609375 0.124337890625 0.5122412109375 0.144947265625 0.4954404296875 0.1722763671875 0.466318359375 0.16398828125 0.4660947265625 0.1538388671875 0.4732626953125 0.1417421875 0.477294921875 0.133677734375 0.47751953125 0.1274052734375 0.42626953125 0.0805869140625 0.3913232421875 0.1018681640625 0.3738505859375 0.1334541015625 0.3312802734375 0.1204609375 0.33016015625 0.118220703125 0.332400390625 0.110828125 0.3353125 0.1030458984375 0.33844921875 0.096998046875 0.34046484375 0.09094921875 0.3424814453125 0.083556640625 0.30037890625 0.0392021484375 0.2905224609375 0.0333779296875 0.2860419921875 0.0340498046875 0.24549609375 0.0535390625 0.2430322265625 0.0577958984375 0.2295908203125 0.087365234375 0.1471748046875 0.0633955078125 0.0053759765625 0.0185927734375 0 0.017400390625 0 1 1 1 1 0.3341982421875