2 1 0.0766533203125 0.9678828125 0.0588779296875 0.9087265625 0.094427734375 0.4399853515625 0.336798828125 0.169224609375 0.468876953125 0.1647080078125 0.4898447265625 0.1775419921875 0.4976884765625 0.173263671875 0.5312001953125 0.1254912109375 0.546173828125 0.11907421875 0.59751171875 0.1575771484375 0.6181884765625 0.1468818359375 0.662396484375 0.1026748046875 0.6709521484375 0.0926923828125 0.717298828125 0.1340478515625 0.727994140625 0.11907421875 0.7329853515625 0 0.7636455078125 0 0.8705986328125 0.110064453125 0.8795224609375 0.1923642578125 0.9231513671875 0.353990234375 0.9390166015625 0.7243154296875 0.9987109375 1 1 1 0.0766533203125
9 0.6797744140625 0.3149892578125 0.675720703125 0.3891044921875 0.7313076171875 0.371154296875 0.733623046875 0.2924072265625 0.6797744140625 0.3149892578125
9 0.7314833984375 0.558978515625 0.7310927734375 0.4733134765625 0.6708525390625 0.4897421875 0.6688974609375 0.573060546875 0.7314833984375 0.558978515625
9 0.7271806640625 0.7831181640625 0.7299189453125 0.6778935546875 0.663029296875 0.6829794921875 0.6606826171875 0.78546484375 0.7271806640625 0.7831181640625
9 0.5538935546875 0.788203125 0.603962890625 0.7878115234375 0.609439453125 0.6888466796875 0.5605439453125 0.6947138671875 0.5538935546875 0.788203125
9 0.4447998046875 0.7086259765625 0.43644140625 0.7896640625 0.4949482421875 0.78857421875 0.5014892578125 0.7028125 0.4447998046875 0.7086259765625
9 0.5122119140625 0.608423828125 0.5182060546875 0.5341953125 0.4655126953125 0.5461875 0.45740234375 0.6178876953125 0.5122119140625 0.608423828125
9 0.615521484375 0.58358203125 0.61946484375 0.5043251953125 0.572935546875 0.517732421875 0.5682041015625 0.5930458984375 0.615521484375 0.58358203125
9 0.6238017578125 0.40811328125 0.6269560546875 0.341474609375 0.58437109375 0.3572470703125 0.5792451171875 0.422703125 0.6238017578125 0.40811328125
9 0.4723857421875 0.46410546875 0.524830078125 0.4479384765625 0.5299560546875 0.379328125 0.4786953125 0.4018037109375 0.4723857421875 0.46410546875
9 0.3593720703125 0.451365234375 0.3514296875 0.509275390625 0.389154296875 0.4980244140625 0.3977578125 0.4374677734375 0.3593720703125 0.451365234375
9 0.281166015625 0.534796875 0.301052734375 0.527759765625 0.3090078125 0.474525390625 0.288814453125 0.482173828125 0.281166015625 0.534796875
9 0.3077041015625 0.79395703125 0.34819140625 0.795171875 0.359123046875 0.7194599609375 0.3174208984375 0.72269921875 0.3077041015625 0.79395703125
9 0.2348271484375 0.7984111328125 0.256689453125 0.798005859375 0.2680263671875 0.7271533203125 0.245353515625 0.727962890625 0.2348271484375 0.7984111328125
9 0.330376953125 0.6457734375 0.37126953125 0.6397001953125 0.3793662109375 0.56884765625 0.34009375 0.5789697265625 0.330376953125 0.6457734375
9 0.2611435546875 0.65832421875 0.2789580078125 0.656705078125 0.28826953125 0.5959736328125 0.270455078125 0.5996181640625 0.2611435546875 0.65832421875
9 0.208509765625 0.5263359375 0.216607421875 0.52512109375 0.2340166015625 0.5299794921875 0.2392802734375 0.50204296875 0.210939453125 0.5109501953125 0.208509765625 0.5263359375
9 0.1895263671875 0.65030078125 0.20795703125 0.6534296875 0.215955078125 0.6190029296875 0.19369921875 0.6221318359375 0.1895263671875 0.65030078125
9 0.090763671875 0.7758515625 0.1175263671875 0.7773056640625 0.1189814453125 0.763923828125 0.0925087890625 0.7615966796875 0.090763671875 0.7758515625
9 0.02912109375 0.7733056640625 0.026357421875 0.7883984375 0.0320966796875 0.7894609375 0.034435546875 0.77415625 0.02912109375 0.7733056640625
9 0.0501650390625 0.803064453125 0.0512275390625 0.7913740234375 0.0452763671875 0.79201171875 0.0448505859375 0.8028525390625 0.0501650390625 0.803064453125
8 0 0.8494794921875 0.001384765625 0.858712890625 0.0032314453125 0.8651767578125 0 0.87902734375 0.0138505859375 0.8785654296875 0.0138505859375 0.8711787109375 0.0152353515625 0.863330078125 0.0198515625 0.858251953125 0.0346259765625 0.8540966796875 0.04662890625 0.84994140625 0.0530927734375 0.843939453125 0.0581708984375 0.8360908203125 0.0586328125 0.83008984375 0.0535537109375 0.8250107421875 0.0507841796875 0.822703125 0.045244140625 0.821779296875 0.037857421875 0.8222412109375 0.0323173828125 0.8171630859375 0.025853515625 0.814392578125 0.018466796875 0.809314453125 0.015697265625 0.8065439453125 0.0115419921875 0.804697265625 0.005078125 0.80608203125 0 0.8134697265625 0.0004619140625 0.8231640625 0 0.8494794921875
8 0 0.769685546875 0.0038046875 0.7734912109375 0.0059794921875 0.7734912109375 0.019568359375 0.7664248046875 0.022830078125 0.758814453125 0.0380498046875 0.7528359375 0.0701201171875 0.744681640625 0.115779296875 0.726744140625 0.1043642578125 0.719677734375 0.0989287109375 0.7169599609375 0.0962109375 0.7115244140625 0.09294921875 0.69956640625 0.0869697265625 0.6968486328125 0.079904296875 0.694130859375 0.0679453125 0.694130859375 0.054900390625 0.6990224609375 0.0423984375 0.70717578125 0.0315263671875 0.7115244140625 0.015763671875 0.7147861328125 0.0027177734375 0.7234833984375 0.0010869140625 0.73163671875 0 0.769685546875
6 0.7134033203125 1 0.35148828125 0.941630859375 0.1924736328125 0.9250068359375 0.1087685546875 0.8810263671875 0.00047265625 0.871568359375 0 1 0.7134033203125 1