6 0 0.812705078125 0.1951044921875 0.806251953125 0.3046826171875 0.805361328125 0.3091376953125 0.7768525390625 0.448970703125 0.766462890625 0.45644140625 0.78962109375 0.5303984375 0.8015732421875 0.584185546875 0.8075498046875 0.721640625 0.8105380859375 0.723134765625 0.84490234375 1 0.8419140625 0.9987919921875 0.311515625 0.973392578125 0.310021484375 0.9614404296875 0.2644521484375 0.9293173828125 0.2778984375 0.9308115234375 0.3107685546875 0.8296318359375 0.311822265625 0.813294921875 0.285541015625 0.822173828125 0.263521484375 0.67332421875 0.2687255859375 0.6725693359375 0.261177734375 0.6665302734375 0.2589130859375 0.6567177734375 0.25362890625 0.6521884765625 0.24758984375 0.6476591796875 0.2400419921875 0.6257685546875 0.2340029296875 0.6053876953125 0.2385322265625 0.6023681640625 0.2498544921875 0.596330078125 0.2566484375 0.5865166015625 0.2566484375 0.57972265625 0.2641962890625 0.44460546875 0.267970703125 0.440076171875 0.2717451171875 0.4408310546875 0.28533203125 0.446115234375 0.2891064453125 0.449134765625 0.298919921875 0 0.29134765625 0 0.812705078125
9 0.6559228515625 0.807314453125 0.656576171875 0.7252421875 0.653306640625 0.722626953125 0.6451318359375 0.71739453125 0.6379384765625 0.7137978515625 0.629763671875 0.7128173828125 0.62158984375 0.7128173828125 0.61047265625 0.714779296875 0.6039326171875 0.718048828125 0.5921611328125 0.725896484375 0.591833984375 0.8069873046875 0.6559228515625 0.807314453125
9 0.096611328125 0.420708984375 0.113267578125 0.35312890625 0.0685322265625 0.351701171875 0.0552060546875 0.4197578125 0.096611328125 0.420708984375
9 0.2193974609375 0.418330078125 0.228439453125 0.3583642578125 0.185130859375 0.3569365234375 0.1589560546875 0.417853515625 0.2193974609375 0.418330078125
9 0.336837890625 0.417400390625 0.34316796875 0.3601220703125 0.2963994140625 0.359537109375 0.281015625 0.4186689453125 0.336837890625 0.417400390625
9 0.0688916015625 0.61468359375 0.089267578125 0.51668359375 0.0359013671875 0.5152275390625 0.0150400390625 0.6141982421875 0.0688916015625 0.61468359375
9 0.1963173828125 0.61235546875 0.211052734375 0.515279296875 0.1586142578125 0.516146484375 0.1425791015625 0.6127880859375 0.1963173828125 0.61235546875
9 0.3223994140625 0.610724609375 0.332447265625 0.5133056640625 0.27827734375 0.5146162109375 0.26735546875 0.6115986328125 0.3223994140625 0.610724609375
9 0.52398828125 0.637458984375 0.527240234375 0.5341064453125 0.4683369140625 0.5344677734375 0.4647236328125 0.638904296875 0.52398828125 0.637458984375
9 0.6527109375 0.63398828125 0.6527109375 0.537146484375 0.6010625 0.5387607421875 0.6010625 0.6346337890625 0.6527109375 0.63398828125
9 0.789689453125 0.6318759765625 0.7847578125 0.5317265625 0.724052734375 0.532830078125 0.727916015625 0.6346494140625 0.789689453125 0.6318759765625
9 0.9952451171875 0.6410673828125 0.9803369140625 0.5439599609375 0.9259404296875 0.5455712890625 0.93722265625 0.643484375 0.9952451171875 0.6410673828125
9 0.9734873046875 0.441615234375 0.9658310546875 0.3795634765625 0.9186875 0.380369140625 0.9243291015625 0.4424208984375 0.9734873046875 0.441615234375
9 0.81641015625 0.4360927734375 0.8115439453125 0.3705849609375 0.7625068359375 0.3705849609375 0.7647529296875 0.43758984375 0.81641015625 0.4360927734375
9 0.6508427734375 0.4370302734375 0.65056640625 0.374794921875 0.60548046875 0.374517578125 0.6038203125 0.437859375 0.6508427734375 0.4370302734375
9 0.6986943359375 0.43813671875 0.6967587890625 0.3750712890625 0.6655029296875 0.3759013671875 0.66633203125 0.43813671875 0.6986943359375 0.43813671875
9 0.4931259765625 0.4396943359375 0.49498046875 0.3721630859375 0.445630859375 0.3721630859375 0.4415498046875 0.4389521484375 0.4931259765625 0.4396943359375
9 0.6308154296875 0.3158857421875 0.6332998046875 0.3147392578125 0.6352109375 0.3132099609375 0.63712109375 0.3111083984375 0.63712109375 0.30766796875 0.636166015625 0.304037109375 0.6332998046875 0.301744140625 0.6292861328125 0.3009794921875 0.6247001953125 0.3013623046875 0.6199228515625 0.3049931640625 0.6187763671875 0.3097705078125 0.62011328125 0.313783203125 0.6231708984375 0.3156943359375 0.6269931640625 0.316458984375 0.6308154296875 0.3158857421875
9 1 0.757345703125 0.999248046875 0.7325224609375 0.9934072265625 0.729115234375 0.984646484375 0.7276552734375 0.973451171875 0.7276552734375 0.9656640625 0.72862890625 0.9598232421875 0.7305751953125 0.9525224609375 0.7359296875 0.94376171875 0.7446904296875 0.9500888671875 0.8469033203125 1 0.846416015625 1 0.757345703125
9 0.507751953125 0.7251494140625 0.4980048828125 0.7227861328125 0.4826455078125 0.7224912109375 0.468171875 0.7263310546875 0.45812890625 0.7343056640625 0.4572431640625 0.790427734375 0.5160224609375 0.791609375 0.51808984375 0.7316474609375 0.507751953125 0.7251494140625
9 0 0.737064453125 0.0488349609375 0.738578125 0.05640625 0.7014794921875 0 0.7014794921875 0 0.737064453125
9 0.1684609375 0.7991484375 0.1824677734375 0.702236328125 0.1287119140625 0.70412890625 0.11243359375 0.8006630859375 0.1684609375 0.7991484375
9 0.3011640625 0.8018056640625 0.3122470703125 0.7014580078125 0.2584111328125 0.7034521484375 0.24804296875 0.805541015625 0.3011640625 0.8018056640625
9 0.0040830078125 0.7710634765625 0 0.808974609375 0.025080078125 0.810140625 0.0303291015625 0.76873046875 0.0040830078125 0.7710634765625
3 1 0.8488525390625 0.7274765625 0.8465185546875 0.7335029296875 0.9570791015625 0.733986328125 0.9826728515625 0.854298828125 0.9889013671875 1 0.9889013671875 1 0.8488525390625
7 0.1777119140625 0 0.195845703125 0.01773046875 0.21533203125 0.0283203125 0.267578125 0.14111328125 0.2822265625 0.19677734375 0.287109375 0.24462890625 0.2841796875 0.30322265625 0.2646484375 0.45166015625 0.2080078125 0.83935546875 0.2080078125 0.84814453125 0.2197265625 0.85107421875 0.2353515625 0.76611328125 0.2900390625 0.34326171875 0.2958984375 0.28369140625 0.2958984375 0.23779296875 0.287109375 0.18017578125 0.26953125 0.12451171875 0.224609375 0.02880859375 0.2305009765625 0.00241796875 0.2192177734375 0 0.1893974609375 0 0.1777119140625 0
1 0.4745615234375 1 0.470462890625 0.9868251953125 0.465958984375 0.9766357421875 0.457015625 0.960537109375 0.43658984375 0.9463759765625 0.343212890625 0.922533203125 0.323685546875 0.9053720703125 0.2603681640625 0.8645419921875 0.2331484375 0.853298828125 0.2196767578125 0.8511376953125 0.2047978515625 0.84807421875 0.189482421875 0.8441357421875 0.1270478515625 0.8373173828125 0.055521484375 0.8343154296875 0.0008193359375 0.8351943359375 0 1 0.4745615234375 1
4 0.7252412109375 0.8834931640625 0.6897431640625 0.8830810546875 0.685203125 0.8863828125 0.6827255859375 0.890923828125 0.68644140625 0.8975283203125 0.68396484375 0.9689375 0.681900390625 0.97512890625 0.6790107421875 0.9854482421875 0.6802490234375 0.993291015625 0.681900390625 0.9974189453125 0.6882744140625 0.99775 0.69139453125 0.9924658203125 0.6909814453125 0.984623046875 0.6926328125 0.9804951171875 0.713271484375 0.9817333984375 0.716986328125 0.983796875 0.7235908203125 0.9916396484375 0.7235908203125 0.9941162109375 0.7260673828125 0.9986572265625 0.72895703125 0.995607421875 0.730607421875 0.9823994140625 0.72895703125 0.97620703125 0.7240029296875 0.9729052734375 0.7260673828125 0.887048828125 0.7252412109375 0.8834931640625
6 1 0.990876953125 0.845912109375 0.9902685546875 0.7336796875 0.984716796875 0.7309033203125 0.99502734375 0.728126953125 0.998994140625 0.7245576171875 0.9985966796875 0.7225751953125 0.9962177734375 0.7223408203125 0.9924990234375 0.7140673828125 0.9827861328125 0.6935625 0.9824267578125 0.6925322265625 0.9937890625 0.69015625 0.99883984375 0.679744140625 0.9974072265625 0.6773642578125 0.9898720703125 0.6824638671875 0.9695869140625 0.6825205078125 0.953783203125 0.448185546875 0.9508701171875 0.4589423828125 0.96091015625 0.463767578125 0.9687109375 0.474169921875 0.9921162109375 0.475904296875 1 0.7112548828125 1 1 1 1 0.990876953125
8 0 0.8345654296875 0.052482421875 0.8340107421875 0.0904267578125 0.834341796875 0.1311142578125 0.8361337890625 0.1594130859375 0.840248046875 0.1844130859375 0.8421962890625 0.2068154296875 0.8454423828125 0.211685546875 0.806482421875 0.2025947265625 0.806806640625 0.1902568359375 0.80810546875 0.183763671875 0.80518359375 0.172400390625 0.801287109375 0.16558203125 0.801287109375 0.152919921875 0.809080078125 0.111037109375 0.812326171875 0.10908984375 0.806806640625 0.1064921875 0.8032353515625 0.099673828125 0.79933984375 0.09512890625 0.7944697265625 0.09512890625 0.7847294921875 0.096751953125 0.778236328125 0.1045439453125 0.7720673828125 0.1094140625 0.76622265625 0.1087646484375 0.7551845703125 0.105517578125 0.7454443359375 0.102595703125 0.7425224609375 0.0935048828125 0.7408984375 0.0889599609375 0.74057421875 0.0808427734375 0.742197265625 0.07597265625 0.7412236328125 0.0678564453125 0.7399248046875 0.0597392578125 0.7408984375 0.0509736328125 0.7444697265625 0.0444794921875 0.7538857421875 0.039609375 0.7691455078125 0.035388671875 0.7733662109375 0.03116796875 0.7808330078125 0.03084375 0.79122265625 0.032466796875 0.81102734375 0 0.809404296875 0 0.8345654296875
8 0.2523251953125 0.8585830078125 0.2828076171875 0.87382421875 0.3110322265625 0.8924521484375 0.3477236328125 0.9206767578125 0.43939453125 0.9458916015625 0.4755263671875 0.9497626953125 0.683916015625 0.9511650390625 0.6852890625 0.89760546875 0.682140625 0.8915546875 0.682140625 0.8887060546875 0.6861767578125 0.8832451171875 0.7270146484375 0.8830068359375 0.7266064453125 0.9560244140625 0.738681640625 0.9574443359375 0.747205078125 0.950341796875 0.74507421875 0.9325849609375 0.74507421875 0.9063056640625 0.74507421875 0.880025390625 0.738681640625 0.8622685546875 0.730158203125 0.8430908203125 0.72802734375 0.8331474609375 0.7230556640625 0.8161005859375 0.713822265625 0.804736328125 0.6981962890625 0.801185546875 0.6690751953125 0.7997646484375 0.66197265625 0.800474609375 0.642794921875 0.804736328125 0.6065712890625 0.801185546875 0.58668359375 0.7919521484375 0.559693359375 0.792662109375 0.5476181640625 0.796212890625 0.52844140625 0.796212890625 0.5170771484375 0.7919521484375 0.505001953125 0.784138671875 0.480142578125 0.7770361328125 0.4737509765625 0.772064453125 0.4694892578125 0.7607001953125 0.4794326171875 0.754662109375 0.4943486328125 0.75253125 0.5085537109375 0.7496904296875 0.522048828125 0.746494140625 0.5312822265625 0.7408125 0.5248896484375 0.7308681640625 0.505712890625 0.7212802734375 0.47801171875 0.7102705078125 0.4567041015625 0.7074296875 0.4382373046875 0.7003271484375 0.4375263671875 0.683990234375 0.443208984375 0.6712060546875 0.4417880859375 0.6605517578125 0.4353955078125 0.6498974609375 0.4375263671875 0.630720703125 0.42403125 0.6193564453125 0.41976953125 0.609412109375 0.4155087890625 0.5881044921875 0.41621875 0.52844140625 0.4112470703125 0.5476181640625 0.4069853515625 0.574609375 0.4069853515625 0.6044404296875 0.4041435546875 0.6172255859375 0.3906484375 0.6023095703125 0.3906484375 0.6065712890625 0.392779296875 0.62006640625 0.39491015625 0.62787890625 0.388517578125 0.6399541015625 0.3878076171875 0.647056640625 0.380705078125 0.657 0.37857421875 0.6605517578125 0.3778642578125 0.66978515625 0.3778642578125 0.6825703125 0.3662509765625 0.696015625 0.36212109375 0.6953271484375 0.3628095703125 0.680869140625 0.3545478515625 0.6788046875 0.3483515625 0.6671005859375 0.3414677734375 0.6684775390625 0.3366484375 0.6788046875 0.3249453125 0.6684775390625 0.31668359375 0.6856884765625 0.308421875 0.694638671875 0.2974072265625 0.7056533203125 0.2843271484375 0.714603515625 0.2857041015625 0.7297490234375 0.2829501953125 0.7380107421875 0.2629853515625 0.7400751953125 0.2430205078125 0.743517578125 0.255412109375 0.76210546875 0.24233203125 0.7655478515625 0.2340703125 0.77931640625 0.2347587890625 0.7910205078125 0.229181640625 0.80495703125 0.2218427734375 0.8484228515625 0.2523251953125 0.8585830078125
8 1 0.5802421875 0.98996484375 0.5620849609375 0.97417578125 0.551033203125 0.9678603515625 0.52419140625 0.94259765625 0.5415595703125 0.92601953125 0.5265595703125 0.9157568359375 0.510771484375 0.890494140625 0.5060341796875 0.8794423828125 0.5020869140625 0.8526005859375 0.520244140625 0.8391806640625 0.502876953125 0.8281279296875 0.5012978515625 0.81312890625 0.5091923828125 0.805234375 0.4981396484375 0.79655078125 0.5155078125 0.78865625 0.5218232421875 0.777603515625 0.518666015625 0.7720771484375 0.50840234375 0.76497265625 0.5407705078125 0.752341796875 0.55655859375 0.7389208984375 0.5652431640625 0.7341845703125 0.5897158203125 0.7302373046875 0.592083984375 0.728658203125 0.6055048828125 0.7278681640625 0.6268193359375 0.721552734375 0.6299775390625 0.7152373046875 0.6457666015625 0.705763671875 0.65208203125 0.6931328125 0.65208203125 0.681291015625 0.6505029296875 0.672607421875 0.65208203125 0.6662919921875 0.66866015625 0.6591865234375 0.66944921875 0.656029296875 0.68444921875 0.6583974609375 0.7033955078125 0.6615556640625 0.720763671875 0.6599765625 0.7255 0.656029296875 0.7381318359375 0.6599765625 0.7468154296875 0.6749755859375 0.7554990234375 0.689185546875 0.761025390625 0.7152373046875 0.769708984375 0.753130859375 0.7831298828125 0.757078125 0.7870771484375 0.7626044921875 0.79812890625 0.7760244140625 0.8147080078125 0.800498046875 0.8162861328125 0.802076171875 0.8273388671875 0.802076171875 0.841548828125 0.805234375 0.8541796875 0.8210234375 0.8604951171875 0.832865234375 0.8794423828125 0.8312861328125 0.8920732421875 0.8241806640625 0.9007568359375 0.8147080078125 0.9047041015625 0.8115498046875 0.9165458984375 0.8210234375 0.9291767578125 0.824970703125 0.94180859375 0.83049609375 0.955228515625 0.8376015625 0.95759765625 0.9994375 0.95917578125 1 0.6023466796875 1 0.5802421875