3 0 0.7818134765625 0.1934404296875 0.7619873046875 0.5178896484375 0.732248046875 0.8733125 0.7013193359375 0.9699658203125 0.693404296875 0.968478515625 0.6806767578125 0.957884765625 0.67983984375 0.9351162109375 0.6812333984375 0.878521484375 0.6846708984375 0.86880078125 0.6855078125 0.8035634765625 0.6900595703125 0.7119736328125 0.69619140625 0.66812109375 0.699349609375 0.630181640625 0.701486328125 0.57969921875 0.705052734375 0.4270908203125 0.7158701171875 0.3256796875 0.7226708984375 0.2147763671875 0.731318359375 0.114330078125 0.7392861328125 0 0.7480869140625 0 0.7818134765625
6 1 0.697087890625 0.970302734375 0.693876953125 0.865671875 0.7024697265625 0.8166533203125 0.70680859375 0.7515390625 0.7124501953125 0.683919921875 0.7181787109375 0.6064541015625 0.7250361328125 0.522814453125 0.7322392578125 0.4453857421875 0.739443359375 0.3336611328125 0.7497099609375 0.1959296875 0.7621220703125 0.05489453125 0.7767841796875 0 0.7827744140625 0 1 1 1 1 0.697087890625
9 0 0 0 0.0328837890625 0.0577861328125 0.05576171875 0.0574912109375 0 0 0
9 0.0973125 0 0.095248046875 0.06962109375 0.157486328125 0.0946865234375 0.156306640625 0.0209658203125 0.109701171875 0 0.0973125 0
9 0.254197265625 0.1337275390625 0.2528251953125 0.065130859375 0.2056171875 0.0451005859375 0.2064404296875 0.113697265625 0.254197265625 0.1337275390625
9 0.28316015625 0.144615234375 0.3337333984375 0.165345703125 0.332251953125 0.096595703125 0.28294921875 0.0777685546875 0.28316015625 0.144615234375
9 0.40514453125 0.1901435546875 0.4038798828125 0.1283115234375 0.3635361328125 0.1122919921875 0.3652236328125 0.17707421875 0.40514453125 0.1901435546875
9 0.4671875 0.21621875 0.4642607421875 0.1544833984375 0.4239130859375 0.1403193359375 0.424375 0.1972822265625 0.4671875 0.21621875
9 0.4901796875 0.22467578125 0.5246044921875 0.2371767578125 0.5242958984375 0.180384765625 0.48987109375 0.1652607421875 0.4901796875 0.22467578125
9 0.5408134765625 0.2427216796875 0.5736943359375 0.2529072265625 0.5699892578125 0.199984375 0.5398623046875 0.1875498046875 0.5408134765625 0.2427216796875
9 0.5981787109375 0.26425390625 0.622416015625 0.2711484375 0.620642578125 0.2220390625 0.597193359375 0.213625 0.5981787109375 0.26425390625
9 0.665177734375 0.2867119140625 0.6641923828125 0.2388408203125 0.637984375 0.2289345703125 0.6385751953125 0.2780439453125 0.665177734375 0.2867119140625
9 0.7870029296875 0.332705078125 0.806029296875 0.3384560546875 0.8032265625 0.2989404296875 0.7855283203125 0.2931904296875 0.7870029296875 0.332705078125
9 0.7558828125 0.3213515625 0.7800712890625 0.3297568359375 0.7812509765625 0.289798828125 0.7570634765625 0.28257421875 0.7558828125 0.3213515625
9 0.6836279296875 0.2951005859375 0.7127353515625 0.306130859375 0.7098818359375 0.256873046875 0.6821064453125 0.2488857421875 0.6836279296875 0.2951005859375
9 0 0.524146484375 0.0714892578125 0.528080078125 0.0741123046875 0.4395830078125 0.0006708984375 0.4304052734375 0 0.524146484375
9 0.0983740234375 0.5290634765625 0.1547666015625 0.5329970703125 0.156416015625 0.4521171875 0.099685546875 0.4451552734375 0.0983740234375 0.5290634765625
9 0.1999638671875 0.5380400390625 0.2714326171875 0.53947265625 0.269794921875 0.464134765625 0.1995537109375 0.455126953125 0.1999638671875 0.5380400390625
9 0.27812109375 0.540970703125 0.33962109375 0.544306640625 0.3387841796875 0.4723291015625 0.2779814453125 0.46512890625 0.27812109375 0.540970703125
9 0.3681220703125 0.549322265625 0.4243125 0.551365234375 0.422525390625 0.4837001953125 0.365646484375 0.4771708984375 0.3681220703125 0.549322265625
9 0.475140625 0.5567275390625 0.47462890625 0.490083984375 0.4304423828125 0.48548828125 0.4306982421875 0.553408203125 0.475140625 0.5567275390625
9 0 0.1937431640625 0.0538046875 0.2101455078125 0.0590068359375 0.1259306640625 0 0.1051318359375 0 0.1937431640625
9 0.0740146484375 0.2139462890625 0.1612548828125 0.2413505859375 0.1610546875 0.15913671875 0.076615234375 0.1319326171875 0.0740146484375 0.2139462890625
9 0.2055234375 0.2542822265625 0.26715234375 0.2706845703125 0.267751953125 0.1964716796875 0.2055126953125 0.1755791015625 0.2055234375 0.2542822265625
9 0.2774150390625 0.2720693359375 0.3342392578125 0.2895615234375 0.3325068359375 0.2182060546875 0.276375 0.1984619140625 0.2774150390625 0.2720693359375
9 0.36474609375 0.29710546875 0.410267578125 0.3092294921875 0.411146484375 0.244392578125 0.366328125 0.2294580078125 0.36474609375 0.29710546875
9 0.4236513671875 0.3146416015625 0.4719833984375 0.327537109375 0.4690439453125 0.2630595703125 0.4231611328125 0.248205078125 0.4236513671875 0.3146416015625
9 0.4955283203125 0.3345947265625 0.5298076171875 0.343388671875 0.5299365234375 0.2848076171875 0.4968212890625 0.273427734375 0.4955283203125 0.3345947265625
9 0.54235546875 0.3459287109375 0.5792216796875 0.356533203125 0.5785751953125 0.298857421875 0.540802734375 0.286572265625 0.54235546875 0.3459287109375
9 0.59932421875 0.3604482421875 0.625880859375 0.3664306640625 0.6232626953125 0.315451171875 0.5987001953125 0.3080966796875 0.59932421875 0.3604482421875
9 0.6742529296875 0.3795224609375 0.6731220703125 0.330337890625 0.63622265625 0.31987890625 0.6386259765625 0.3713251953125 0.6742529296875 0.3795224609375
9 0.6851298828125 0.384986328125 0.7103828125 0.3931005859375 0.71068359375 0.3421083984375 0.6842275390625 0.3351962890625 0.6851298828125 0.384986328125
9 0.7186884765625 0.3954990234375 0.7458251953125 0.4024580078125 0.74346484375 0.3540986328125 0.7178505859375 0.345197265625 0.7186884765625 0.3954990234375
9 0.788044921875 0.41112109375 0.809861328125 0.4173525390625 0.8082353515625 0.3763056640625 0.786283203125 0.37007421875 0.788044921875 0.41112109375
9 0.7579619140625 0.4057021484375 0.778423828125 0.41193359375 0.778830078125 0.365603515625 0.75809765625 0.3589658203125 0.7579619140625 0.4057021484375
9 0 0.356388671875 0.074935546875 0.370421875 0.0784033203125 0.2842470703125 0 0.2650966796875 0 0.356388671875
9 0.0967333984375 0.3744306640625 0.1586591796875 0.3856572265625 0.160970703125 0.303396484375 0.095908203125 0.2883740234375 0.0967333984375 0.3744306640625
9 0.20049609375 0.3922392578125 0.266810546875 0.4023955078125 0.266255859375 0.329638671875 0.199388671875 0.3117265625 0.20049609375 0.3922392578125
9 0.2791865234375 0.40553515625 0.336263671875 0.416060546875 0.33330859375 0.3445966796875 0.278232421875 0.33121484375 0.2791865234375 0.40553515625
9 0.365619140625 0.4208515625 0.413880859375 0.4280546875 0.4148330078125 0.363361328125 0.365619140625 0.350994140625 0.365619140625 0.4208515625
9 0.4261171875 0.432947265625 0.470435546875 0.4390625 0.4707080078125 0.3757294921875 0.4265048828125 0.36594921875 0.4261171875 0.432947265625
9 0.4958837890625 0.4447998046875 0.53423046875 0.4508134765625 0.532876953125 0.3909814453125 0.4955830078125 0.3821123046875 0.4958837890625 0.4447998046875
9 0.546818359375 0.4522919921875 0.5838291015625 0.4577646484375 0.581466796875 0.401083984375 0.5447177734375 0.3932578125 0.546818359375 0.4522919921875
9 0.6030458984375 0.4632216796875 0.625765625 0.46748046875 0.625923828125 0.4111708984375 0.60323828125 0.40695703125 0.6030458984375 0.4632216796875
9 0.6447236328125 0.469177734375 0.6744541015625 0.4729794921875 0.6728984375 0.42200390625 0.643513671875 0.4154375 0.6447236328125 0.469177734375
9 0.71744140625 0.4812236328125 0.7160439453125 0.432341796875 0.6903388671875 0.426615234375 0.691875 0.4781513671875 0.71744140625 0.4812236328125
9 0.7252646484375 0.483318359375 0.7565576171875 0.4868095703125 0.7546083984375 0.440326171875 0.7240068359375 0.4344365234375 0.7252646484375 0.483318359375
9 0.7665673828125 0.445763671875 0.7684873046875 0.4927373046875 0.7908935546875 0.4944013671875 0.790125 0.4478115234375 0.7665673828125 0.445763671875
9 0.8291748046875 0.4988359375 0.828279296875 0.4549794921875 0.795630859375 0.45160546875 0.7970390625 0.4960654296875 0.8291748046875 0.4988359375
9 0.4987841796875 0.5580771484375 0.5398447265625 0.559888671875 0.5383955078125 0.498642578125 0.4986630859375 0.494666015625 0.4987841796875 0.5580771484375
9 0.55023046875 0.56190625 0.58658203125 0.5628720703125 0.5854951171875 0.5035927734375 0.54813671875 0.5007275390625 0.55023046875 0.56190625
9 0.6296181640625 0.568109375 0.6291826171875 0.5094736328125 0.6046474609375 0.507732421875 0.6066796875 0.5670927734375 0.6296181640625 0.568109375
9 0.6794150390625 0.569560546875 0.6776728515625 0.5161494140625 0.6487822265625 0.513392578125 0.65110546875 0.56926953125 0.6794150390625 0.569560546875
9 0.6969208984375 0.572048828125 0.7205634765625 0.57298828125 0.7180107421875 0.5208818359375 0.69396484375 0.519001953125 0.6969208984375 0.572048828125
9 0.7310419921875 0.5732568359375 0.7585810546875 0.575271484375 0.7554912109375 0.524373046875 0.72835546875 0.522224609375 0.7310419921875 0.5732568359375
9 0.7714267578125 0.575328125 0.798818359375 0.577482421875 0.7964091796875 0.5312099609375 0.7695244140625 0.5294345703125 0.7714267578125 0.575328125
9 0.8012685546875 0.5778427734375 0.8218134765625 0.5786328125 0.8202333984375 0.5336044921875 0.8000048828125 0.532025390625 0.8012685546875 0.5778427734375
7 0.7751982421875 0.6572978515625 0.7631591796875 0.4285693359375 0.7629189453125 0.4236865234375 0.7648447265625 0.4179091796875 0.7581025390625 0.3437705078125 0.7578623046875 0.3370302734375 0.75834375 0.331734375 0.7537685546875 0.2324228515625 0.7561767578125 0.2288125 0.766048828125 0.222072265625 0.7749580078125 0.2184619140625 0.78169921875 0.212203125 0.783796875 0.206591796875 0.7842763671875 0.1992421875 0.783158203125 0.195087890625 0.7788427734375 0.1894951171875 0.7725498046875 0.1878916015625 0.7652568359375 0.1880576171875 0.7581025390625 0.191501953125 0.7535283203125 0.19751953125 0.7513525390625 0.20376171875 0.750552734375 0.21366796875 0.7462373046875 0.223517578125 0.7457578125 0.228470703125 0.746876953125 0.2331044921875 0.747990234375 0.3364794921875 0.74823046875 0.3412939453125 0.749404296875 0.344912109375 0.74969921875 0.422775390625 0.7501416015625 0.42425 0.753830078125 0.426609375 0.76900390625 0.6574892578125 0.7751982421875 0.6572978515625
2 0 0.71275390625 0.005181640625 0.71275390625 0.0090888671875 0.7165732421875 0.0154267578125 0.71709375 0.018205078125 0.7165732421875 0.0379130859375 0.71509765625 0.0450322265625 0.71744140625 0.05762109375 0.7102373046875 0.06300390625 0.711365234375 0.0648271484375 0.7122333984375 0.06534765625 0.7090224609375 0.0689072265625 0.6782158203125 0.0723798828125 0.6469765625 0.0765478515625 0.613275390625 0.0769814453125 0.5831640625 0.0646533203125 0.581775390625 0.060572265625 0.5751787109375 0.062048828125 0.5672802734375 0.0598779296875 0.565498046875 0.063611328125 0.5493857421875 0.07229296875 0.541748046875 0.0709912109375 0.531853515625 0.058228515625 0.5124111328125 0.0241953125 0.523607421875 0.00231640625 0.5331552734375 0 0.535064453125 0 0.71275390625
2 0.7925615234375 0.6540869140625 0.79837890625 0.6586005859375 0.809404296875 0.6571484375 0.835189453125 0.6583642578125 0.855158203125 0.659318359375 0.863580078125 0.6589716796875 0.8666181640625 0.6635712890625 0.86453515625 0.671990234375 0.8721748046875 0.68049609375 0.8721748046875 0.6843154296875 0.877037109375 0.6840546875 0.8779921875 0.677111328125 0.8871083984375 0.6771982421875 0.8853720703125 0.6246376953125 0.8830927734375 0.621228515625 0.87744921875 0.61905859375 0.86355859375 0.6191455078125 0.8514033203125 0.611333984375 0.8450654296875 0.60013671875 0.8355673828125 0.5948173828125 0.8076982421875 0.586572265625 0.7955439453125 0.586138671875 0.789466796875 0.587005859375 0.7925615234375 0.6540869140625
9 0.839337890625 0.441203125 0.8631826171875 0.44134375 0.86134765625 0.407203125 0.8379267578125 0.4073447265625 0.839337890625 0.441203125
9 0.8355283203125 0.367619140625 0.858244140625 0.37072265625 0.857666015625 0.3390654296875 0.834681640625 0.3367236328125 0.8355283203125 0.367619140625
9 0.8287314453125 0.293951171875 0.8334541015625 0.2991982421875 0.85339453125 0.298935546875 0.8505087890625 0.2695537109375 0.8279443359375 0.270603515625 0.8287314453125 0.293951171875
2 0 0.0007685546875 0.002326171875 0.713265625 0.1403271484375 0.713265625 0.1426533203125 0.6807041015625 0.8589794921875 0.660890625 0.8354404296875 0.2913291015625 0.1633837890625 0 0 0.0007685546875
2 0.9372880859375 0.680017578125 0.90508203125 0.2748505859375 0.954099609375 0.25267578125 0.954099609375 0.2445068359375 0.7469404296875 0.218830078125 0.7457734375 0.25267578125 0.8391416015625 0.292357421875 0.859078125 0.6590244140625 0.86237109375 0.6874267578125 0.9372880859375 0.680017578125