8 0.001037109375 1 0.9985947265625 0.9981787109375 1 0.5268662109375 0.994228515625 0.521767578125 0.99006640625 0.5043896484375 1 0.489759765625 0.9965009765625 0.4816552734375 0.98053125 0.485919921875 0.9635986328125 0.499064453125 0.949021484375 0.5042216796875 0.9374287109375 0.4953310546875 0.9328740234375 0.4795400390625 0.9166630859375 0.477455078125 0.898140625 0.4802998046875 0.8865517578125 0.489255859375 0.8807666015625 0.4768603515625 0.868267578125 0.47838671875 0.86264453125 0.488650390625 0.841962890625 0.496330078125 0.8290166015625 0.50890234375 0.8191748046875 0.5263203125 0.8126923828125 0.5400634765625 0.7959794921875 0.5375048828125 0.7842392578125 0.5385009765625 0.7718701171875 0.5444931640625 0.76280859375 0.5526787109375 0.7596884765625 0.565337890625 0.7400634765625 0.5610791015625 0.7314560546875 0.5644853515625 0.7229052734375 0.5555546875 0.70617578125 0.55309375 0.6957294921875 0.5583046875 0.69641015625 0.567529296875 0.6934580078125 0.58291796875 0.693873046875 0.597548828125 0.6756708984375 0.60431640625 0.6675458984375 0.6164521484375 0.65820703125 0.6220205078125 0.6546533203125 0.636572265625 0.66308203125 0.6555068359375 0.679732421875 0.666177734375 0.6742783203125 0.679673828125 0.66790625 0.7022587890625 0.6508515625 0.7108896484375 0.6291953125 0.728970703125 0.6010673828125 0.7622177734375 0.5827880859375 0.7881923828125 0.578439453125 0.80655078125 0.593517578125 0.8257802734375 0.6087802734375 0.870466796875 0.62075 0.914013671875 0.617427734375 0.935205078125 0.618142578125 0.9530693359375 0.5952548828125 0.9523203125 0.57506640625 0.9510927734375 0.5590634765625 0.962208984375 0.5524306640625 0.9493642578125 0.537525390625 0.9374150390625 0.5210810546875 0.9395556640625 0.506490234375 0.94579296875 0.5023349609375 0.9578515625 0.4996103515625 0.9751162109375 0.46851171875 0.97979296875 0.425376953125 0.980306640625 0.393623046875 0.9853115234375 0.3813173828125 0.9787119140625 0.354130859375 0.965443359375 0.314599609375 0.97085546875 0.3101962890625 0.9645849609375 0.31808203125 0.9275400390625 0.330275390625 0.9155537109375 0.3411767578125 0.90202734375 0.32383984375 0.9034697265625 0.31128125 0.8912900390625 0.3016162109375 0.8808173828125 0.288705078125 0.8736171875 0.2742705078125 0.873865234375 0.2661533203125 0.884728515625 0.2581826171875 0.881107421875 0.2542509765625 0.8650791015625 0.2622587890625 0.852474609375 0.2584775390625 0.8388349609375 0.242748046875 0.82370703125 0.2264501953125 0.8256708984375 0.2193798828125 0.8372666015625 0.2101015625 0.8525205078125 0.20378515625 0.868814453125 0.1847109375 0.868326171875 0.174828125 0.876939453125 0.1567177734375 0.8684521484375 0.1349267578125 0.864873046875 0.120408203125 0.8719765625 0.0985927734375 0.8972412109375 0.090080078125 0.9099931640625 0.086126953125 0.9285703125 0.096107421875 0.9416044921875 0.113708984375 0.973677734375 0.1070302734375 0.978724609375 0.07019140625 0.9763232421875 0.04573828125 0.977892578125 0.02731640625 0.96245703125 0.0104599609375 0.9657412109375 0.000962890625 0.975318359375 0.001037109375 1
2 1 0.592763671875 0.967916015625 0.5971123046875 0.8622900390625 0.5295439453125 0.8574560546875 0.5015029296875 0.8228720703125 0.4795869140625 0.7791435546875 0.4924013671875 0.7547392578125 0.4774111328125 0.7540771484375 0.473681640625 0.713626953125 0.4500126953125 0.7097138671875 0.4530869140625 0.427416015625 0.2960986328125 0.4268212890625 0.2458349609375 0.431359375 0.238771484375 0.329962890625 0.1761474609375 0.2830810546875 0.2086083984375 0.21525 0.16858203125 0.20858203125 0.173287109375 0 0.0566904296875 0 0.9978515625 0.3204033203125 0.98812890625 0.6699638671875 0.9705888671875 1 0.943318359375 1 0.592763671875
9 0 0.292349609375 0.0987470703125 0.331310546875 0.1029599609375 0.2575615234375 0 0.20983984375 0 0.292349609375
9 0.2667841796875 0.377072265625 0.2660927734375 0.3304619140625 0.1821337890625 0.2965625 0.1791640625 0.3418896484375 0.2667841796875 0.377072265625
9 0 0.4752119140625 0.0857373046875 0.501078125 0.093234375 0.4142548828125 0 0.38219140625 0 0.4752119140625
9 0.2639033203125 0.5284345703125 0.2644306640625 0.47346484375 0.1795419921875 0.4425966796875 0.171892578125 0.4996904296875 0.2639033203125 0.5284345703125
9 0.170361328125 0.18923046875 0.024513671875 0.1123388671875 0.0237080078125 0.1308037109375 0.1687236328125 0.2045068359375 0.170361328125 0.18923046875
9 0.26234375 0.263287109375 0.265763671875 0.2432177734375 0.2273701171875 0.22262890625 0.2233564453125 0.245099609375 0.26234375 0.263287109375
9 0 0.6850859375 0.0700693359375 0.6934501953125 0.0785244140625 0.5960146484375 0.001431640625 0.579748046875 0 0.6850859375
9 0.1655302734375 0.67591015625 0.2606318359375 0.6892158203125 0.2653681640625 0.6304892578125 0.1692216796875 0.6150439453125 0.1655302734375 0.67591015625
9 0 0.9242431640625 0.051916015625 0.9224619140625 0.0624169921875 0.8056171875 0 0.8001494140625 0 0.9242431640625
9 0.15699609375 0.8825078125 0.2598447265625 0.8844404296875 0.2620751953125 0.815416015625 0.158220703125 0.8112412109375 0.15699609375 0.8825078125
9 0.4572529296875 0.7084169921875 0.483005859375 0.711923828125 0.481875 0.675271484375 0.45393359375 0.6706708984375 0.4572529296875 0.7084169921875
9 0.531673828125 0.757125 0.6036953125 0.76469921875 0.59488671875 0.70004296875 0.5272880859375 0.686501953125 0.531673828125 0.757125
9 0.4707890625 0.5724619140625 0.4693828125 0.5407822265625 0.4437041015625 0.5338515625 0.4438642578125 0.56550390625 0.4707890625 0.5724619140625
9 0.5876484375 0.6388916015625 0.5799619140625 0.5786328125 0.5121142578125 0.556228515625 0.5176884765625 0.61973828125 0.5876484375 0.6388916015625
9 0.66739453125 0.6605556640625 0.6582919921875 0.604732421875 0.617314453125 0.5925986328125 0.6239404296875 0.6491875 0.66739453125 0.6605556640625
9 0.6778818359375 0.7716484375 0.673974609375 0.71730859375 0.634748046875 0.7102734375 0.6387744140625 0.768662109375 0.6778818359375 0.7716484375
9 0.5719619140625 0.5207412109375 0.5664404296875 0.4680185546875 0.5005556640625 0.438548828125 0.5053203125 0.4953623046875 0.5719619140625 0.5207412109375
9 0.461240234375 0.44764453125 0.45943359375 0.4211279296875 0.4347109375 0.409958984375 0.4353203125 0.4375439453125 0.461240234375 0.44764453125
9 0.50817578125 0.390767578125 0.5068466796875 0.37175 0.479076171875 0.357984375 0.4804794921875 0.3772197265625 0.50817578125 0.390767578125
9 0.59654296875 0.4348564453125 0.5952294921875 0.4156787109375 0.5432255859375 0.38867578125 0.544029296875 0.41059765625 0.59654296875 0.4348564453125
9 0.6853203125 0.4786875 0.6827099609375 0.4616103515625 0.6521474609375 0.44549609375 0.6544775390625 0.464326171875 0.6853203125 0.4786875
9 0.6488916015625 0.550603515625 0.6409912109375 0.5036552734375 0.602427734375 0.485896484375 0.608078125 0.5367275390625 0.6488916015625 0.550603515625
9 0.739107421875 0.5058173828125 0.736421875 0.4914326171875 0.712171875 0.477951171875 0.7123125 0.4932216796875 0.739107421875 0.5058173828125
9 0.775908203125 0.52406640625 0.77371484375 0.5096943359375 0.751208984375 0.4979697265625 0.7531484375 0.5137734375 0.775908203125 0.52406640625
9 0.736796875 0.5852841796875 0.72951953125 0.542794921875 0.6987724609375 0.528732421875 0.7074873046875 0.5759521484375 0.736796875 0.5852841796875
9 0.7932705078125 0.6052568359375 0.789482421875 0.5675341796875 0.7545283203125 0.55272265625 0.7582861328125 0.5923232421875 0.7932705078125 0.6052568359375
9 0.748451171875 0.6803984375 0.7439365234375 0.6265166015625 0.7080224609375 0.624583984375 0.71221484375 0.677845703125 0.748451171875 0.6803984375
9 0.80657421875 0.6905908203125 0.8020029296875 0.6451259765625 0.76261328125 0.6384248046875 0.7668408203125 0.682400390625 0.80657421875 0.6905908203125
9 0.83071484375 0.55891796875 0.81862109375 0.502865234375 0.8118994140625 0.504205078125 0.823017578125 0.560044921875 0.83071484375 0.55891796875
9 0.3238291015625 0.2677255859375 0.3209453125 0.216302734375 0.312685546875 0.220525390625 0.314845703125 0.27209375 0.3238291015625 0.2677255859375
9 0.3247822265625 0.3371640625 0.322798828125 0.2715849609375 0.3159765625 0.276009765625 0.3174521484375 0.340177734375 0.3247822265625 0.3371640625
9 0.3258896484375 0.3863291015625 0.3242216796875 0.34365625 0.318267578125 0.3458310546875 0.318576171875 0.3895654296875 0.3258896484375 0.3863291015625
9 0.3268544921875 0.47472265625 0.325916015625 0.3996513671875 0.3192685546875 0.4020244140625 0.31992578125 0.4781455078125 0.3268544921875 0.47472265625
9 0.3289990234375 0.5250576171875 0.327966796875 0.4792646484375 0.3206787109375 0.481958984375 0.320787109375 0.528072265625 0.3289990234375 0.5250576171875
9 0.3308125 0.62750390625 0.32914453125 0.5432099609375 0.32208984375 0.54449609375 0.3231640625 0.629689453125 0.3308125 0.62750390625
9 0.333341796875 0.684521484375 0.33093359375 0.632916015625 0.3235 0.6343046875 0.3251953125 0.6867177734375 0.333341796875 0.684521484375
9 0.336734375 0.7837509765625 0.333775390625 0.713609375 0.3249111328125 0.71376953125 0.32579296875 0.78505859375 0.336734375 0.7837509765625