9 0.312986328125 0.4254306640625 0.3216513671875 0.3215126953125 0.2836884765625 0.335681640625 0.274404296875 0.4355400390625 0.312986328125 0.4254306640625
9 0.30101953125 0.5686162109375 0.309685546875 0.4588798828125 0.27378515625 0.4696083984375 0.2645009765625 0.5752177734375 0.30101953125 0.5686162109375
9 0.28570703125 0.720087890625 0.296818359375 0.604177734375 0.2580185546875 0.610390625 0.248318359375 0.721322265625 0.28570703125 0.720087890625
9 0.5274111328125 0.4482578125 0.5295234375 0.4087275390625 0.4465986328125 0.4290966796875 0.4453916015625 0.4671171875 0.5274111328125 0.4482578125
9 0.532390625 0.2898359375 0.532994140625 0.2530224609375 0.4497099609375 0.2833486328125 0.4488046875 0.318201171875 0.532390625 0.2898359375
9 0.5236396484375 0.618296875 0.5248466796875 0.575146484375 0.437337890625 0.586763671875 0.435677734375 0.6299150390625 0.5236396484375 0.618296875
9 0.4775927734375 0.7979189453125 0.5172607421875 0.797216796875 0.5174365234375 0.760533203125 0.428095703125 0.762990234375 0.42704296875 0.7951103515625 0.4775927734375 0.7979189453125
9 0.8296552734375 0.1935615234375 0.8315908203125 0.251146484375 0.87272265625 0.2908271484375 0.870302734375 0.2412265625 0.8296552734375 0.1935615234375
9 0.838607421875 0.3624453125 0.8419951171875 0.4297080078125 0.8833681640625 0.456806640625 0.8799814453125 0.396318359375 0.838607421875 0.3624453125
9 0.84852734375 0.5371640625 0.854576171875 0.627625 0.9041767578125 0.643109375 0.899095703125 0.5616005859375 0.84852734375 0.5371640625
9 0.8618349609375 0.745064453125 0.8695771484375 0.84876953125 0.92062890625 0.8417529296875 0.9138544921875 0.7486943359375 0.8618349609375 0.745064453125
9 1 0.7549951171875 0.9524033203125 0.7525732421875 0.9581767578125 0.834330078125 1 0.8279990234375 1 0.7549951171875
9 0.9371318359375 0.5803115234375 0.9445810546875 0.6730517578125 0.9935615234375 0.683853515625 0.985552734375 0.6039638671875 0.9371318359375 0.5803115234375
9 0.92372265625 0.4283427734375 0.9302412109375 0.5054404296875 0.97214453125 0.531140625 0.96637109375 0.4627958984375 0.92372265625 0.4283427734375
9 1 0.4821611328125 0.995423828125 0.4789951171875 0.99970703125 0.531140625 1 0.4821611328125
9 0.9125087890625 0.286208984375 0.919033203125 0.3543212890625 0.9593984375 0.3924443359375 0.956544921875 0.335361328125 0.9125087890625 0.286208984375
9 0.9997646484375 0.423431640625 0.999560546875 0.371853515625 0.9838623046875 0.354728515625 0.988958984375 0.41323828125 0.9997646484375 0.423431640625
0 0.96041796875 0.394482421875 0.959806640625 0.385716796875 0.9161787109375 0.343515625 0.9171982421875 0.3447392578125 0.9184208984375 0.3575830078125 0.96041796875 0.394482421875
0 0.973544921875 0.5333369140625 0.972439453125 0.51984375 0.9279755859375 0.48998046875 0.9297451171875 0.5078984375 0.973544921875 0.5333369140625
0 0.2510869140625 0.666990234375 0.2457158203125 0.723048828125 0.28666796875 0.7220419921875 0.2930458984375 0.6639697265625 0.2510869140625 0.666990234375
0 0.2664853515625 0.523123046875 0.2620087890625 0.5765390625 0.3011015625 0.569376953125 0.306771484375 0.51446875 0.2664853515625 0.523123046875
9 0.211806640625 0.63796875 0.21473828125 0.61286328125 0.1981708984375 0.61184375 0.196513671875 0.636439453125 0.211806640625 0.63796875
7 0.4676826171875 0.7986455078125 0.470072265625 0.7607529296875 0.46870703125 0.7593876953125 0.4683662109375 0.7556328125 0.4780947265625 0.755291015625 0.48219140625 0.7540966796875 0.4837275390625 0.749146484375 0.4871416015625 0.694046875 0.4845810546875 0.6911455078125 0.4548818359375 0.69353515625 0.4519794921875 0.6967783203125 0.448736328125 0.75221875 0.449419921875 0.755291015625 0.4610263671875 0.755802734375 0.4618798828125 0.7600703125 0.4548818359375 0.760923828125 0.452662109375 0.7870390625 0.45863671875 0.7882333984375 0.4591484375 0.7981337890625 0.4676826171875 0.7986455078125
7 0.88573828125 1 0.882021484375 0.9161689453125 0.8799306640625 0.914078125 0.874587890625 0.914310546875 0.8724970703125 0.917794921875 0.82812890625 0.9270859375 0.8223212890625 0.9270859375 0.818373046875 0.9287119140625 0.820462890625 1 0.8334716796875 1 0.8334716796875 0.983765625 0.8731943359375 0.9691318359375 0.873890625 1 0.88573828125 1
1 0.697736328125 1 0.7206318359375 0.993701171875 0.7235244140625 0.9896044921875 0.7644970703125 0.9777939453125 0.8015693359375 0.96761328125 0.8065380859375 0.9783349609375 0.815953125 0.9846123046875 0.8193525390625 0.9843505859375 0.817521484375 0.929001953125 0.8218623046875 0.9265068359375 0.827978515625 0.927185546875 0.841568359375 0.9237880859375 0.8416044921875 0.9205048828125 0.8380185546875 0.9042470703125 0.834431640625 0.895400390625 0.8327578125 0.8829677734375 0.817216796875 0.869333984375 0.7885263671875 0.8559453125 0.7770498046875 0.8521201171875 0.77394140625 0.8482939453125 0.767724609375 0.846142578125 0.761748046875 0.8447080078125 0.716796875 0.8145830078125 0.6938447265625 0.8035849609375 0.671130859375 0.7990419921875 0.5944091796875 0.7949775390625 0.5210078125 0.79712890625 0.474630859375 0.7980859375 0.4093583984375 0.795216796875 0.3681162109375 0.796412109375 0.361421875 0.794259765625 0.35807421875 0.795216796875 0.342294921875 0.7978466796875 0.3128857421875 0.7760869140625 0.287064453125 0.7626982421875 0.2834775390625 0.7593505859375 0.25669921875 0.755046875 0.1965361328125 0.7488310546875 0.08883984375 0.745244140625 0.0429345703125 0.7483525390625 0.031935546875 0.7564814453125 0.0221328125 0.77059375 0.0149609375 0.7844619140625 0 0.786134765625 0 0.9279169921875 0.0106572265625 0.92719921875 0.0149609375 0.9393935546875 0.03121875 0.9491962890625 0.05201953125 0.9499130859375 0.069234375 0.94106640625 0.081189453125 0.9329375 0.0964912109375 0.934611328125 0.1024677734375 0.9520654296875 0.11537890625 0.963302734375 0.135462890625 0.964498046875 0.155068359375 0.9606728515625 0.1684580078125 0.950630859375 0.1741962890625 0.9377197265625 0.1836015625 0.936763671875 0.1843193359375 0.96162890625 0.1883837890625 0.968083984375 0.1929267578125 0.9666494140625 0.1993818359375 0.961150390625 0.2746962890625 0.970953125 0.2811513671875 0.9802783203125 0.2909541015625 0.9809951171875 0.312326171875 0.972626953125 0.3288232421875 0.9721484375 0.330736328125 0.9900810546875 0.3283447265625 1 0.697736328125 1
8 0 0.785484375 0.014392578125 0.7816357421875 0.0176494140625 0.7736416015625 0.0321572265625 0.7538046875 0.0451845703125 0.7461064453125 0.1157646484375 0.7440341796875 0.2016259765625 0.747291015625 0.283638671875 0.757357421875 0.3029443359375 0.7676279296875 0.3029443359375 0.7618642578125 0.3000625 0.7478154296875 0.287744140625 0.722984375 0.281888671875 0.7185234375 0.2726875 0.7062548828125 0.2690625 0.690919921875 0.2687841796875 0.6836708984375 0.2654384765625 0.6741904296875 0.2584677734375 0.66777734375 0.2499091796875 0.6667216796875 0.2463291015625 0.66358984375 0.241630859375 0.661576171875 0.2353662109375 0.660009765625 0.2407353515625 0.65307421875 0.2427490234375 0.6479287109375 0.2400625 0.6468662109375 0.2332685546875 0.650830078125 0.2281728515625 0.64998046875 0.236099609375 0.6414873046875 0.2400625 0.6329951171875 0.2377978515625 0.629314453125 0.2315693359375 0.629880859375 0.2273232421875 0.634693359375 0.2227939453125 0.6434697265625 0.2182646484375 0.644318359375 0.215279296875 0.6476298828125 0.2066826171875 0.6565849609375 0.1923544921875 0.65980859375 0.1923544921875 0.6519287109375 0.1948623046875 0.639033203125 0.1959365234375 0.6322275390625 0.1959365234375 0.6229140625 0.1964736328125 0.6045107421875 0.19467578125 0.5915693359375 0.1885478515625 0.580255859375 0.18760546875 0.56234375 0.1927900390625 0.51803515625 0.1927900390625 0.490224609375 0.1843056640625 0.4520439453125 0.1758212890625 0.4478017578125 0.1649794921875 0.4482724609375 0.154609375 0.4562861328125 0.1484814453125 0.4737265625 0.1357548828125 0.5307626953125 0.1263271484375 0.553859375 0.1136005859375 0.5581015625 0.10888671875 0.55103125 0.10605859375 0.5364189453125 0.1004013671875 0.52086328125 0.0914453125 0.516150390625 0.0810751953125 0.517564453125 0.0659921875 0.5213349609375 0.046666015625 0.523220703125 0.0311103515625 0.51096484375 0.0174404296875 0.50672265625 0.008484375 0.50955078125 0.0032998046875 0.5170927734375 0 0.5268291015625 0 0.785484375
8 1 0.8113720703125 0.9872412109375 0.8092138671875 0.9800478515625 0.815328125 0.965302734375 0.8257578125 0.9512763671875 0.8171259765625 0.93725 0.8059775390625 0.9307763671875 0.807416015625 0.9282587890625 0.8117314453125 0.919986328125 0.8110126953125 0.914232421875 0.8160478515625 0.9070390625 0.827556640625 0.894810546875 0.83043359375 0.87143359375 0.8171259765625 0.8624423828125 0.8142490234375 0.859205078125 0.818205078125 0.8653193359375 0.8268369140625 0.8671181640625 0.835828125 0.8628017578125 0.8451787109375 0.8574072265625 0.85129296875 0.8570478515625 0.8599248046875 0.8570478515625 0.8674775390625 0.8620830078125 0.873951171875 0.8619873046875 0.8747666015625 0.856232421875 0.8766845703125 0.8520751953125 0.880521484375 0.856232421875 0.88371875 0.8629462890625 0.8875556640625 0.8671025390625 0.8920322265625 0.858150390625 0.891072265625 0.8402451171875 0.89140234375 0.838966796875 0.8961982421875 0.8437626953125 0.90003515625 0.8514365234375 0.9022724609375 0.860388671875 0.9099462890625 0.856232421875 0.9131435546875 0.849517578125 0.91666015625 0.8437626953125 0.9230556640625 0.86966015625 0.9163408203125 0.87413671875 0.913783203125 0.8824501953125 0.9141025390625 0.8843681640625 0.964939453125 0.8678369140625 0.97357421875 0.86064453125 0.9793291015625 0.8458984375 0.97896875 0.84050390625 0.980408203125 0.84122265625 0.9879609375 0.8502138671875 0.99371484375 0.863880859375 0.9951533203125 0.868916015625 1 1 1 1 0.8113720703125
6 0.327775390625 1 0.330216796875 0.9898486328125 0.328556640625 0.9725634765625 0.312443359375 0.9731494140625 0.291552734375 0.9815478515625 0.281005859375 0.9809619140625 0.274560546875 0.971484375 0.1995810546875 0.9615234375 0.1928427734375 0.9671875 0.1879599609375 0.96826171875 0.1840302734375 0.96240234375 0.1833466796875 0.93720703125 0.1743623046875 0.9380859375 0.1690888671875 0.95068359375 0.1561982421875 0.9607421875 0.135560546875 0.9650390625 0.115150390625 0.96376953125 0.101908203125 0.9522578125 0.096048828125 0.93497265625 0.081205078125 0.9335078125 0.069291015625 0.94161328125 0.05205078125 0.95068359375 0.03115234375 0.94990234375 0.014453125 0.93935546875 0.01044921875 0.927734375 0 0.9283203125 0 1 0.327775390625 1
2 1 0.3347314453125 0.7996494140625 0.07301171875 0.7955048828125 0.071630859375 0.247298828125 0.30157421875 0.2458076171875 0.3044775390625 0.213673828125 0.5909970703125 0.19868359375 0.74778515625 0.2840302734375 0.7589404296875 0.288828125 0.762798828125 0.3122919921875 0.7745830078125 0.342431640625 0.7972265625 0.361203125 0.7938896484375 0.3677734375 0.79587109375 0.4107900390625 0.7949326171875 0.425294921875 0.795662109375 0.4683642578125 0.7978525390625 0.5180419921875 0.7969140625 0.5949921875 0.7945146484375 0.604794921875 0.7950361328125 0.6413291015625 0.7969140625 0.6716689453125 0.798791015625 0.69440625 0.803275390625 0.716828125 0.81412109375 0.76294921875 0.8445 0.7738994140625 0.847732421875 0.7773408203125 0.851904296875 0.7888115234375 0.8555537109375 0.817580078125 0.868556640625 0.8329921875 0.8828447265625 0.8347587890625 0.894724609375 0.838189453125 0.903208984375 0.8417216796875 0.919423828125 0.84204296875 0.9229560546875 0.8694951171875 0.91541015625 0.8733486328125 0.9131630859375 0.8832548828125 0.91359375 0.8865849609375 1 1 1 1 0.3347314453125
6 0.8154296875 0.9848837890625 0.8058447265625 0.978892578125 0.80139453125 0.968623046875 0.723685546875 0.990703125 0.7212890625 0.9946396484375 0.700630859375 0.9997255859375 0.8197490234375 0.9995087890625 0.819099609375 0.9856484375 0.8154296875 0.9848837890625