9 0.060005859375 0.1557763671875 0.09807421875 0.15381640625 0.0974453125 0.1106474609375 0.060353515625 0.1127431640625 0.060005859375 0.1557763671875
9 0.1308828125 0.1494052734375 0.17683984375 0.1457353515625 0.17683984375 0.1076416015625 0.13158203125 0.1102626953125 0.1308828125 0.1494052734375
9 0.210134765625 0.14187109375 0.2484033203125 0.1408369140625 0.24805859375 0.101361328125 0.2099619140625 0.1036015625 0.210134765625 0.14187109375
9 0.0265830078125 0.3091083984375 0.072125 0.308490234375 0.073361328125 0.2365712890625 0.0280517578125 0.23772265625 0.0265830078125 0.3091083984375
9 0.1802939453125 0.23671875 0.172138671875 0.2314287109375 0.164865234375 0.2294453125 0.154947265625 0.2283427734375 0.145298828125 0.229951171875 0.1375791015625 0.2323740234375 0.1255380859375 0.240828125 0.1170185546875 0.250185546875 0.116275390625 0.282755859375 0.1152236328125 0.370126953125 0.181029296875 0.3681103515625 0.1844287109375 0.2778134765625 0.1847021484375 0.2415673828125 0.1802939453125 0.23671875
9 0.020919921875 0.4418740234375 0.0672421875 0.440806640625 0.0693759765625 0.3684423828125 0.0693759765625 0.3665205078125 0.023908203125 0.367375 0.020919921875 0.4418740234375
9 0.111013671875 0.5012900390625 0.179388671875 0.5001376953125 0.180798828125 0.4159208984375 0.1125205078125 0.41815625 0.111013671875 0.5012900390625
9 0.013615234375 0.5798671875 0.06026953125 0.5796669921875 0.0620712890625 0.5011767578125 0.0172197265625 0.502578125 0.013615234375 0.5798671875
9 0.115171875 0.625126953125 0.164927734375 0.625943359375 0.1650908203125 0.60832421875 0.1685166015625 0.6063671875 0.16823828125 0.55461328125 0.117328125 0.5554560546875 0.115171875 0.625126953125
9 0.011310546875 0.650099609375 0.009271484375 0.65584765625 0.005376953125 0.71870703125 0.0565546875 0.71796484375 0.059521484375 0.655291015625 0.055998046875 0.6491728515625 0.05098046875 0.6445830078125 0.04297265625 0.64106640625 0.0341826171875 0.64028515625 0.0281845703125 0.64119921875 0.0181650390625 0.6436064453125 0.011310546875 0.650099609375
9 0.27695703125 0.7166083984375 0.27680078125 0.6532861328125 0.273021484375 0.646845703125 0.26575390625 0.6402099609375 0.258169921875 0.637681640625 0.24742578125 0.63641796875 0.239841796875 0.637998046875 0.2316259765625 0.6435283203125 0.2267275390625 0.6473203125 0.2237255859375 0.6526923828125 0.2227255859375 0.717392578125 0.27695703125 0.7166083984375
9 0.42190625 0.718453125 0.4204970703125 0.6566962890625 0.410375 0.6470546875 0.3976806640625 0.6387001953125 0.385791015625 0.6353251953125 0.3724541015625 0.63500390625 0.362009765625 0.6369326171875 0.3525302734375 0.64094921875 0.3417646484375 0.6483408203125 0.337724609375 0.654859375 0.337392578125 0.718453125 0.42190625 0.718453125
9 0.5879990234375 0.7172080078125 0.5870390625 0.672912109375 0.580482421875 0.66171875 0.57184765625 0.65100390625 0.55857421875 0.6414091796875 0.54626171875 0.6364521484375 0.5336279296875 0.6351728515625 0.5208349609375 0.637251953125 0.509162109375 0.6428486328125 0.4982880859375 0.6538828125 0.4931708984375 0.6620380859375 0.4873818359375 0.674025390625 0.4892705078125 0.7157294921875 0.5879990234375 0.7172080078125
9 0.7046376953125 0.6774140625 0.71028515625 0.682482421875 0.7115888671875 0.7185400390625 0.7347578125 0.71839453125 0.733455078125 0.67350390625 0.7332490234375 0.6541552734375 0.7308203125 0.6476279296875 0.725669921875 0.6447177734375 0.7198779296875 0.6433388671875 0.7138095703125 0.643890625 0.70870703125 0.6470625 0.705412109375 0.650794921875 0.70405859375 0.65482421875 0.7046376953125 0.6774140625
9 0.6891103515625 0.652732421875 0.6867802734375 0.64858984375 0.68147265625 0.645224609375 0.6770712890625 0.6439296875 0.671892578125 0.6439296875 0.6661962890625 0.6460009765625 0.6615361328125 0.6505322265625 0.6592060546875 0.6555810546875 0.659556640625 0.6817373046875 0.6892392578125 0.6809765625 0.6891103515625 0.652732421875
9 0.64566015625 0.6563388671875 0.644236328125 0.6517109375 0.6413896484375 0.6477958984375 0.6371181640625 0.644830078125 0.6314228515625 0.6436435546875 0.625728515625 0.644236328125 0.6202705078125 0.647083984375 0.61635546875 0.6533720703125 0.617404296875 0.685654296875 0.64566015625 0.6843388671875 0.64566015625 0.6563388671875
9 0.6807275390625 0.5665146484375 0.6780224609375 0.4906591796875 0.62728125 0.4913154296875 0.6267587890625 0.49246484375 0.62942578125 0.5672998046875 0.6807275390625 0.5665146484375
9 0.699109375 0.5657197265625 0.7526533203125 0.5655439453125 0.74905859375 0.48645703125 0.6964599609375 0.4875791015625 0.699109375 0.5657197265625
9 0.7721748046875 0.565498046875 0.822828125 0.5645732421875 0.8195 0.4841572265625 0.7692177734375 0.48563671875 0.7721748046875 0.565498046875
9 0.8978291015625 0.562666015625 0.9646259765625 0.5614873046875 0.9575537109375 0.4740615234375 0.893310546875 0.4756337890625 0.8978291015625 0.562666015625
9 0.2269189453125 0.575609375 0.27598828125 0.5746083984375 0.27598828125 0.495697265625 0.227720703125 0.49609765625 0.2269189453125 0.575609375
9 0.360796875 0.5739033203125 0.360796875 0.5012373046875 0.358259765625 0.4977939453125 0.35481640625 0.495076171875 0.3515546875 0.4936259765625 0.343943359375 0.49308203125 0.3361513671875 0.4945322265625 0.3312587890625 0.49815625 0.3285400390625 0.5010556640625 0.3287216796875 0.573541015625 0.360796875 0.5739033203125
9 0.4290380859375 0.57187890625 0.4281787109375 0.5015751953125 0.425083984375 0.4965908203125 0.419583984375 0.4922939453125 0.4116767578125 0.49143359375 0.4044580078125 0.4928095703125 0.39964453125 0.4960751953125 0.39517578125 0.5008876953125 0.39603515625 0.57205078125 0.4290380859375 0.57187890625
9 0.3254013671875 0.4254619140625 0.3387158203125 0.423646484375 0.338513671875 0.3483994140625 0.32519921875 0.3528369140625 0.3254013671875 0.4254619140625
9 0.3893095703125 0.4194306640625 0.389484375 0.3414296875 0.3576220703125 0.34230078125 0.3576220703125 0.4203017578125 0.3893095703125 0.4194306640625
9 0.4139248046875 0.4196904296875 0.427830078125 0.422234375 0.4295595703125 0.422380859375 0.429388671875 0.3471689453125 0.4113818359375 0.34372265625 0.411720703125 0.3990029296875 0.4139248046875 0.4196904296875
9 0.502119140625 0.4218955078125 0.557986328125 0.42051953125 0.557166015625 0.34290625 0.5011337890625 0.34440625 0.502119140625 0.4218955078125
9 0.622923828125 0.4177646484375 0.6734990234375 0.417177734375 0.6710703125 0.3445029296875 0.62130078125 0.34610546875 0.622923828125 0.4177646484375
9 0.693 0.4147060546875 0.7432568359375 0.4138515625 0.7399130859375 0.338462890625 0.6917890625 0.33987890625 0.693 0.4147060546875
9 0.763482421875 0.4124462890625 0.813529296875 0.410400390625 0.81069140625 0.336443359375 0.809982421875 0.334314453125 0.7601455078125 0.3359111328125 0.763482421875 0.4124462890625
9 0.8822666015625 0.4044658203125 0.931755859375 0.4033408203125 0.9250078125 0.3223583984375 0.878892578125 0.3241572265625 0.8822666015625 0.4044658203125
9 0.8744814453125 0.255212890625 0.9414462890625 0.2516884765625 0.9352294921875 0.1808662109375 0.8703349609375 0.183064453125 0.8744814453125 0.255212890625
9 0.80458203125 0.214400390625 0.8029462890625 0.208267578125 0.7992666015625 0.2032236328125 0.793814453125 0.198044921875 0.786181640625 0.1950458984375 0.77773046875 0.1945009765625 0.769689453125 0.1964091796875 0.76273828125 0.2009072265625 0.75755859375 0.206359375 0.754857421875 0.2146083984375 0.75635546875 0.263017578125 0.8050361328125 0.2606923828125 0.80458203125 0.214400390625
9 0.734056640625 0.22183203125 0.7333720703125 0.216083984375 0.73159375 0.2104736328125 0.7263935546875 0.2048623046875 0.72009765625 0.20103125 0.7124345703125 0.199525390625 0.70367578125 0.2006201171875 0.6964228515625 0.203494140625 0.6899912109375 0.21019921875 0.6862802734375 0.2181806640625 0.687353515625 0.2673271484375 0.6894140625 0.26708203125 0.7356259765625 0.2652666015625 0.734056640625 0.22183203125
9 0.6657548828125 0.219712890625 0.6625693359375 0.2143212890625 0.657177734375 0.2091748046875 0.6508056640625 0.206111328125 0.64247265625 0.205130859375 0.634017578125 0.206478515625 0.627767578125 0.2103994140625 0.62225390625 0.216771484375 0.6199912109375 0.223474609375 0.6204755859375 0.272310546875 0.666517578125 0.2712900390625 0.6657548828125 0.219712890625
9 0.5547744140625 0.2764990234375 0.5536513671875 0.2092646484375 0.5003837890625 0.2121943359375 0.499474609375 0.21308203125 0.5009970703125 0.2792900390625 0.5547744140625 0.2764990234375
9 0.40851953125 0.2581953125 0.413326171875 0.261666015625 0.41305859375 0.2747490234375 0.432283203125 0.2787548828125 0.4328173828125 0.21066796875 0.408787109375 0.204259765625 0.40851953125 0.2581953125
9 0.3578740234375 0.2587294921875 0.3912763671875 0.2589951171875 0.3899501953125 0.1988193359375 0.35734375 0.1998798828125 0.3578740234375 0.2587294921875
9 0.3219736328125 0.2690654296875 0.33937109375 0.2654912109375 0.33794140625 0.2085322265625 0.3222119140625 0.215205078125 0.3219736328125 0.2690654296875
9 0.230525390625 0.299455078125 0.2798759765625 0.2977900390625 0.2789130859375 0.2230537109375 0.2311435546875 0.22575 0.230525390625 0.299455078125
9 0.276740234375 0.434046875 0.277072265625 0.3568046875 0.229564453125 0.3581337890625 0.228568359375 0.434212890625 0.276740234375 0.434046875
9 0.4992158203125 0.573279296875 0.5666328125 0.5728046875 0.5654462890625 0.4823623046875 0.4987412109375 0.4833115234375 0.4992158203125 0.573279296875
7 0.75477734375 0.94423828125 0.76448046875 0.9429609375 0.74949609375 0.7969150390625 0.754095703125 0.7921572265625 0.7579013671875 0.7856552734375 0.760755859375 0.77645703125 0.7609384765625 0.762990234375 0.7595712890625 0.7531435546875 0.7545107421875 0.7404248046875 0.7467158203125 0.73221875 0.738919921875 0.7275693359375 0.73098828125 0.726474609375 0.7218251953125 0.7281162109375 0.7148505859375 0.73262890625 0.7102001953125 0.7413818359375 0.707875 0.7509853515625 0.707744140625 0.7616650390625 0.71021875 0.7737783203125 0.713953125 0.7809296875 0.7190322265625 0.7893173828125 0.72824609375 0.7972314453125 0.7381181640625 0.800517578125 0.75477734375 0.94423828125
9 0.3844814453125 0.817640625 0.4119091796875 0.817763671875 0.411662109375 0.7894716796875 0.384234375 0.789224609375 0.384234375 0.816775390625 0.3844814453125 0.817640625
9 0.34673046875 0.817015625 0.3734580078125 0.8171376953125 0.37297265625 0.7894375 0.3468515625 0.7891943359375 0.34673046875 0.817015625
9 0.239490234375 0.814001953125 0.24009765625 0.7871552734375 0.214365234375 0.7871552734375 0.2142646484375 0.787560546875 0.214568359375 0.813798828125 0.239490234375 0.814001953125
9 0.250802734375 0.8149052734375 0.276783203125 0.8155185546875 0.27698828125 0.78800390625 0.25049609375 0.7877998046875 0.250802734375 0.8149052734375
9 0 0.8091123046875 0.0180439453125 0.8092109375 0.0184404296875 0.7852177734375 0 0.785119140625 0 0.8091123046875
9 0.05234375 0.81162109375 0.05302734375 0.78515625 0.027734375 0.78544921875 0.02783203125 0.8115234375 0.05234375 0.81162109375
9 0.5756357421875 0.8212861328125 0.5752275390625 0.7952626953125 0.54838671875 0.795126953125 0.548931640625 0.8212861328125 0.5756357421875 0.8212861328125
9 0.9792236328125 0.6485830078125 0.968140625 0.640732421875 0.95336328125 0.634728515625 0.9378935546875 0.6326513671875 0.922423828125 0.634267578125 0.90903125 0.6402705078125 0.897255859375 0.6497373046875 0.8873271484375 0.664283203125 0.9868427734375 0.6587421875 0.9792236328125 0.6485830078125
6 1 0.9331767578125 0.9037587890625 0.918900390625 0.9063544921875 0.96173046875 0.889048828125 0.96173046875 0.8811025390625 0.8646669921875 0.759263671875 0.862166015625 0.7674814453125 0.9461318359375 0.7514033203125 0.947560546875 0.7431845703125 0.8625234375 0.72317578125 0.861451171875 0.7260341796875 0.912544921875 0.7110283203125 0.9136171875 0.7088837890625 0.8775302734375 0.6352626953125 0.8675146484375 0.6354912109375 0.9020322265625 0.6231474609375 0.9018037109375 0.6229189453125 0.8579130859375 0 0.846515625 0 1 1 1 1 0.9331767578125
9 0.6809208984375 0.1337919921875 0.6792646484375 0.14096875 0.6812890625 0.1470419921875 0.6860732421875 0.1510908203125 0.6934345703125 0.1520107421875 0.700427734375 0.149986328125 0.7072373046875 0.1468583984375 0.71091796875 0.1470419921875 0.7177275390625 0.149802734375 0.7243525390625 0.149986328125 0.7300576171875 0.1477783203125 0.73373828125 0.1429931640625 0.733001953125 0.133423828125 0.728033203125 0.1247744140625 0.7210400390625 0.11778125 0.7127578125 0.1152041015625 0.705029296875 0.11446875 0.6949072265625 0.117044921875 0.6860732421875 0.1240380859375 0.6809208984375 0.1337919921875
2 1 0.1367314453125 0.824794921875 0.1555322265625 0.8236650390625 0.1215986328125 0.7044072265625 0.0808779296875 0.5883974609375 0.1435771484375 0.591099609375 0.167916015625 0.454619140625 0.1794091796875 0.4289453125 0.1760283203125 0.4019189453125 0.1658876953125 0.3431376953125 0.17197265625 0.3154365234375 0.1848173828125 0.2877353515625 0.1841416015625 0.2857080078125 0.17332421875 0.3113828125 0.1516904296875 0.262736328125 0.0678564453125 0.253953125 0.069208984375 0.2485478515625 0.05636328125 0.0343681640625 0.070560546875 0.0330166015625 0.0901669921875 0 0.1476337890625 0 0.8198466796875 0.073513671875 0.8214482421875 0.0935908203125 0.8181904296875 0.1001025390625 0.8057021484375 0.1109541015625 0.8089599609375 0.15544921875 0.8084169921875 0.1619599609375 0.8176474609375 0.373767578125 0.8231328125 0.6202646484375 0.825939453125 0.615498046875 0.6863935546875 0.6998916015625 0.6793564453125 0.7075634765625 0.6831943359375 0.71012109375 0.7222197265625 0.71427734375 0.7260576171875 0.7289814453125 0.722859375 0.7433671875 0.72573828125 0.7535966796875 0.7321357421875 0.7615888671875 0.750048828125 0.7644658203125 0.7686015625 0.7622275390625 0.783955078125 0.752318359375 0.798669921875 0.7555146484375 0.8239404296875 0.767662109375 0.818822265625 0.776966796875 0.8120185546875 0.8539130859375 0.8136796875 0.8655380859375 0.8197734375 0.881591796875 0.832513671875 0.8666328125 0.66575 1 0.6563525390625 1 0.1367314453125