2 0 0.892048828125 0.033828125 0.89137109375 0.04504296875 0.885953125 0.0941494140625 0.888662109375 0.117517578125 0.90153125 0.1630302734375 0.901044921875 0.2351728515625 0.9016455078125 0.232837890625 0.94723828125 0.23575 0.9478623046875 0.2388701171875 0.955974609375 0.2438623046875 0.956390625 0.2463583984375 0.9626298828125 0.343330078125 0.9634619140625 0.35872265625 0.966998046875 0.4594267578125 0.9655419921875 0.5155869140625 0.962837890625 0.5324833984375 0.9617978515625 0.5314375 0.95101953125 0.575470703125 0.94165625 0.6121103515625 0.9345419921875 0.6470380859375 0.936109375 0.6499482421875 0.919541015625 0.63875390625 0.9083466796875 0.6448203125 0.8931220703125 0.6513134765625 0.887748046875 0.6703447265625 0.8790166015625 0.6703447265625 0.8714033203125 0.686818359375 0.868560546875 0.6857431640625 0.8488447265625 0.7789208984375 0.84345703125 0.7640498046875 0.827744140625 0.7289755859375 0.822693359375 0.7191552734375 0.8139951171875 0.718033203125 0.7982822265625 0.7285615234375 0.782490234375 0.7522734375 0.7680107421875 0.774306640625 0.76633203125 0.7879453125 0.7602470703125 0.7980625 0.759001953125 0.780751953125 0.7452431640625 0.780751953125 0.7390283203125 0.7856337890625 0.738806640625 0.79303125 0.732921875 0.786572265625 0.7256201171875 0.771673828125 0.7143876953125 0.7683037109375 0.7079296875 0.766900390625 0.694169921875 0.769427734375 0.694169921875 0.7711123046875 0.6905185546875 0.77026953125 0.6773203125 0.76072265625 0.6733896484375 0.745953125 0.661060546875 0.7273447265625 0.6525537109375 0.7264580078125 0.64830078125 0.73443359375 0.6463505859375 0.736857421875 0.643765625 0.7227587890625 0.596908203125 0.707060546875 0.597177734375 0.6478583984375 0.6079423828125 0.5976123046875 0.583298828125 0.5962939453125 0.5704912109375 0.6026982421875 0.56559375 0.6091015625 0.5586259765625 0.611361328125 0.5522216796875 0.6109853515625 0.54544140625 0.6042041015625 0.5386611328125 0.586583984375 0.5285048828125 0.5544013671875 0.50986328125 0.5455234375 0.503458984375 0.543048828125 0.4954541015625 0.5450869140625 0.4932705078125 0.545814453125 0.4905048828125 0.5427578125 0.4871572265625 0.54057421875 0.4848291015625 0.53824609375 0.481626953125 0.5370810546875 0.4871572265625 0.534751953125 0.4887587890625 0.534169921875 0.4923974609375 0.535189453125 0.4951630859375 0.538537109375 0.496763671875 0.539556640625 0.50773828125 0.5301455078125 0.508859375 0.5044541015625 0.4820107421875 0.4605625 0.4361474609375 0.4227138671875 0.41811328125 0.40690625 0.4285771484375 0.3837119140625 0.4510634765625 0.3365 0.497150390625 0.2630029296875 0.4604150390625 0.25209375 0.4657578125 0.19951171875 0.46731640625 0.1634326171875 0.4851279296875 0.1551953125 0.491361328125 0.15853515625 0.496259765625 0.1685537109375 0.496482421875 0.1678857421875 0.51540625 0.1260126953125 0.539451171875 0.0926171875 0.5278740234375 0.0861611328125 0.5276513671875 0.0362900390625 0.555703125 0.024490234375 0.5668359375 0.022486328125 0.5755185546875 0.026271484375 0.579970703125 0.0269697265625 0.5839521484375 0.0373251953125 0.5923798828125 0.037806640625 0.5998447265625 0.0353984375 0.6036982421875 0 0.618146484375 0 0.892048828125
9 0.013369140625 0.680935546875 0.015779296875 0.643458984375 0.0089853515625 0.6460888671875 0.0056982421875 0.683126953125 0.013369140625 0.680935546875
9 0.03423828125 0.8130166015625 0.0394609375 0.7598212890625 0.0274677734375 0.762142578125 0.0226318359375 0.8137900390625 0.03423828125 0.8130166015625
9 0.09728125 0.878193359375 0.0984287109375 0.818357421875 0.0853349609375 0.8201630859375 0.08172265625 0.8779560546875 0.09728125 0.878193359375
9 0.1214541015625 0.8757001953125 0.1226357421875 0.814263671875 0.1079853515625 0.816154296875 0.106568359375 0.8757001953125 0.1214541015625 0.8757001953125
9 0.1794228515625 0.8723466796875 0.1823203125 0.8038447265625 0.1659853515625 0.8062158203125 0.1633505859375 0.8723466796875 0.1794228515625 0.8723466796875
9 0.2094580078125 0.870501953125 0.2110390625 0.7975205078125 0.1891708984375 0.8006826171875 0.1870634765625 0.8715556640625 0.2094580078125 0.870501953125
9 0.10286328125 0.762080078125 0.1060966796875 0.707876953125 0.0940859375 0.710802734375 0.089158203125 0.7648525390625 0.10286328125 0.762080078125
9 0.1264228515625 0.7576142578125 0.1293486328125 0.7011015625 0.1176455078125 0.7044892578125 0.1137958984375 0.759154296875 0.1264228515625 0.7576142578125
9 0.11133203125 0.6558291015625 0.1137958984375 0.60994140625 0.1025546875 0.6142529296875 0.098859375 0.660140625 0.11133203125 0.6558291015625
9 0.1333525390625 0.6484384765625 0.136740234375 0.600240234375 0.1248828125 0.605013671875 0.122419921875 0.6519794921875 0.1333525390625 0.6484384765625
9 0.1972470703125 0.5151474609375 0.1972470703125 0.491197265625 0.18052734375 0.498201171875 0.1809794921875 0.5214736328125 0.1972470703125 0.5151474609375
9 0.19182421875 0.629021484375 0.19340625 0.5799921875 0.1796240234375 0.584962890625 0.1766865234375 0.633541015625 0.19182421875 0.629021484375
9 0.2189375 0.620435546875 0.22029296875 0.57005078125 0.204703125 0.57569921875 0.2028955078125 0.6256328125 0.2189375 0.620435546875
9 0.1873056640625 0.7437998046875 0.18911328125 0.6814404296875 0.1690048828125 0.687541015625 0.1660673828125 0.7476416015625 0.1873056640625 0.7437998046875
9 0.215322265625 0.7388291015625 0.2162265625 0.6735322265625 0.1945361328125 0.680310546875 0.1938583984375 0.7426708984375 0.215322265625 0.7388291015625
9 0.29417578125 0.7189462890625 0.2939501953125 0.6755654296875 0.2896572265625 0.6653984375 0.28310546875 0.6606533203125 0.2770048828125 0.6602021484375 0.2702265625 0.6629130859375 0.2627705078125 0.6683359375 0.2571220703125 0.6785029296875 0.25441015625 0.687541015625 0.25441015625 0.7284365234375 0.29417578125 0.7189462890625
9 0.299388671875 0.90557421875 0.2987109375 0.833046875 0.2955478515625 0.8206201171875 0.2892216796875 0.8106787109375 0.2824267578125 0.8043525390625 0.275197265625 0.802771484375 0.2690966796875 0.804578125 0.2598330078125 0.812486328125 0.2541845703125 0.8242353515625 0.2501171875 0.838017578125 0.24876171875 0.9060263671875 0.299388671875 0.90557421875
0 0.3062392578125 0.7378271484375 0.3389306640625 0.732033203125 0.3943818359375 0.7274814453125 0.4485908203125 0.7278955078125 0.5007314453125 0.7336884765625 0.530939453125 0.7444482421875 0.52762890625 0.7014111328125 0.50238671875 0.69148046875 0.47133203125 0.6856865234375 0.4117431640625 0.6827900390625 0.3380849609375 0.686927734375 0.2983583984375 0.693962890625 0.2991865234375 0.7403095703125 0.3062392578125 0.7378271484375
9 0.405830078125 0.682623046875 0.4043759765625 0.6517265625 0.3763876953125 0.65408984375 0.3762060546875 0.6848037109375 0.405830078125 0.682623046875
9 0.450693359375 0.6837685546875 0.4492509765625 0.6512080078125 0.4179267578125 0.6514140625 0.417720703125 0.6825322265625 0.450693359375 0.6837685546875
9 0.4733623046875 0.6854169921875 0.4873759765625 0.68768359375 0.4857265625 0.65553515625 0.4649130859375 0.6524443359375 0.4669736328125 0.6841806640625 0.4733623046875 0.6854169921875
9 0.40115625 0.5901337890625 0.39932421875 0.5360966796875 0.37154296875 0.5400654296875 0.3700166015625 0.593796875 0.40115625 0.5901337890625
9 0.4457294921875 0.5886064453125 0.443591796875 0.5364013671875 0.4115361328125 0.5351806640625 0.413978515625 0.5895224609375 0.4457294921875 0.5886064453125
9 0.479921875 0.5941025390625 0.476869140625 0.5440341796875 0.457025390625 0.5394541015625 0.4597724609375 0.589828125 0.479921875 0.5941025390625
9 0.4420654296875 0.502513671875 0.4417607421875 0.457330078125 0.407873046875 0.4545830078125 0.4103154296875 0.500376953125 0.4420654296875 0.502513671875
9 0.5237783203125 0.6134443359375 0.520224609375 0.569158203125 0.512296875 0.5636904296875 0.5169443359375 0.6096171875 0.5237783203125 0.6134443359375
9 0.536080078125 0.732087890625 0.53143359375 0.6746796875 0.5240517578125 0.6719453125 0.5262392578125 0.7003759765625 0.52787890625 0.7003759765625 0.53116015625 0.729353515625 0.536080078125 0.732087890625
9 0.547015625 0.8351484375 0.5431884765625 0.8222998046875 0.538814453125 0.8130048828125 0.537173828125 0.810544921875 0.5352607421875 0.81847265625 0.537173828125 0.8531904296875 0.5396337890625 0.9040380859375 0.5513896484375 0.9023974609375 0.5500224609375 0.8665859375 0.547015625 0.8351484375
9 0.5598330078125 0.692544921875 0.566119140625 0.745978515625 0.5699609375 0.7470263671875 0.5640234375 0.6928935546875 0.5598330078125 0.692544921875
9 0.5708251953125 0.5612001953125 0.5714091796875 0.5725751953125 0.5784091796875 0.5728671875 0.5772421875 0.560908203125 0.5708251953125 0.5612001953125
9 0.6293046875 0.69023828125 0.687484375 0.726041015625 0.68473046875 0.6988447265625 0.6258623046875 0.6551240234375 0.60589453125 0.6589111328125 0.6086494140625 0.691271484375 0.6293046875 0.69023828125
1 0.1122392578125 1 0.11587109375 0.9938076171875 0.1245888671875 0.98799609375 0.1271318359375 0.9792783203125 0.1289482421875 0.951671875 0.1300380859375 0.9302412109375 0.1253154296875 0.9186181640625 0.11732421875 0.906630859375 0.107880859375 0.8979140625 0.0948037109375 0.8910126953125 0.046130859375 0.8884697265625 0.0341435546875 0.89319140625 0 0.89391796875 0 1 0.1122392578125 1
1 0.9008994140625 0.937310546875 0.9061015625 0.9383505859375 0.910609375 0.9359228515625 0.927947265625 0.93626953125 0.9803095703125 0.9331494140625 0.9917529296875 0.9331494140625 0.9959140625 0.927947265625 0.9955673828125 0.917544921875 0.996607421875 0.905060546875 0.99279296875 0.8849482421875 0.9886318359375 0.87246484375 0.9879384765625 0.8651826171875 0.98065625 0.860328125 0.966091796875 0.8468037109375 0.95776953125 0.844376953125 0.931068359375 0.845763671875 0.9147705078125 0.847498046875 0.8983828125 0.858408203125 0.8954169921875 0.8691435546875 0.8937216796875 0.882986328125 0.8914619140625 0.88171484375 0.8841162109375 0.8807265625 0.8808671875 0.8827041015625 0.8808671875 0.8859521484375 0.8822802734375 0.8876474609375 0.888353515625 0.888353515625 0.8919091796875 0.8900634765625 0.8908544921875 0.9143251953125 0.8932275390625 0.926193359375 0.89823828125 0.9333134765625 0.9008994140625 0.937310546875
8 0 0.8931064453125 0.034201171875 0.8924677734375 0.04571875 0.8873642578125 0.0935634765625 0.8894912109375 0.1071728515625 0.896720703125 0.11631640625 0.903951171875 0.126310546875 0.9177724609375 0.1314140625 0.930318359375 0.128880859375 0.952482421875 0.1477158203125 0.95113671875 0.1543740234375 0.9478408203125 0.160392578125 0.929783203125 0.160392578125 0.9142041015625 0.16287109375 0.8915439453125 0.15401953125 0.878443359375 0.1444599609375 0.871716796875 0.142689453125 0.8614482421875 0.1459599609375 0.8332646484375 0.1409453125 0.820859375 0.127484375 0.815052734375 0.11455078125 0.8158447265625 0.110328125 0.8211240234375 0.10716015625 0.8324736328125 0.1000341796875 0.8393359375 0.0987138671875 0.828513671875 0.0960849609375 0.8149189453125 0.08777734375 0.8152802734375 0.0693544921875 0.8210595703125 0.0628525390625 0.8272001953125 0.0581572265625 0.8362314453125 0.059240234375 0.850318359375 0.0502099609375 0.8560986328125 0.0491259765625 0.86368359375 0.03901171875 0.8658515625 0.02528515625 0.864767578125 0.0108369140625 0.8622392578125 0 0.859349609375 0 0.8931064453125
3 0.206650390625 0.9659345703125 0.245783203125 0.9633330078125 0.24417578125 0.9577412109375 0.2386328125 0.9574501953125 0.2357158203125 0.9486982421875 0.231923828125 0.94840625 0.2342568359375 0.902896484375 0.198666015625 0.902021484375 0.1557822265625 0.90260546875 0.116982421875 0.90260546875 0.1243125 0.91206640625 0.1296181640625 0.9215419921875 0.132650390625 0.9312060546875 0.1298076171875 0.9537568359375 0.1278955078125 0.9780595703125 0.166150390625 0.9732060546875 0.206650390625 0.9659345703125
8 0.6634375 0.9283232421875 0.6756630859375 0.92696484375 0.693865234375 0.92153125 0.7036455078125 0.9152822265625 0.7153271484375 0.9071318359375 0.71098046875 0.896537109375 0.7044609375 0.885669921875 0.695845703125 0.87756640625 0.682578125 0.87543359375 0.66338671875 0.883015625 0.65177734375 0.88775390625 0.645380859375 0.8953359375 0.6396943359375 0.907181640625 0.6510673828125 0.919501953125 0.6543837890625 0.9292158203125 0.6634375 0.9283232421875
8 0.8134853515625 0.8394169921875 0.8364892578125 0.849873046875 0.856564453125 0.8594921875 0.868275390625 0.8553095703125 0.8778955078125 0.8544736328125 0.88249609375 0.84736328125 0.8820771484375 0.832724609375 0.8787314453125 0.820595703125 0.871203125 0.815158203125 0.856564453125 0.8105576171875 0.8519638671875 0.8013564453125 0.8394169921875 0.7875546875 0.83565234375 0.7766796875 0.826033203125 0.76496875 0.815158203125 0.7603681640625 0.7892275390625 0.761205078125 0.773751953125 0.767478515625 0.7532578125 0.7687333984375 0.72858203125 0.7837900390625 0.719380859375 0.7984287109375 0.720216796875 0.8134853515625 0.7298369140625 0.8218505859375 0.7507490234375 0.8251962890625 0.76425 0.8264033203125 0.7793349609375 0.8420927734375 0.8134853515625 0.8394169921875
8 0.999310546875 0.667986328125 0.97909765625 0.6647314453125 0.957939453125 0.6652734375 0.942658203125 0.6780146484375 0.9320830078125 0.691478515625 0.9334619140625 0.7045771484375 0.92828125 0.7260087890625 0.930978515625 0.7403046875 0.93880078125 0.7486669921875 0.9585380859375 0.769775390625 0.9629677734375 0.7765908203125 0.9718271484375 0.783064453125 0.987501953125 0.7820419921875 0.9854580078125 0.790220703125 0.98375390625 0.8014658203125 0.9691015625 0.80419140625 0.9616044921875 0.81134765625 0.9643310546875 0.8232734375 0.9765986328125 0.8307705078125 0.98375390625 0.8379267578125 0.999310546875 0.843421875 0.999310546875 0.667986328125
1 0.957548828125 0.8437353515625 0.966126953125 0.84630859375 0.9774228515625 0.8561748046875 0.977072265625 0.85065625 0.973373046875 0.846474609375 0.9730517578125 0.84422265625 0.9725693359375 0.842453125 0.9695126953125 0.841810546875 0.962275390625 0.833607421875 0.9466748046875 0.8342509765625 0.939919921875 0.83682421875 0.9378291015625 0.83955859375 0.93766796875 0.844705078125 0.957548828125 0.8437353515625
3 0.869171875 0.8757001953125 0.86828125 0.8673916015625 0.86828125 0.86026953125 0.8676875 0.8564111328125 0.856904296875 0.8607919921875 0.819517578125 0.84194921875 0.78368359375 0.8438955078125 0.714046875 0.847341796875 0.6877626953125 0.849408203125 0.68891796875 0.869806640625 0.6719833984375 0.8725009765625 0.6717021484375 0.8785751953125 0.68302734375 0.8739521484375 0.6966650390625 0.8753388671875 0.706142578125 0.884353515625 0.7133076171875 0.898453125 0.7167744140625 0.9079296875 0.6945634765625 0.923859375 0.6632529296875 0.92975 0.664107421875 0.94384375 0.7145029296875 0.93103125 0.7435439453125 0.918646484375 0.7969287109375 0.8947294921875 0.82938671875 0.8934482421875 0.85501953125 0.886912109375 0.858998046875 0.8841220703125 0.8623466796875 0.87777734375 0.869171875 0.8757001953125
6 1 1 0.999662109375 0.858578125 0.982353515625 0.85978515625 0.988962890625 0.86439453125 0.989396484375 0.8713271484375 0.9932958984375 0.8832421875 0.9976376953125 0.903677734375 0.9976376953125 0.927728515625 0.9947509765625 0.934462890625 0.9707734375 0.9354384765625 0.910787109375 0.9371484375 0.9063388671875 0.939455078125 0.8988359375 0.937462890625 0.8918984375 0.9268994140625 0.8900068359375 0.915390625 0.8900068359375 0.905142578125 0.890953125 0.8904794921875 0.8882724609375 0.8889033203125 0.88180859375 0.88795703125 0.88007421875 0.8860654296875 0.8802314453125 0.8824384765625 0.8841728515625 0.879916015625 0.88969140625 0.880705078125 0.89316015625 0.88180859375 0.893791015625 0.872033203125 0.8954287109375 0.866064453125 0.89215234375 0.8646142578125 0.8820986328125 0.872482421875 0.8624287109375 0.8786025390625 0.8598056640625 0.8851591796875 0.8382939453125 0.8922392578125 0.82973046875 0.893951171875 0.798048828125 0.896091796875 0.7663662109375 0.910220703125 0.7167021484375 0.9324833984375 0.66361328125 0.9461845703125 0.661044921875 0.9380498046875 0.649056640625 0.9380498046875 0.61180859375 0.93548046875 0.532015625 0.9516240234375 0.533412109375 0.962794921875 0.462197265625 0.9662861328125 0.3588662109375 0.9676826171875 0.343505859375 0.96419140625 0.2496005859375 0.9634931640625 0.2079462890625 0.9673203125 0.1283349609375 0.979197265625 0.125126953125 0.9886083984375 0.1161435546875 0.9943837890625 0.1131484375 0.999302734375 0.538201171875 0.9990068359375 1 1
2 0.837150390625 0.7766728515625 0.840419921875 0.7867529296875 0.852951171875 0.8003740234375 0.8573095703125 0.8096357421875 0.8714755859375 0.814267578125 0.8799208984375 0.8197158203125 0.883189453125 0.8317021484375 0.8840068359375 0.8483203125 0.8788310546875 0.8548583984375 0.869296875 0.857037109375 0.8709306640625 0.875017578125 0.8815556640625 0.870658203125 0.891634765625 0.8630302734375 0.891634765625 0.8537685546875 0.88700390625 0.83251953125 0.8883662109375 0.8213505859375 0.883189453125 0.8188984375 0.8793759765625 0.804732421875 0.8420546875 0.7679560546875 0.8314296875 0.7687724609375 0.837150390625 0.7766728515625
0 0.4760205078125 0.4794755859375 0.4539345703125 0.4743798828125 0.4346279296875 0.4720634765625 0.4123876953125 0.4719091796875 0.38705859375 0.4743798828125 0.3757841796875 0.4780859375 0.3563232421875 0.496154296875 0.3362451171875 0.5148408203125 0.3325380859375 0.520400390625 0.3325380859375 0.5225625 0.382888671875 0.507427734375 0.4303037109375 0.50557421875 0.4621201171875 0.509126953125 0.4984150390625 0.5220986328125 0.521119140625 0.5376962890625 0.523744140625 0.5364609375 0.5319306640625 0.529974609375 0.5183388671875 0.5154580078125 0.4899208984375 0.4864248046875 0.4760205078125 0.4794755859375