9 0.904435546875 0.191078125 0.8725888671875 0.044005859375 0.6965654296875 0.1036455078125 0.7162529296875 0.2431904296875 0.904435546875 0.191078125
9 0.966390625 0.5066455078125 0.9287548828125 0.3271484375 0.7313076171875 0.371154296875 0.7538896484375 0.5402294921875 0.966390625 0.5066455078125
9 0.0780283203125 0.6463251953125 0.0780283203125 0.5821064453125 0.03659765625 0.5869404296875 0.03314453125 0.651158203125 0.0780283203125 0.6463251953125
9 0.3534873046875 0.5996240234375 0.3487431640625 0.529044921875 0.2787568359375 0.53853515625 0.279943359375 0.6085205078125 0.3534873046875 0.5996240234375
9 0.516546875 0.573732421875 0.511390625 0.499203125 0.428423828125 0.513734375 0.432173828125 0.584044921875 0.516546875 0.573732421875
9 0.674302734375 0.5545380859375 0.6664921875 0.468875 0.5982021484375 0.4796845703125 0.6063115234375 0.5651416015625 0.674302734375 0.5545380859375
9 0.9983447265625 0.73974609375 0.994185546875 0.6815087890625 0.77995703125 0.7036943359375 0.7841171875 0.757771484375 0.9983447265625 0.73974609375
9 0.6458369140625 0.264291015625 0.6417421875 0.242328125 0.5873955078125 0.25758984375 0.58962890625 0.2788076171875 0.6458369140625 0.264291015625
0 0 0.2851015625 0.60147265625 0.080931640625 0.5895166015625 0.052421875 0.6327412109375 0.0395458984375 0.6290625 0.0229921875 0.4855927734375 0.0781728515625 0.1549814453125 0.1954111328125 0 0.2464296875 0 0.2851015625
0 0 0.4563125 0.6591181640625 0.2827578125 0.6542431640625 0.2613076171875 0.4485126953125 0.313958984375 0 0.4309619140625 0 0.4563125
0 0 0.6676982421875 0.6897919921875 0.5621435546875 0.6897919921875 0.53677734375 0.4688623046875 0.5735986328125 0.202927734375 0.616966796875 0 0.6472421875 0 0.6676982421875
8 1 0.742037109375 0.754271484375 0.7615947265625 0.592009765625 0.7721865234375 0.4071728515625 0.7870546875 0.354775390625 0.7908759765625 0.2294765625 0.8070830078125 0.022943359375 0.837990234375 0 0.84315234375 0 0.9952626953125 0.40625 1 1 1 1 0.742037109375
2 0.339564453125 0 0.000359375 0.1445908203125 0.000359375 0.842005859375 0.0222998046875 0.835890625 0.3391455078125 0.7906552734375 0.417556640625 0.7846435546875 0.629994140625 0.7672734375 0.77816796875 0.758310546875 0.9171748046875 0.747203125 1 0.7409287109375 0.9987353515625 0 0.339564453125 0