9 0.2215869140625 0.3193818359375 0.22530078125 0.287404296875 0.16629296875 0.3266044921875 0.1631982421875 0.35528125 0.2215869140625 0.3193818359375
9 0.02969140625 0.4994755859375 0.048060546875 0.394296875 0.02843359375 0.410400390625 0.0080517578125 0.5100439453125 0.02969140625 0.4994755859375
9 0.2009150390625 0.4982890625 0.2046796875 0.459 0.1428056640625 0.4919375 0.1378642578125 0.52816796875 0.2009150390625 0.4982890625
9 0.175337890625 0.71183203125 0.1828232421875 0.6547587890625 0.1137734375 0.6800205078125 0.1064755859375 0.7299833984375 0.175337890625 0.71183203125
9 0.001494140625 0.5559189453125 0.000896484375 0.64648046875 0.02032421875 0.547251953125 0.001494140625 0.5559189453125
9 0.145318359375 0.9581875 0.1533173828125 0.8898134765625 0.081134765625 0.898955078125 0.0731357421875 0.960853515625 0.145318359375 0.9581875
7 0.0290380859375 0.8705302734375 0.032400390625 0.8623828125 0.045849609375 0.7933642578125 0.0455625 0.7881865234375 0.0439990234375 0.785505859375 0.0192080078125 0.7915361328125 0.0163046875 0.7946630859375 0.0015634765625 0.8710478515625 0.0040205078125 0.8741748046875 0.009603515625 0.875291015625 0 0.93269140625 0.00122265625 0.974150390625 0.0204794921875 0.8735869140625 0.0290380859375 0.8705302734375
9 0.5334853515625 0.8468115234375 0.5347890625 0.99128515625 0.6646796875 0.9670439453125 0.6593837890625 0.847072265625 0.5334853515625 0.8468115234375
9 0.73880078125 0.84806640625 0.747833984375 0.9557685546875 0.8513671875 0.93735546875 0.8409443359375 0.84806640625 0.73880078125 0.84806640625
9 0.532744140625 0.57148828125 0.5337705078125 0.688326171875 0.6519794921875 0.707013671875 0.646095703125 0.606603515625 0.532744140625 0.57148828125
9 0.7202041015625 0.6295478515625 0.729669921875 0.743341796875 0.8310537109375 0.7574345703125 0.8186435546875 0.660677734375 0.7202041015625 0.6295478515625
9 0.70632421875 0.442634765625 0.7140439453125 0.537767578125 0.8126884765625 0.5791337890625 0.80449609375 0.4960751953125 0.70632421875 0.442634765625
9 0.9998173828125 0.76966015625 0.9998173828125 0.733666015625 0.9965263671875 0.709189453125 0.868181640625 0.671138671875 0.8774375 0.7480634765625 0.9998173828125 0.76966015625
9 0.9855224609375 0.6400673828125 0.9730625 0.58279296875 0.8462548828125 0.5158720703125 0.853490234375 0.582390625 0.9855224609375 0.6400673828125
9 0.9621767578125 0.519638671875 0.9552353515625 0.46917578125 0.8278583984375 0.3755654296875 0.8355498046875 0.4391611328125 0.9621767578125 0.519638671875
9 0.6939052734375 0.284263671875 0.70075390625 0.363546875 0.7896513671875 0.420890625 0.78306640625 0.3520234375 0.6939052734375 0.284263671875
9 0.5272880859375 0.159314453125 0.5291005859375 0.234380859375 0.627935546875 0.3002255859375 0.6261240234375 0.2331728515625 0.5272880859375 0.159314453125
9 0.53031640625 0.3445791015625 0.530888671875 0.441072265625 0.6424443359375 0.489126953125 0.638439453125 0.40617578125 0.53031640625 0.3445791015625
9 0.9993740234375 0.9644287109375 0.9993740234375 0.8470751953125 0.8921484375 0.848568359375 0.9115625 0.9868291015625 0.9993740234375 0.9644287109375
0 0.832203125 0.7593544921875 0.829380859375 0.7332490234375 0.7265458984375 0.7157861328125 0.72919140625 0.744890625 0.832203125 0.7593544921875
0 0.8119443359375 0.58092578125 0.811494140625 0.556607421875 0.710169921875 0.5133759765625 0.7128720703125 0.5401708984375 0.8119443359375 0.58092578125
0 0.7914755859375 0.4231611328125 0.790474609375 0.406546875 0.698595703125 0.3488974609375 0.6991962890625 0.3657119140625 0.7914755859375 0.4231611328125
9 0.999509765625 0.55216015625 0.9997275390625 0.50814453125 0.976630859375 0.490494140625 0.9868720703125 0.54409765625 0.999509765625 0.55216015625
0 1 0.543 0.9844921875 0.535583984375 0.9868095703125 0.5469404296875 1 0.553892578125 1 0.543
8 0.9998740234375 1 0.9996123046875 0.9653017578125 0.994373046875 0.966873046875 0.959271484375 0.9752509765625 0.9118583984375 0.9862529296875 0.8987607421875 0.9883486328125 0.8730888671875 0.9930634765625 0.853966796875 1 0.9998740234375 1
1 0.1775732421875 1 0.1770546875 0.9994111328125 0.152 0.98883203125 0.126666015625 0.9838212890625 0.0729375 0.9776962890625 0 0.972685546875 0 1 0.1775732421875 1
2 1 0.4668583984375 0.4697197265625 0.02659375 0.4649716796875 0.0244833984375 0.461103515625 0.02641796875 0 0.368744140625 0 0.37006640625 0 0.9720634765625 0.0698583984375 0.9764599609375 0.1264794921875 0.9831416015625 0.1537919921875 0.9889453125 0.17876171875 1 1 1 1 0.4668583984375