9 0.641400390625 0.2838916015625 0.6342080078125 0.4171640625 0.7992119140625 0.3583544921875 0.79751953125 0.2102744140625 0.641400390625 0.2838916015625
9 0.43028515625 0.381947265625 0.4183984375 0.4893203125 0.5190361328125 0.4568310546875 0.5257724609375 0.3415341796875 0.43028515625 0.381947265625
9 0.288755859375 0.445357421875 0.2738876953125 0.5372041015625 0.3383125 0.5163896484375 0.3492158203125 0.4166142578125 0.288755859375 0.445357421875
9 0.18428515625 0.490693359375 0.1691572265625 0.5712841796875 0.215916015625 0.5569814453125 0.22746875 0.4744658203125 0.18428515625 0.490693359375
9 0.0495185546875 0.564509765625 0.1228056640625 0.5770546875 0.13171875 0.5397509765625 0.059091796875 0.5275361328125 0.0495185546875 0.564509765625
9 0 0.5569169921875 0.0379638671875 0.563849609375 0.0452265625 0.5235751953125 0 0.515322265625 0 0.5569169921875
9 0.1208251953125 0.636806640625 0.12841796875 0.5962021484375 0.0891328125 0.591580078125 0.0818701171875 0.630865234375 0.1208251953125 0.636806640625
9 0 0.62162109375 0.068666015625 0.630865234375 0.0769189453125 0.58926953125 0 0.578375 0 0.62162109375
9 0.09870703125 0.707783203125 0.1089404296875 0.6536435546875 0.03169140625 0.6467109375 0.0211279296875 0.7021708984375 0.09870703125 0.707783203125
9 0 0.7752099609375 0.03934375 0.777109375 0.049654296875 0.7185 0 0.715244140625 0 0.7752099609375
9 0.09632421875 0.7787373046875 0.1069072265625 0.723384765625 0.0634931640625 0.721755859375 0.054267578125 0.7738525390625 0.09632421875 0.7787373046875
9 0 0.6995068359375 0.0070546875 0.700591796875 0.01872265625 0.644154296875 0 0.640626953125 0 0.6995068359375
8 0.0805009765625 0.7607001953125 0.07274609375 0.762916015625 0.0720078125 0.76476171875 0.0624072265625 0.7651318359375 0.05058984375 0.7658701171875 0.04505078125 0.7706708984375 0.043205078125 0.775470703125 0.0413583984375 0.7824873046875 0.038404296875 0.786548828125 0.0365576171875 0.79098046875 0.0203095703125 0.7950419921875 0.001107421875 0.7946728515625 0 0.8485869140625 0.0830859375 0.851171875 0.098595703125 0.7662392578125 0.0963798828125 0.763654296875 0.087517578125 0.7610693359375 0.0805009765625 0.7607001953125
6 0 1 0.7984794921875 0.997181640625 0.4985908203125 0.9254033203125 0.2064130859375 0.8762470703125 0.0813232421875 0.8588642578125 0.0822548828125 0.8526572265625 0.000931640625 0.84986328125 0 1
9 0.630802734375 0.6336357421875 0.623248046875 0.8725478515625 0.814 0.889544921875 0.8073896484375 0.61097265625 0.630802734375 0.6336357421875
9 0.4083154296875 0.6623466796875 0.3867880859375 0.8503583984375 0.492275390625 0.8604052734375 0.5123681640625 0.650865234375 0.4083154296875 0.6623466796875
9 0.2572734375 0.6835234375 0.2317255859375 0.83860546875 0.301646484375 0.8448798828125 0.323609375 0.674111328125 0.2572734375 0.6835234375
9 0.15149609375 0.69741796875 0.1254990234375 0.8300888671875 0.1761474609375 0.8354677734375 0.2003505859375 0.6911435546875 0.15149609375 0.69741796875
2 0.866998046875 0 0.5852734375 0.1524921875 0.578482421875 0.22997265625 0.5050712890625 0.2701083984375 0.3490537109375 0.351951171875 0.3485263671875 0.3374619140625 0.3482626953125 0.327978515625 0.3464189453125 0.3235 0.3400966796875 0.31928515625 0.3379892578125 0.3140166015625 0.336671875 0.3071669921875 0.3337744140625 0.305849609375 0.3203388671875 0.3050595703125 0.3161240234375 0.314279296875 0.3073681640625 0.3188125 0.2985390625 0.330583984375 0.292 0.35478125 0.2926533203125 0.3560888671875 0.2900380859375 0.3838828125 0.19194140625 0.437181640625 0.1504140625 0.4594169921875 0.14943359375 0.465302734375 0.1523759765625 0.4672646484375 0.14155859375 0.516146484375 0 0.483478515625 0 0.794423828125 0.0947236328125 0.7993388671875 0.082212890625 0.857423828125 0.2318935546875 0.878423828125 0.50308984375 0.923654296875 0.649703125 0.96025390625 0.8020595703125 0.9935263671875 0.8067294921875 0.9993642578125 1 0.9991865234375 0.9994287109375 0 0.866998046875 0