9 0.4990654296875 0.3003095703125 0.49935546875 0.2779677734375 0.3989619140625 0.271583984375 0.398671875 0.2924755859375 0.4990654296875 0.3003095703125
9 0.49529296875 0.478173828125 0.496744140625 0.435521484375 0.3917080078125 0.431458984375 0.38938671875 0.47237109375 0.49529296875 0.478173828125
9 0.4900419921875 0.6644384765625 0.494845703125 0.601982421875 0.3790615234375 0.599099609375 0.3766591796875 0.6649189453125 0.4900419921875 0.6644384765625
9 0.7055986328125 0.6731044921875 0.7055986328125 0.60431640625 0.6317470703125 0.60305078125 0.6321689453125 0.6731044921875 0.7055986328125 0.6731044921875
9 0.8871142578125 0.67385546875 0.8853583984375 0.6085078125 0.8154423828125 0.6067509765625 0.81755078125 0.67385546875 0.8871142578125 0.67385546875
9 0.806201171875 0.4538876953125 0.8084375 0.4918984375 0.866890625 0.4941337890625 0.865931640625 0.4551650390625 0.806201171875 0.4538876953125
9 0.6292705078125 0.442591796875 0.6292705078125 0.484974609375 0.6985068359375 0.4865927734375 0.6985068359375 0.4451806640625 0.6292705078125 0.442591796875
9 1 0.4631806640625 0.9915244140625 0.4631806640625 0.99465234375 0.50149609375 1 0.5009755859375 1 0.4631806640625
9 0.8013251953125 0.30091796875 0.8013251953125 0.3256201171875 0.863830078125 0.32936328125 0.8619453125 0.3040546875 0.8013251953125 0.30091796875
9 0.9997744140625 0.3413583984375 0.99939453125 0.318576171875 0.9769921875 0.3155380859375 0.978130859375 0.3402197265625 0.9997744140625 0.3413583984375
9 0.69245703125 0.3163525390625 0.69245703125 0.292892578125 0.6297734375 0.28702734375 0.6297734375 0.311220703125 0.69245703125 0.3163525390625
9 0.694994140625 0.1601884765625 0.695556640625 0.144169921875 0.6030126953125 0.1341337890625 0.6030966796875 0.1511953125 0.694994140625 0.1601884765625
9 0.8817333984375 0.174916015625 0.880908203125 0.1639150390625 0.795099609375 0.15621484375 0.795375 0.1672158203125 0.8817333984375 0.174916015625
0 1 0.329974609375 0.2948046875 0.2720478515625 0.2896328125 0.374970703125 1 0.414794921875 1 0.329974609375
0 1 0.4913408203125 0.28053515625 0.45772265625 0.2732939453125 0.5565087890625 1 0.5766796875 1 0.4913408203125
0 1 0.66253515625 0.2596328125 0.659431640625 0.25342578125 0.768560546875 1 0.7613203125 1 0.66253515625
0 0.542798828125 0.247568359375 0.5543681640625 0.2161015625 0.976828125 0.2600625 0.9846943359375 0.2498818359375 0.977291015625 0.1837099609375 0.5490498046875 0.13095703125 0.5363203125 0.17306640625 0.53724609375 0.2443291015625 0.542798828125 0.247568359375
9 0.1853515625 0.7501953125 0.18564453125 0.73740234375 0.1783203125 0.7376953125 0.17744140625 0.75029296875 0.1853515625 0.7501953125
9 0.1962890625 0.72490234375 0.19619140625 0.71376953125 0.183984375 0.714453125 0.1837890625 0.72509765625 0.1962890625 0.72490234375
9 0.223013671875 0.7495029296875 0.2224326171875 0.7365966796875 0.2122001953125 0.7372939453125 0.21231640625 0.7503173828125 0.223013671875 0.7495029296875
9 0.1431962890625 0.75971484375 0.144796875 0.741982421875 0.13186328125 0.7422490234375 0.132263671875 0.7606484375 0.1431962890625 0.75971484375
9 0.0790517578125 0.75088671875 0.0813828125 0.7366875 0.0786279296875 0.7335087890625 0.065064453125 0.73414453125 0.059765625 0.734568359375 0.060189453125 0.7506748046875 0.0790517578125 0.75088671875
9 0.0792548828125 0.7729072265625 0.081041015625 0.758841796875 0.0593857421875 0.75951171875 0.0593857421875 0.773353515625 0.0792548828125 0.7729072265625
9 0.10233203125 0.7740380859375 0.1067578125 0.760947265625 0.1028857421875 0.7578125 0.0984599609375 0.7578125 0.0969853515625 0.7740380859375 0.10233203125 0.7740380859375
9 0.121953125 0.7499130859375 0.12228125 0.7408974609375 0.1098232421875 0.7408974609375 0.110642578125 0.7504052734375 0.121953125 0.7499130859375
8 0.025451171875 1 0.260111328125 0.8783720703125 0.260111328125 0.8736689453125 0.245640625 0.8696904296875 0.2532373046875 0.798421875 0.228275390625 0.798421875 0.226466796875 0.7948037109375 0.2288759765625 0.7882490234375 0.234369140625 0.7822978515625 0.242150390625 0.72691015625 0.23803125 0.7214169921875 0.23070703125 0.733318359375 0.2238408203125 0.731029296875 0.211939453125 0.7374384765625 0.2069033203125 0.74705078125 0.2032421875 0.7548330078125 0.1940869140625 0.7584951171875 0.19133984375 0.7690234375 0.18859375 0.77405859375 0.1853896484375 0.786875 0.189966796875 0.7896220703125 0.2041572265625 0.786875 0.2165166015625 0.7882490234375 0.2174150390625 0.7984375 0.2024208984375 0.8000439453125 0.1783232421875 0.8000439453125 0.1569033203125 0.7989736328125 0.1195361328125 0.801302734375 0.029677734375 0.7996533203125 0.0535849609375 0.73782421875 0.09727734375 0.7007275390625 0.113765625 0.6999033203125 0.143443359375 0.7114443359375 0.172296875 0.7023759765625 0.2060966796875 0.6900107421875 0.221759765625 0.6834150390625 0.2267060546875 0.669400390625 0.2267060546875 0.6520888671875 0.221759765625 0.640546875 0.1978525390625 0.6364248046875 0.1599306640625 0.628181640625 0.17641796875 0.6067470703125 0.1689990234375 0.6009765625 0.145091796875 0.630654296875 0.11458984375 0.6545615234375 0.104697265625 0.640546875 0.11623828125 0.6248837890625 0.1310771484375 0.6042744140625 0.146740234375 0.5952060546875 0.1714716796875 0.591083984375 0.1970283203125 0.5935576171875 0.220935546875 0.5745966796875 0.2324765625 0.56140625 0.242369140625 0.5473916015625 0.240720703125 0.5350263671875 0.2291787109375 0.5185380859375 0.2168134765625 0.4962802734375 0.221759765625 0.48473828125 0.224232421875 0.452587890625 0.2176376953125 0.4286806640625 0.204447265625 0.416314453125 0.1896083984375 0.4031240234375 0.17559375 0.3734462890625 0.1706474609375 0.338822265625 0.1599306640625 0.318212890625 0.1393212890625 0.301724609375 0.1030478515625 0.28853515625 0.0750185546875 0.2868857421875 0.0568828125 0.300076171875 0.03874609375 0.320685546875 0.0255556640625 0.30996875 0.0041220703125 0.3041982421875 0 0.3071865234375 0 0.78720703125 0.0026591796875 0.7893779296875 0.00627734375 0.7944423828125 0.0008505859375 0.7976982421875 0 1 0.025451171875 1
4 0.1959970703125 1 0.238287109375 0.9751064453125 0.2391005859375 0.8905263671875 0.026837890625 1 0.1959970703125 1
6 1 0.9189482421875 0.874787109375 0.925748046875 0.8728447265625 0.9301201171875 0.8456455078125 0.9310908203125 0.838359375 0.9272060546875 0.6936123046875 0.934005859375 0.6931259765625 0.9408056640625 0.664955078125 0.941291015625 0.6586416015625 0.9349765625 0.4993017578125 0.9451767578125 0.496873046875 0.9524619140625 0.4662744140625 0.9544052734375 0.4646630859375 0.9491396484375 0.288896484375 0.9568095703125 0.242876953125 0.976623046875 0.2019716796875 0.9996318359375 1 1 1 0.9189482421875
2 1 0.16995703125 0.7485595703125 0.02670703125 0.2582119140625 0.1639208984375 0.24894921875 0.166900390625 0.24894921875 0.1772734375 0.2778837890625 0.27499609375 0.24894921875 0.587978515625 0.2107333984375 0.5841572265625 0.1031826171875 0.578697265625 0 0.57760546875 0 0.798671875 0.029677734375 0.798671875 0.0711591796875 0.799201171875 0.1514716796875 0.7982958984375 0.1798525390625 0.799201171875 0.2303701171875 0.797087890625 0.25422265625 0.7982958984375 0.24685546875 0.86821875 0.2606435546875 0.8726669921875 0.261533203125 0.879783203125 0.242564453125 0.88921484375 0.2411572265625 0.9764326171875 0.289099609375 0.9557138671875 0.464900390625 0.948669921875 0.4666513671875 0.9540810546875 0.4964794921875 0.95153515625 0.499662109375 0.9448505859375 0.6593271484375 0.93482421875 0.6645791015625 0.9408720703125 0.692328125 0.94039453125 0.6934423828125 0.9335517578125 0.8383203125 0.926548828125 0.8453232421875 0.930845703125 0.87221875 0.929732421875 0.874923828125 0.9251171875 1 0.917955078125 1 0.16995703125