9 0.4541337890625 0.6123330078125 0.4547451171875 0.6202734375 0.484369140625 0.6156923828125 0.49353125 0.5130771484375 0.4501640625 0.5222392578125 0.441001953125 0.6126376953125 0.4541337890625 0.6123330078125
9 0.6000830078125 0.596787109375 0.6046962890625 0.4841015625 0.5700947265625 0.4870673828125 0.5476865234375 0.49759765625 0.54142578125 0.60535546875 0.6000830078125 0.596787109375
9 0.588548828125 0.8248251953125 0.594810546875 0.70026171875 0.5397783203125 0.7052041015625 0.534505859375 0.8251552734375 0.588548828125 0.8248251953125
9 0.4672216796875 0.8267236328125 0.476703125 0.7099765625 0.4292958984375 0.71452734375 0.418498046875 0.82593359375 0.4672216796875 0.8267236328125
9 0.362375 0.82991796875 0.370703125 0.7546796875 0.3550146484375 0.75573828125 0.34571875 0.8293369140625 0.362375 0.82991796875
9 0.3714775390625 0.7389921875 0.3749638671875 0.71439453125 0.3606318359375 0.7149755859375 0.3577265625 0.7393798828125 0.3714775390625 0.7389921875
9 0.38508984375 0.6330166015625 0.393890625 0.568986328125 0.3787177734375 0.5708076171875 0.3714345703125 0.6333203125 0.38508984375 0.6330166015625
9 0.3960185546875 0.5514541015625 0.3969052734375 0.532607421875 0.3824921875 0.5361552734375 0.381162109375 0.5538935546875 0.3960185546875 0.5514541015625
9 0.8628701171875 0.832982421875 0.8547822265625 0.6701669921875 0.76863671875 0.6789736328125 0.77215234375 0.832982421875 0.8628701171875 0.832982421875
9 0.8499296875 0.5766884765625 0.8407001953125 0.444763671875 0.777494140625 0.4595869140625 0.779171875 0.5864765625 0.8499296875 0.5766884765625
9 1 0.4091572265625 0.936119140625 0.4243623046875 0.9454287109375 0.548697265625 1 0.5402880859375 1 0.4091572265625
9 1 0.666806640625 0.95420703125 0.6699013671875 0.96456640625 0.8291279296875 1 0.832197265625 1 0.666806640625
9 0.9947021484375 0.257646484375 0.9879736328125 0.1847548828125 0.922650390625 0.2060615234375 0.92516015625 0.2759873046875 0.9947021484375 0.257646484375
9 0.82919140625 0.30759375 0.826908203125 0.237115234375 0.7738359375 0.2570888671875 0.77412109375 0.3232880859375 0.82919140625 0.30759375
9 0.6060009765625 0.3755732421875 0.6093896484375 0.308583984375 0.5650546875 0.321919921875 0.5622314453125 0.3885634765625 0.6060009765625 0.3755732421875
9 0.501064453125 0.4063095703125 0.5058623046875 0.3429033203125 0.46748046875 0.3556328125 0.460583984375 0.4162041015625 0.501064453125 0.4063095703125
9 0.278021484375 0.3711181640625 0.282841796875 0.341439453125 0.2765 0.3295166015625 0.2896904296875 0.3213994140625 0.2937490234375 0.3089697265625 0.273962890625 0.3150576171875 0.26330859375 0.3759384765625 0.278021484375 0.3711181640625
9 0.255912109375 0.5328935546875 0.2715859375 0.4497431640625 0.261822265625 0.45 0.247203125 0.4543193359375 0.2322734375 0.536234375 0.255912109375 0.5328935546875
9 0.2220400390625 0.724552734375 0.24019140625 0.6239638671875 0.2155751953125 0.6275810546875 0.1994130859375 0.724552734375 0.2220400390625 0.724552734375
9 0.1235419921875 0.6709169921875 0.1400751953125 0.58885546875 0.126548828125 0.5780341796875 0.1214384765625 0.5933642578125 0.1154267578125 0.5939658203125 0.0994951171875 0.6688125 0.1235419921875 0.6709169921875
9 0.158341796875 0.5033955078125 0.166392578125 0.45374609375 0.14415625 0.4604560546875 0.1334208984375 0.51048828125 0.158341796875 0.5033955078125
9 0.0562548828125 0.55096875 0.072650390625 0.49005078125 0.062873046875 0.4938115234375 0.04602734375 0.55066796875 0.0562548828125 0.55096875
9 0.0122314453125 0.5650400390625 0.0255595703125 0.5064365234375 0.0164306640625 0.508626953125 0.0016435546875 0.564857421875 0.0122314453125 0.5650400390625
4 0.5350654296875 0.9492265625 0.5427822265625 0.834896484375 0.614751953125 0.8444013671875 0.6130595703125 0.9667646484375 0.627021484375 0.9701484375 0.6316533203125 0.8431240234375 0.66741796875 0.848568359375 0.6652353515625 0.91098828125 0.67440234375 0.9122978515625 0.6765849609375 0.8481318359375 0.7040849609375 0.850314453125 0.7036484375 0.9371787109375 0.714560546875 0.9371787109375 0.71892578125 0.850314453125 0.8350361328125 0.841583984375 0.8341640625 0.8359091796875 0.6345615234375 0.8341826171875 0.5376650390625 0.8247119140625 0.4793818359375 0.82434765625 0.481203125 0.8276259765625 0.5281943359375 0.8363681640625 0.51981640625 0.9438291015625 0.5350654296875 0.9492265625
1 0.6725439453125 1 0.672599609375 0.999255859375 0.6617197265625 0.983677734375 0.628583984375 0.97106640625 0.5875361328125 0.960185546875 0.484615234375 0.9431279296875 0.2836171875 0.925076171875 0.17240234375 0.92878515625 0.1471845703125 0.9373369140625 0.0866015625 0.9615703125 0.030982421875 0.994953125 0 0.9932216796875 0 1 0.6725439453125 1
8 0 0.99266796875 0.0314248046875 0.9936552734375 0.0873564453125 0.9599365234375 0.171779296875 0.9277451171875 0.2850185546875 0.9239638671875 0.4429111328125 0.938431640625 0.502142578125 0.944357421875 0.5360107421875 0.952255859375 0.5368212890625 0.92551171875 0.576126953125 0.9194326171875 0.6840029296875 0.9190283203125 0.6828779296875 0.901716796875 0.676412109375 0.8927646484375 0.660994140625 0.890775390625 0.6391103515625 0.8838125 0.4187451171875 0.8856689453125 0.1794365234375 0.88714453125 0.0825283203125 0.8856728515625 0.08179296875 0.8683857421875 0.081056640625 0.848892578125 0.09098828125 0.8247490234375 0.0965048828125 0.8096689453125 0.103125 0.8140830078125 0.1126884765625 0.8115078125 0.117837890625 0.8052548828125 0.1196767578125 0.796427734375 0.1152626953125 0.78134765625 0.1233544921875 0.7909111328125 0.134388671875 0.796427734375 0.1410087890625 0.791646484375 0.143583984375 0.782451171875 0.1406416015625 0.7736240234375 0.157560546875 0.768474609375 0.1605029296875 0.7644287109375 0.1593994140625 0.7559697265625 0.1593994140625 0.7526591796875 0.1549853515625 0.7478779296875 0.1491005859375 0.741625 0.145791015625 0.7294873046875 0.139169921875 0.7247060546875 0.1281357421875 0.719189453125 0.1148955078125 0.717349609375 0.10055078125 0.7180859375 0.0906201171875 0.71624609375 0.069287109375 0.7133037109375 0.0464833984375 0.719189453125 0.032875 0.7236025390625 0.020369140625 0.728751953125 0.00749609375 0.7412568359375 0.0001396484375 0.747142578125 0 0.752291015625 0.0023466796875 0.7585439453125 0 0.7644287109375 0 0.7739921875 0.00749609375 0.7784052734375 0.026990234375 0.774359375 0.0188984375 0.7831865234375 0.0148525390625 0.7876005859375 0.0078642578125 0.786865234375 0.0030830078125 0.789072265625 0.0023466796875 0.7931181640625 0.0030830078125 0.8015771484375 0.01227734375 0.80893359375 0.0137490234375 0.8177607421875 0.019265625 0.8251162109375 0.0372880859375 0.8273232421875 0.0475869140625 0.8251162109375 0.05811328125 0.813951171875 0.05333203125 0.8492607421875 0.0521767578125 0.877017578125 0.0478291015625 0.8896669921875 0.0335986328125 0.889271484375 0.0203564453125 0.8859111328125 0.010080078125 0.8845283203125 0 0.886306640625 0 0.99266796875
8 0.494751953125 0.6357412109375 0.497076171875 0.6318681640625 0.5014658203125 0.6207646484375 0.514376953125 0.6215390625 0.5187666015625 0.617666015625 0.5187666015625 0.60940234375 0.517734375 0.6026884765625 0.51566796875 0.5915849609375 0.5040478515625 0.5864208984375 0.4939775390625 0.5861630859375 0.4851982421875 0.5913271484375 0.4743525390625 0.5936513671875 0.4715126953125 0.5972666015625 0.4704794921875 0.605271484375 0.472029296875 0.610693359375 0.4782265625 0.61405078125 0.4864892578125 0.617666015625 0.4867470703125 0.63393359375 0.494751953125 0.6357412109375
8 0.54240625 0.6261337890625 0.548958984375 0.6283173828125 0.5562392578125 0.62576953125 0.5657041015625 0.625041015625 0.577716796875 0.62758984375 0.5933701171875 0.630501953125 0.596646484375 0.6224931640625 0.5999228515625 0.615576171875 0.6035634765625 0.601015625 0.600287109375 0.5893662109375 0.594462890625 0.575533203125 0.5864541015625 0.56533984375 0.569708984375 0.5562392578125 0.5598798828125 0.5580595703125 0.555875 0.56351953125 0.5485947265625 0.580265625 0.540056640625 0.5858408203125 0.534783203125 0.58512109375 0.5259140625 0.5829638671875 0.522318359375 0.5856005859375 0.521599609375 0.5927919921875 0.5266328125 0.597826171875 0.5299892578125 0.6059755859375 0.5335849609375 0.6158037109375 0.53837890625 0.6220361328125 0.54240625 0.6261337890625
0 0.8526435546875 0.61503125 0.8914345703125 0.6317177734375 0.888833984375 0.604845703125 0.8866669921875 0.6031123046875 0.8836328125 0.5376533203125 0.8480927734375 0.513814453125 0.690447265625 0.540265625 0.6906640625 0.636052734375 0.8526435546875 0.61503125
0 1 0.54166015625 0.999671875 0.5208759765625 0.9375771484375 0.530626953125 0.9391162109375 0.550126953125 1 0.54166015625
0 0.579943359375 0.5662236328125 0.4680625 0.5868955078125 0.460390625 0.6570068359375 0.57687890625 0.638466796875 0.62823828125 0.6501875 0.6290908203125 0.5875341796875 0.579943359375 0.5662236328125
2 1 0.0524287109375 0.9793291015625 0.060646484375 0.9734228515625 0.056537109375 0.941716796875 0.0690810546875 0.941203125 0.0778125 0.7019287109375 0.1745078125 0.6986875 0.1718837890625 0.6960634765625 0.1721923828125 0.692513671875 0.1731181640625 0.6911240234375 0.17543359375 0.6911240234375 0.1796015625 0.6648046875 0.18923828125 0.6566240234375 0.182755859375 0.654 0.182755859375 0.6316181640625 0.19309765625 0.6314638671875 0.195103515625 0.634087890625 0.198345703125 0.635013671875 0.2029755859375 0.43006640625 0.28146875 0.4222666015625 0.2851396484375 0.4165322265625 0.2821572265625 0.3536591796875 0.240357421875 0.347923828125 0.2330166015625 0.34173046875 0.23324609375 0.337142578125 0.2376044921875 0.253291015625 0.2736337890625 0.2411328125 0.2745517578125 0.238609375 0.2807578125 0.2399853515625 0.286033203125 0.2509970703125 0.295208984375 0.2404443359375 0.309890625 0.2126875 0.34498828125 0.1890595703125 0.3598994140625 0.186765625 0.363798828125 0.1996123046875 0.372515625 0.1463544921875 0.3936435546875 0.1392431640625 0.400984375 0.1080458984375 0.3920380859375 0 0.433263671875 0 0.992931640625 0.03121875 0.994298828125 0.08834765625 0.9600234375 0.1192001953125 0.948109375 0.1723505859375 0.9283408203125 0.2204951171875 0.9263876953125 0.284265625 0.9245322265625 0.3244140625 0.92822265625 0.4068359375 0.9353515625 0.50400390625 0.94560546875 0.58384765625 0.95869140625 0.62740234375 0.97021484375 0.66142578125 0.98271484375 0.67294921875 0.998828125 0.67314453125 1 1 1 1 0.0524287109375
0 0.0735234375 0.702611328125 0.129732421875 0.709888671875 0.13550390625 0.66948828125 0.1510615234375 0.664720703125 0.1513125 0.6586982421875 0.0848154296875 0.6491630859375 0.0265986328125 0.656439453125 0.017314453125 0.7086337890625 0.0735234375 0.702611328125
0 1 0.8111943359375 0.961849609375 0.8103837890625 0.96266015625 0.832658203125 1 0.833873046875 1 0.8111943359375