9 0 0.4153701171875 0.16500390625 0.4197705078125 0.1746845703125 0.2983271484375 0.00046484375 0.2952734375 0 0.4153701171875
9 0.3586044921875 0.4198623046875 0.3623896484375 0.2997548828125 0.1817109375 0.3021630859375 0.176205078125 0.4215830078125 0.3586044921875 0.4198623046875
9 0.6211064453125 0.4191689453125 0.6211064453125 0.299181640625 0.383486328125 0.2999658203125 0.3811337890625 0.419560546875 0.6211064453125 0.4191689453125
9 0.867296875 0.4242216796875 0.86101171875 0.29673046875 0.6437392578125 0.299423828125 0.6450859375 0.4264658203125 0.867296875 0.4242216796875
9 1 0.28934375 0.9168818359375 0.2924755859375 0.9231455078125 0.423369140625 1 0.423369140625 1 0.28934375
9 0.6056865234375 0.674650390625 0.6046865234375 0.5577109375 0.433775390625 0.5562119140625 0.4307763671875 0.6721513671875 0.6056865234375 0.674650390625
9 0.81980859375 0.6435703125 0.8165537109375 0.537083984375 0.637525390625 0.5356884765625 0.6389208984375 0.64217578125 0.81980859375 0.6435703125
9 1 0.5048515625 0.92513671875 0.5048515625 0.936853515625 0.680607421875 1 0.6811171875 1 0.5048515625
9 0.5906015625 0.8018994140625 0.5902041015625 0.7883955078125 0.6080771484375 0.786806640625 0.6076796875 0.7101513671875 0.42696484375 0.708166015625 0.42458203125 0.799119140625 0.5906015625 0.8018994140625
9 0.661951171875 0.7888798828125 0.670806640625 0.7969970703125 0.6704375 0.801056640625 0.6674853515625 0.805853515625 0.6674853515625 0.8195048828125 0.6667470703125 0.8279921875 0.830943359375 0.8283603515625 0.8279921875 0.7187734375 0.63427734375 0.7172978515625 0.6357529296875 0.7892490234375 0.661951171875 0.7888798828125
9 0.871927734375 0.0748564453125 0.8617470703125 0.0161689453125 0.813240234375 0.09581640625 0.8246181640625 0.15270703125 0.871927734375 0.0748564453125
2 1 0 0.6900009765625 0.00252734375 0.6649951171875 0.125109375 0.6661220703125 0.2288037109375 0.25906640625 0.231263671875 0.2565703125 0.16131640625 0.153634765625 0 0 0.0015361328125 0 0.81084765625 0.3680537109375 0.8229609375 0.4248095703125 0.8186611328125 0.44802734375 0.8195205078125 0.468666015625 0.8195205078125 0.4864111328125 0.8198310546875 0.5126015625 0.8252353515625 0.5354677734375 0.8256513671875 0.565541015625 0.8210537109375 0.5878212890625 0.8196318359375 0.606783203125 0.820580078125 0.6461298828125 0.828638671875 0.66841015625 0.83337890625 0.7020673828125 0.828638671875 0.739517578125 0.812046875 0.7883447265625 0.7959287109375 0.800669921875 0.7864482421875 0.810625 0.782181640625 0.816787109375 0.783603515625 0.8210537109375 0.796876953125 0.83053515625 0.8148916015625 0.828638671875 0.786921875 0.8229501953125 0.784078125 0.8229501953125 0.7783896484375 0.828638671875 0.7745966796875 0.8409638671875 0.779337890625 0.847126953125 0.76701171875 0.85708203125 0.7471025390625 0.8812578125 0.7286142578125 0.917759765625 0.71107421875 0.9703798828125 0.691638671875 1 0.6897421875 1 0
8 1 0.69191796875 0.971478515625 0.692421875 0.9368779296875 0.7047060546875 0.91787109375 0.7115439453125 0.8816728515625 0.7292978515625 0.857541015625 0.7477412109375 0.8415107421875 0.779974609375 0.828724609375 0.77509375 0.8234228515625 0.778458984375 0.82321875 0.7837607421875 0.8289287109375 0.7867177734375 0.829642578125 0.7973212890625 0.8311171875 0.816330078125 0.8205107421875 0.797259765625 0.8165341796875 0.7840029296875 0.8109248046875 0.7825751953125 0.800931640625 0.7867568359375 0.788591796875 0.7963427734375 0.768841796875 0.8026328125 0.74500390625 0.8107421875 0.7393740234375 0.8126611328125 0.702388671875 0.828984375 0.6687822265625 0.8338505859375 0.6356630859375 0.8275986328125 0.6071982421875 0.8210810546875 0.5877197265625 0.8201181640625 0.5656904296875 0.821244140625 0.536359375 0.826029296875 0.511568359375 0.82559375 0.4863720703125 0.8202666015625 0.46189453125 0.819978515625 0.4641650390625 0.82500390625 0.5578056640625 0.856486328125 0.73015234375 0.85971484375 1 0.8681201171875 1 0.69191796875
6 1 1 0.999955078125 0.8694892578125 0.891794921875 0.866123046875 0.5569716796875 0.8569970703125 0.4635 0.825255859375 0.4615263671875 0.8202314453125 0.42671484375 0.8193349609375 0.4157685546875 0.819873046875 0.370591796875 0.8234658203125 0.110765625 0.8156396484375 0 0.8113330078125 0 0.8204140625 0 1 1 1