8 1 0.8246015625 0 0.8823447265625 0 0.9897451171875 0.0239404296875 0.978072265625 0.0860703125 0.9743115234375 0.097705078125 0.9834453125 0.078904296875 1 0.251748046875 0.999134765625 0.2478349609375 0.9729873046875 0.2730673828125 0.9662734375 0.3461728515625 0.961396484375 0.354259765625 0.975439453125 0.348080078125 0.9860830078125 0.351404296875 0.9905732421875 0.624171875 0.9907421875 0.6211796875 0.962376953125 0.666318359375 0.9482958984375 0.743173828125 0.954279296875 0.7528525390625 0.960224609375 0.7359970703125 0.9706875 0.7415498046875 0.98394140625 0.870568359375 0.9859580078125 0.942279296875 0.9790859375 1 0.972693359375 1 0.8246015625
8 0.64198046875 0 0.63344140625 0.01797265625 0.6139697265625 0.01797265625 0.5982158203125 0.018669921875 0.5781337890625 0.03762890625 0.551626953125 0.0057333984375 0.548302734375 0.044255859375 0.523681640625 0.0305390625 0.5086845703125 0.050904296875 0.4741064453125 0 0.4613662109375 0.0037822265625 0.49731640625 0.062703125 0.5647822265625 0.11674609375 0.5882158203125 0.1282607421875 0.5568916015625 0.183111328125 0.516052734375 0.2295302734375 0.5682099609375 0.18822265625 0.6261611328125 0.1979169921875 0.6733046875 0.200609375 0.698607421875 0.2356064453125 0.716677734375 0.2344951171875 0.7311416015625 0.215099609375 0.74509765625 0.22022265625 0.7360185546875 0.2538193359375 0.7480078125 0.3002109375 0.7699853515625 0.29153515625 0.8053857421875 0.30441796875 0.78951171875 0.352576171875 0.806623046875 0.355638671875 0.8437509765625 0.3148486328125 0.8569658203125 0.3091435546875 0.959232421875 0.36387890625 1 0.433873046875 1 0.12692578125 0.9720341796875 0.1066748046875 0.966328125 0.101634765625 0.9379580078125 0.09825 0.940376953125 0.0845068359375 0.935712890625 0.0565283203125 0.9079580078125 0.029537109375 0.8956201171875 0 0.831037109375 0.0018583984375 0.8337568359375 0.022125 0.85111328125 0.0308447265625 0.8550048828125 0.0806318359375 0.83922265625 0.0867412109375 0.802994140625 0.0955634765625 0.790181640625 0.109263671875 0.8119580078125 0.109263671875 0.808732421875 0.1241025390625 0.8269287109375 0.1458359375 0.8368359375 0.17110546875 0.85570703125 0.20011328125 0.904623046875 0.212119140625 0.9080283203125 0.2370126953125 0.9303720703125 0.2583642578125 0.89916796875 0.26593359375 0.845734375 0.24203125 0.8331240234375 0.2288876953125 0.8331240234375 0.2210126953125 0.8153427734375 0.2065224609375 0.77091796875 0.178423828125 0.7540126953125 0.1514599609375 0.734208984375 0.1325771484375 0.7191796875 0.1305498046875 0.7032392578125 0.109546875 0.701146484375 0.0813349609375 0.6843408203125 0.068642578125 0.6679482421875 0.0402890625 0.66837890625 0 0.64198046875 0
9 0.4306796875 0.2633505859375 0.4238564453125 0.1586748046875 0.3152900390625 0.199498046875 0.3158623046875 0.301169921875 0.4306796875 0.2633505859375
9 0.70559375 0.4519111328125 0.682193359375 0.3164833984375 0.6082041015625 0.3398515625 0.619572265625 0.470826171875 0.70559375 0.4519111328125
9 0.823484375 0.4278837890625 0.808966796875 0.35699609375 0.7918330078125 0.356625 0.7966611328125 0.3085712890625 0.769609375 0.2952685546875 0.7475224609375 0.30200390625 0.743560546875 0.2925595703125 0.7106728515625 0.30369921875 0.7101005859375 0.3041298828125 0.7331357421875 0.449087890625 0.823484375 0.4278837890625
9 0.446046875 0.5150771484375 0.43883203125 0.39358984375 0.3236611328125 0.4213173828125 0.319181640625 0.5452841796875 0.446046875 0.5150771484375
9 0.4693056640625 0.8264482421875 0.4581015625 0.66585546875 0.3292412109375 0.6821982421875 0.3263203125 0.8392060546875 0.4693056640625 0.8264482421875
9 0.15526953125 0.5256708984375 0.1490185546875 0.534765625 0.1463974609375 0.57973046875 0.1973779296875 0.5637578125 0.1967080078125 0.5189736328125 0.15526953125 0.5256708984375
9 0.141154296875 0.8608408203125 0.146484375 0.7390322265625 0.1060263671875 0.7435830078125 0.0958798828125 0.8626123046875 0.141154296875 0.8608408203125
9 0.9768349609375 0.8231025390625 0.921990234375 0.5907109375 0.5918662109375 0.6399267578125 0.611697265625 0.843451171875 0.9768349609375 0.8231025390625
9 0.678263671875 0.0492861328125 0.69065625 0.0654111328125 0.706166015625 0.08833203125 0.7070810546875 0.106359375 0.7160517578125 0.1269853515625 0.732759765625 0.1295576171875 0.741849609375 0.1427509765625 0.76475390625 0.133111328125 0.741642578125 0.0239619140625 0.678263671875 0.0492861328125
0 0 0.2427783203125 0.223078125 0.1542333984375 0.2221953125 0.140015625 0.2613017578125 0.1245712890625 0.2749853515625 0.1046103515625 0.4055673828125 0.05765625 0.4413330078125 0.0429375 0.439556640625 0.021744140625 0.272892578125 0.0903427734375 0.253775390625 0.1115576171875 0 0.219029296875 0 0.2427783203125
2 1 0.0006318359375 0.5766025390625 0 0.4402705078125 0.0400380859375 0.2722001953125 0.110021484375 0.275650390625 0.1191708984375 0.2283427734375 0.149912109375 0 0.241568359375 0 0.874720703125 1 0.818421875 1 0.0006318359375