2 0.9102958984375 0.7589775390625 0.924615234375 0.760064453125 0.9460615234375 0.7612080078125 0.9880546875 0.754197265625 0.999759765625 0.80118359375 0.995916015625 0.2579140625 0.9659462890625 0.248494140625 0.922849609375 0.255478515625 0.9152060546875 0.23768359375 0.9047138671875 0.23249609375 0.8898017578125 0.187056640625 0.876919921875 0.17679296875 0.86146484375 0.180609375 0.83896875 0.193298828125 0.8332705078125 0.20473828125 0.8415830078125 0.2315908203125 0.71691796875 0.2089296875 0.7116240234375 0.177001953125 0.714947265625 0.171021484375 0.7029833984375 0.156142578125 0.6901357421875 0.152216796875 0.6785458984375 0.1565859375 0.6693759765625 0.169298828125 0.66667578125 0.181142578125 0.6697861328125 0.1981494140625 0.55555078125 0.1725908203125 0.56041796875 0.1627470703125 0.544046875 0.147130859375 0.533 0.0801455078125 0.5183212890625 0.0767099609375 0.500046875 0.07666015625 0.4860908203125 0.098369140625 0.4953720703125 0.1610498046875 0.4392099609375 0.144271484375 0.4173125 0.122498046875 0.3743837890625 0.1122158203125 0.363849609375 0.1194794921875 0.3542568359375 0.1433203125 0.3378671875 0.1481826171875 0.253521484375 0.080916015625 0.2509033203125 0.049216796875 0.25536328125 0.0161005859375 0.2471552734375 0.0029716796875 0.000693359375 0 0 0.8053486328125 0.9102958984375 0.7589775390625
9 0 0.239654296875 0.0510634765625 0.245310546875 0.0555068359375 0.145017578125 0 0.1360654296875 0 0.239654296875
9 0.2575400390625 0.2773388671875 0.2550009765625 0.1839501953125 0.185794921875 0.17145703125 0.1904658203125 0.2683134765625 0.2575400390625 0.2773388671875
9 0 0.4750302734375 0.0601552734375 0.480091796875 0.0602578125 0.340009765625 0 0.332611328125 0 0.4750302734375
9 0 0.7232353515625 0.03955859375 0.7224873046875 0.0417890625 0.5688740234375 0 0.5671650390625 0 0.7232353515625
9 0.280306640625 0.7142998046875 0.272701171875 0.572166015625 0.1885986328125 0.570203125 0.1914287109375 0.7147509765625 0.280306640625 0.7142998046875
9 0.2658134765625 0.4853427734375 0.2611181640625 0.3677861328125 0.183951171875 0.3595869140625 0.1857568359375 0.48023828125 0.2658134765625 0.4853427734375
9 0.469263671875 0.36569140625 0.46076953125 0.26416015625 0.401119140625 0.2565244140625 0.409728515625 0.359994140625 0.469263671875 0.36569140625
9 0.04988671875 0.0784140625 0.049732421875 0.0138125 0.00225 0.007830078125 0.0004814453125 0.069376953125 0.04988671875 0.0784140625
9 0.231529296875 0.106990234375 0.2329853515625 0.04201953125 0.170486328125 0.0337119140625 0.1708779296875 0.0966884765625 0.231529296875 0.106990234375
9 0.4088837890625 0.204029296875 0.4045224609375 0.148681640625 0.3742744140625 0.1427998046875 0.380146484375 0.198552734375 0.4088837890625 0.204029296875
9 0.5505341796875 0.2301279296875 0.5439736328125 0.1778583984375 0.5193076171875 0.172869140625 0.5250654296875 0.2271865234375 0.5505341796875 0.2301279296875
9 0.6157109375 0.3861845703125 0.606462890625 0.3008828125 0.5514482421875 0.2922373046875 0.5607646484375 0.38164453125 0.6157109375 0.3861845703125
9 0.484236328125 0.440408203125 0.4142685546875 0.441166015625 0.4254365234375 0.5664990234375 0.495236328125 0.5692890625 0.484236328125 0.440408203125
9 0.65426171875 0.5747939453125 0.63744921875 0.46133984375 0.5745361328125 0.45489453125 0.591810546875 0.575796875 0.65426171875 0.5747939453125
9 0.5171748046875 0.7599130859375 0.5031787109375 0.6481259765625 0.4293349609375 0.6492978515625 0.4481875 0.763150390625 0.5171748046875 0.7599130859375
9 0.682064453125 0.77872265625 0.664705078125 0.6520712890625 0.598943359375 0.65290234375 0.618279296875 0.7812822265625 0.682064453125 0.77872265625
9 0.7927734375 0.65049609375 0.7753466796875 0.550693359375 0.730974609375 0.549583984375 0.748630859375 0.6511591796875 0.7927734375 0.65049609375
9 0.87079296875 0.475005859375 0.8583125 0.410537109375 0.8209462890625 0.406009765625 0.83404296875 0.4732060546875 0.87079296875 0.475005859375
9 0.921189453125 0.6497099609375 0.9036826171875 0.5582109375 0.869125 0.559078125 0.8872802734375 0.6518798828125 0.921189453125 0.6497099609375
9 0.9841015625 0.5890673828125 0.999568359375 0.587423828125 1 0.5361025390625 0.995419921875 0.495173828125 0.9630302734375 0.4942314453125 0.9841015625 0.5890673828125
9 0.8703857421875 0.286146484375 0.895486328125 0.2898203125 0.8895966796875 0.258462890625 0.8640419921875 0.2545400390625 0.8703857421875 0.286146484375
9 0.9864365234375 0.3084267578125 0.980455078125 0.27636328125 0.9582255859375 0.2766416015625 0.96471875 0.3077431640625 0.9864365234375 0.3084267578125
3 0 1 0.99915625 0.931537109375 0.9990439453125 0.8104560546875 0.9877294921875 0.757509765625 0.9489912109375 0.763458984375 0.95405078125 0.779896484375 0.54080078125 0.81061328125 0.532884765625 0.739046875 0.5384921875 0.73831640625 0.539408203125 0.723560546875 0.4796865234375 0.721767578125 0.4790654296875 0.7332744140625 0.4858291015625 0.74734375 0.491048828125 0.7750888671875 0.0041162109375 0.7943994140625 0 0.789345703125 0 1
8 0.004365234375 0.9265859375 0.2914697265625 0.90080859375 0.485408203125 0.87278515625 0.48706640625 0.8432978515625 0.4914072265625 0.77979296875 0.4817080078125 0.731095703125 0.5045615234375 0.7202158203125 0.5076884765625 0.710685546875 0.49526171875 0.6914072265625 0.470607421875 0.6850859375 0.42484375 0.67699609375 0.373923828125 0.6791640625 0.320841796875 0.6824794921875 0.267431640625 0.685115234375 0.192599609375 0.6825712890625 0.120740234375 0.6904150390625 0.03615625 0.6920966796875 0 0.6932099609375 0.004365234375 0.9265859375
8 0.5410576171875 0.81255078125 0.546095703125 0.89974609375 0.5566552734375 0.9229765625 0.986318359375 0.8732255859375 0.9602099609375 0.7715751953125 0.94384375 0.7647119140625 0.906166015625 0.7614814453125 0.826798828125 0.768802734375 0.775361328125 0.7709384765625 0.692505859375 0.775939453125 0.59214453125 0.7800146484375 0.5393720703125 0.7789990234375 0.5410576171875 0.81255078125
9 0.7348271484375 0.4180888671875 0.739638671875 0.46118359375 0.784705078125 0.464673828125 0.777162109375 0.3965673828125 0.7471064453125 0.394625 0.7348271484375 0.4180888671875
9 0.965478515625 0.3982333984375 0.9839189453125 0.423642578125 0.968484375 0.35966015625 0.9509619140625 0.3585126953125 0.965478515625 0.3982333984375
6 0.9996728515625 1 1 0.93368359375 0.0211357421875 1 0.9996728515625 1