6 1 0.83209765625 0 0.8200419921875 0 0.999859375 1 0.999859375 1 0.83209765625
9 0.055966796875 0.1922236328125 0.057244140625 0.1472421875 0.027908203125 0.1483291015625 0.0257978515625 0.1939296875 0.055966796875 0.1922236328125
9 0.102076171875 0.189431640625 0.1019248046875 0.1540986328125 0.0704697265625 0.153134765625 0.07023046875 0.1898896484375 0.102076171875 0.189431640625
9 0.13559765625 0.1886142578125 0.1359970703125 0.157052734375 0.10748828125 0.157115234375 0.107751953125 0.1888818359375 0.13559765625 0.1886142578125
9 0.265044921875 0.1517822265625 0.26484375 0.1106044921875 0.227251953125 0.113193359375 0.2268916015625 0.15380859375 0.265044921875 0.1517822265625
9 0.34402734375 0.146544921875 0.3439677734375 0.107857421875 0.2987548828125 0.1099951171875 0.2983427734375 0.148267578125 0.34402734375 0.146544921875
9 0.4168154296875 0.141357421875 0.4165546875 0.1015341796875 0.3769560546875 0.1043623046875 0.3768857421875 0.143646484375 0.4168154296875 0.141357421875
9 0.0475703125 0.2994775390625 0.048572265625 0.262794921875 0.0046806640625 0.2643798828125 0.0037529296875 0.3013798828125 0.0475703125 0.2994775390625
9 0.1300361328125 0.3010322265625 0.1319287109375 0.257142578125 0.085896484375 0.2592177734375 0.084365234375 0.303197265625 0.1300361328125 0.3010322265625
9 0.2402216796875 0.309259765625 0.2422900390625 0.2328046875 0.1914990234375 0.2352939453125 0.188333984375 0.3106865234375 0.2402216796875 0.309259765625
9 0.349763671875 0.3659287109375 0.3523330078125 0.243984375 0.3395888671875 0.2314423828125 0.3266416015625 0.2278154296875 0.3132412109375 0.2282802734375 0.2998642578125 0.2332568359375 0.2893271484375 0.24295703125 0.285244140625 0.252669921875 0.2820205078125 0.3682734375 0.349763671875 0.3659287109375
9 0.4484404296875 0.2983330078125 0.4467314453125 0.222099609375 0.39833203125 0.2245419921875 0.3976025390625 0.2993857421875 0.4484404296875 0.2983330078125
9 0.1043056640625 0.4481240234375 0.1079248046875 0.37437109375 0.048154296875 0.3763671875 0.0432548828125 0.4503623046875 0.1043056640625 0.4481240234375
9 0.2363310546875 0.440734375 0.2358603515625 0.3662978515625 0.190189453125 0.3667890625 0.1878193359375 0.4416181640625 0.2363310546875 0.440734375
9 0.3475263671875 0.5023720703125 0.34921484375 0.4156201171875 0.2784208984375 0.41912890625 0.276779296875 0.503208984375 0.3475263671875 0.5023720703125
9 0.445029296875 0.433060546875 0.444841796875 0.3560361328125 0.396005859375 0.3589677734375 0.3959423828125 0.43550390625 0.445029296875 0.433060546875
9 0.0962373046875 0.5823154296875 0.10087109375 0.5037587890625 0.044361328125 0.5056162109375 0.0382236328125 0.5827607421875 0.0962373046875 0.5823154296875
9 0.22994140625 0.578427734375 0.231646484375 0.499013671875 0.1837998046875 0.499916015625 0.1821455078125 0.57854296875 0.22994140625 0.578427734375
9 0.3355712890625 0.6224287109375 0.336931640625 0.55476953125 0.28503125 0.5560830078125 0.2832822265625 0.62311328125 0.3355712890625 0.6224287109375
9 0.09148046875 0.724224609375 0.09404296875 0.6566484375 0.0873759765625 0.64931640625 0.074203125 0.6440654296875 0.0642490234375 0.64290234375 0.0549521484375 0.64440625 0.0434873046875 0.6506015625 0.0345576171875 0.659728515625 0.03098828125 0.7233515625 0.09148046875 0.724224609375
9 0.22596484375 0.717447265625 0.2273701171875 0.65280078125 0.2237333984375 0.647572265625 0.2170009765625 0.641689453125 0.2094521484375 0.6390146484375 0.2007275390625 0.63892578125 0.1926884765625 0.6403935546875 0.1855693359375 0.6431748046875 0.180041015625 0.647771484375 0.1754833984375 0.6548056640625 0.1728076171875 0.7172333984375 0.22596484375 0.717447265625
9 0.44246484375 0.7158359375 0.44433203125 0.6533408203125 0.4402861328125 0.645623046875 0.4323525390625 0.6381416015625 0.42236328125 0.634736328125 0.4140439453125 0.6348251953125 0.4063173828125 0.6370576171875 0.399439453125 0.640900390625 0.393150390625 0.64520703125 0.39121875 0.6503369140625 0.3906455078125 0.7150146484375 0.44246484375 0.7158359375
9 0.5903935546875 0.71758984375 0.58869140625 0.6552880859375 0.577330078125 0.64429296875 0.5640478515625 0.6363701171875 0.5499677734375 0.6329755859375 0.5374326171875 0.6346552734375 0.524947265625 0.6375166015625 0.5127890625 0.6439150390625 0.507380859375 0.647966796875 0.503548828125 0.65371484375 0.503478515625 0.718458984375 0.5903935546875 0.71758984375
9 0.75487109375 0.7164462890625 0.7537783203125 0.6734013671875 0.7398603515625 0.6537978515625 0.730017578125 0.643037109375 0.71401171875 0.636689453125 0.7018203125 0.6359814453125 0.682529296875 0.639171875 0.6697763671875 0.6464609375 0.6600986328125 0.659390625 0.6544931640625 0.66816015625 0.6559306640625 0.716384765625 0.75487109375 0.7164462890625
9 0.8140439453125 0.684099609375 0.81387890625 0.6552314453125 0.8080390625 0.6473251953125 0.79997265625 0.64373828125 0.793736328125 0.6428525390625 0.7853212890625 0.6467568359375 0.7821005859375 0.650884765625 0.7815 0.656833984375 0.7848037109375 0.685181640625 0.8140439453125 0.684099609375
9 0.8564765625 0.680740234375 0.856166015625 0.6547978515625 0.85340234375 0.648931640625 0.850001953125 0.64467578125 0.8457880859375 0.643240234375 0.8393251953125 0.6425634765625 0.83475390625 0.643515625 0.8306552734375 0.6470615234375 0.827671875 0.650892578125 0.8264052734375 0.655189453125 0.826130859375 0.6810322265625 0.8564765625 0.680740234375
9 0.9020751953125 0.7188369140625 0.90019140625 0.6537041015625 0.896421875 0.646265625 0.8908984375 0.643044921875 0.8856396484375 0.642421875 0.8814755859375 0.642609375 0.876755859375 0.6447294921875 0.8719775390625 0.6500595703125 0.86990625 0.6543525390625 0.8742890625 0.7195234375 0.9020751953125 0.7188369140625
9 0.4454013671875 0.5758798828125 0.444298828125 0.495119140625 0.394744140625 0.4956650390625 0.3939990234375 0.5743525390625 0.4454013671875 0.5758798828125
9 0.5282783203125 0.572755859375 0.527880859375 0.5019384765625 0.52537109375 0.4977919921875 0.5200830078125 0.4932919921875 0.5154853515625 0.4914736328125 0.5096044921875 0.4910341796875 0.5043857421875 0.49243359375 0.4987900390625 0.4970126953125 0.4966552734375 0.499921875 0.4956533203125 0.502224609375 0.49640625 0.5729296875 0.5282783203125 0.572755859375
9 0.59651171875 0.5724365234375 0.5961796875 0.50175390625 0.592806640625 0.495703125 0.5857939453125 0.491490234375 0.57943359375 0.4906572265625 0.5719072265625 0.49130078125 0.5669111328125 0.49459765625 0.5616748046875 0.50124609375 0.562583984375 0.5729794921875 0.59651171875 0.5724365234375
9 0.733037109375 0.56850390625 0.7294150390625 0.4853857421875 0.66952734375 0.488162109375 0.6721279296875 0.5687734375 0.733037109375 0.56850390625
9 0.8484296875 0.565212890625 0.8449072265625 0.48743359375 0.793162109375 0.487021484375 0.7967373046875 0.5670654296875 0.8484296875 0.565212890625
9 0.9196640625 0.564646484375 0.916123046875 0.4835283203125 0.862001953125 0.4848173828125 0.8667109375 0.56622265625 0.9196640625 0.564646484375
9 0.991517578125 0.563537109375 0.9860888671875 0.4838466796875 0.9349755859375 0.4848818359375 0.9385498046875 0.565900390625 0.991517578125 0.563537109375
9 0.9823828125 0.41007421875 0.97603125 0.3339404296875 0.9251826171875 0.3380478515625 0.930787109375 0.4133115234375 0.9823828125 0.41007421875
9 0.9105859375 0.4127705078125 0.9064794921875 0.3382353515625 0.856638671875 0.34183203125 0.860435546875 0.4152705078125 0.9105859375 0.4127705078125
9 0.8403291015625 0.417017578125 0.8365771484375 0.3452626953125 0.788009765625 0.3483056640625 0.7903203125 0.41858984375 0.8403291015625 0.417017578125
9 0.726431640625 0.420900390625 0.723724609375 0.342734375 0.66750390625 0.3458408203125 0.669369140625 0.42355078125 0.726431640625 0.420900390625
9 0.504990234375 0.421552734375 0.5056435546875 0.346708984375 0.4906337890625 0.351609375 0.4922734375 0.42503125 0.504990234375 0.421552734375
9 0.5558515625 0.41928125 0.55598828125 0.3397568359375 0.524705078125 0.3413154296875 0.5247177734375 0.419900390625 0.5558515625 0.41928125
9 0.59869921875 0.421921875 0.5979384765625 0.344517578125 0.575666015625 0.33970703125 0.57654296875 0.4187255859375 0.59869921875 0.421921875
9 0.5059248046875 0.27720703125 0.50608984375 0.208083984375 0.48821875 0.21705078125 0.4888173828125 0.281880859375 0.5059248046875 0.27720703125
9 0.558599609375 0.2773662109375 0.55945703125 0.1974560546875 0.5235244140625 0.2001357421875 0.5226865234375 0.2803388671875 0.558599609375 0.2773662109375
9 0.59966796875 0.28103515625 0.5991240234375 0.2113642578125 0.5746396484375 0.20462890625 0.5745810546875 0.27664453125 0.59966796875 0.28103515625
9 0.724263671875 0.2753330078125 0.7205126953125 0.208369140625 0.6654189453125 0.2123115234375 0.6679677734375 0.2787529296875 0.724263671875 0.2753330078125
9 0.8345126953125 0.2695810546875 0.8316279296875 0.216919921875 0.8283623046875 0.209701171875 0.8210537109375 0.2032353515625 0.811384765625 0.20105859375 0.80194921875 0.2023515625 0.793482421875 0.20656640625 0.78869921875 0.2108369140625 0.7839873046875 0.2196572265625 0.786150390625 0.2718779296875 0.8345126953125 0.2695810546875
9 0.902705078125 0.265478515625 0.8999794921875 0.2134990234375 0.8962861328125 0.208177734375 0.8883271484375 0.20257421875 0.88169921875 0.1997763671875 0.8759638671875 0.199216796875 0.8691787109375 0.200119140625 0.863923828125 0.2032783203125 0.8584306640625 0.2084443359375 0.8552099609375 0.212802734375 0.8541123046875 0.21678125 0.856025390625 0.267494140625 0.902705078125 0.265478515625
9 0.97253515625 0.2620400390625 0.9692880859375 0.2100888671875 0.9634296875 0.200365234375 0.9533447265625 0.194814453125 0.94475390625 0.19389453125 0.9347392578125 0.1964814453125 0.92747265625 0.20265234375 0.9237685546875 0.20768359375 0.9211181640625 0.21219921875 0.92483203125 0.2649853515625 0.97253515625 0.2620400390625
7 0.1099443359375 0.9556494140625 0.1233232421875 0.7397919921875 0.1313623046875 0.7373974609375 0.140552734375 0.7321923828125 0.14840625 0.7253701171875 0.153478515625 0.7169609375 0.15544140625 0.7036923828125 0.15418359375 0.6909248046875 0.147962890625 0.6804248046875 0.1387646484375 0.672173828125 0.126578125 0.6678125 0.1275244140625 0.6659462890625 0.1616064453125 0.6100341796875 0.1615087890625 0.6027021484375 0.1574169921875 0.599408203125 0.0917763671875 0.600212890625 0.0881689453125 0.6026357421875 0.0869189453125 0.6113046875 0.1135625 0.6705595703125 0.103814453125 0.6760380859375 0.0956455078125 0.68259375 0.0891943359375 0.6923203125 0.0872275390625 0.7039560546875 0.0890771484375 0.7148369140625 0.094625 0.7262548828125 0.1008662109375 0.733392578125 0.111396484375 0.737380859375 0.09798828125 0.954330078125 0.1099443359375 0.9556494140625
7 0.9324521484375 0.944181640625 0.91710546875 0.7988349609375 0.919767578125 0.794693359375 0.926337890625 0.7845771484375 0.9291875 0.7722783203125 0.927615234375 0.7616416015625 0.92478125 0.749177734375 0.918669921875 0.7367470703125 0.909765625 0.728408203125 0.9017099609375 0.72571875 0.89058203125 0.7270224609375 0.8813447265625 0.733701171875 0.8762529296875 0.7431357421875 0.8751015625 0.7596220703125 0.8780068359375 0.77352734375 0.8842998046875 0.78575390625 0.8929765625 0.7958671875 0.9050869140625 0.8015146484375 0.9208896484375 0.9422939453125 0.9324521484375 0.944181640625
2 1 0.0896962890625 0.8714931640625 0.0458896484375 0.7271650390625 0.1290009765625 0.7286591796875 0.1454375 0.755126953125 0.141193359375 0.7569716796875 0.16554296875 0.6229033203125 0.181677734375 0.613720703125 0.1637744140625 0.5781591796875 0.15367578125 0.4979912109375 0.159033203125 0.45826953125 0.182294921875 0.45152734375 0.178244140625 0.47460546875 0.1566748046875 0.4277431640625 0.06827734375 0.4144638671875 0.058673828125 0.210486328125 0.0780390625 0.207248046875 0.0882763671875 0.1441103515625 0.1945947265625 0.16375390625 0.1929150390625 0.18670703125 0.20694140625 0.1829677734375 0.213927734375 0.1721298828125 0.2115439453125 0.133615234375 0.2115439453125 0.1207509765625 0.21733984375 0 0.226736328125 0 0.815568359375 0.924205078125 0.8256865234375 1 0.82739453125 1 0.0896962890625
7 0.62725390625 0.8246845703125 0.6280732421875 0.787099609375 0.631486328125 0.7832666015625 0.6327412109375 0.779078125 0.62471484375 0.2706494140625 0.6346181640625 0.2651025390625 0.637255859375 0.268890625 0.64269921875 0.27292578125 0.649998046875 0.273203125 0.6560146484375 0.270845703125 0.66283203125 0.2655869140625 0.6640615234375 0.258337890625 0.6624736328125 0.25316015625 0.6586298828125 0.2489306640625 0.650970703125 0.2468837890625 0.642974609375 0.24859765625 0.630896484375 0.255283203125 0.6204326171875 0.2621337890625 0.617791015625 0.26859765625 0.616984375 0.290134765625 0.6250625 0.7762880859375 0.6214189453125 0.779857421875 0.620673828125 0.782896484375 0.6197451171875 0.825076171875 0.62725390625 0.8246845703125
9 0.88356640625 0.1441904296875 0.8887705078125 0.1457138671875 0.8933408203125 0.1449521484375 0.8951181640625 0.1413984375 0.8953720703125 0.1339091796875 0.8920712890625 0.126546875 0.886486328125 0.1217236328125 0.877091796875 0.118423828125 0.8655400390625 0.120201171875 0.8572890625 0.1251513671875 0.850306640625 0.1350517578125 0.849671875 0.14114453125 0.852083984375 0.1468564453125 0.8595732421875 0.150029296875 0.8675712890625 0.1449521484375 0.873029296875 0.14266796875 0.877853515625 0.142794921875 0.88356640625 0.1441904296875