2 0 0.871599609375 0.004486328125 0.85542578125 0.006822265625 0.8491357421875 0.01598828125 0.8462607421875 0.02191796875 0.842845703125 0.0300048828125 0.840330078125 0.034318359375 0.8484169921875 0.0398896484375 0.85308984375 0.048875 0.85866015625 0.0530087890625 0.85866015625 0.0530087890625 0.8507529296875 0.0578603515625 0.844462890625 0.060556640625 0.843564453125 0.07511328125 0.8476982421875 0.07637109375 0.8514716796875 0.07547265625 0.85668359375 0.0684638671875 0.8660283203125 0.0693623046875 0.8663876953125 0.0716982421875 0.871779296875 0.0558837890625 0.898736328125 0.1190595703125 0.897298828125 0.1167236328125 0.8920869140625 0.1163642578125 0.887234375 0.1208564453125 0.88328125 0.1294833984375 0.885796875 0.125169921875 0.8800458984375 0.122833984375 0.870341796875 0.1161845703125 0.8651298828125 0.1169033203125 0.85380859375 0.1236416015625 0.8473388671875 0.1405341796875 0.844283203125 0.14628515625 0.8467998046875 0.14790234375 0.85362890625 0.1525751953125 0.8489560546875 0.1572470703125 0.8489560546875 0.159044921875 0.85237109375 0.159830078125 0.8496591796875 0.160923828125 0.844630859375 0.17294921875 0.8422255859375 0.1788525390625 0.8450673828125 0.1823505859375 0.8619033203125 0.1869423828125 0.86540234375 0.1917529296875 0.860810546875 0.194376953125 0.8503154296875 0.201154296875 0.8452861328125 0.2138359375 0.8452861328125 0.2162412109375 0.856875 0.22258203125 0.86387109375 0.2243310546875 0.8734921875 0.211642578125 0.8880703125 0.2138564453125 0.89581640625 0.21933984375 0.8956533203125 0.4899111328125 0.891341796875 0.4834443359375 0.8493076171875 0.484521484375 0.8352958984375 0.5777021484375 0.8363740234375 0.580935546875 0.8487685546875 0.5884794921875 0.8573916015625 0.59671484375 0.90597265625 0.7000048828125 0.903734375 0.675380859375 0.8151259765625 0.6590029296875 0.81533203125 0.656376953125 0.8122685546875 0.6590029296875 0.8052666015625 0.9995810546875 0.807017578125 1 0.1600498046875 0.9599560546875 0.1519345703125 0.9568095703125 0.152431640625 0.9134189453125 0.1890322265625 0.8673251953125 0.1822421875 0.8626875 0.16213671875 0.86103125 0.1603154296875 0.8471201171875 0.1578310546875 0.8476171875 0.1538564453125 0.85142578125 0.1475625 0.852630859375 0.141443359375 0.7788515625 0.1267109375 0.7749990234375 0.1271640625 0.75029296875 0.1536826171875 0.7419072265625 0.15504296875 0.7407734375 0.1582158203125 0.7371474609375 0.1582158203125 0.622212890625 0.13600390625 0.6185859375 0.110154296875 0.623798828125 0.0967822265625 0.617 0.0942890625 0.6163193359375 0.0781962890625 0.6149599609375 0.07525 0.56658203125 0.0639169921875 0.562728515625 0.0645966796875 0.552076171875 0.081595703125 0.539609375 0.0784228515625 0.5368896484375 0.0784228515625 0.5135439453125 0.1149140625 0.4739296875 0.1072080078125 0.4721162109375 0.0836357421875 0.478689453125 0.0689033203125 0.4780087890625 0.06618359375 0.4632763671875 0.0636904296875 0.385767578125 0.04737109375 0.3835009765625 0.0491845703125 0.3810078125 0.05825 0.367634765625 0.0874892578125 0.3164111328125 0.0779697265625 0.3161845703125 0.0564375 0.3220771484375 0.038078125 0.3206328125 0.0345986328125 0.309298828125 0.033107421875 0.228767578125 0.0149130859375 0.223126953125 0.013478515625 0.220431640625 0.015095703125 0.2101875 0.0575078125 0 0.015275390625 0 0.871599609375
9 0.456666015625 0.32553125 0.4536796875 0.239736328125 0.4069814453125 0.2484248046875 0.4107822265625 0.331775390625 0.456666015625 0.32553125
9 0.47458984375 0.2520703125 0.479763671875 0.3270546875 0.5006162109375 0.3370888671875 0.4965400390625 0.26528125 0.47458984375 0.2520703125
9 0.4222236328125 0.5069970703125 0.470513671875 0.502763671875 0.46533984375 0.4096494140625 0.4165791015625 0.4140390625 0.4209697265625 0.50657421875 0.4222236328125 0.5069970703125
9 0.5172060546875 0.5115771484375 0.5098017578125 0.4242861328125 0.4874306640625 0.414646484375 0.4945205078125 0.5030693359375 0.5172060546875 0.5115771484375
9 0.4878896484375 0.7007685546875 0.4787353515625 0.58973828125 0.4265380859375 0.592673828125 0.4327705078125 0.7046640625 0.4878896484375 0.7007685546875
9 0.50298046875 0.5940166015625 0.512701171875 0.7018369140625 0.5211806640625 0.7026640625 0.5373125 0.70680078125 0.527384765625 0.6020458984375 0.50298046875 0.5940166015625
9 0.660154296875 0.8466064453125 0.737974609375 0.84455078125 0.7194736328125 0.72594921875 0.6434150390625 0.7238935546875 0.6589794921875 0.8431064453125 0.660154296875 0.8466064453125
9 0.918046875 0.84127734375 0.8899462890625 0.7346689453125 0.8298505859375 0.7319599609375 0.8505478515625 0.8433046875 0.918046875 0.84127734375
9 0.604669921875 0.4525732421875 0.6784287109375 0.4569267578125 0.6643427734375 0.3672890625 0.5936572265625 0.3601181640625 0.60492578125 0.4520302734375 0.604669921875 0.4525732421875
9 1 0.7452197265625 0.96844921875 0.7455546875 0.966771484375 0.748576171875 0.981205078125 0.8086640625 1 0.8089990234375 1 0.7452197265625
9 0.792486328125 0.1566162109375 0.7958935546875 0.1733818359375 0.8309248046875 0.176380859375 0.82792578125 0.1631591796875 0.792486328125 0.1566162109375
9 0.9776171875 0.1857548828125 0.9830302734375 0.1940556640625 0.9998740234375 0.19658203125 0.999994140625 0.184671875 0.977255859375 0.1804609375 0.9776171875 0.1857548828125
9 1 0.274021484375 0.990232421875 0.2745224609375 0.9984912109375 0.3070546875 1 0.309056640625 1 0.274021484375
9 0.551083984375 0.1238701171875 0.576958984375 0.129650390625 0.6061376953125 0.1376337890625 0.60255859375 0.112859375 0.5791611328125 0.10873046875 0.577509765625 0.1150615234375 0.555212890625 0.1098310546875 0.55191015625 0.1012978515625 0.5282373046875 0.09469140625 0.5312646484375 0.121392578125 0.551083984375 0.1238701171875
9 0.4033955078125 0.0804501953125 0.4035869140625 0.096501953125 0.452697265625 0.10452734375 0.452697265625 0.09000390625 0.4033955078125 0.0804501953125
9 0.295548828125 0.0766181640625 0.2952275390625 0.0536484375 0.2436669921875 0.0432080078125 0.2436669921875 0.067140625 0.295548828125 0.0766181640625
9 0.3221689453125 0.847033203125 0.320138671875 0.712482421875 0.2273447265625 0.7101630859375 0.222705078125 0.8479033203125 0.3221689453125 0.847033203125
9 0.000974609375 0.708265625 0 0.8490419921875 0.0657607421875 0.8490419921875 0.0735546875 0.7111884765625 0.000974609375 0.708265625
0 0.9304677734375 0.649904296875 0.9304677734375 0.657017578125 1 0.6599150390625 0.9989619140625 0.6427919921875 0.93178515625 0.639630859375 0.9320478515625 0.64832421875 0.9304677734375 0.649904296875
0 0.8901748046875 0.4834111328125 0.8909853515625 0.4860478515625 1 0.4969970703125 0.999875 0.480978515625 0.9966298828125 0.47976171875 0.8907822265625 0.4702314453125 0.8901748046875 0.4777333984375 0.8901748046875 0.4834111328125
0 0.9537841796875 0.3470615234375 0.9482353515625 0.3315703125 0.851353515625 0.321396484375 0.8490419921875 0.3227841796875 0.8508916015625 0.335732421875 0.9537841796875 0.3470615234375
8 0.1325029296875 0.897470703125 0.14323828125 0.89655078125 0.16562890625 0.89655078125 0.1837255859375 0.896244140625 0.211025390625 0.895630859375 0.211025390625 0.887349609375 0.2156259765625 0.881828125 0.2239072265625 0.87293359375 0.2220673828125 0.8646513671875 0.2156259765625 0.8572900390625 0.2137861328125 0.845634765625 0.2005966796875 0.846248046875 0.1944619140625 0.850849609375 0.1926220703125 0.8621982421875 0.1867939453125 0.866185546875 0.181580078125 0.8621982421875 0.1785126953125 0.846248046875 0.1720712890625 0.843181640625 0.1644033203125 0.8441015625 0.161029296875 0.845328125 0.159802734375 0.8554501953125 0.1573486328125 0.8493154296875 0.15244140625 0.8499287109375 0.1472265625 0.8551435546875 0.145693359375 0.8471689453125 0.139865234375 0.845021484375 0.123302734375 0.8477822265625 0.117474609375 0.8542236328125 0.1165546875 0.8646513671875 0.12299609375 0.8698662109375 0.125142578125 0.8790673828125 0.13127734375 0.88704296875 0.1202353515625 0.8839755859375 0.1165546875 0.88826953125 0.118087890625 0.894404296875 0.12299609375 0.8983916015625 0.1325029296875 0.897470703125
8 0 0.8990673828125 0.0073408203125 0.902375 0.0135888671875 0.8994345703125 0.0198369140625 0.8992509765625 0.024798828125 0.8996181640625 0.0297607421875 0.89833203125 0.0378466796875 0.8988837890625 0.041337890625 0.89833203125 0.0501591796875 0.8990673828125 0.0536611328125 0.899369140625 0.067626953125 0.8775009765625 0.070935546875 0.872052734375 0.0698330078125 0.8683779296875 0.067259765625 0.8661728515625 0.071302734375 0.8612109375 0.074978515625 0.855146484375 0.0762646484375 0.8498173828125 0.0724052734375 0.8481630859375 0.0657900390625 0.8461416015625 0.058623046875 0.8439365234375 0.054580078125 0.84944921875 0.0538447265625 0.8588212890625 0.0481474609375 0.859005859375 0.040796875 0.8544111328125 0.0380400390625 0.850919921875 0.0338134765625 0.8498173828125 0.031056640625 0.843017578125 0.0253603515625 0.8420986328125 0.0209501953125 0.8457744140625 0.018009765625 0.847060546875 0.006615234375 0.8496328125 0.0047685546875 0.859373046875 0.00164453125 0.867458984375 0 0.871869140625 0 0.8873056640625 0 0.8990673828125
3 0 0.9976875 1 0.9976875 0.99962109375 0.845591796875 0.8429404296875 0.847619140625 0.842072265625 0.83603515625 0.7500244140625 0.8363251953125 0.7523408203125 0.8473291015625 0.7575537109375 0.8513837890625 0.7668203125 0.9055361328125 0.596732421875 0.9054697265625 0.5913681640625 0.8762607421875 0.5886162109375 0.856177734375 0.5802255859375 0.84682421875 0.5773369140625 0.8345810546875 0.4847294921875 0.83403125 0.4840419921875 0.84682421875 0.4910576171875 0.889337890625 0.423873046875 0.8905751953125 0.3515224609375 0.89167578125 0.2326298828125 0.8933271484375 0.1674619140625 0.89483984375 0.1193935546875 0.89552734375 0.082671875 0.896078125 0.0580498046875 0.896765625 0.0533720703125 0.897453125 0.042642578125 0.896765625 0.0305380859375 0.896353515625 0.02503515625 0.89800390625 0.0143056640625 0.8975908203125 0.007291015625 0.9007548828125 0 0.897453125 0 0.9976875
4 1 0.807884765625 0.948625 0.807330078125 0.8136142578125 0.8065908203125 0.6620546875 0.8056669921875 0.65909765625 0.806775390625 0.6574345703125 0.8125048828125 0.6592822265625 0.814353515625 0.6761552734375 0.8150166015625 0.7031533203125 0.9062431640625 0.710177734375 0.9054375 0.6841953125 0.81515625 0.687607421875 0.8141064453125 0.6970556640625 0.81673046875 0.7070283203125 0.818830078125 0.724875 0.825654296875 0.735634765625 0.8309033203125 0.752431640625 0.841138671875 0.8427021484375 0.8378271484375 0.8436259765625 0.8491015625 1 0.8481767578125 1 0.807884765625
9 0.0335771484375 0.1591953125 0.1151298828125 0.1729833984375 0.1189345703125 0.13684765625 0.039283203125 0.12305859375 0.0335771484375 0.1591953125
9 0.01312890625 0.3476240234375 0.10300390625 0.3576083984375 0.107759765625 0.3003134765625 0.0207373046875 0.287951171875 0.01312890625 0.3476240234375
9 0.2360654296875 0.4130849609375 0.3154609375 0.4199033203125 0.312763671875 0.3292060546875 0.2363095703125 0.3204052734375 0.2360654296875 0.4130849609375
9 0.312294921875 0.2485966796875 0.3083984375 0.17310546875 0.2394755859375 0.161904296875 0.237283203125 0.2390693359375 0.311564453125 0.2492978515625 0.312294921875 0.2485966796875
9 0.2295107421875 0.608119140625 0.231826171875 0.610203125 0.3144970703125 0.6129814453125 0.3168134765625 0.6129814453125 0.31658203125 0.507626953125 0.231826171875 0.498828125 0.2295107421875 0.608119140625
9 0.699619140625 0.634912109375 0.682736328125 0.5386240234375 0.6180615234375 0.5324423828125 0.629951171875 0.632296875 0.696765625 0.6344365234375 0.699619140625 0.634912109375
9 0.8080576171875 0.6423525390625 0.8684521484375 0.6447294921875 0.8503681640625 0.5522451171875 0.79108984375 0.5464384765625 0.8080576171875 0.6423525390625
9 0.8132890625 0.3915556640625 0.758837890625 0.3863251953125 0.7750068359375 0.469775390625 0.8318349609375 0.473103515625 0.8132890625 0.3915556640625
9 0.7816650390625 0.2510048828125 0.73054296875 0.2414951171875 0.74362109375 0.313294921875 0.79664453125 0.3199521484375 0.7816650390625 0.2510048828125
9 0.575513671875 0.218017578125 0.583123046875 0.29029296875 0.6449443359375 0.2980791015625 0.634244140625 0.2269921875 0.575513671875 0.218017578125
9 0 0.5732802734375 0.083724609375 0.5784599609375 0.084587890625 0.5775966796875 0.0914951171875 0.4899765625 0 0.4830703125 0 0.5732802734375