9 0.7791044921875 0.2164267578125 0.7722294921875 0.1358515625 0.5821796875 0.0682001953125 0.5843798828125 0.1545517578125 0.7791044921875 0.2164267578125
9 0.580208984375 0.23127734375 0.5791083984375 0.2818779296875 0.7876298828125 0.3355029296875 0.7842607421875 0.28902734375 0.580208984375 0.23127734375
9 0.5787861328125 0.366859375 0.578294921875 0.4249228515625 0.7971923828125 0.4665048828125 0.7938212890625 0.4138544921875 0.5787861328125 0.366859375
9 0.577177734375 0.515357421875 0.576490234375 0.583583984375 0.8106982421875 0.612888671875 0.8068056640625 0.5522177734375 0.577177734375 0.515357421875
9 0.574955078125 0.6937666015625 0.57345703125 0.7721123046875 0.82626953125 0.783029296875 0.8205625 0.7123896484375 0.574955078125 0.6937666015625
9 0.5706123046875 0.900396484375 0.569685546875 0.9925078125 0.8453779296875 0.9779794921875 0.8395048828125 0.8973056640625 0.5706123046875 0.900396484375
9 0.84752734375 0.2315966796875 0.8548935546875 0.3024404296875 0.9939814453125 0.3392705078125 0.9831494140625 0.273626953125 0.84752734375 0.2315966796875
9 0.9996650390625 0.440755859375 1 0.4016806640625 0.862623046875 0.3689013671875 0.866697265625 0.4111259765625 0.9996650390625 0.440755859375
9 0.999849609375 0.5485380859375 1 0.503681640625 0.8761416015625 0.48034765625 0.8750302734375 0.4802021484375 0.8794755859375 0.5281669921875 0.999849609375 0.5485380859375
9 1 0.620021484375 0.8894755859375 0.6044658203125 0.8954013671875 0.6581708984375 1 0.6676162109375 1 0.620021484375
9 1 0.74962109375 0.90601171875 0.744759765625 0.9125634765625 0.805203125 1 0.8060478515625 1 0.74962109375
9 0.9998701171875 1 1 0.8882236328125 0.9246142578125 0.8882236328125 0.93698046875 0.9991630859375 0.9998701171875 1
9 0.4424931640625 0.5737724609375 0.444099609375 0.53705078125 0.4353779296875 0.5476083984375 0.433203125 0.582681640625 0.4424931640625 0.5737724609375
9 0.4213271484375 0.56455859375 0.4194912109375 0.600671875 0.425408203125 0.5953671875 0.4270400390625 0.5582333984375 0.4213271484375 0.56455859375
9 0.4071337890625 0.5828134765625 0.404044921875 0.6176943359375 0.41240234375 0.61097265625 0.414763671875 0.5742744140625 0.4071337890625 0.5828134765625
9 0.3958125 0.5975146484375 0.39346484375 0.630234375 0.3981591796875 0.6260927734375 0.4003681640625 0.5918544921875 0.3958125 0.5975146484375
9 0.38348828125 0.61358203125 0.3806875 0.6447939453125 0.3880234375 0.6378583984375 0.390158203125 0.60637890625 0.38348828125 0.61358203125
9 0.376498046875 0.388078125 0.3788134765625 0.34484375 0.3582265625 0.3927109375 0.3541083984375 0.4338857421875 0.376498046875 0.388078125
9 0.3590517578125 0.5400791015625 0.3653095703125 0.4790634765625 0.3436025390625 0.5178486328125 0.338126953125 0.5749521484375 0.3590517578125 0.5400791015625
9 0.325599609375 0.663373046875 0.3187900390625 0.73703515625 0.3431376953125 0.71371875 0.3495341796875 0.634279296875 0.325599609375 0.663373046875
9 0.325263671875 0.90655859375 0.332748046875 0.8173681640625 0.3087939453125 0.830435546875 0.3000029296875 0.91030078125 0.325263671875 0.90655859375
9 0.271189453125 0.9169423828125 0.281392578125 0.844177734375 0.2703837890625 0.8511591796875 0.2647451171875 0.9174794921875 0.271189453125 0.9169423828125
9 0.290974609375 0.7652705078125 0.2988515625 0.7015380859375 0.2890654296875 0.7108466796875 0.2826201171875 0.7741025390625 0.290974609375 0.7652705078125
9 0.307640625 0.627978515625 0.3143525390625 0.5764638671875 0.3040126953125 0.5935146484375 0.3002041015625 0.6372294921875 0.307640625 0.627978515625
9 0.323240234375 0.50263671875 0.32469140625 0.4707119140625 0.3176171875 0.4834091796875 0.314896484375 0.5164228515625 0.323240234375 0.50263671875
7 0.1063916015625 1 0.1074130859375 0.992853515625 0.11578515625 0.9926494140625 0.1192568359375 0.9671240234375 0.1174189453125 0.9638564453125 0.119869140625 0.94588671875 0.1343681640625 0.9442529296875 0.1376357421875 0.9424150390625 0.14825390625 0.8885185546875 0.147845703125 0.8848427734375 0.145599609375 0.8834140625 0.103533203125 0.88280078125 0.1008779296875 0.88566015625 0.0929140625 0.9405771484375 0.0937314453125 0.9438447265625 0.1051669921875 0.9469072265625 0.1037373046875 0.965490234375 0.0996533203125 0.9661025390625 0.09516015625 0.9922412109375 0.100265625 0.99305859375 0.0990400390625 1 0.1063916015625 1
9 0.182876953125 0.82981640625 0.186517578125 0.803154296875 0.151986328125 0.80221484375 0.1472880859375 0.8293466796875 0.182876953125 0.82981640625
9 0.1470703125 0.8328125 0.1419921875 0.85947265625 0.1783203125 0.86025390625 0.18193359375 0.83291015625 0.1470703125 0.8328125
9 0.14130859375 0.863671875 0.13896484375 0.88291015625 0.14541015625 0.88310546875 0.14794921875 0.88466796875 0.1484375 0.88876953125 0.14814453125 0.89130859375 0.1736328125 0.89130859375 0.17734375 0.86376953125 0.14130859375 0.863671875
9 0.1478740234375 0.80244140625 0.1119365234375 0.8015625 0.1072490234375 0.82890625 0.14326171875 0.82978515625 0.1478740234375 0.80244140625
9 0.1060546875 0.83203125 0.1009765625 0.86005859375 0.1380859375 0.85966796875 0.14228515625 0.8326171875 0.1060546875 0.83203125
9 0.10078125 0.8634765625 0.09501953125 0.89228515625 0.09951171875 0.8921875 0.1005859375 0.88544921875 0.103515625 0.88251953125 0.134375 0.88271484375 0.137109375 0.86337890625 0.10078125 0.8634765625
9 0.0586513671875 0.863482421875 0.05275 0.8921103515625 0.0915341796875 0.891984375 0.0959423828125 0.863482421875 0.0586513671875 0.863482421875
9 0.0975751953125 0.85958984375 0.102220703125 0.8323427734375 0.0649287109375 0.832091796875 0.05990625 0.8593388671875 0.0975751953125 0.85958984375
9 0.103099609375 0.82819921875 0.107494140625 0.8020830078125 0.0705791015625 0.801455078125 0.065431640625 0.82819921875 0.103099609375 0.82819921875
9 0.0285185546875 0.800625 0.0224736328125 0.8282236328125 0.061111328125 0.8280927734375 0.0665 0.8011513671875 0.0285185546875 0.800625
9 0.0146806640625 0.864576171875 0.009287109375 0.892140625 0.047837890625 0.8931396484375 0.05323046875 0.86427734375 0.0146806640625 0.864576171875
9 0 0.89289453125 0.00392578125 0.89267578125 0.010796875 0.8633388671875 0 0.8632294921875 0 0.89289453125
9 0.0089912109375 0.897326171875 0.0015244140625 0.9363408203125 0.0393193359375 0.9363408203125 0.047548828125 0.897630859375 0.0089912109375 0.897326171875
9 0 0.8600361328125 0.01090625 0.85939453125 0.017578125 0.83180859375 0 0.83091015625 0 0.8600361328125
9 0 0.8278310546875 0.018732421875 0.827958984375 0.0236083984375 0.79998828125 0 0.7994755859375 0 0.8278310546875
2 0.5447451171875 0 0.484107421875 0.0186484375 0.4104296875 0.2116240234375 0.3991728515625 0.2135537109375 0.392740234375 0.2212724609375 0.389203125 0.2399267578125 0.38632421875 0.2727314453125 0.354162109375 0.355708984375 0.3452470703125 0.356544921875 0.3380771484375 0.3641494140625 0.3330791015625 0.4086904296875 0.31439453125 0.4517109375 0.3089619140625 0.452580078125 0.305486328125 0.454318359375 0.3024443359375 0.45909765625 0.301140625 0.468005859375 0.2958193359375 0.495599609375 0.286693359375 0.5210205078125 0.2811875 0.5226845703125 0.2770654296875 0.5254326171875 0.2749287109375 0.5297060546875 0.274470703125 0.534744140625 0.2732353515625 0.5452724609375 0.26483984375 0.5735126953125 0.2608701171875 0.574123046875 0.2567490234375 0.5761083984375 0.2547646484375 0.58008203125 0.2520166015625 0.602064453125 0.2491162109375 0.6150400390625 0.245 0.616328125 0.2422158203125 0.620041015625 0.232587890625 0.647765625 0.2109990234375 0.6980517578125 0.208859375 0.7014765625 0.193451171875 0.7937080078125 0 0.7887861328125 0 0.9791611328125 0.013828125 0.9745517578125 0.0961923828125 0.9725478515625 0.12235546875 0.971345703125 0.163837890625 0.971345703125 0.1900908203125 0.9817666015625 0.233578125 0.9795615234375 0.2317744140625 1 1 1 1 0.11655078125 0.936591796875 0.0917080078125 0.932046875 0.0923037109375 0.876728515625 0.1070986328125 0.8606474609375 0.1254306640625 0.8014697265625 0.1051689453125 0.7956806640625 0.084263671875 0.5707958984375 0 0.5447451171875 0
8 0.694908203125 1 0.693287109375 0.99705078125 0.6914853515625 0.9938076171875 0.687341796875 0.99128515625 0.677251953125 0.99146484375 0.67815234375 0.98858203125 0.6740087890625 0.9864208984375 0.6682431640625 0.98840234375 0.6619375 0.9882216796875 0.655451171875 0.9867802734375 0.650046875 0.98984375 0.637794921875 0.9882216796875 0.6331103515625 0.9882216796875 0.627345703125 0.9894833984375 0.624642578125 0.9918251953125 0.6233818359375 0.9984912109375 0.6181572265625 0.998671875 0.61509375 0.9961494140625 0.611310546875 0.9961494140625 0.609328125 0.9983115234375 0.61076953125 1 0.694908203125 1
8 0.09853515625 1 0.1 0.993359375 0.0951171875 0.99228515625 0.095142578125 0.99177734375 0.0976611328125 0.9730595703125 0.0135224609375 0.9749716796875 0 0.979625 0 1 0.09853515625 1
8 0.231435546875 1 0.232564453125 0.980107421875 0.1897822265625 0.982240234375 0.1639365234375 0.971826171875 0.1191884765625 0.971826171875 0.116177734375 0.9931552734375 0.1082734375 0.9931552734375 0.106642578125 1 0.231435546875 1