9 0.20056640625 0.4072568359375 0.2081044921875 0.53008203125 0.261271484375 0.5316689453125 0.2531376953125 0.4163818359375 0.20056640625 0.4072568359375
9 0.3653359375 0.5351806640625 0.3782548828125 0.6536318359375 0.429455078125 0.653392578125 0.4158173828125 0.5397265625 0.3653359375 0.5351806640625
9 0.5193935546875 0.5489765625 0.5364677734375 0.654205078125 0.573794921875 0.6528154296875 0.555330078125 0.5515576171875 0.5193935546875 0.5489765625
9 0.638365234375 0.6645693359375 0.657013671875 0.767724609375 0.68217578125 0.766392578125 0.6641181640625 0.665162109375 0.638365234375 0.6645693359375
9 0.6830634765625 0.6650224609375 0.701564453125 0.756328125 0.7243583984375 0.7527763671875 0.7060048828125 0.66575390625 0.6830634765625 0.6650224609375
9 0.6588408203125 0.5757421875 0.6407763671875 0.4784091796875 0.6025205078125 0.4739453125 0.6029462890625 0.474791015625 0.6197353515625 0.5742548828125 0.6588408203125 0.5757421875
9 0.700921875 0.578080078125 0.6822197265625 0.48673828125 0.645876953125 0.481 0.664154296875 0.5768046875 0.700921875 0.578080078125
9 0.7605185546875 0.507322265625 0.7788828125 0.58430078125 0.7950205078125 0.584115234375 0.7768427734375 0.5095478515625 0.7605185546875 0.507322265625
9 0.7928291015625 0.5124931640625 0.8112421875 0.5879853515625 0.8247451171875 0.58783203125 0.8083271484375 0.5152548828125 0.7928291015625 0.5124931640625
9 0.7313017578125 0.3737939453125 0.7446796875 0.43532421875 0.7572294921875 0.4369814453125 0.7442060546875 0.377904296875 0.7313017578125 0.3737939453125
9 0.6204873046875 0.3370625 0.6331552734375 0.4087099609375 0.656509765625 0.414251953125 0.6426552734375 0.3441875 0.6204873046875 0.3370625
9 0.578015625 0.3250390625 0.589349609375 0.3953525390625 0.6140771484375 0.3955 0.602890625 0.33235546875 0.578015625 0.3250390625
9 0.898283203125 0.5863857421875 0.916568359375 0.656373046875 0.93001953125 0.6557421875 0.911103515625 0.587015625 0.898283203125 0.5863857421875
9 0.8608720703125 0.4390537109375 0.86780859375 0.4678466796875 0.88062890625 0.470369140625 0.8728525390625 0.441365234375 0.8608720703125 0.4390537109375
9 0.9319169921875 0.5481962890625 0.950759765625 0.6128251953125 0.9585078125 0.6119443359375 0.940193359375 0.548373046875 0.9319169921875 0.5481962890625
9 0.9523984375 0.551935546875 0.97094140625 0.613892578125 0.9798134765625 0.6136015625 0.9619248046875 0.5522265625 0.9523984375 0.551935546875
9 0.8014580078125 0.4479345703125 0.7865263671875 0.379021484375 0.7605693359375 0.3712109375 0.7759599609375 0.4426513671875 0.8014580078125 0.4479345703125
9 0 0.8341455078125 0.0589267578125 0.8293447265625 0.05630859375 0.652126953125 0 0.65149609375 0 0.8341455078125
9 0.20765234375 0.6349873046875 0.2223251953125 0.810943359375 0.2939345703125 0.8049453125 0.2774375 0.6332333984375 0.20765234375 0.6349873046875
0 0 0.578068359375 0.15076171875 0.578068359375 0.1480849609375 0.4951044921875 0.1452548828125 0.4937666015625 0 0.4781552734375 0 0.578068359375
9 0.017904296875 0.146833984375 0.017904296875 0.1917529296875 0.0773369140625 0.2065849609375 0.0759599609375 0.1667509765625 0.017904296875 0.146833984375
9 0.250943359375 0.2486767578125 0.250119140625 0.207470703125 0.186662109375 0.1876923828125 0.1881044921875 0.2309580078125 0.250943359375 0.2486767578125
9 0.3167021484375 0.240552734375 0.3176220703125 0.268591796875 0.3658857421875 0.281615234375 0.3646591796875 0.2557216796875 0.3167021484375 0.240552734375
9 0.4771728515625 0.204734375 0.4793388671875 0.218275390625 0.493962890625 0.221705078125 0.49269921875 0.2110537109375 0.4771728515625 0.204734375
9 0.8073154296875 0.33458984375 0.809197265625 0.3482958984375 0.820619140625 0.3477587890625 0.819140625 0.3343212890625 0.8073154296875 0.33458984375
8 0 0.754986328125 0.00981640625 0.745759765625 0.0200810546875 0.7533583984375 0.030935546875 0.7533583984375 0.038533203125 0.7452177734375 0.048302734375 0.7397900390625 0.0716396484375 0.743046875 0.0846650390625 0.7522724609375 0.0830361328125 0.7609560546875 0.0890068359375 0.7696396484375 0.099861328125 0.7750673828125 0.125912109375 0.7794091796875 0.1389365234375 0.7951484375 0.1666162109375 0.8011181640625 0.150876953125 0.8162548828125 0.1362236328125 0.8341650390625 0.130255859375 0.861998046875 0.1270087890625 0.8793173828125 0.1309775390625 0.890142578125 0.1363896484375 0.9002451171875 0.133142578125 0.9060185546875 0.137111328125 0.9280283203125 0.152626953125 0.9417392578125 0.1641728515625 0.9435439453125 0.18041015625 0.9406572265625 0.1991728515625 0.9402958984375 0.2009765625 0.9832333984375 0.216130859375 0.9814296875 0.219017578125 0.905296875 0.2248564453125 0.8748583984375 0.2307314453125 0.847619140625 0.25690234375 0.821982421875 0.2654482421875 0.80702734375 0.2675849609375 0.799015625 0.260107421875 0.7877998046875 0.2467548828125 0.784060546875 0.2355390625 0.77925390625 0.2376748046875 0.770173828125 0.244083984375 0.75575390625 0.25690234375 0.7413330078125 0.2702548828125 0.7242412109375 0.2814716796875 0.71409375 0.3023017578125 0.6959345703125 0.3290068359375 0.6788427734375 0.32847265625 0.6628193359375 0.3290068359375 0.6510693359375 0.3359501953125 0.6532060546875 0.3455634765625 0.64893359375 0.3455634765625 0.6366484375 0.3434267578125 0.6248984375 0.335416015625 0.6115458984375 0.342359375 0.6046025390625 0.3477001953125 0.5859091796875 0.3477001953125 0.572556640625 0.337017578125 0.5682841796875 0.32847265625 0.5693525390625 0.32259765625 0.580568359375 0.31244921875 0.5629423828125 0.3023017578125 0.544783203125 0.3012333984375 0.535169921875 0.2969599609375 0.52608984375 0.283607421875 0.5106005859375 0.279869140625 0.4961806640625 0.2734599609375 0.4919072265625 0.262244140625 0.4908388671875 0.2531640625 0.507396484375 0.246220703125 0.5138056640625 0.246220703125 0.52608984375 0.25102734375 0.5474541015625 0.24515234375 0.5346357421875 0.2328681640625 0.54371484375 0.2200498046875 0.5383740234375 0.2050947265625 0.53783984375 0.1981513671875 0.525021484375 0.1864013671875 0.52608984375 0.176787109375 0.535169921875 0.1746513671875 0.556 0.1677080078125 0.570419921875 0.16023046875 0.574693359375 0.153287109375 0.584306640625 0.14260546875 0.600330078125 0.1436728515625 0.61528515625 0.1468779296875 0.6307734375 0.1367294921875 0.6313076171875 0.1244453125 0.6323759765625 0.10308203125 0.64466015625 0.1100244140625 0.6323759765625 0.1249794921875 0.6232958984375 0.1271162109375 0.61688671875 0.123376953125 0.6072734375 0.125513671875 0.6046025390625 0.13245703125 0.5960576171875 0.1303203125 0.580568359375 0.125513671875 0.5698857421875 0.1142978515625 0.5634765625 0.1132294921875 0.5570673828125 0.1169677734375 0.5426474609375 0.125513671875 0.5324990234375 0.1260478515625 0.521283203125 0.129787109375 0.50846484375 0.14848046875 0.482828125 0.149548828125 0.475884765625 0.14420703125 0.4726796875 0.12658203125 0.4726796875 0.1447412109375 0.463599609375 0.1506162109375 0.456123046875 0.1586279296875 0.45078125 0.16023046875 0.44490625 0.1506162109375 0.44116796875 0.151150390625 0.434224609375 0.15809375 0.4326220703125 0.1623671875 0.424076171875 0.161298828125 0.4112578125 0.17785546875 0.3952353515625 0.1976171875 0.3882919921875 0.2082998046875 0.3754736328125 0.1992197265625 0.364791015625 0.192810546875 0.3573134765625 0.181060546875 0.361052734375 0.1677080078125 0.3733369140625 0.1458095703125 0.3893603515625 0.155423828125 0.3770751953125 0.153287109375 0.366927734375 0.1527529296875 0.35784765625 0.1623671875 0.353041015625 0.1831962890625 0.3444951171875 0.2040263671875 0.3364833984375 0.2082998046875 0.3306083984375 0.2040263671875 0.3258017578125 0.190673828125 0.3220634765625 0.173048828125 0.3220634765625 0.1725146484375 0.3028359375 0.16396875 0.3028359375 0.14848046875 0.3220634765625 0.1351279296875 0.3316767578125 0.12658203125 0.3204609375 0.1169677734375 0.317255859375 0.1132294921875 0.32847265625 0.1191044921875 0.3407568359375 0.1164345703125 0.353041015625 0.1052177734375 0.3525068359375 0.096671875 0.3477001953125 0.0875927734375 0.3514384765625 0.07530859375 0.35784765625 0.06943359375 0.3396884765625 0.072103515625 0.3209951171875 0.0758427734375 0.3087109375 0.076376953125 0.283607421875 0.074240234375 0.2675849609375 0.07103515625 0.260107421875 0.049671875 0.2526298828125 0.026705078125 0.23340234375 0.01175 0.21737890625 0.00373828125 0.219515625 0.0042724609375 0.2328681640625 0.014955078125 0.263845703125 0.0213642578125 0.27880078125 0.0074775390625 0.2825400390625 0 0.287158203125 0 0.754986328125
8 0.3647470703125 0.93181640625 0.371658203125 0.938099609375 0.3795126953125 0.938099609375 0.376212890625 0.8954697265625 0.3795205078125 0.8805869140625 0.38489453125 0.8661171875 0.401431640625 0.8264287109375 0.4006044921875 0.8148525390625 0.393990234375 0.8028681640625 0.384068359375 0.7941865234375 0.39275 0.7888115234375 0.3948173828125 0.782197265625 0.391509765625 0.7702080078125 0.3956435546875 0.759044921875 0.396470703125 0.7474697265625 0.3906826171875 0.7338271484375 0.378693359375 0.7247314453125 0.3629833984375 0.724318359375 0.3518212890625 0.727625 0.33983203125 0.73548046875 0.328669921875 0.749123046875 0.3220546875 0.7420947265625 0.3129599609375 0.742921875 0.303037109375 0.748296875 0.300970703125 0.75284375 0.303037109375 0.761939453125 0.315853515625 0.7759912109375 0.3369384765625 0.793767578125 0.332390625 0.79294140625 0.323708984375 0.796662109375 0.3199873046875 0.80286328125 0.3204013671875 0.81319921875 0.3381787109375 0.8301494140625 0.3319765625 0.831802734375 0.330736328125 0.8400712890625 0.343552734375 0.85040625 0.3605029296875 0.859501953125 0.3671181640625 0.894642578125 0.360916015625 0.8942294921875 0.3481005859375 0.89340234375 0.338591796875 0.8938154296875 0.3340439453125 0.899603515625 0.3369384765625 0.90869921875 0.3406591796875 0.9169677734375 0.3555419921875 0.930197265625 0.3647470703125 0.93181640625
8 0.53053125 0.9214072265625 0.5562470703125 0.9182421875 0.5768193359375 0.914681640625 0.580775390625 0.906373046875 0.5847314453125 0.896482421875 0.5959072265625 0.8755966796875 0.601505859375 0.861732421875 0.6079052734375 0.8465341796875 0.611904296875 0.8281376953125 0.6116376953125 0.81560546875 0.6148369140625 0.803607421875 0.6188369140625 0.7854775390625 0.620703125 0.771505859375 0.6241689453125 0.7563076171875 0.625501953125 0.7493759765625 0.62176953125 0.7477763671875 0.6193701171875 0.7541748046875 0.6127041015625 0.7613740234375 0.6100380859375 0.75444140625 0.6063056640625 0.7464423828125 0.5980400390625 0.7427099609375 0.58630859375 0.7389775390625 0.5809755859375 0.7323115234375 0.5831083984375 0.7269794921875 0.579642578125 0.7221796875 0.5724443359375 0.720046875 0.58017578125 0.7160478515625 0.58017578125 0.7125810546875 0.574310546875 0.7125810546875 0.5636455078125 0.7141806640625 0.5620458984375 0.7213798828125 0.5559130859375 0.7221796875 0.550314453125 0.7275126953125 0.5412490234375 0.7125810546875 0.5372490234375 0.7144482421875 0.5407158203125 0.7296455078125 0.534849609375 0.734177734375 0.5247177734375 0.739244140625 0.51751953125 0.7379111328125 0.5143193359375 0.74191015625 0.5148525390625 0.7483095703125 0.504720703125 0.7573740234375 0.4991220703125 0.74084375 0.49272265625 0.7389775390625 0.48632421875 0.743509765625 0.481791015625 0.753908203125 0.484724609375 0.761640625 0.4913896484375 0.7732392578125 0.4855244140625 0.779638671875 0.4772587890625 0.787904296875 0.4751259765625 0.7985693359375 0.4711259765625 0.817765625 0.472193359375 0.828697265625 0.4756591796875 0.8497333984375 0.474326171875 0.855599609375 0.4761923828125 0.8609326171875 0.48419140625 0.863865234375 0.490056640625 0.8755966796875 0.4985888671875 0.885728515625 0.5105869140625 0.90519140625 0.516185546875 0.9163896484375 0.520185546875 0.9193232421875 0.53053125 0.9214072265625
8 0.6598779296875 0.7668916015625 0.6628037109375 0.7671357421875 0.6713349609375 0.7678671875 0.680841796875 0.7673798828125 0.682060546875 0.7646982421875 0.6896181640625 0.761529296875 0.693517578125 0.7581162109375 0.6908369140625 0.752265625 0.682060546875 0.751046875 0.6766982421875 0.7508037109375 0.668166015625 0.7529970703125 0.6610966796875 0.7542158203125 0.659146484375 0.75641015625 0.6589033203125 0.763966796875 0.6598779296875 0.7668916015625
8 0.70453125 0.7569326171875 0.7112744140625 0.7569326171875 0.71898046875 0.758859375 0.72745703125 0.7586669921875 0.7328515625 0.7571259765625 0.7351630859375 0.75462109375 0.742484375 0.7501904296875 0.742484375 0.7457587890625 0.738630859375 0.7420986328125 0.7322734375 0.74190625 0.7230263671875 0.7436396484375 0.7141640625 0.744025390625 0.707228515625 0.74614453125 0.7004853515625 0.7474931640625 0.6985595703125 0.7532724609375 0.70087109375 0.757896484375 0.70453125 0.7569326171875
8 0.7857685546875 0.804966796875 0.7946982421875 0.8250576171875 0.8105576171875 0.8663720703125 0.816677734375 0.8811875 0.8923642578125 0.867982421875 1 0.8402841796875 0.999935546875 0.705013671875 0.9957490234375 0.6979287109375 0.9931728515625 0.68311328125 0.994783203125 0.6692646484375 0.9931728515625 0.6621787109375 0.98801953125 0.66314453125 0.981255859375 0.6718408203125 0.971916015625 0.6885888671875 0.9790009765625 0.667654296875 0.977068359375 0.660890625 0.9696611328125 0.660568359375 0.9754580078125 0.6454306640625 0.9728818359375 0.6357685546875 0.9670849609375 0.6325478515625 0.961609375 0.634802734375 0.9623486328125 0.6235302734375 0.9562294921875 0.6193427734375 0.945923828125 0.6196650390625 0.9414140625 0.62159765625 0.941736328125 0.6393115234375 0.938837890625 0.64736328125 0.9398037109375 0.663466796875 0.9369052734375 0.6753837890625 0.93497265625 0.695673828125 0.9340068359375 0.6818251953125 0.932396484375 0.6721630859375 0.9278876953125 0.664111328125 0.9256328125 0.657669921875 0.918869140625 0.6518720703125 0.90920703125 0.64987109375 0.89342578125 0.6476171875 0.90920703125 0.640208984375 0.913716796875 0.630224609375 0.9098515625 0.6192744140625 0.9017998046875 0.615087890625 0.903087890625 0.6067138671875 0.9008330078125 0.5964072265625 0.8950361328125 0.5967294921875 0.8882724609375 0.600916015625 0.8798984375 0.600916015625 0.8798984375 0.595119140625 0.883763671875 0.5716083984375 0.883763671875 0.565810546875 0.87764453125 0.5619453125 0.870880859375 0.56258984375 0.8689482421875 0.568708984375 0.8699150390625 0.5803037109375 0.8641171875 0.5819140625 0.86186328125 0.5918984375 0.8560654296875 0.5938310546875 0.851556640625 0.5809482421875 0.8505908203125 0.5745068359375 0.8473701171875 0.5716083984375 0.8383515625 0.5709638671875 0.8309443359375 0.5738623046875 0.829333984375 0.579337890625 0.8302998046875 0.59125390625 0.8245029296875 0.58255859375 0.816451171875 0.575150390625 0.8083994140625 0.5777275390625 0.8080771484375 0.589 0.802923828125 0.5838466796875 0.7942275390625 0.57966015625 0.79036328125 0.58545703125 0.79390625 0.60291796875 0.8006689453125 0.6109697265625 0.7977705078125 0.6129013671875 0.79075390625 0.6091533203125 0.7870859375 0.6123701171875 0.7870859375 0.618330078125 0.7884619140625 0.6279560546875 0.7834189453125 0.639875 0.7792939453125 0.653689453125 0.7696669921875 0.6656083984375 0.771958984375 0.675693359375 0.7806689453125 0.6894453125 0.7742509765625 0.70228125 0.7774599609375 0.713283203125 0.781126953125 0.7339111328125 0.77379296875 0.7462880859375 0.7724169921875 0.756373046875 0.77654296875 0.77379296875 0.781126953125 0.79075390625 0.7857685546875 0.804966796875
2 1 0.3908974609375 0.9624638671875 0.37647265625 0.957025390625 0.3561357421875 0.964119140625 0.3540068359375 0.9686123046875 0.348568359375 0.9674306640625 0.3417099609375 0.936279296875 0.3233486328125 0.8791318359375 0.3258095703125 0.879802734375 0.31775390625 0.877341796875 0.308802734375 0.8638876953125 0.29582421875 0.776259765625 0.2754609375 0.703310546875 0.3123837890625 0.524541015625 0.2466005859375 0.534130859375 0.230908203125 0.549822265625 0.204755859375 0.5458994140625 0.1829609375 0.5350029296875 0.1681416015625 0.4976513671875 0.149943359375 0.42791015625 0.1346875 0.414833984375 0.139482421875 0.3982705078125 0.1512509765625 0.0215966796875 0.0048271484375 0 0 0 1 0.120478515625 1 0.6830478515625 0.8930849609375 0.751775390625 0.875927734375 0.808548828125 0.865322265625 0.8157578125 0.88253515625 0.890248046875 0.8692919921875 1 0.8411513671875 1 0.3908974609375
0 0 0.204884765625 0.4710009765625 0.3309013671875 0.46971484375 0.3073271484375 0 0.173166015625 0 0.204884765625
3 1 0.8421123046875 0.895697265625 0.8679619140625 0.8484443359375 0.8776044921875 0.8134453125 0.883318359375 0.808087890625 0.86617578125 0.749181640625 0.878318359375 0.7606103515625 0.9354599609375 0.7088251953125 0.9515302734375 0.6966826171875 0.8961748046875 0.68668359375 0.8929609375 0.1254765625 1 0.5165927734375 1 0.7087470703125 0.9622822265625 0.77350390625 0.9460927734375 0.86305078125 0.92962109375 0.86305078125 0.92358984375 0.90480859375 0.916166015625 0.91263671875 0.9166201171875 1 0.896861328125 1 0.8421123046875
4 0.893654296875 1 1 0.9690322265625 0.9997275390625 0.8970751953125 0.9138466796875 0.9169638671875 0.90464453125 0.9166669921875 0.8633828125 0.924384765625 0.8636796875 0.930173828125 0.7779755859375 0.946099609375 0.7115400390625 0.9635771484375 0.51969921875 1 0.8580341796875 1 0.893654296875 1
6 1 0.9695322265625 0.8960888671875 1 1 1 1 0.9695322265625