2 0 0 0 0.851095703125 0.2323076171875 0.823333984375 0.38856640625 0.8146083984375 0.6283134765625 0.7908125 0.7393603515625 0.7852607421875 0.80281640625 0.782087890625 0.810748046875 0.8280927734375 0.867857421875 0.81857421875 0.901171875 0.8154013671875 0.9376591796875 0.8201611328125 1 0.804296875 1 0.1705361328125 0.62434765625 0 0.6044130859375 0 0 0
9 0.16333203125 0.1389287109375 0.1674912109375 0.0368818359375 0.0510234375 0 0.0443681640625 0.1039892578125 0.16333203125 0.1389287109375
9 0.0332294921875 0.321109375 0.147294921875 0.3418779296875 0.15112890625 0.240912109375 0.03898046875 0.21375390625 0.0332294921875 0.321109375
9 0.01107421875 0.5701123046875 0.1382216796875 0.5774951171875 0.1439638671875 0.45691015625 0.02255859375 0.44050390625 0.01107421875 0.5701123046875
9 0 0.8527080078125 0.1296083984375 0.8391728515625 0.1337099609375 0.704642578125 0.00041015625 0.701771484375 0 0.8527080078125
9 0.4398828125 0.8133740234375 0.4356513671875 0.6998984375 0.347568359375 0.7001630859375 0.349419921875 0.8197216796875 0.4398828125 0.8133740234375
9 0.524552734375 0.758173828125 0.550509765625 0.7574990234375 0.5468017578125 0.7126630859375 0.5221923828125 0.7126630859375 0.524552734375 0.758173828125
9 0.5724228515625 0.7595224609375 0.6088310546875 0.7558134765625 0.6044482421875 0.7133369140625 0.5690517578125 0.713 0.5724228515625 0.7595224609375
9 0.5390478515625 0.8026728515625 0.5825361328125 0.797953125 0.582873046875 0.7912109375 0.5875927734375 0.78783984375 0.5919755859375 0.7821083984375 0.537025390625 0.786154296875 0.5390478515625 0.8026728515625
9 0.3623642578125 0.642765625 0.4133466796875 0.6455107421875 0.4145234375 0.6360986328125 0.4396220703125 0.6349228515625 0.43334765625 0.50276171875 0.3556982421875 0.493349609375 0.3623642578125 0.642765625
9 0.4953037109375 0.5569931640625 0.5370263671875 0.559376953125 0.5322578125 0.501263671875 0.4917275390625 0.49649609375 0.4953037109375 0.5569931640625
9 0.483685546875 0.3785361328125 0.522119140625 0.386150390625 0.5184248046875 0.3353701171875 0.4808046875 0.3266533203125 0.483685546875 0.3785361328125
9 0.470923828125 0.2142294921875 0.5090947265625 0.223294921875 0.5057548828125 0.183455078125 0.4694931640625 0.17152734375 0.470923828125 0.2142294921875
9 0.347001953125 0.21270703125 0.4195625 0.2340654296875 0.4157587890625 0.1574091796875 0.347001953125 0.137513671875 0.347001953125 0.21270703125
9 0.49812890625 0.0789443359375 0.495904296875 0.0461435546875 0.459490234375 0.0325224609375 0.461435546875 0.066435546875 0.49812890625 0.0789443359375
9 0.41773046875 0.0596201171875 0.416171875 0.015197265625 0.378373046875 0 0.3421337890625 0.000779296875 0.3429130859375 0.031953125 0.41773046875 0.0596201171875
9 0.600052734375 0.134830078125 0.6405400390625 0.1478173828125 0.638248046875 0.1111494140625 0.59737890625 0.094724609375 0.600052734375 0.134830078125
9 0.620376953125 0.29244140625 0.6585498046875 0.302263671875 0.65587109375 0.2366318359375 0.6141259765625 0.2247998046875 0.620376953125 0.29244140625
9 0.6375654296875 0.4618779296875 0.6860087890625 0.468798828125 0.674623046875 0.378833984375 0.6277431640625 0.3694580078125 0.6375654296875 0.4618779296875
9 0.6579609375 0.654986328125 0.70951953125 0.6561767578125 0.694646484375 0.533626953125 0.646658203125 0.528470703125 0.6579609375 0.654986328125
9 0.7093310546875 0.787767578125 0.7650869140625 0.7849326171875 0.7531796875 0.701392578125 0.699125 0.70158203125 0.7093310546875 0.787767578125
9 0.9159814453125 0.789162109375 0.900828125 0.7019189453125 0.8609580078125 0.7025078125 0.8771416015625 0.791810546875 0.9159814453125 0.789162109375
9 0.8463955078125 0.62341015625 0.88465234375 0.6235927734375 0.8717177734375 0.547259765625 0.833642578125 0.5428876953125 0.8463955078125 0.62341015625
9 0.9954208984375 0.630279296875 0.99939453125 0.631162109375 1 0.5627255859375 0.982396484375 0.5618427734375 0.9954208984375 0.630279296875
9 0.9669423828125 0.494951171875 0.996083984375 0.4987041015625 0.982837890625 0.4342412109375 0.952814453125 0.4267353515625 0.9669423828125 0.494951171875
9 0.8184462890625 0.4686162109375 0.8594931640625 0.4734365234375 0.8464326171875 0.405802734375 0.80833984375 0.3961630859375 0.8184462890625 0.4686162109375
9 0.7959267578125 0.3268330078125 0.83413671875 0.3350361328125 0.823990234375 0.2756708984375 0.787076171875 0.264013671875 0.7959267578125 0.3268330078125
9 0.9393046875 0.3670380859375 0.9665888671875 0.3729697265625 0.9561494140625 0.319349609375 0.9286279296875 0.311994140625 0.9393046875 0.3670380859375
9 0.9141552734375 0.2500703125 0.9516416015625 0.2619326171875 0.9409658203125 0.2054658203125 0.9037158203125 0.1905185546875 0.9141552734375 0.2500703125
9 0.7737490234375 0.1948828125 0.8097275390625 0.20816015625 0.8018037109375 0.15590625 0.7675380859375 0.1424140625 0.7737490234375 0.1948828125
8 0 1 0.517353515625 0.9990966796875 0.6314990234375 0.977041015625 0.6823046875 0.9692666015625 0.73901171875 0.9580625 0.7920595703125 0.948916015625 0.793888671875 0.9379404296875 0.7872578125 0.8894658203125 0.7822265625 0.8597412109375 0.781541015625 0.8382470703125 0.7867998046875 0.82955859375 0.8055498046875 0.8277294921875 0.80486328125 0.796861328125 0.800376953125 0.7844921875 0.6698505859375 0.788943359375 0.6278056640625 0.7934072265625 0.578009765625 0.7986923828125 0.505619140625 0.80592578125 0.38371875 0.818166015625 0.2807451171875 0.82150390625 0.1474423828125 0.8340234375 0.06259375 0.84709765625 0 0.85321875 0 1
8 1 0.5693193359375 0.9702490234375 0.570923828125 0.9290869140625 0.563439453125 0.9205341796875 0.5784072265625 0.921603515625 0.5997900390625 0.928552734375 0.6126201171875 0.938708984375 0.6356064453125 0.9264140625 0.64416015625 0.9189306640625 0.6345380859375 0.8980986328125 0.6198203125 0.872509765625 0.5995615234375 0.8590048828125 0.5810810546875 0.8497646484375 0.59494140625 0.8387470703125 0.6112900390625 0.8252421875 0.6176875 0.811380859375 0.6247958984375 0.802140625 0.6326142578125 0.8071162109375 0.63901171875 0.8181337890625 0.661046875 0.8380361328125 0.6813046875 0.8188447265625 0.6752626953125 0.8067607421875 0.670998046875 0.8000087890625 0.6852138671875 0.80178515625 0.709736328125 0.8156455078125 0.729994140625 0.8490537109375 0.7452763671875 0.854384765625 0.76126953125 0.834482421875 0.752740234375 0.813158203125 0.7452763671875 0.8099599609375 0.7562939453125 0.813869140625 0.7875693359375 0.8184892578125 0.80249609375 0.8391025390625 0.815291015625 0.8696669921875 0.8192001953125 0.893833984375 0.8181337890625 0.90449609375 0.8188447265625 0.9076845703125 0.827693359375 0.92376953125 0.92214453125 0.9826728515625 0.9132080078125 1 0.9058955078125 1 0.807181640625 0.9883603515625 0.811244140625 0.944068359375 0.820234375 0.9417841796875 0.79373046875 0.944068359375 0.76859765625 0.9426982421875 0.7302138671875 0.95960546875 0.7329560546875 0.9774267578125 0.74940625 1 0.745728515625 1 0.5693193359375
3 0.6956943359375 1 0.7983212890625 0.977759765625 0.900814453125 0.9562900390625 0.9284052734375 0.9512998046875 1 0.931634765625 0.9988505859375 0.911087890625 0.97637109375 0.9147099609375 0.9232060546875 0.92318359375 0.911296875 0.84966796875 0.907380859375 0.824017578125 0.90280078125 0.818978515625 0.878294921875 0.817833984375 0.86821875 0.8203525390625 0.8624931640625 0.8231015625 0.8602978515625 0.828951171875 0.8318984375 0.8297548828125 0.8083212890625 0.832166015625 0.8026943359375 0.8302900390625 0.7949248046875 0.82787890625 0.7831357421875 0.8297548828125 0.782064453125 0.8356494140625 0.782009765625 0.849083984375 0.78765234375 0.8945322265625 0.7945478515625 0.9374716796875 0.790892578125 0.950671875 0.7091103515625 0.9649951171875 0.610529296875 0.9827392578125 0.5241279296875 0.9993330078125 0.6956943359375 1
0 0.3343759765625 0 0.3169697265625 0.011451171875 0.32017578125 0.0595458984375 0.34191796875 0.0323603515625 0.525265625 0.104576171875 0.6199638671875 0.143068359375 0.7238583984375 0.1812197265625 0.72249609375 0.151244140625 0.7337373046875 0.141365234375 0.73290234375 0.1353740234375 0.5411279296875 0.052390625 0.3975927734375 0 0.3343759765625 0
0 0.345203125 0.211390625 0.414955078125 0.2327060546875 0.546771484375 0.271009765625 0.6631806640625 0.3037041015625 0.7437939453125 0.3243779296875 0.739626953125 0.2894404296875 0.750044921875 0.2839912109375 0.7522041015625 0.2754208984375 0.7083310546875 0.2606708984375 0.5608486328125 0.213640625 0.4490107421875 0.1775771484375 0.3821552734375 0.1547998046875 0.3408193359375 0.140669921875 0.330267578125 0.14741796875 0.312130859375 0.1697734375 0.310443359375 0.184326171875 0.31930078125 0.1891767578125 0.32288671875 0.1969794921875 0.3243623046875 0.23409765625 0.345203125 0.211390625
0 0.3306220703125 0.430150390625 0.3511435546875 0.4150009765625 0.453677734375 0.43223046875 0.64152734375 0.463421875 0.7684013671875 0.483623046875 0.7642431640625 0.441587890625 0.7768681640625 0.4363896484375 0.77730078125 0.4277744140625 0.6257265625 0.39658203125 0.5019404296875 0.37162890625 0.374748046875 0.3429619140625 0.3422197265625 0.338208984375 0.3165234375 0.3607861328125 0.3168203125 0.3729658203125 0.32305859375 0.3768271484375 0.3279599609375 0.381134765625 0.3304853515625 0.4302998046875 0.3306220703125 0.430150390625
0 0.355609375 0.643390625 0.5098740234375 0.649517578125 0.70703515625 0.6574248046875 0.7973662109375 0.66019140625 0.7914365234375 0.6109736328125 0.80428515625 0.6078115234375 0.8046796875 0.5983232421875 0.6794814453125 0.5874521484375 0.5558798828125 0.5767783203125 0.4180556640625 0.56551171875 0.3518388671875 0.560767578125 0.34220703125 0.562642578125 0.3187392578125 0.5740791015625 0.3188876953125 0.584921875 0.3273544921875 0.587447265625 0.332998046875 0.5968046875 0.3343349609375 0.65146484375 0.355609375 0.643390625