1 0 0.853693359375 0.004140625 0.852658203125 0.0085390625 0.8513642578125 0.0227724609375 0.8412724609375 0.031052734375 0.8329912109375 0.042697265625 0.824193359375 0.0496845703125 0.8187587890625 0.0502021484375 0.8166884765625 0.0455439453125 0.8091845703125 0.021478515625 0.80892578125 0.014232421875 0.8097021484375 0.0064697265625 0.8172060546875 0.004658203125 0.824193359375 0 0.82807421875 0 0.853693359375
8 0.289513671875 1 0.29667578125 0.86665625 0.3045927734375 0.8651484375 0.3128857421875 0.870048828125 0.3411591796875 0.8813583984375 0.3397587890625 0.9030654296875 0.3619521484375 0.9301005859375 0.392619140625 0.949873046875 0.4204619140625 0.951890625 0.4374091796875 0.93857421875 0.468076171875 0.87522265625 0.47596484375 0.862044921875 0.493658203125 0.8535517578125 0.4982587890625 0.83904296875 0.502859375 0.828072265625 0.5042744140625 0.81993359375 0.5021513671875 0.808609375 0.51418359375 0.7969306640625 0.51418359375 0.7870224609375 0.510291015625 0.7774677734375 0.4787958984375 0.764728515625 0.4770263671875 0.7622509765625 0.4752568359375 0.7526962890625 0.46994921875 0.751634765625 0.4611015625 0.761189453125 0.457208984375 0.7488037109375 0.4557939453125 0.7410185546875 0.44977734375 0.740310546875 0.4352685546875 0.7449111328125 0.424298828125 0.744203125 0.4196982421875 0.749158203125 0.4196982421875 0.7558818359375 0.4104970703125 0.7505732421875 0.3984658203125 0.75198828125 0.3931572265625 0.7463271484375 0.3931572265625 0.7388955078125 0.3793564453125 0.7410185546875 0.3775869140625 0.74597265625 0.382541015625 0.7502197265625 0.3666162109375 0.7466806640625 0.3602470703125 0.751634765625 0.3606005859375 0.7562353515625 0.366970703125 0.7633125 0.366970703125 0.7693291015625 0.3510458984375 0.767205078125 0.3467998046875 0.7558818359375 0.3535234375 0.7470341796875 0.349630859375 0.739603515625 0.344322265625 0.7374794921875 0.3375986328125 0.7388955078125 0.325451171875 0.724638671875 0.316806640625 0.7103994140625 0.3096875 0.6931103515625 0.3091787109375 0.6773466796875 0.3381650390625 0.663107421875 0.34070703125 0.65598828125 0.3356220703125 0.6483603515625 0.324943359375 0.64734375 0.3020595703125 0.65853125 0.282736328125 0.6498857421875 0.2695146484375 0.6564970703125 0.260361328125 0.6610732421875 0.2512080078125 0.6524287109375 0.2542587890625 0.626494140625 0.2471396484375 0.617849609375 0.22222265625 0.615306640625 0.207984375 0.62496875 0.190185546875 0.6366650390625 0.1866259765625 0.648869140625 0.206966796875 0.676837890625 0.1978134765625 0.6778544921875 0.1723876953125 0.671244140625 0.1622177734375 0.6753125 0.1556064453125 0.688025390625 0.141876953125 0.6778544921875 0.1320849609375 0.676990234375 0.109150390625 0.6927041015625 0.098533203125 0.68845703125 0.079845703125 0.69185546875 0.075173828125 0.6961025390625 0.0794208984375 0.7067197265625 0.0738994140625 0.712666015625 0.06370703125 0.7122412109375 0.0586103515625 0.7198857421875 0.061158203125 0.7317783203125 0.053875 0.7387958984375 0.041763671875 0.745478515625 0.0421806640625 0.7534130859375 0.04928125 0.752578125 0.04886328125 0.7663603515625 0.0392578125 0.7759658203125 0.0405107421875 0.779724609375 0.0451044921875 0.7801416015625 0.04426953125 0.793923828125 0.0443544921875 0.8052353515625 0.051796875 0.8153564453125 0.0516669921875 0.8193447265625 0.0323154296875 0.833623046875 0.0246123046875 0.841138671875 0.0101455078125 0.85203515625 0 0.854853515625 0 1 0.289513671875 1
9 0.9594208984375 0.779458984375 0.9514931640625 0.677177734375 0.8924111328125 0.6757001953125 0.897546875 0.782099609375 0.9594208984375 0.779458984375
9 0.950705078125 0.5464755859375 0.9432021484375 0.4531455078125 0.873580078125 0.43994140625 0.8729794921875 0.4420419921875 0.8771806640625 0.5377724609375 0.950705078125 0.5464755859375
9 0.4171376953125 0.328763671875 0.4588232421875 0.28541015625 0.461880859375 0.2831865234375 0.46521484375 0.1867529296875 0.42047265625 0.2398330078125 0.4171376953125 0.328763671875
9 0.35778125 0.3882470703125 0.379716796875 0.36826171875 0.3836162109375 0.2883212890625 0.3836162109375 0.2873466796875 0.363875 0.3097685546875 0.35778125 0.3882470703125
9 0.45623046875 0.536140625 0.459189453125 0.422109375 0.41640234375 0.45265625 0.4133388671875 0.555798828125 0.45623046875 0.536140625
9 0.243642578125 0.5079267578125 0.2546396484375 0.498451171875 0.257177734375 0.4436318359375 0.2460107421875 0.4564912109375 0.243642578125 0.5079267578125
9 0.4480927734375 0.7613642578125 0.4497021484375 0.68215234375 0.40178125 0.6909140625 0.3999931640625 0.7602919921875 0.4480927734375 0.7613642578125
9 0.3582978515625 0.7736318359375 0.3613603515625 0.701091796875 0.3429853515625 0.703005859375 0.339923828125 0.7730576171875 0.3582978515625 0.7736318359375
9 0.306841796875 0.693548828125 0.3106083984375 0.611611328125 0.299267578125 0.616783203125 0.296669921875 0.6943017578125 0.306841796875 0.693548828125
9 0.348283203125 0.5873046875 0.36896484375 0.5785205078125 0.3721708984375 0.483701171875 0.3548525390625 0.4953046875 0.348283203125 0.5873046875
9 0.3079775390625 0.516435546875 0.31887109375 0.50997265625 0.321640625 0.43905078125 0.310833984375 0.4493076171875 0.3079775390625 0.516435546875
9 0.270986328125 0.4763203125 0.2791669921875 0.4705341796875 0.2835576171875 0.4090732421875 0.2749765625 0.4172548828125 0.270986328125 0.4763203125
9 0.269453125 0.62597265625 0.274404296875 0.554173828125 0.2638818359375 0.560982421875 0.25913671875 0.6300986328125 0.269453125 0.62597265625
9 0.2313359375 0.6303408203125 0.243328125 0.6285966796875 0.2470341796875 0.5756142578125 0.2463798828125 0.5753955078125 0.2339521484375 0.583462890625 0.2313359375 0.6303408203125
9 0.2211875 0.5989599609375 0.2243388671875 0.564294921875 0.1776591796875 0.5627197265625 0.1755341796875 0.5962080078125 0.2211875 0.5989599609375
9 0.2134970703125 0.6816298828125 0.2152109375 0.645443359375 0.170455078125 0.6452529296875 0.16855078125 0.68105859375 0.2134970703125 0.6816298828125
9 0.1391318359375 0.601376953125 0.1388154296875 0.5830576171875 0.131708984375 0.5873212890625 0.1318671875 0.605640625 0.1391318359375 0.601376953125
9 0.102630859375 0.6591416015625 0.102755859375 0.6434775390625 0.0842099609375 0.6436025390625 0.084083984375 0.658765625 0.102630859375 0.6591416015625
9 0.059888671875 0.6591005859375 0.0595673828125 0.6439677734375 0.0254365234375 0.643484375 0.0249541015625 0.65926171875 0.059888671875 0.6591005859375
6 1 0.9711181640625 0.8025029296875 1 1 1 1 0.9711181640625
3 1 0.8390556640625 0.895203125 0.843880859375 0.879140625 0.838787109375 0.8736552734375 0.8391796875 0.8713046875 0.843880859375 0.7745361328125 0.8556337890625 0.762 0.8583759765625 0.7165537109375 0.85916015625 0.705583984375 0.8611181640625 0.597880859375 0.8661376953125 0.572525390625 0.8709150390625 0.54423046875 0.8701796875 0.5398203125 0.8665048828125 0.5357783203125 0.86503515625 0.5298984375 0.867607421875 0.514763671875 0.8721953125 0.3494130859375 0.8821240234375 0.3413935546875 0.8767783203125 0.3341376953125 0.87716015625 0.3047333984375 0.8660859375 0.2988310546875 0.869076171875 0.2907802734375 1 0.79166015625 1 1 0.9686103515625 1 0.8390556640625
2 0.44043359375 0 0.1707763671875 0.456306640625 0.1701142578125 0.4565244140625 0.183287109375 0.4663095703125 0.2288271484375 0.4723310546875 0.2246865234375 0.51561328125 0.21129296875 0.6974765625 0.21840625 0.7564716796875 0.2443466796875 0.7790654296875 0.2713173828125 0.7773515625 0.35394140625 0.773275390625 0.3894990234375 0.768779296875 0.4450830078125 0.76714453125 0.4769619140625 0.765509765625 0.4801875 0.762029296875 0.5096103515625 0.77413671875 0.515984375 0.783060546875 0.5169404296875 0.7970830078125 0.5051484375 0.8095126953125 0.5067421875 0.822580078125 0.4963974609375 0.8548486328125 0.4780517578125 0.8636689453125 0.4724072265625 0.8731943359375 0.350875 0.878890625 0.3406552734375 0.87335546875 0.332138671875 0.87420703125 0.30488671875 0.8635615234375 0.2950927734375 0.8652646484375 0.2883193359375 1 0.7997900390625 0.99905859375 1 0.9695224609375 1 0.1957158203125 0.48757421875 0 0.44043359375 0
2 0.09012890625 0.5993720703125 0.1148173828125 0.6005625 0.105837890625 0.69625390625 0.1460732421875 0.6994609375 0.20856640625 0.6991025390625 0.2166923828125 0.5950908203125 0.2229091796875 0.514849609375 0.1302939453125 0.5306689453125 0.125228515625 0.5330400390625 0.088939453125 0.59253125 0.09012890625 0.5993720703125
2 0 0.593912109375 0.0005703125 0.823404296875 0.0048466796875 0.81513671875 0.0148203125 0.8061787109375 0.0441171875 0.80514453125 0.0489423828125 0.7737802734375 0.0530791015625 0.7503427734375 0.06508984375 0.729291015625 0.077517578125 0.691005859375 0.10557421875 0.68782421875 0.1130244140625 0.6017470703125 0.0887705078125 0.6007763671875 0.0875576171875 0.5961689453125 0.0004853515625 0.5932578125 0 0.593912109375