2 1 0.2495009765625 0.608953125 0.100529296875 0.521134765625 0.1340390625 0.137505859375 0.277322265625 0.1185966796875 0.2880205078125 0.121833984375 0.3054794921875 0.1424375 0.326083984375 0.202458984375 0.3843134765625 0.19923828125 0.42863671875 0.129779296875 0.4332060546875 0.124619140625 0.4948916015625 0.1873779296875 0.5217880859375 0.180205078125 0.568408203125 0.111171875 0.5737880859375 0.1025322265625 0.6360634765625 0.173306640625 0.6360634765625 0.1615107421875 0.715912109375 0.0893583984375 0.7260380859375 0.08018359375 0.7910625 0.1535546875 0.7929052734375 0.1457412109375 0.838701171875 0 0.8510751953125 0 0.914322265625 0.0481220703125 0.9225712890625 0.0563720703125 0.9486953125 0.1168681640625 0.9651943359375 0.2658583984375 0.9708818359375 0.2703349609375 0.94809375 0.283802734375 0.9393115234375 0.295904296875 0.922873046875 0.300013671875 0.9196767578125 0.32101953125 0.911 0.37984375 0.8868251953125 0.4148984375 0.87112890625 0.4627353515625 0.8468583984375 0.5199658203125 0.82113671875 0.54258984375 0.8099541015625 0.56709375 0.8034326171875 0.6314951171875 0.8034013671875 0.6478134765625 0.8032607421875 0.66 0.809525390625 0.6720576171875 0.810697265625 0.69541015625 0.813671875 0.7128125 0.8158740234375 0.7261865234375 0.8187802734375 0.7511728515625 0.8252353515625 0.7643232421875 0.831314453125 0.775240234375 0.8373935546875 0.787619140625 0.8559345703125 0.8090927734375 0.88800390625 0.81430859375 0.9381845703125 0.8169892578125 0.9491142578125 0.813080078125 0.9691806640625 1 0.9847001953125 1 0.2495009765625
8 0 0.848515625 0.1143046875 0.8383515625 0.145068359375 0.8360029296875 0.15093359375 0.7945546875 0.12708203125 0.7933818359375 0.0782041015625 0.7937724609375 0.087197265625 0.7241708984375 0.1609375 0.71480859375 0.1609375 0.707966796875 0.1530625 0.7062861328125 0.1359033203125 0.705599609375 0.115998046875 0.7001083984375 0.101583984375 0.695990234375 0.085111328125 0.686380859375 0.0638330078125 0.6788310546875 0.0384375 0.67814453125 0.0315732421875 0.667162109375 0.01921875 0.6664765625 0.019599609375 0.656255859375 0 0.654193359375 0 0.848515625
9 0.352666015625 0.7260439453125 0.3598056640625 0.6427783203125 0.29046875 0.6421533203125 0.28172265625 0.7252333984375 0.352666015625 0.7260439453125
9 0.5486767578125 0.63992578125 0.4769814453125 0.641111328125 0.4722412109375 0.724064453125 0.546306640625 0.7246572265625 0.5486767578125 0.63992578125
9 0.6540556640625 0.6416513671875 0.651236328125 0.7155146484375 0.7245361328125 0.716642578125 0.72397265625 0.6416513671875 0.6540556640625 0.6416513671875
9 0.918765625 0.7181796875 0.914439453125 0.6426640625 0.8432509765625 0.641484375 0.84482421875 0.7169990234375 0.918765625 0.7181796875
9 0.9060986328125 0.564703125 0.9023134765625 0.49392578125 0.83229296875 0.4931689453125 0.836078125 0.5665947265625 0.9060986328125 0.564703125
9 0.7209560546875 0.56509765625 0.7205 0.4953720703125 0.653052734375 0.4944609375 0.651685546875 0.564642578125 0.7209560546875 0.56509765625
9 0.551333984375 0.5686357421875 0.5516669921875 0.497431640625 0.4831240234375 0.49643359375 0.480794921875 0.5656416015625 0.551333984375 0.5686357421875
9 0.3655703125 0.5677216796875 0.3692841796875 0.49901171875 0.307341796875 0.4981416015625 0.3002353515625 0.5663603515625 0.3655703125 0.5677216796875
9 0.37946875 0.4299794921875 0.383625 0.36124609375 0.3200068359375 0.360287109375 0.3139326171875 0.4271025390625 0.37946875 0.4299794921875
9 0.4910146484375 0.359279296875 0.4880205078125 0.42895703125 0.5549775390625 0.4305908203125 0.5568828125 0.3611845703125 0.4910146484375 0.359279296875
9 0.7182138671875 0.423970703125 0.718498046875 0.3589638671875 0.65206640625 0.3586787109375 0.6512109375 0.424826171875 0.7182138671875 0.423970703125
9 0.8967490234375 0.42255078125 0.893728515625 0.3557998046875 0.826072265625 0.356404296875 0.827884765625 0.422248046875 0.8967490234375 0.42255078125
9 0.45297265625 0.2975078125 0.45558203125 0.24083984375 0.3936943359375 0.241212890625 0.3903388671875 0.2975078125 0.45297265625 0.2975078125
9 0.5586064453125 0.2399580078125 0.495458984375 0.2409287109375 0.4928681640625 0.2979228515625 0.5582822265625 0.2963037109375 0.5586064453125 0.2399580078125
9 0.7174052734375 0.295357421875 0.7159853515625 0.24721875 0.6530380859375 0.24721875 0.6519111328125 0.296369140625 0.7174052734375 0.295357421875
9 0.8216875 0.293037109375 0.819599609375 0.2387451171875 0.7545185546875 0.241181640625 0.7574951171875 0.2949375 0.8216875 0.293037109375
9 0.2825439453125 0.9384736328125 0.2961337890625 0.9205908203125 0.32474609375 0.907 0.3297529296875 0.79684375 0.192416015625 0.7982744140625 0.1795400390625 0.9377587890625 0.2825439453125 0.9384736328125
9 0.399251953125 0.878 0.4610830078125 0.8456123046875 0.4987705078125 0.8291240234375 0.4987705078125 0.7979140625 0.359208984375 0.7985029296875 0.356853515625 0.89448828125 0.399251953125 0.878
9 0.5413935546875 0.80758984375 0.5664970703125 0.8023798828125 0.6489140625 0.802853515625 0.65980859375 0.8080634765625 0.6716494140625 0.808537109375 0.6725966796875 0.7966962890625 0.5252890625 0.797169921875 0.5248154296875 0.815642578125 0.5413935546875 0.80758984375
9 0.7219189453125 0.8167734375 0.756029296875 0.82518359375 0.7761220703125 0.836865234375 0.8097646484375 0.8882646484375 0.81537109375 0.936859375 0.848546875 0.938728515625 0.843875 0.7980830078125 0.694818359375 0.7966806640625 0.6957529296875 0.812568359375 0.7219189453125 0.8167734375
9 1 0.9387119140625 0.9992041015625 0.798283203125 0.8663369140625 0.7999033203125 0.8738984375 0.9387119140625 1 0.9387119140625
1 0.7900712890625 0.998986328125 0.794580078125 0.9839560546875 0.810630859375 0.9735634765625 0.8150673828125 0.9529951171875 0.8121064453125 0.9328701171875 0.8085849609375 0.8885107421875 0.79696484375 0.87045703125 0.77369921875 0.8375888671875 0.7451279296875 0.824587890625 0.7132822265625 0.8168583984375 0.65917578125 0.810365234375 0.646943359375 0.8040771484375 0.5661318359375 0.8045263671875 0.54368359375 0.8108115234375 0.5351533203125 0.8166484375 0.5086650390625 0.8269736328125 0.4170791015625 0.872318359375 0.355693359375 0.898904296875 0.2993544921875 0.920767578125 0.2850595703125 0.940107421875 0.2724462890625 0.949357421875 0.2690830078125 0.9611298828125 0.2690830078125 0.984673828125 0.28085546875 0.9989697265625 0.7265234375 0.99812890625 0.7900712890625 0.998986328125
6 0.0603359375 0.9527109375 0.1047666015625 1 0.2776279296875 0.998701171875 0.267080078125 0.9856220703125 0.266236328125 0.9742294921875 0.1177177734375 0.967478515625 0.081009765625 0.9577744140625 0.0603359375 0.9527109375
6 0.7956298828125 0.9859970703125 0.79154296875 0.999720703125 0.999669921875 0.9993212890625 0.9993212890625 0.9864384765625 0.8165185546875 0.97076953125 0.8146083984375 0.9716904296875 0.8128564453125 0.97490234375 0.7956298828125 0.9859970703125
2 0 0.6518359375 0.0208779296875 0.65454296875 0.0218935546875 0.6646943359375 0.03272265625 0.6660478515625 0.04016796875 0.6768759765625 0.0648720703125 0.67721484375 0.088560546875 0.6860126953125 0.1027744140625 0.694810546875 0.13526171875 0.7039462890625 0.151505859375 0.7049619140625 0.161658203125 0.7069921875 0.169103515625 0.6372861328125 0.126462890625 0.63830078125 0.099728515625 0.6372861328125 0.10209765625 0.621720703125 0.077392578125 0.6173212890625 0.03272265625 0.551337890625 0 0.5570908203125 0 0.6518359375