9 0.6644931640625 0.158607421875 0.7803984375 0.1233125 0.76994140625 0.0827890625 0.652728515625 0.118955078125 0.6644931640625 0.158607421875
9 0.900650390625 0.088078125 0.983099609375 0.06390625 0.9807822265625 0.0572841796875 0.9824375 0.039734375 0.8940283203125 0.0678798828125 0.900650390625 0.088078125
9 0.1675087890625 0 0.1675087890625 0.070931640625 0.2261640625 0.0477421875 0.2247998046875 0 0.1675087890625 0
9 0.100396484375 0 0.098486328125 0.100123046875 0.153322265625 0.076388671875 0.1519580078125 0 0.100396484375 0
9 0.1767802734375 0.29234375 0.2358115234375 0.274541015625 0.230501953125 0.164287109375 0.178654296875 0.18333984375 0.1767802734375 0.29234375
9 0.092138671875 0.311708984375 0.0961982421875 0.31483203125 0.156791015625 0.2979658203125 0.1555419921875 0.1930224609375 0.1077548828125 0.208326171875 0.092138671875 0.311708984375
9 0.1020966796875 0.5637666015625 0.1590419921875 0.55359765625 0.1590419921875 0.4242490234375 0.1061640625 0.4368583984375 0.1020966796875 0.5637666015625
9 0.1871083984375 0.545462890625 0.2464951171875 0.5344794921875 0.24080078125 0.404724609375 0.185888671875 0.4185537109375 0.1871083984375 0.545462890625
9 0.1085302734375 0.858337890625 0.168779296875 0.857099609375 0.1650654296875 0.7118427734375 0.1081171875 0.7188583984375 0.1085302734375 0.858337890625
9 0.1958984375 0.8572880859375 0.2579326171875 0.8572880859375 0.2525498046875 0.70358984375 0.19230078125 0.711017578125 0.1958984375 0.8572880859375
9 0.406552734375 0.2371552734375 0.5625546875 0.1871240234375 0.5420693359375 0.0713046875 0.3978857421875 0.122123046875 0.406552734375 0.2371552734375
9 0.4303759765625 0.5141318359375 0.606478515625 0.478912109375 0.5837138671875 0.331158203125 0.419638671875 0.37325 0.4303759765625 0.5141318359375
9 0.4729755859375 0.8418427734375 0.6537099609375 0.8233466796875 0.63204296875 0.64525390625 0.45130859375 0.667978515625 0.4729755859375 0.8418427734375
9 0.7092783203125 0.464712890625 0.842435546875 0.4380048828125 0.8206875 0.347962890625 0.687912109375 0.3788671875 0.7092783203125 0.464712890625
9 1 0.30751953125 0.9630009765625 0.3193466796875 0.9794072265625 0.3685654296875 0.9858935546875 0.402140625 1 0.404048828125 1 0.30751953125
3 1 0.8826171875 0.8685634765625 0.8917529296875 0.8687021484375 0.9288896484375 0.5479326171875 0.9403701171875 0.5475205078125 0.9304970703125 0.5528681640625 0.9222705078125 0.551634765625 0.907873046875 0.543818359375 0.9037587890625 0.5100869140625 0.899234375 0.4574326171875 0.9008798828125 0.436453125 0.9091064453125 0.43101953125 0.917830078125 0.43348828125 0.9306669921875 0.4389189453125 0.940541015625 0.524447265625 0.9778515625 0.5516259765625 0.9888095703125 0.6035771484375 1 1 1 1 0.8826171875
1 0.596228515625 1 0.5834140625 0.9967060546875 0.5573330078125 0.9925791015625 0.5456044921875 0.98888671875 0.5260576171875 0.982154296875 0.4880478515625 0.9645615234375 0.43852734375 0.942625 0.4331875 0.93794921875 0.4345478515625 0.9355693359375 0.4323369140625 0.930638671875 0.4296962890625 0.922576171875 0.4218447265625 0.918912109375 0.4116376953125 0.919173828125 0.4003837890625 0.922837890625 0.3841572265625 0.914986328125 0.3250146484375 0.8927333984375 0.2881142578125 0.8829521484375 0.2767763671875 0.8809521484375 0.2391875 0.86561328125 0.221404296875 0.8618349609375 0.200064453125 0.859833984375 0.1771689453125 0.8593896484375 0.1491591796875 0.859833984375 0.111591796875 0.859611328125 0.0702392578125 0.860908203125 0.0348037109375 0.864705078125 0 0.8681845703125 0 1 0.596228515625 1
8 1 0.651046875 0.9571796875 0.6581298828125 0.8627392578125 0.66757421875 0.7271806640625 0.68469140625 0.6640234375 0.6858720703125 0.5867001953125 0.693544921875 0.480798828125 0.7058701171875 0.42665625 0.71539453125 0.3529345703125 0.7229150390625 0.269212890625 0.727927734375 0.21958203125 0.73294140625 0.1859921875 0.737955078125 0.1669423828125 0.746978515625 0.159421875 0.7600126953125 0.1589208984375 0.78307421875 0.1732275390625 0.8372685546875 0.1802783203125 0.8540537109375 0.193623046875 0.8573974609375 0.20254296875 0.858447265625 0.231927734375 0.8597587890625 0.247931640625 0.8660556640625 0.2768642578125 0.8777314453125 0.3293154296875 0.891673828125 0.364458984375 0.905236328125 0.3828994140625 0.9117021484375 0.4013740234375 0.9215205078125 0.4099951171875 0.9167314453125 0.4231669921875 0.9172099609375 0.4289140625 0.91816796875 0.434421875 0.90643359375 0.4564541015625 0.8985302734375 0.5108115234375 0.896615234375 0.544578125 0.9006865234375 0.5532001953125 0.905955078125 0.5551162109375 0.9217607421875 0.54984765625 0.9315791015625 0.550326171875 0.9370869140625 0.8660908203125 0.926701171875 0.86489453125 0.890015625 1 0.8788505859375 1 0.651046875
2 0 0 0 0.862439453125 0.086408203125 0.854701171875 0.1844404296875 0.8538408203125 0.2330224609375 0.8568505859375 0.28215234375 0.874349609375 0.3298515625 0.88809375 0.3838564453125 0.908140625 0.401541015625 0.919275390625 0.4103828125 0.91403515625 0.42872265625 0.9146904296875 0.43298046875 0.9038828125 0.455904296875 0.8960224609375 0.510923828125 0.894712890625 0.547046875 0.899013671875 0.55525 0.904396484375 0.5580703125 0.9213154296875 0.5537119140625 0.9305439453125 0.5537119140625 0.933876953125 0.865857421875 0.92328125 0.86136328125 0.8873291015625 0.9998095703125 0.876798828125 1 0.6425302734375 1 0 0 0
0 0.944146484375 0.4187021484375 0.9413916015625 0.404240234375 0.7024287109375 0.453134765625 0.7031171875 0.46346484375 0.944146484375 0.4187021484375
0 0.865390625 0.109982421875 0.860759765625 0.098984375 0.6477412109375 0.162080078125 0.6494775390625 0.174236328125 0.865390625 0.109982421875
0 1 0.05846484375 0.9001220703125 0.0885654296875 0.9030166015625 0.09608984375 1 0.069462890625 1 0.05846484375