2 0.070748046875 0 0.00077734375 0.069970703125 0 1 1 1 1 0.5715322265625 0.9555224609375 0.5334375 0.947359375 0.53110546875 0.328716796875 0 0.070748046875 0
9 0.328541015625 0.25801171875 0.244853515625 0.301490234375 0.2455068359375 0.5168681640625 0.35109765625 0.4815341796875 0.33867578125 0.25997265625 0.328541015625 0.25801171875
9 0.3298525390625 0.1383349609375 0.3025341796875 0.0197587890625 0.2967216796875 0.0203408203125 0.2583603515625 0.0473681640625 0.2415048828125 0.063064453125 0.2423759765625 0.186287109375 0.3298525390625 0.1383349609375
9 0.3305849609375 0.88121875 0.33083984375 0.88708984375 0.314501953125 0.8955146484375 0.3167998046875 0.920021484375 0.3065888671875 0.92563671875 0.3053125 0.94223046875 0.2825927734375 0.947080078125 0.28284765625 0.9631630859375 0.3742373046875 0.9606103515625 0.35764453125 0.632927734375 0.2464453125 0.662611328125 0.247607421875 0.8881318359375 0.3305849609375 0.88121875
9 0.4815634765625 0.9277119140625 0.47280078125 0.7669365234375 0.3643671875 0.7530634765625 0.374224609375 0.936109375 0.4815634765625 0.9277119140625
9 0.3493701171875 0.44017578125 0.351421875 0.48019140625 0.36296484375 0.4781396484375 0.448126953125 0.5127685546875 0.4468447265625 0.4853212890625 0.3493701171875 0.44017578125
9 0.7926416015625 0.6569443359375 0.763818359375 0.5226328125 0.7528486328125 0.5213427734375 0.6956318359375 0.5396845703125 0.7104736328125 0.6218525390625 0.7926416015625 0.6569443359375
9 0.8455029296875 0.9013251953125 0.8122353515625 0.748521484375 0.7349873046875 0.7592333984375 0.7659990234375 0.906681640625 0.8455029296875 0.9013251953125
9 0.8140859375 0.519876953125 0.8284052734375 0.580017578125 0.857998046875 0.5962451171875 0.8400517578125 0.5372509765625 0.8140859375 0.519876953125
9 0.8483251953125 0.6640380859375 0.868412109375 0.7343994140625 0.888654296875 0.7398916015625 0.8718642578125 0.672826171875 0.8483251953125 0.6640380859375
9 0.8862763671875 0.820953125 0.9037109375 0.9059169921875 0.9332822265625 0.905255859375 0.9118759765625 0.82580859375 0.8862763671875 0.820953125
9 0.999982421875 0.9052705078125 1 0.7998984375 0.955888671875 0.803947265625 0.982884765625 0.90549609375 0.999982421875 0.9052705078125
9 0.9977412109375 0.742009765625 0.9681435546875 0.6459423828125 0.9172568359375 0.655029296875 0.9398447265625 0.7479814453125 0.9977412109375 0.742009765625
9 0.923748046875 0.601033203125 0.920373046875 0.5880517578125 0.9463349609375 0.582859375 0.9214111328125 0.532232421875 0.886361328125 0.5392421875 0.9029775390625 0.604927734375 0.923748046875 0.601033203125
0 0.361134765625 0.4584248046875 0.3707744140625 0.46181640625 0.3497099609375 0.468064453125 0.3516728515625 0.49394921875 0.3593408203125 0.49751953125 0.48903515625 0.5483955078125 0.811599609375 0.6734482421875 0.8039228515625 0.642921875 0.4795302734375 0.50341015625 0.36434765625 0.453248046875 0.361669921875 0.45467578125 0.361134765625 0.4584248046875
0 0.350146484375 0.1203525390625 0.3293671875 0.1324736328125 0.3345615234375 0.154986328125 0.3407958984375 0.15325390625 0.354302734375 0.1587958984375 0.6093154296875 0.3465107421875 0.7631181640625 0.4545673828125 0.7651962890625 0.4486796875 0.76658203125 0.431708984375 0.66146875 0.3505693359375 0.5142490234375 0.2374736328125 0.409265625 0.1590556640625 0.3465107421875 0.1104814453125 0.3413154296875 0.112732421875 0.350146484375 0.1203525390625
0 0 0.3131201171875 0.0274423828125 0.295294921875 0.0333056640625 0.2176591796875 0 0.2439287109375 0 0.3131201171875
4 0.2782802734375 1 0.2828095703125 0.945529296875 0.304890625 0.9415654296875 0.3056953125 0.9246162109375 0.3164521484375 0.91966796875 0.3138701171875 0.89366015625 0.330650390625 0.8869912109375 0.3300048828125 0.8822578125 0.2435234375 0.8887119140625 0 0.9054921875 0 1 0.168755859375 1 0.1680322265625 0.9963193359375 0.2654208984375 0.960029296875 0.2614755859375 1 0.2782802734375 1
4 0.5894169921875 0.9218515625 0.37508984375 0.9362548828125 0.372888671875 0.971591796875 0.6288837890625 0.9641552734375 0.87380078125 0.936599609375 0.8701240234375 0.8989765625 0.5894169921875 0.9218515625
9 0.82752734375 0.8139052734375 0.846650390625 0.90061328125 0.85712890625 0.899828125 0.838267578125 0.816787109375 0.82752734375 0.8139052734375
8 0.6339423828125 0.9864892578125 0.6271083984375 0.9816650390625 0.6222841796875 0.9788515625 0.6331376953125 0.976841796875 0.6331376953125 0.971615234375 0.6267060546875 0.9643798828125 0.6464033203125 0.9639775390625 0.665296875 0.967595703125 0.658865234375 0.9591533203125 0.6468056640625 0.9531240234375 0.63032421875 0.9531240234375 0.61665625 0.9559375 0.6158525390625 0.949505859375 0.6311279296875 0.94749609375 0.6484140625 0.9458876953125 0.6576591796875 0.940259765625 0.664091796875 0.9370439453125 0.6556494140625 0.9277978515625 0.6443935546875 0.916140625 0.618666015625 0.918552734375 0.614646484375 0.9153369140625 0.627912109375 0.9016689453125 0.619068359375 0.8976484375 0.5977626953125 0.90689453125 0.587712890625 0.9145322265625 0.5531416015625 0.9189541015625 0.5346494140625 0.913728515625 0.5097265625 0.9012666015625 0.4996767578125 0.8908154296875 0.4928427734375 0.8928251953125 0.500078125 0.904884765625 0.4771650390625 0.9020703125 0.4663115234375 0.8944326171875 0.4566630859375 0.8972470703125 0.4373671875 0.898453125 0.44219140625 0.9153369140625 0.4385732421875 0.9277978515625 0.4277197265625 0.9217685546875 0.4096298828125 0.9056884765625 0.40681640625 0.913326171875 0.41566015625 0.9237783203125 0.4056103515625 0.9257880859375 0.3973994140625 0.9310146484375 0.3998115234375 0.944681640625 0.4042333984375 0.9555361328125 0.3905654296875 0.9523203125 0.382525390625 0.9619677734375 0.377701171875 0.9575458984375 0.378103515625 0.9422705078125 0.3772998046875 0.92016015625 0.37126953125 0.913728515625 0.362828125 0.908904296875 0.3519736328125 0.9105126953125 0.3431298828125 0.9169443359375 0.3371005859375 0.9241806640625 0.337904296875 0.9322197265625 0.33066796875 0.935837890625 0.3230302734375 0.9330244140625 0.3081572265625 0.926994140625 0.30413671875 0.93825 0.286046875 0.9466923828125 0.2836357421875 0.9575458984375 0.247919921875 0.9670673828125 0.228677734375 0.975123046875 0.2233076171875 0.9876533203125 0.2246494140625 1 0.628314453125 0.9993525390625 0.632333984375 0.9913134765625 0.6339423828125 0.9864892578125
8 0.6787099609375 0.9122275390625 0.6983603515625 0.9170791015625 0.700658203125 0.927037109375 0.7049990234375 0.935974609375 0.7236396484375 0.941591796875 0.7430458984375 0.9421025390625 0.7545361328125 0.937505859375 0.7591318359375 0.92805859375 0.7601533203125 0.91350390625 0.82730859375 0.9079638671875 0.8462041015625 0.9051552734375 0.8451826171875 0.8992822265625 0.8390546875 0.8778330078125 0.83496875 0.8627685546875 0.831138671875 0.8661240234375 0.826287109375 0.881189453125 0.8232236328125 0.866890625 0.820033203125 0.86561328125 0.811095703125 0.86969921875 0.807265625 0.8737841796875 0.8039462890625 0.88501953125 0.801392578125 0.8822109375 0.7962861328125 0.877103515625 0.7922001953125 0.8799130859375 0.779177734375 0.866890625 0.7786669921875 0.8865517578125 0.7761142578125 0.883232421875 0.774326171875 0.872251953125 0.770751953125 0.868421875 0.7674326171875 0.8689326171875 0.768708984375 0.8829765625 0.7636025390625 0.8737841796875 0.7537734375 0.8553994140625 0.74764453125 0.8523359375 0.7433037109375 0.8546337890625 0.739984375 0.85999609375 0.7338564453125 0.858208984375 0.7249189453125 0.8467177734375 0.7195576171875 0.846462890625 0.7198125 0.8543779296875 0.731302734375 0.8768486328125 0.72185546875 0.874294921875 0.71776953125 0.876337890625 0.71776953125 0.881189453125 0.72747265625 0.88910546875 0.71215234375 0.8896162109375 0.70321484375 0.8919140625 0.6998955078125 0.9067236328125 0.696576171875 0.9067236328125 0.6912138671875 0.90442578125 0.6853408203125 0.905447265625 0.6838095703125 0.91004296875 0.677169921875 0.90927734375 0.6738505859375 0.89880859375 0.6656796875 0.8942119140625 0.6605732421875 0.89548828125 0.65725390625 0.9018720703125 0.6557216796875 0.9113203125 0.6787099609375 0.9122275390625
0 0.9631220703125 0.599109375 1 0.6264814453125 0.999986328125 0.6072763671875 0.96908203125 0.58056640625 0.921400390625 0.5880712890625 0.9255947265625 0.6052900390625 0.9631220703125 0.599109375