9 0.2280419921875 0.1859111328125 0.2263701171875 0.1337490234375 0.1701953125 0.1203740234375 0.1685234375 0.1711982421875 0.2280419921875 0.1859111328125
9 0 0.0733310546875 0.0002841796875 0.1361455078125 0.029275390625 0.140693359375 0.0343916015625 0.0810048828125 0 0.0733310546875
9 0.000927734375 0.2579208984375 0.027369140625 0.2616318359375 0.035255859375 0.1781328125 0 0.1707099609375 0.000927734375 0.2579208984375
9 0.058212890625 0.28101953125 0.0633642578125 0.2088974609375 0.049970703125 0.19524609375 0.0432734375 0.2683984375 0.058212890625 0.28101953125
9 0.2283955078125 0.3258134765625 0.2276962890625 0.251001953125 0.1643046875 0.2391162109375 0.1631396484375 0.314626953125 0.2283955078125 0.3258134765625
9 0 0.3331904296875 0.0003046875 0.432677734375 0.009134765625 0.432373046875 0.01826953125 0.336458984375 0 0.3331904296875
9 0.0349248046875 0.350052734375 0.0277265625 0.4369658203125 0.0453232421875 0.4460302734375 0.0522548828125 0.3620498046875 0.0349248046875 0.350052734375
9 0.227056640625 0.47948046875 0.227412109375 0.3958779296875 0.1592001953125 0.3867333984375 0.156533203125 0.472369140625 0.227056640625 0.47948046875
9 0.0184892578125 0.5284033203125 0.00778515625 0.6347978515625 0.0262744140625 0.64063671875 0.036330078125 0.5368369140625 0.0184892578125 0.5284033203125
9 0.2234833984375 0.657474609375 0.2234833984375 0.5608720703125 0.151392578125 0.5559697265625 0.14735546875 0.6537265625 0.2234833984375 0.657474609375
9 0.265294921875 0.2728828125 0.26587890625 0.30761328125 0.2798876953125 0.31082421875 0.2798876953125 0.2752177734375 0.265294921875 0.2728828125
9 0.3963369140625 0.355185546875 0.39254296875 0.289810546875 0.340884765625 0.2807626953125 0.3430244140625 0.3471259765625 0.3963369140625 0.355185546875
9 0.265890625 0.4565986328125 0.280560546875 0.457908203125 0.2795126953125 0.419138671875 0.26615234375 0.4186142578125 0.265890625 0.4565986328125
9 0.403158203125 0.50139453125 0.3994912109375 0.4272587890625 0.3463134765625 0.419923828125 0.347884765625 0.4945830078125 0.403158203125 0.50139453125
9 0.2839375 0.6249765625 0.283490234375 0.5786240234375 0.266248046875 0.57817578125 0.266248046875 0.6249765625 0.2839375 0.6249765625
9 0.412798828125 0.667056640625 0.409169921875 0.5817744140625 0.352013671875 0.57678515625 0.3533740234375 0.664107421875 0.412798828125 0.667056640625
9 0.609984375 0.681650390625 0.59752734375 0.5985546875 0.535451171875 0.5936220703125 0.54449609375 0.6768681640625 0.609984375 0.681650390625
9 0.3087666015625 0.1826806640625 0.3087666015625 0.1513564453125 0.289814453125 0.148197265625 0.290078125 0.1792587890625 0.3087666015625 0.1826806640625
9 0.38747265625 0.2240078125 0.3869462890625 0.1734677734375 0.33851171875 0.1618857421875 0.33851171875 0.2150576171875 0.38747265625 0.2240078125
9 0.5436455078125 0.2107158203125 0.5012919921875 0.1997578125 0.5038203125 0.2513837890625 0.5489765625 0.2603173828125 0.5436455078125 0.2107158203125
9 0.6878095703125 0.2901220703125 0.6797294921875 0.2441669921875 0.643875 0.23633984375 0.6494296875 0.282546875 0.6878095703125 0.2901220703125
9 0.812943359375 0.3196142578125 0.8028076171875 0.27365234375 0.771458984375 0.2675244140625 0.7801806640625 0.3139580078125 0.812943359375 0.3196142578125
9 0.9184169921875 0.3342373046875 0.9081162109375 0.291984375 0.87742578125 0.2873603515625 0.887095703125 0.3291923828125 0.9184169921875 0.3342373046875
9 0.9926220703125 0.3518955078125 0.97916796875 0.3125859375 0.9558349609375 0.308591796875 0.966134765625 0.35084375 0.9926220703125 0.3518955078125
9 0.5703544921875 0.385013671875 0.5610205078125 0.3223447265625 0.507685546875 0.3143447265625 0.512685546875 0.376013671875 0.5703544921875 0.385013671875
9 0.7087275390625 0.4094130859375 0.69876953125 0.35021484375 0.6611474609375 0.3438515625 0.669169921875 0.403880859375 0.7087275390625 0.4094130859375
0 0.8185673828125 0.4348173828125 0.9319619140625 0.4555859375 0.921046875 0.4132236328125 0.8085146484375 0.3916533203125 0.7610546875 0.406556640625 0.7724580078125 0.4576240234375 0.8185673828125 0.4348173828125
9 0.8194306640625 0.431935546875 0.84230078125 0.4379130859375 0.82670703125 0.3763193359375 0.792921875 0.3711220703125 0.8046162109375 0.4386923828125 0.8194306640625 0.431935546875
9 0.9322568359375 0.4536787109375 0.9341962890625 0.4601455078125 0.9257890625 0.4653193359375 0.925142578125 0.4685537109375 0.925142578125 0.4743740234375 0.930962890625 0.5025068359375 0.9668564453125 0.5060634765625 0.9484248046875 0.4472119140625 0.9180283203125 0.4417138671875 0.919322265625 0.452708984375 0.9322568359375 0.4536787109375
0 0.8474287109375 0.5741728515625 0.96729296875 0.5884228515625 0.9526240234375 0.5381298828125 0.8365322265625 0.52765234375 0.79587890625 0.5439970703125 0.80426171875 0.5892607421875 0.8474287109375 0.5741728515625
9 0.8706865234375 0.5702744140625 0.8519111328125 0.4919892578125 0.8191328125 0.4913525390625 0.8363173828125 0.571546875 0.8706865234375 0.5702744140625
9 0.9683837890625 0.587140625 0.9693388671875 0.5947783203125 0.958201171875 0.597005859375 0.9597919921875 0.605916015625 0.9655205078125 0.631056640625 1 0.6332841796875 0.982068359375 0.567728515625 0.9499267578125 0.56613671875 0.9540634765625 0.586822265625 0.9683837890625 0.587140625
9 0.89996484375 0.6994580078125 0.884826171875 0.6271640625 0.8496064453125 0.625619140625 0.864126953125 0.6991484375 0.89996484375 0.6994580078125
9 0.881419921875 0.7710654296875 0.8952138671875 0.836146484375 0.932439453125 0.835005859375 0.920326171875 0.7707119140625 0.881419921875 0.7710654296875
9 0.7584365234375 0.689666015625 0.7458974609375 0.6146259765625 0.704556640625 0.6110986328125 0.7161162109375 0.6882939453125 0.7584365234375 0.689666015625
9 0.6266552734375 0.855703125 0.6174794921875 0.7612294921875 0.5549501953125 0.7605498046875 0.562765625 0.855703125 0.6266552734375 0.855703125
9 0.7843125 0.8303876953125 0.774958984375 0.7662978515625 0.7295771484375 0.76456640625 0.7437802734375 0.8452841796875 0.7843125 0.8303876953125
9 1 0.71569921875 0.987455078125 0.7163564453125 0.9999423828125 0.764990234375 1 0.71569921875
9 0.7344033203125 0.542201171875 0.7210556640625 0.47427734375 0.681607421875 0.4716083984375 0.6925810546875 0.5386416015625 0.7344033203125 0.542201171875
9 0.585529296875 0.52340234375 0.5759150390625 0.4523984375 0.520443359375 0.4464814453125 0.52562109375 0.5164990234375 0.585529296875 0.52340234375
9 0.214775390625 0.8346943359375 0.2177578125 0.7500859375 0.142912109375 0.7500859375 0.141013671875 0.8360498046875 0.214775390625 0.8346943359375
8 0.1384970703125 0.8482958984375 0.154263671875 0.8482958984375 0.1570458984375 0.8526240234375 0.1601376953125 0.8538603515625 0.165083984375 0.8538603515625 0.1709580078125 0.8504599609375 0.1941435546875 0.8498408203125 0.19476171875 0.847986328125 0.2083642578125 0.847986328125 0.2167109375 0.850150390625 0.21995703125 0.84783203125 0.220111328125 0.842421875 0.21640234375 0.8331474609375 0.2105283203125 0.8266552734375 0.2062001953125 0.825109375 0.2015625 0.8254189453125 0.191361328125 0.8309833984375 0.1885791015625 0.8297470703125 0.1836328125 0.825109375 0.1808505859375 0.823873046875 0.176212890625 0.823873046875 0.171884765625 0.828201171875 0.1644658203125 0.83809375 0.1570458984375 0.83809375 0.1480810546875 0.8374755859375 0.14437109375 0.8377841796875 0.139115234375 0.8402578125 0.1372607421875 0.8464404296875 0.1384970703125 0.8482958984375
7 0.9700869140625 0.9814580078125 0.9763603515625 0.980673828125 0.9410703125 0.8222607421875 0.97283203125 0.8187314453125 0.96263671875 0.7673642578125 0.9304833984375 0.7708935546875 0.9265625 0.768541015625 0.9238173828125 0.7693251953125 0.9222490234375 0.7720703125 0.951265625 0.8995068359375 0.969302734375 0.9818505859375 0.9700869140625 0.9814580078125
4 1 0.83428515625 0.934853515625 0.8356220703125 0.7758408203125 0.8334658203125 0.70001953125 0.860552734375 0.705421875 0.9184375 0.691365234375 0.9280390625 0.6800712890625 0.915763671875 0.6653408203125 0.905943359375 0.6329326171875 0.91969140625 0.6329326171875 0.9344228515625 0.6255673828125 0.935404296875 0.6211484375 0.9260751953125 0.610345703125 0.92656640625 0.610345703125 0.935404296875 0.598560546875 0.935404296875 0.5916865234375 0.9211650390625 0.605435546875 0.9152724609375 0.605435546875 0.9093798828125 0.5882490234375 0.915763671875 0.5843212890625 0.9152724609375 0.5494580078125 0.924111328125 0.565662109375 1 0.7758154296875 0.99031640625 1 0.9726083984375 1 0.83428515625
8 0 0.913869140625 0.0004267578125 0.9249892578125 0.0004267578125 0.933953125 0.00298828125 0.9399296875 0.0034150390625 0.9437705078125 0.00170703125 0.9514541015625 0 0.95572265625 0.0153662109375 0.95572265625 0.0251845703125 0.954869140625 0.033294921875 0.950173828125 0.04055078125 0.94163671875 0.0448193359375 0.933953125 0.0409775390625 0.9288310546875 0.036708984375 0.9296845703125 0.032013671875 0.93224609375 0.0298798828125 0.9292578125 0.0315869140625 0.9224287109375 0.0401240234375 0.915171875 0.0422587890625 0.911330078125 0.042685546875 0.904927734375 0.0486611328125 0.8955361328125 0.04994140625 0.8874267578125 0.04524609375 0.8805966796875 0.0435390625 0.8720595703125 0.037990234375 0.867791015625 0.0341484375 0.861388671875 0.02646484375 0.86053515625 0.022623046875 0.8635224609375 0.0140859375 0.8703525390625 0.0089638671875 0.8767548828125 0.00640234375 0.8835849609375 0.00640234375 0.891267578125 0.0089638671875 0.8998046875 0.0034150390625 0.901939453125 0 0.9050556640625 0 0.913869140625
8 0.21065625 0.99309375 0.2133916015625 0.9872802734375 0.214076171875 0.977705078125 0.22194140625 0.9732587890625 0.2267294921875 0.977705078125 0.229123046875 0.9804404296875 0.2277548828125 0.9876220703125 0.2301484375 0.990015625 0.2386533203125 0.99101953125 0.3697783203125 0.9832666015625 0.372474609375 0.9809072265625 0.3714638671875 0.9718056640625 0.371126953125 0.9505693359375 0.3721376953125 0.9310185546875 0.372474609375 0.9195576171875 0.3771943359375 0.908771484375 0.375845703125 0.894951171875 0.3761826171875 0.885849609375 0.3697783203125 0.878771484375 0.3650595703125 0.881130859375 0.35696875 0.88989453125 0.3549462890625 0.8831533203125 0.350564453125 0.883490234375 0.3451708984375 0.8848388671875 0.3444970703125 0.900681640625 0.3407890625 0.8946142578125 0.336744140625 0.8871982421875 0.33505859375 0.899669921875 0.334384765625 0.8959619140625 0.33269921875 0.8871982421875 0.328654296875 0.880119140625 0.323935546875 0.8774228515625 0.3185419921875 0.8774228515625 0.315845703125 0.88753515625 0.305546875 0.888625 0.29928515625 0.8836806640625 0.2930224609375 0.87906640625 0.291044921875 0.889943359375 0.288078125 0.887306640625 0.2834638671875 0.8853291015625 0.2818154296875 0.89126171875 0.2758828125 0.892580078125 0.271267578125 0.8906025390625 0.271267578125 0.9008203125 0.26632421875 0.8971953125 0.2597314453125 0.88433984375 0.2505029296875 0.89126171875 0.2448994140625 0.8892841796875 0.2350107421875 0.891591796875 0.2310556640625 0.898513671875 0.2267705078125 0.9097197265625 0.227759765625 0.9209267578125 0.2214970703125 0.932462890625 0.2198486328125 0.929826171875 0.216552734375 0.919279296875 0.2102900390625 0.9100498046875 0.201720703125 0.9014794921875 0.18820703125 0.893240234375 0.1763408203125 0.893240234375 0.16579296875 0.8978544921875 0.1615078125 0.902798828125 0.1555751953125 0.9130166015625 0.152279296875 0.93279296875 0.150630859375 0.9262001953125 0.147005859375 0.9179599609375 0.143708984375 0.9126865234375 0.1371171875 0.9084013671875 0.1311845703125 0.9084013671875 0.123603515625 0.9153232421875 0.1186591796875 0.920267578125 0.1133857421875 0.929826171875 0.10316796875 0.9472958984375 0.100201171875 0.9608095703125 0.098552734375 0.96937890625 0.095916015625 0.9799267578125 0.097234375 0.9911337890625 0.1021787109375 0.998384765625 0.21065625 0.99309375
6 0.8386328125 0.988017578125 0.701421875 0.9947880859375 0.5928857421875 0.9997099609375 1 1 0.9994892578125 0.975361328125 0.8386328125 0.988017578125
2 0.56348828125 1 0.5483642578125 0.9228818359375 0.586732421875 0.9140537109375 0.6057470703125 0.90794140625 0.60710546875 0.915412109375 0.5935234375 0.92186328125 0.5996357421875 0.9337470703125 0.609482421875 0.933068359375 0.6101611328125 0.9255986328125 0.6206875 0.923900390625 0.6257802734375 0.9344267578125 0.631552734375 0.9337470703125 0.6322314453125 0.91744921875 0.6655068359375 0.904546875 0.6818056640625 0.9157509765625 0.6919912109375 0.9269560546875 0.7045546875 0.9181279296875 0.698103515625 0.8604052734375 0.7754638671875 0.8331767578125 0.9994453125 0.8313447265625 0.9997548828125 0.27123828125 0.9196396484375 0.214380859375 0.842427734375 0.2484580078125 0.6394052734375 0.1948291015625 0.637662109375 0.182189453125 0.6389697265625 0.173908203125 0.6093310546875 0.16911328125 0.6006142578125 0.1791376953125 0.59451171875 0.1834970703125 0.5927685546875 0.17129296875 0.58928125 0.163447265625 0.5844873046875 0.158216796875 0.574462890625 0.1638828125 0.5705400390625 0.1726005859375 0.5679248046875 0.174779296875 0.469419921875 0.1508076171875 0.469419921875 0.146884765625 0.466369140625 0.1377314453125 0.463318359375 0.1377314453125 0.460267578125 0.138603515625 0.4593955078125 0.147755859375 0.28402734375 0.100875 0 0.0276142578125 0 1 0.52614453125 1 0.56348828125 1