9 1 0.3872939453125 0.999939453125 0.304302734375 0.8846220703125 0.3098974609375 0.8889736328125 0.3866728515625 1 0.3872939453125
9 1 0.5612763671875 0.99988671875 0.4547509765625 0.8957822265625 0.459189453125 0.902642578125 0.563697265625 1 0.5612763671875
9 1 0.6325986328125 0.90427734375 0.63536328125 0.9102001953125 0.71947265625 1 0.7163134765625 1 0.6325986328125
9 0.4709755859375 0.40051171875 0.473896484375 0.342826171875 0.3833525390625 0.3453818359375 0.3782412109375 0.4037978515625 0.4709755859375 0.40051171875
9 0.3595234375 0.4846708984375 0.35359375 0.5598837890625 0.4653212890625 0.5595712890625 0.4696904296875 0.482173828125 0.3595234375 0.4846708984375
9 0.34625 0.643669921875 0.3393134765625 0.7277353515625 0.4550078125 0.7266259765625 0.459724609375 0.642837890625 0.34625 0.643669921875
9 0.619876953125 0.7200283203125 0.6225380859375 0.6365126953125 0.56131640625 0.6381767578125 0.5603173828125 0.7196953125 0.619876953125 0.7200283203125
9 0.5816669921875 0.5033544921875 0.5819287109375 0.501521484375 0.6041884765625 0.501521484375 0.603279296875 0.46381640625 0.5673916015625 0.46381640625 0.5665595703125 0.504265625 0.5816669921875 0.5033544921875
9 0.5983720703125 0.3311318359375 0.5977236328125 0.31134765625 0.5682099609375 0.3132939453125 0.5675615234375 0.3314560546875 0.5983720703125 0.3311318359375
9 0.7644228515625 0.7162294921875 0.7651640625 0.63763671875 0.7369892578125 0.6406025390625 0.7377314453125 0.7184541015625 0.7644228515625 0.7162294921875
9 0.73771875 0.462173828125 0.73771875 0.4982958984375 0.7872705078125 0.4978330078125 0.78634375 0.46078515625 0.73771875 0.462173828125
9 0.7448330078125 0.5709580078125 0.7439306640625 0.548396484375 0.71144140625 0.549599609375 0.7120439453125 0.5697548828125 0.7448330078125 0.5709580078125
0 1 0.4965888671875 0.8381865234375 0.497359375 0.8393427734375 0.572927734375 1 0.57369921875 1 0.4965888671875
0 1 0.3173759765625 0.836119140625 0.3236376953125 0.838755859375 0.3994384765625 1 0.39284765625 1 0.3173759765625
0 0.83817578125 0.581142578125 0.83495703125 0.4968955078125 0.5038720703125 0.5033349609375 0.4995791015625 0.583826171875 0.83817578125 0.581142578125
0 0.510310546875 0.3316220703125 0.502798828125 0.4078193359375 0.8312001953125 0.39655078125 0.8290537109375 0.3208896484375 0.510310546875 0.3316220703125
0 0.822119140625 0.2279140625 0.8237470703125 0.1600830078125 0.5128076171875 0.171478515625 0.5084658203125 0.2409384765625 0.822119140625 0.2279140625
0 0.1851240234375 0.4042666015625 0.1783994140625 0.4683486328125 0.2480185546875 0.4691396484375 0.2563251953125 0.403080078125 0.1851240234375 0.4042666015625
0 0.1663603515625 0.5501376953125 0.157568359375 0.6140439453125 0.2333095703125 0.6137060546875 0.240072265625 0.546755859375 0.1663603515625 0.5501376953125
0 0.14753515625 0.70237109375 0.140474609375 0.76777734375 0.2177724609375 0.7726083984375 0.225205078125 0.7034853515625 0.14753515625 0.70237109375
1 0.5698779296875 0.925109375 0.5695986328125 0.944673828125 0.57099609375 0.9661943359375 0.5740703125 0.9734609375 0.5941943359375 0.973181640625 0.5978271484375 0.9664736328125 0.602298828125 0.95054296875 0.6942509765625 0.9530576171875 0.695369140625 0.962001953125 0.6967666015625 0.9759765625 0.713255859375 0.978771484375 0.7196845703125 0.97401953125 0.7286279296875 0.9511015625 0.7343134765625 0.9283935546875 0.7357314453125 0.9096064453125 0.7311240234375 0.89436328125 0.74459375 0.8924140625 0.74459375 0.889578125 0.7444169921875 0.884615234375 0.7408720703125 0.8810703125 0.7295283203125 0.8805390625 0.72509765625 0.8828427734375 0.71144921875 0.8548388671875 0.7061328125 0.849521484375 0.6993974609375 0.8470400390625 0.6171845703125 0.845041015625 0.611578125 0.8468349609375 0.5799560546875 0.8802509765625 0.5752470703125 0.89213671875 0.571275390625 0.9105751953125 0.5698779296875 0.925109375
8 0 0.89767578125 0.0892099609375 0.8826640625 0.1822802734375 0.8633642578125 0.2135888671875 0.847923828125 0.2161630859375 0.815328125 0.203724609375 0.8157568359375 0.19214453125 0.8144697265625 0.17970703125 0.8041767578125 0.169841796875 0.7913095703125 0.157404296875 0.7913095703125 0.151828125 0.799458984375 0.138533203125 0.8148984375 0.114943359375 0.8166142578125 0.0862080078125 0.8144697265625 0.0806318359375 0.809751953125 0.0746279296875 0.798171875 0.0639052734375 0.7925966796875 0.03602734375 0.7883076171875 0.0077197265625 0.785734375 0.0111513671875 0.773724609375 0.0167265625 0.759142578125 0.0162978515625 0.74970703125 0.0120087890625 0.746275390625 0.0025732421875 0.7449892578125 0 0.7492783203125 0 0.89767578125
2 1 0.189005859375 0.832330078125 0.1209853515625 0.8303056640625 0.0647060546875 0.5006279296875 0.08292578125 0.514798828125 0.1238193359375 0.51641796875 0.142849609375 0.21216015625 0.2890888671875 0.20568359375 0.289322265625 0.2019052734375 0.294359375 0.20568359375 0.30149609375 0.2300302734375 0.32164453125 0.18091796875 0.3195458984375 0.17378125 0.3245830078125 0.174201171875 0.33087890625 0.2035849609375 0.3518671875 0.2027451171875 0.4013994140625 0.18385546875 0.402658203125 0.1762998046875 0.4701337890625 0.1935107421875 0.4755908203125 0.18553515625 0.5469501953125 0.164546875 0.5477900390625 0.154716796875 0.6157587890625 0.1758427734375 0.617623046875 0.1671435546875 0.69715625 0.146017578125 0.69901953125 0.142470703125 0.7167158203125 0.018171875 0.717443359375 0.036552734375 0.651416015625 0.0404794921875 0.5625615234375 0 0.541802734375 0.000033203125 0.62103125 0 0.7878984375 0.0121552734375 0.784755859375 0.06198828125 0.790591796875 0.074076171875 0.7959794921875 0.087095703125 0.81258984375 0.11537890625 0.8148349609375 0.137826171875 0.81258984375 0.1580283203125 0.7892451171875 0.1714970703125 0.7892451171875 0.1782314453125 0.7991220703125 0.1912509765625 0.8116923828125 0.2172890625 0.8143857421875 0.212779296875 0.85505859375 0.2293291015625 0.8542705078125 0.2464140625 0.9338818359375 0.387943359375 0.9356767578125 0.391740234375 0.945802734375 0.5683037109375 0.950232421875 0.5689091796875 0.9347294921875 0.571107421875 0.9090322265625 0.57454296875 0.891580078125 0.5804765625 0.878525390625 0.611396484375 0.84595703125 0.6181298828125 0.8444453125 0.70056640625 0.8466435546875 0.705513671875 0.8488427734375 0.7115595703125 0.85365234375 0.7253017578125 0.882373046875 0.7294248046875 0.8796240234375 0.7413798828125 0.8811357421875 0.744541015625 0.8841591796875 0.7450068359375 0.8930703125 0.73190234375 0.895025390625 0.7364013671875 0.9091083984375 0.73477734375 0.933791015625 0.937521484375 0.9373125 0.946833984375 0.949458984375 0.9840830078125 0.9535078125 0.9840830078125 0.9421708984375 1 0.9405517578125 1 0.189005859375
8 0.0452509765625 0.5709130859375 0.0392177734375 0.652365234375 0.02036328125 0.7157158203125 0.14027734375 0.7119453125 0.1440478515625 0.697615234375 0.1659189453125 0.6930908203125 0.1734609375 0.6237060546875 0.15158984375 0.6176728515625 0.16290234375 0.546025390625 0.18401953125 0.544517578125 0.1908076171875 0.4773955078125 0.1749697265625 0.4713623046875 0.1738095703125 0.44908203125 0.16233984375 0.4473173828125 0.13675390625 0.4473173828125 0.113814453125 0.4543759765625 0.08381640625 0.471138671875 0.0652890625 0.4958427734375 0.0573486328125 0.5187822265625 0.0441142578125 0.547015625 0.0452509765625 0.5709130859375
4 0 0.9658125 0.212484375 0.9506982421875 0.2542705078125 0.940326171875 0.2596044921875 0.9352880859375 0.2474541015625 0.935880859375 0.2284873046875 0.8546796875 0.212216796875 0.855865234375 0.2119208984375 0.849642578125 0.183767578125 0.8641630859375 0 0.8985400390625 0 0.9658125
6 1 1 0.9999375 0.9414208984375 0.985333984375 0.9434208984375 0.984734375 0.9546240234375 0.945693359375 0.95022265625 0.9370908203125 0.9378203125 0.73397265625 0.9348193359375 0.7301708984375 0.9494228515625 0.7205693359375 0.9750283203125 0.7138515625 0.9797890625 0.6959755859375 0.976162109375 0.6926083984375 0.9556953125 0.604154296875 0.952845703125 0.5979365234375 0.9678720703125 0.595345703125 0.973830078125 0.573583984375 0.9743486328125 0.5704755859375 0.9670947265625 0.568662109375 0.9507734375 0.39092578125 0.9468876953125 0.38678125 0.9365244140625 0.2608798828125 0.9352294921875 0.2559580078125 0.9404111328125 0.214765625 0.95155078125 0.000328125 0.966359375 0 1 1 1