9 0 0.2229375 0.0644873046875 0.2401474609375 0.074326171875 0.044080078125 0 0.0154443359375 0 0.2229375
9 0.278482421875 0.1182998046875 0.169162109375 0.0784150390625 0.1599755859375 0.261796875 0.277115234375 0.2904140625 0.278482421875 0.1182998046875
9 0.7955283203125 0.4133466796875 0.828375 0.42165625 0.8233984375 0.317931640625 0.7932978515625 0.3051123046875 0.7955283203125 0.4133466796875
9 0.864892578125 0.42999609375 0.889267578125 0.435876953125 0.8851611328125 0.337517578125 0.859849609375 0.3290341796875 0.864892578125 0.42999609375
9 0.9238037109375 0.4436923828125 0.9447197265625 0.4482080078125 0.9382646484375 0.35462109375 0.9197880859375 0.3499150390625 0.9238037109375 0.4436923828125
9 0.97482421875 0.4562890625 0.99191015625 0.4597685546875 0.98544921875 0.3724853515625 0.9694443359375 0.36773046875 0.97482421875 0.4562890625
0 0.1118525390625 0 0.7913330078125 0.2732822265625 1 0.357087890625 1 0.31333984375 1 0.2736142578125 0.4555380859375 0 0.3993037109375 0.0408505859375 0.318556640625 0 0.28428125 0 0.1118525390625 0
4 1 0.592615234375 0.46607421875 0.5696220703125 0.1541240234375 0.5538623046875 0.0961259765625 0.5538623046875 0.022041015625 0.5631083984375 0.021025390625 0.5716337890625 0.0385966796875 0.573830078125 0.03054296875 0.6792138671875 0.0451865234375 0.6792138671875 0.031275390625 0.8870546875 0.0407939453125 0.894142578125 0.0913115234375 0.904388671875 0.109615234375 0.6801767578125 1 0.6457802734375 1 0.592615234375
3 0.3936953125 0.8768037109375 0.393 0.826744140625 0.396826171875 0.821529296875 0.3961298828125 0.812490234375 0.41421484375 0.809361328125 0.4267353515625 0.808318359375 0.4354306640625 0.813880859375 0.447951171875 0.812142578125 0.45525390625 0.806232421875 0.459427734375 0.806580078125 0.4636015625 0.807623046875 0.4743828125 0.813533203125 0.479251953125 0.816662109375 0.4872509765625 0.824658203125 0.4879462890625 0.86255078125 0.5543740234375 0.8489931640625 0.55541796875 0.805189453125 0.550201171875 0.8013662109375 0.5396796875 0.8004990234375 0.5380517578125 0.665873046875 0.13430078125 0.679998046875 0.1054921875 0.6804091796875 0.093341796875 0.8608232421875 0.0873076171875 0.862546875 0.0855830078125 0.9219990234375 0.1118740234375 0.936646484375 0.3936953125 0.8768037109375
3 0.8599296875 0.791228515625 0.86038671875 0.757396484375 0.850099609375 0.753052734375 0.8476455078125 0.6548896484375 0.6494970703125 0.662279296875 0.6062080078125 0.6608720703125 0.6090234375 0.7784111328125 0.6065595703125 0.779466796875 0.607615234375 0.8216962890625 0.6505537109375 0.8315498046875 0.8599296875 0.791228515625
3 1 0.6478759765625 0.9052958984375 0.6502060546875 0.8684736328125 0.65137109375 0.873984375 0.7436513671875 0.872353515625 0.7450498046875 0.873052734375 0.7741787109375 0.91057421875 0.7809365234375 1 0.7646240234375 1 0.6478759765625
8 0.354900390625 0.6912109375 0.3589423828125 0.6900224609375 0.360369140625 0.688595703125 0.377962890625 0.6805126953125 0.3881875 0.6814638671875 0.4219501953125 0.6786103515625 0.4352646484375 0.676708984375 0.4329794921875 0.8139111328125 0.4312607421875 0.8137548828125 0.42602734375 0.8121923828125 0.412591796875 0.8123486328125 0.403140625 0.8152392578125 0.40003515625 0.8169677734375 0.399251953125 0.820587890625 0.3997412109375 0.8244052734375 0.404537109375 0.8284169921875 0.4125625 0.8300810546875 0.42528515625 0.8301787109375 0.447404296875 0.829787109375 0.4638466796875 0.8292001953125 0.4719697265625 0.827927734375 0.47725390625 0.8256767578125 0.4801904296875 0.8229365234375 0.4794072265625 0.8198056640625 0.4648251953125 0.809041015625 0.4621826171875 0.8082578125 0.4560166015625 0.8075732421875 0.452314453125 0.8115732421875 0.445837890625 0.8135419921875 0.4500869140625 0.67619921875 0.4645693359375 0.6750859375 0.4612265625 0.6780556640625 0.4556572265625 0.6836259765625 0.4556572265625 0.6880810546875 0.457884765625 0.6947646484375 0.463826171875 0.6947646484375 0.4883359375 0.6839970703125 0.49427734375 0.6847392578125 0.49984765625 0.6839970703125 0.5050458984375 0.6765712890625 0.5076455078125 0.678427734375 0.5124736328125 0.679541015625 0.51804296875 0.675828125 0.526583984375 0.672486328125 0.531783203125 0.672857421875 0.5410673828125 0.6713720703125 0.5453310546875 0.6637294921875 0.5397607421875 0.6618720703125 0.52936328125 0.663357421875 0.527134765625 0.6611298828125 0.526392578125 0.656673828125 0.5282490234375 0.6414501953125 0.521935546875 0.6347666015625 0.51896484375 0.6306826171875 0.5241640625 0.622142578125 0.526392578125 0.6184296875 0.520822265625 0.6113740234375 0.516365234375 0.6050625 0.5141376953125 0.5924375 0.515251953125 0.58575390625 0.5171083984375 0.574986328125 0.5171083984375 0.56607421875 0.5167373046875 0.559390625 0.53567578125 0.498125 0.5338193359375 0.4918125 0.5093095703125 0.55196484375 0.50708203125 0.5538212890625 0.4966845703125 0.55122265625 0.4944560546875 0.5471376953125 0.4799736328125 0.5404541015625 0.4770029296875 0.5374833984375 0.4773740234375 0.53265625 0.47366015625 0.529314453125 0.4747744140625 0.52448828125 0.465119140625 0.5274580078125 0.464748046875 0.521888671875 0.4625205078125 0.5163193359375 0.4521220703125 0.5133486328125 0.4406103515625 0.5096357421875 0.4376396484375 0.515576171875 0.43318359375 0.5126064453125 0.42204296875 0.5074072265625 0.4201865234375 0.518546875 0.418701171875 0.5263447265625 0.407189453125 0.5204033203125 0.401990234375 0.5274580078125 0.4034755859375 0.5400830078125 0.407560546875 0.54491015625 0.4235283203125 0.548623046875 0.41016015625 0.554564453125 0.4146162109375 0.561990234375 0.4142451171875 0.568673828125 0.407931640625 0.5768427734375 0.4060751953125 0.5805556640625 0.401619140625 0.5831552734375 0.3915927734375 0.5846396484375 0.385650390625 0.581669921875 0.3837939453125 0.5798134765625 0.38787890625 0.5597626953125 0.3875078125 0.555306640625 0.3863935546875 0.5374833984375 0.380080078125 0.53228515625 0.3719111328125 0.53228515625 0.3689404296875 0.541568359375 0.3719111328125 0.5471376953125 0.3715390625 0.5497373046875 0.373767578125 0.55790625 0.3756240234375 0.56607421875 0.3589140625 0.56607421875 0.3429453125 0.5671884765625 0.3407177734375 0.56607421875 0.34257421875 0.5564208984375 0.339603515625 0.5341416015625 0.3273486328125 0.5163193359375 0.3150947265625 0.5200322265625 0.311009765625 0.53154296875 0.3069248046875 0.5397119140625 0.3102666015625 0.5467666015625 0.3076669921875 0.5564208984375 0.2991259765625 0.568302734375 0.297640625 0.5746142578125 0.293927734375 0.576099609375 0.2931845703125 0.581669921875 0.2961552734375 0.589466796875 0.2931845703125 0.5924375 0.2761025390625 0.588353515625 0.28538671875 0.5805556640625 0.277587890625 0.5779560546875 0.2779599609375 0.5634755859375 0.2813017578125 0.5612470703125 0.283158203125 0.5575341796875 0.282787109375 0.5475087890625 0.2816728515625 0.5333994140625 0.2898427734375 0.524859375 0.29095703125 0.5166904296875 0.2842724609375 0.515576171875 0.2794453125 0.5114921875 0.2809306640625 0.5051796875 0.2779599609375 0.4996103515625 0.27981640625 0.4895849609375 0.277216796875 0.481787109375 0.266447265625 0.4899560546875 0.2619912109375 0.4966396484375 0.254193359375 0.5025810546875 0.2553076171875 0.5092646484375 0.2534501953125 0.518546875 0.2497373046875 0.5267158203125 0.243423828125 0.530166015625 0.2389677734375 0.536107421875 0.234140625 0.5442763671875 0.2222568359375 0.5450185546875 0.2126015625 0.5413056640625 0.20108984375 0.53944921875 0.2055458984375 0.5479892578125 0.2304267578125 0.549845703125 0.2252275390625 0.5557861328125 0.220771484375 0.5624697265625 0.221142578125 0.5717529296875 0.2300556640625 0.57398046875 0.2307978515625 0.5780654296875 0.2248564453125 0.5821494140625 0.220029296875 0.587193359375 0.2215146484375 0.58979296875 0.2307978515625 0.5916494140625 0.2348828125 0.599076171875 0.2248564453125 0.600189453125 0.2129736328125 0.6024169921875 0.20666015625 0.60353125 0.1962626953125 0.6046455078125 0.18920703125 0.606873046875 0.17806640625 0.60353125 0.174724609375 0.600189453125 0.163583984375 0.5949912109375 0.1602421875 0.599447265625 0.168783203125 0.6057587890625 0.169154296875 0.613927734375 0.1654404296875 0.619869140625 0.1513291015625 0.62283984375 0.1420458984375 0.6284091796875 0.14316015625 0.6321220703125 0.1513291015625 0.640291015625 0.152072265625 0.653287109375 0.146501953125 0.660341796875 0.140560546875 0.669625 0.135361328125 0.673337890625 0.1372177734375 0.680021484375 0.1526484375 0.68410546875 0.160818359375 0.6859619140625 0.1801279296875 0.690046875 0.189783203125 0.686705078125 0.201294921875 0.6885615234375 0.211693359375 0.6919033203125 0.2139208984375 0.700443359375 0.223205078125 0.6997001953125 0.240287109375 0.69784375 0.241029296875 0.7022998046875 0.2447431640625 0.7093544921875 0.2562548828125 0.71083984375 0.2584833984375 0.7112109375 0.2592255859375 0.7156669921875 0.2711083984375 0.7156669921875 0.28262109375 0.71678125 0.283734375 0.7227216796875 0.291162109375 0.7253212890625 0.297103515625 0.7190087890625 0.30564453125 0.7060126953125 0.3101005859375 0.7082412109375 0.3138134765625 0.713810546875 0.314927734375 0.72346484375 0.3164130859375 0.73051953125 0.325697265625 0.726806640625 0.32941015625 0.727919921875 0.3353525390625 0.7219794921875 0.3412939453125 0.7126962890625 0.343521484375 0.7093544921875 0.3416650390625 0.700814453125 0.3416650390625 0.6919033203125 0.3487548828125 0.685810546875 0.354900390625 0.6912109375
8 1 0.5805107421875 0.9956474609375 0.5745654296875 0.980259765625 0.574916015625 0.9704677734375 0.574916015625 0.968369140625 0.5721181640625 0.9638232421875 0.567572265625 0.9512333984375 0.56862109375 0.9438896484375 0.569669921875 0.93689453125 0.5703701171875 0.934447265625 0.5745654296875 0.9463369140625 0.5812099609375 0.942140625 0.595546875 0.9442392578125 0.6095341796875 0.9452880859375 0.615828125 0.92955078125 0.614779296875 0.9271025390625 0.605337890625 0.9257041015625 0.5934482421875 0.9208076171875 0.5913505859375 0.911015625 0.5923994140625 0.9075185546875 0.5986943359375 0.9096171875 0.6172265625 0.9008740234375 0.6196748046875 0.898775390625 0.61652734375 0.8935302734375 0.6091845703125 0.886185546875 0.6144296875 0.884150390625 0.6218466796875 0.88184375 0.6273818359375 0.879306640625 0.620232421875 0.87100390625 0.6181572265625 0.8675439453125 0.6190791015625 0.86131640625 0.61700390625 0.8597021484375 0.6163115234375 0.8527822265625 0.6119296875 0.85601171875 0.60748046875 0.8622392578125 0.604943359375 0.8698505859375 0.60217578125 0.874001953125 0.5998701171875 0.877 0.5977939453125 0.87676953125 0.5892607421875 0.8756162109375 0.5858017578125 0.8583173828125 0.5841875 0.8527822265625 0.5830341796875 0.849091796875 0.5807275390625 0.8509365234375 0.5740400390625 0.8553193359375 0.56758203125 0.8673134765625 0.5627392578125 0.8631611328125 0.5592802734375 0.8606240234375 0.5537451171875 0.8603935546875 0.553283203125 0.854396484375 0.54982421875 0.8497841796875 0.5486708984375 0.8433251953125 0.5512080078125 0.8400966796875 0.5604326171875 0.838712890625 0.5632001953125 0.8324853515625 0.5673515625 0.824642578125 0.5793447265625 0.818876953125 0.5795751953125 0.8181845703125 0.570119140625 0.81633984375 0.5632001953125 0.80755859375 0.557896484375 0.8137861328125 0.552361328125 0.810787109375 0.5431357421875 0.8087119140625 0.5369091796875 0.806173828125 0.534833984375 0.796025390625 0.535525390625 0.7884140625 0.5459033203125 0.780111328125 0.5433662109375 0.77803515625 0.54982421875 0.7814951171875 0.55605078125 0.775498046875 0.563662109375 0.7713466796875 0.563662109375 0.765810546875 0.5500546875 0.7616591796875 0.540830078125 0.75335546875 0.5371396484375 0.7526630859375 0.552130859375 0.75773828125 0.558126953125 0.7535859375 0.564814453125 0.7496650390625 0.5597412109375 0.74805078125 0.5482099609375 0.7422841796875 0.541521484375 0.7427451171875 0.55628125 0.7374404296875 0.5659677734375 0.73375 0.5572041015625 0.7268310546875 0.547287109375 0.7268310546875 0.5419833984375 0.7217568359375 0.5339111328125 0.7224482421875 0.52653125 0.72291015625 0.520765625 0.71852734375 0.51569140625 0.70791796875 0.515 0.6977685546875 0.5166142578125 0.6943095703125 0.5228408203125 0.690619140625 0.52099609375 0.6823154296875 0.5219189453125 0.6823154296875 0.53298828125 0.6804697265625 0.5401376953125 0.671474609375 0.5366787109375 0.6636328125 0.541291015625 0.6654775390625 0.5489013671875 0.66409375 0.5567431640625 0.6647861328125 0.5652763671875 0.6594814453125 0.566890625 0.6500244140625 0.5546669921875 0.638953125 0.5539755859375 0.6447197265625 0.5626435546875 0.6401064453125 0.5633349609375 0.63872265625 0.5700234375 0.6504853515625 0.58086328125 0.646794921875 0.5859365234375 0.638953125 0.5887041015625 0.6221162109375 0.5919326171875 0.6223466796875 0.60392578125 0.616349609375 0.6119970703125 0.606431640625 0.6122275390625 0.5953603515625 0.612689453125 0.601126953125 0.621453125 0.6195517578125 0.6375966796875 0.6261416015625 0.6507421875 0.6302939453125 0.658814453125 0.6385966796875 0.664349609375 0.6455166015625 0.6666552734375 0.646439453125 0.682568359375 0.651744140625 0.6890263671875 0.6579716796875 0.688333984375 0.656587890625 0.6807236328125 0.66396875 0.67980078125 0.67434765625 0.6749580078125 0.676193359375 0.6721904296875 0.6729638671875 0.6834912109375 0.6748095703125 0.69041015625 0.67965234375 0.6915634765625 0.691646484375 0.6811845703125 0.7004111328125 0.6784169921875 0.711712890625 0.6724208984375 0.7271669921875 0.6751884765625 0.736853515625 0.6714990234375 0.7430810546875 0.6738046875 0.749078125 0.67403515625 0.746541015625 0.6689619140625 0.7523076171875 0.664349609375 0.7679912109375 0.6680390625 0.775833984375 0.667578125 0.7753720703125 0.6608896484375 0.78413671875 0.6618125 0.79290234375 0.6680390625 0.7970537109375 0.6744970703125 0.7979765625 0.6795703125 0.8025888671875 0.6795703125 0.8037421875 0.6830302734375 0.8115849609375 0.6839521484375 0.815505859375 0.681876953125 0.820349609375 0.67980078125 0.821271484375 0.6830302734375 0.817640625 0.688869140625 0.8162421875 0.6955126953125 0.8197392578125 0.7042548828125 0.8242861328125 0.702505859375 0.8256845703125 0.6937646484375 0.8281328125 0.692015625 0.83023046875 0.702505859375 0.83023046875 0.7063525390625 0.8372255859375 0.7053037109375 0.8386240234375 0.69131640625 0.841771484375 0.6853720703125 0.84666796875 0.6871201171875 0.8512138671875 0.7514619140625 0.8585576171875 0.756357421875 0.86135546875 0.75950390625 0.86065625 0.7731416015625 0.8697490234375 0.7724423828125 0.8704482421875 0.765798828125 0.8666015625 0.7511123046875 0.8687001953125 0.738873046875 0.8700986328125 0.72033984375 0.867650390625 0.7039052734375 0.8700986328125 0.6882119140625 0.867650390625 0.6798203125 0.8711474609375 0.67317578125 0.880240234375 0.6651328125 0.8945791015625 0.663734375 0.9089169921875 0.6661826171875 0.9194091796875 0.664783203125 0.9274521484375 0.66163671875 0.9337470703125 0.6595380859375 0.94283984375 0.6682802734375 0.949833984375 0.67037890625 0.9585771484375 0.6651328125 0.9627744140625 0.66303515625 0.967669921875 0.6682802734375 0.9820087890625 0.66443359375 0.9890029296875 0.6675810546875 1 0.6651328125 1 0.6574404296875 1 0.5805107421875
3 0 0.8929384765625 0.0162841796875 0.8929384765625 0.032115234375 0.8870419921875 0.045462890625 0.6814306640625 0 0.6826982421875 0 0.8929384765625
2 0 0 0 0.5402783203125 0.222337890625 0.555615234375 0.227416015625 0.5507490234375 0.20541015625 0.5489501953125 0.2000146484375 0.540169921875 0.1999091796875 0.53816015625 0.2123935546875 0.540064453125 0.2226552734375 0.543873046875 0.2332353515625 0.542603515625 0.2419111328125 0.529697265625 0.248681640625 0.5263115234375 0.2527021484375 0.5176376953125 0.2543818359375 0.509068359375 0.2529677734375 0.502201171875 0.2613505859375 0.4961416015625 0.26468359375 0.489779296875 0.2767021484375 0.480287109375 0.2808427734375 0.489173828125 0.2791259765625 0.49967578125 0.2815498046875 0.5047255859375 0.2807421875 0.5109033203125 0.285287109375 0.5145380859375 0.2918515625 0.516052734375 0.2907412109375 0.525748046875 0.2829638671875 0.53423046875 0.284478515625 0.55210546875 0.306703125 0.552509765625 0.3090263671875 0.546955078125 0.30609765625 0.5396845703125 0.30953125 0.53160546875 0.3132685546875 0.5214052734375 0.3271044921875 0.5149423828125 0.34064453125 0.5338271484375 0.3434716796875 0.5550341796875 0.3718525390625 0.55493359375 0.3703369140625 0.5498837890625 0.3708427734375 0.547056640625 0.3677109375 0.5418046875 0.37124609375 0.53160546875 0.379931640625 0.5314033203125 0.3874306640625 0.537060546875 0.3885244140625 0.5573583984375 0.4135986328125 0.5628251953125 0.408990234375 0.5541650390625 0.42070703125 0.5490107421875 0.407115234375 0.54565234375 0.4027412109375 0.5404189453125 0.4007099609375 0.5273759765625 0.4066455078125 0.5194091796875 0.4182060546875 0.524955078125 0.420939453125 0.5061318359375 0.433125 0.5118330078125 0.4371865234375 0.5140986328125 0.4400771484375 0.508943359375 0.462283203125 0.51534765625 0.465720703125 0.521830078125 0.466111328125 0.5258916015625 0.475328125 0.523470703125 0.47525 0.52940625 0.4788203125 0.532255859375 0.478357421875 0.5378134765625 0.4822939453125 0.5398974609375 0.496189453125 0.546150390625 0.497810546875 0.549623046875 0.5077685546875 0.55078125 0.532548828125 0.4884912109375 0.5376435546875 0.4979853515625 0.51959765625 0.5597939453125 0.520310546875 0.561576171875 0.637716796875 0.569734375 0.639111328125 0.5627646484375 0.6426494140625 0.5616923828125 0.6381455078125 0.5534375 0.6499404296875 0.553330078125 0.66001953125 0.5657666015625 0.6638798828125 0.564265625 0.66334375 0.5560107421875 0.6642021484375 0.549255859375 0.6622275390625 0.5410009765625 0.6698408203125 0.536390625 0.678955078125 0.53810546875 0.68120703125 0.53328125 0.6813134765625 0.521380859375 0.6888193359375 0.5197724609375 0.694560546875 0.520951171875 0.6970263671875 0.5156982421875 0.70710546875 0.514197265625 0.71804296875 0.51408984375 0.7239404296875 0.52009375 0.723296875 0.5340947265625 0.727693359375 0.5410634765625 0.7282294921875 0.54728125 0.7346689453125 0.556609375 0.7376708984375 0.563470703125 0.741638671875 0.55564453125 0.7408876953125 0.541599609375 0.741638671875 0.5395625 0.7489296875 0.5477109375 0.7507529296875 0.5591826171875 0.7528974609375 0.5619697265625 0.7558994140625 0.55875390625 0.7517177734375 0.55253515625 0.7520390625 0.5360244140625 0.762654296875 0.5395625 0.772412109375 0.5623984375 0.7751533203125 0.5622919921875 0.7794423828125 0.55639453125 0.7771904296875 0.549533203125 0.7793349609375 0.5431005859375 0.7879130859375 0.5437431640625 0.7948828125 0.5348447265625 0.8059267578125 0.533451171875 0.8093583984375 0.535595703125 0.8151484375 0.552642578125 0.809572265625 0.557466796875 0.8173125 0.56216015625 0.81944921875 0.56872265625 0.820517578125 0.5780302734375 0.823875 0.5780302734375 0.8301328125 0.5682646484375 0.8362373046875 0.5627705078125 0.8409677734375 0.551326171875 0.8484462890625 0.546900390625 0.855466796875 0.5482744140625 0.86141796875 0.5517841796875 0.864623046875 0.5578876953125 0.8695068359375 0.5624658203125 0.8560771484375 0.5691796875 0.8527197265625 0.574826171875 0.851193359375 0.58047265625 0.855619140625 0.581998046875 0.8724619140625 0.5827158203125 0.94283984375 0.5860146484375 0.9450517578125 0.5813876953125 0.9329951171875 0.5745205078125 0.9365048828125 0.5682646484375 0.96443359375 0.5659755859375 0.972216796875 0.5729951171875 0.9958720703125 0.5729951171875 1 0.5789462890625 1 0.333962890625 0.313658203125 0.0348173828125 0.3150859375 0 0.26891796875 0 0.2532119140625 0.00721484375 0.22608203125 0 0.110337890625 0 0 0
0 0 0.22180859375 0.057291015625 0.2373330078125 0.06632421875 0.1498330078125 0 0.1288857421875 0 0.22180859375
0 0.1625849609375 0.26318359375 0.2707001953125 0.2888681640625 0.2738056640625 0.21080078125 0.164560546875 0.1791875 0.1625849609375 0.26318359375
0 0.7952900390625 0.41416796875 0.8282958984375 0.421560546875 0.8259189453125 0.3737734375 0.7952900390625 0.366513671875 0.7952900390625 0.41416796875
0 0.86509765625 0.43021875 0.8895595703125 0.43593359375 0.8869306640625 0.39112890625 0.862240234375 0.3850712890625 0.86509765625 0.43021875
0 0.923966796875 0.44398828125 0.9439775390625 0.4477236328125 0.9417099609375 0.407439453125 0.9218486328125 0.40231640625 0.923966796875 0.44398828125
2 1 0.7651923828125 0.911193359375 0.781892578125 0.8729033203125 0.7750947265625 0.8702431640625 0.7736162109375 0.8615224609375 0.7746513671875 0.860935546875 0.792205078125 0.6510400390625 0.832482421875 0.6068017578125 0.8225927734375 0.6059033203125 0.81755859375 0.5834248046875 0.8103662109375 0.557888671875 0.815220703125 0.55519140625 0.849384765625 0.4885009765625 0.865232421875 0.4892685546875 0.8798203125 0.4887568359375 0.902341796875 0.4810791015625 0.9069482421875 0.4531796875 0.9146259765625 0.4324384765625 0.9156494140625 0.417337890625 0.9153935546875 0.4037724609375 0.91206640625 0.3940458984375 0.90515625 0.3945576171875 0.8775166015625 0.1121455078125 0.9383515625 0.08476953125 0.92231640625 0.0848935546875 0.904150390625 0.040345703125 0.8950673828125 0.0311376953125 0.888224609375 0.016982421875 0.8936904296875 0 0.8935029296875 0 1 1 1 1 0.7651923828125
9 0 0.49567578125 0.0582841796875 0.4984599609375 0.0715107421875 0.2755185546875 0 0.2581328125 0 0.49567578125
9 0.27895703125 0.515962890625 0.2855703125 0.322400390625 0.1533056640625 0.2921220703125 0.1406416015625 0.506169921875 0.27895703125 0.515962890625
9 0.4489892578125 0.5275927734375 0.450033203125 0.3591474609375 0.349265625 0.3356259765625 0.34429296875 0.5218349609375 0.4489892578125 0.5275927734375
9 0.577615234375 0.5397734375 0.5772666015625 0.3866416015625 0.49806640625 0.3685439453125 0.4957060546875 0.533583984375 0.577615234375 0.5397734375
9 0.683263671875 0.5484736328125 0.6815234375 0.410306640625 0.6148583984375 0.394994140625 0.6169462890625 0.5429052734375 0.683263671875 0.5484736328125
9 0.71618359375 0.5516064453125 0.7694375 0.55473828125 0.768044921875 0.428404296875 0.712404296875 0.414787109375 0.71618359375 0.5516064453125
9 0.8442705078125 0.5608583984375 0.8393974609375 0.4432255859375 0.7911796875 0.432193359375 0.7958896484375 0.5589150390625 0.8442705078125 0.5608583984375
9 0.8629560546875 0.56280859375 0.90602734375 0.56562890625 0.9026416015625 0.4560673828125 0.8629560546875 0.447228515625 0.8629560546875 0.56280859375
9 0.926904296875 0.567078125 0.960947265625 0.5697109375 0.9564326171875 0.468103515625 0.922390625 0.459640625 0.926904296875 0.567078125
9 1 0.4762021484375 0.9759130859375 0.4716669921875 0.978279296875 0.5714287109375 1 0.5733994140625 1 0.4762021484375
9 0.7129609375 0.395904296875 0.7653134765625 0.4086171875 0.7650634765625 0.2862255859375 0.7109833984375 0.266541015625 0.7129609375 0.395904296875
9 0.3489716796875 0.3082783203125 0.4494794921875 0.3333310546875 0.45090234375 0.1696318359375 0.354666015625 0.1311982421875 0.3489716796875 0.3082783203125
9 0.4984521484375 0.34525390625 0.5767509765625 0.36461328125 0.576181640625 0.2166064453125 0.499021484375 0.1860615234375 0.4984521484375 0.34525390625
9 0.6155703125 0.37440234375 0.681271484375 0.3877734375 0.6801083984375 0.254966796875 0.6146982421875 0.228138671875 0.6155703125 0.37440234375