2 0.429708984375 0.8097021484375 0.4356748046875 0.6735771484375 0.52136328125 0.667611328125 0.522447265625 0.7164208984375 0.53660546875 0.7115400390625 0.551248046875 0.7169638671875 0.5610107421875 0.7332333984375 0.565349609375 0.7484189453125 0.5620947265625 0.767400390625 0.551248046875 0.784212890625 0.55341796875 0.8129560546875 0.6575458984375 0.8134990234375 0.65599609375 0.657849609375 0.791037109375 0.650798828125 0.800255859375 0.780958984375 0.9992919921875 0.77933203125 1 0.06019921875 0.997123046875 0.0639951171875 0.983564453125 0.064537109375 0.940720703125 0.1589033203125 0.9559052734375 0.168123046875 0.9536962890625 0.1789697265625 0.922783203125 0.1523955078125 0.8452294921875 0.1464296875 0.809435546875 0.1589033203125 0.809435546875 0.177884765625 0.8017958984375 0.1919853515625 0.65366796875 0.184935546875 0.656330078125 0.151853515625 0.6849970703125 0.16117578125 0.6941201171875 0.1383681640625 0.5531533203125 0.06357421875 0.412958984375 0.124380859375 0.4144755859375 0.1478916015625 0.442052734375 0.141548828125 0.441509765625 0.1637841796875 0.308638671875 0.154564453125 0.3069599609375 0.1464296875 0.264658203125 0.124736328125 0.1800546875 0.1193134765625 0.1570751953125 0.1140498046875 0.1324892578125 0.072390625 0.1085869140625 0.022537109375 0.10107421875 0.0150244140625 0.0969765625 0.002048828125 0 0 0.0010107421875 0.813783203125 0.429708984375 0.8097021484375
9 0 0.0860146484375 0.0082744140625 0.08666796875 0.010234375 0.044640625 0 0.04376953125 0 0.0860146484375
9 0.092982421875 0.0901513671875 0.092982421875 0.051826171875 0.04877734375 0.04877734375 0.0466005859375 0.0881923828125 0.092982421875 0.0901513671875
9 0 0.23628515625 0.011443359375 0.2348017578125 0.013986328125 0.19411328125 0 0.180974609375 0 0.23628515625
9 0.117859375 0.2623505859375 0.1189189453125 0.182669921875 0.0667529296875 0.1794912109375 0.062302734375 0.259595703125 0.117859375 0.2623505859375
9 0.1071357421875 0.4027822265625 0.110453125 0.322966796875 0.0563974609375 0.320625 0.05073828125 0.4004404296875 0.1071357421875 0.4027822265625
9 0.098744140625 0.552263671875 0.1016708984375 0.4691318359375 0.04546875 0.4679609375 0.0398095703125 0.5512880859375 0.098744140625 0.552263671875
9 0.087376953125 0.7028251953125 0.090232421875 0.632771484375 0.080333984375 0.62173046875 0.070244140625 0.6179228515625 0.059203125 0.616970703125 0.0513984375 0.6186845703125 0.0390244140625 0.624205078125 0.03141015625 0.6329619140625 0.0270322265625 0.70016015625 0.087376953125 0.7028251953125
9 0.245630859375 0.70553515625 0.247373046875 0.6395546875 0.24258203125 0.6338935546875 0.2343076171875 0.626271484375 0.21340234375 0.6188681640625 0.195982421875 0.619521484375 0.183134765625 0.62322265625 0.1700693359375 0.6293203125 0.159833984375 0.6397724609375 0.153955078125 0.7035751953125 0.245630859375 0.70553515625
9 0.1906025390625 0.55517578125 0.1932998046875 0.478455078125 0.1886552734375 0.47366015625 0.1804130859375 0.4706630859375 0.1745693359375 0.470513671875 0.1675263671875 0.472162109375 0.162431640625 0.4750087890625 0.15838671875 0.48115234375 0.1546396484375 0.5532275390625 0.1906025390625 0.55517578125
9 0.2624013671875 0.5573037109375 0.26591015625 0.4836240234375 0.264248046875 0.4808544921875 0.2579697265625 0.47623828125 0.2505830078125 0.47365234375 0.2406123046875 0.47420703125 0.2343330078125 0.4767919921875 0.2300859375 0.4832548828125 0.2267626953125 0.555826171875 0.2624013671875 0.5573037109375
9 0.1748212890625 0.3974765625 0.17725 0.3197783203125 0.162681640625 0.3222060546875 0.1602529296875 0.4001474609375 0.1748212890625 0.3974765625
9 0.229474609375 0.3991455078125 0.2332333984375 0.3176416015625 0.19871875 0.3162744140625 0.1954716796875 0.397607421875 0.229474609375 0.3991455078125
9 0.269986328125 0.404240234375 0.273927734375 0.325658203125 0.254712890625 0.3204853515625 0.254466796875 0.3791142578125 0.2564375 0.3857646484375 0.2559453125 0.4007919921875 0.269986328125 0.404240234375
9 0.181744140625 0.247248046875 0.1846025390625 0.17793359375 0.1693583984375 0.181505859375 0.16459375 0.248201171875 0.181744140625 0.247248046875
9 0.2341474609375 0.2505830078125 0.236767578125 0.171501953125 0.2065166015625 0.170787109375 0.203419921875 0.249392578125 0.2341474609375 0.2505830078125
9 0.257 0.2390517578125 0.2611611328125 0.24165234375 0.26272265625 0.2478955078125 0.2783291015625 0.2520576171875 0.282751953125 0.18884765625 0.2609013671875 0.18000390625 0.257 0.2390517578125
9 0.402578125 0.2715517578125 0.40519921875 0.205056640625 0.3518056640625 0.201453125 0.351478515625 0.2695869140625 0.402578125 0.2715517578125
9 0.3981376953125 0.412087890625 0.39992578125 0.335537109375 0.3459111328125 0.333390625 0.3451953125 0.4099423828125 0.3981376953125 0.412087890625
9 0.3981376953125 0.556962890625 0.3988525390625 0.4764775390625 0.3401875 0.475404296875 0.3383984375 0.55660546875 0.3981376953125 0.556962890625
9 0.4122373046875 0.70453515625 0.411962890625 0.6611708984375 0.4064736328125 0.64552734375 0.397416015625 0.6353720703125 0.3856142578125 0.6274130859375 0.3716171875 0.6235703125 0.35789453125 0.6249423828125 0.34526953125 0.6274130859375 0.335388671875 0.633451171875 0.3255078125 0.6444287109375 0.3161767578125 0.660896484375 0.314529296875 0.7020654296875 0.4122373046875 0.70453515625
9 0.4407421875 0.673921875 0.4674111328125 0.6725185546875 0.4667099609375 0.647779296875 0.4665068359375 0.6427685546875 0.4607939453125 0.6370546875 0.4547939453125 0.635912109375 0.4499375 0.637912109375 0.4462236328125 0.6407685546875 0.4425107421875 0.64333984375 0.4424970703125 0.64690234375 0.4407421875 0.673921875
9 0.508876953125 0.669630859375 0.507634765625 0.6481611328125 0.506501953125 0.6447685546875 0.5019306640625 0.6396259765625 0.4945029296875 0.63676953125 0.4899326171875 0.63933984375 0.4847900390625 0.6419111328125 0.482083984375 0.647451171875 0.48226171875 0.671404296875 0.508876953125 0.669630859375
9 0.5474677734375 0.7078857421875 0.5470234375 0.653228515625 0.5454677734375 0.6452294921875 0.53946875 0.6407861328125 0.5308037109375 0.6390087890625 0.523916015625 0.6423408203125 0.52102734375 0.6527841796875 0.5205830078125 0.706775390625 0.5474677734375 0.7078857421875
9 0.5028544921875 0.558953125 0.504884765625 0.4864306640625 0.4605966796875 0.48532421875 0.458197265625 0.559322265625 0.5028544921875 0.558953125
9 0.569193359375 0.5603125 0.5689912109375 0.4870439453125 0.52519140625 0.4864384765625 0.5245859375 0.5601103515625 0.569193359375 0.5603125
9 0.63034375 0.563271484375 0.6310283203125 0.48935546875 0.5876826171875 0.489126953125 0.5876826171875 0.5619033203125 0.63034375 0.563271484375
9 0.50569921875 0.4181044921875 0.5065537109375 0.3476015625 0.4640380859375 0.3463193359375 0.4619013671875 0.41575390625 0.50569921875 0.4181044921875
9 0.5688505859375 0.41884765625 0.569548828125 0.3479150390625 0.5260595703125 0.3479150390625 0.52559375 0.4186142578125 0.5688505859375 0.41884765625
9 0.6308642578125 0.4204072265625 0.630357421875 0.3501708984375 0.5880126953125 0.347888671875 0.5887734375 0.419900390625 0.6308642578125 0.4204072265625
9 0.75744921875 0.4220068359375 0.7542822265625 0.345998046875 0.6902421875 0.3447998046875 0.691099609375 0.42168359375 0.75744921875 0.4220068359375
9 0.7520205078125 0.5656181640625 0.750787109375 0.4869638671875 0.69210546875 0.486470703125 0.69210546875 0.565125 0.7520205078125 0.5656181640625
9 0.5077646484375 0.273794921875 0.50872265625 0.2268857421875 0.5048935546875 0.2184619140625 0.497234375 0.2121435546875 0.489001953125 0.2085048828125 0.4803857421875 0.209654296875 0.4738759765625 0.2148232421875 0.4687060546875 0.2203759765625 0.466216796875 0.22784375 0.464302734375 0.273412109375 0.5077646484375 0.273794921875
9 0.5687939453125 0.277822265625 0.5696474609375 0.227107421875 0.5664033203125 0.2221552734375 0.5600849609375 0.2156669921875 0.553083984375 0.2129345703125 0.54386328125 0.21310546875 0.5368623046875 0.2156669921875 0.5313974609375 0.2216435546875 0.528634765625 0.2297578125 0.527869140625 0.275326171875 0.5687939453125 0.277822265625
9 0.63182421875 0.28040625 0.632279296875 0.2362509765625 0.6306865234375 0.2289677734375 0.6238583984375 0.22145703125 0.6165751953125 0.216677734375 0.6063330078125 0.215767578125 0.598822265625 0.2182705078125 0.592904296875 0.2241884765625 0.589490234375 0.2310166015625 0.5897177734375 0.2797236328125 0.63182421875 0.28040625
9 0.7454501953125 0.284943359375 0.7448115234375 0.2183359375 0.6931005859375 0.2170595703125 0.6916103515625 0.2834541015625 0.7454501953125 0.284943359375
9 0.763232421875 0.6536103515625 0.7594521484375 0.6469091796875 0.749830078125 0.6402080078125 0.738490234375 0.6329912109375 0.7226826171875 0.6300703125 0.7085927734375 0.6319609375 0.6970810546875 0.637630859375 0.6862568359375 0.6477685546875 0.6823046875 0.657734375 0.763232421875 0.6536103515625
9 0.83957421875 0.28127734375 0.8377138671875 0.205638671875 0.8126201171875 0.2120390625 0.813798828125 0.2841220703125 0.83957421875 0.28127734375
9 0.8912626953125 0.2775966796875 0.889865234375 0.2025595703125 0.8569375 0.2025595703125 0.8599306640625 0.2767978515625 0.8912626953125 0.2775966796875
9 0.9119189453125 0.2811513671875 0.919216796875 0.2818466796875 0.9167841796875 0.2119931640625 0.909833984375 0.209560546875 0.9119189453125 0.2811513671875
9 1 0.2940107421875 0.99984375 0.219986328125 0.9591826171875 0.219986328125 0.962658203125 0.2926201171875 1 0.2940107421875
9 1 0.35416796875 0.9642392578125 0.352556640625 0.9651591796875 0.4317216796875 1 0.4328720703125 1 0.35416796875
9 0.9213056640625 0.4187939453125 0.92026953125 0.3508251953125 0.9132236328125 0.3485458984375 0.9157099609375 0.41755078125 0.9213056640625 0.4187939453125
9 0.89828515625 0.4174267578125 0.8954716796875 0.33506640625 0.8588955078125 0.3345546875 0.8591513671875 0.4174267578125 0.89828515625 0.4174267578125
9 0.8457529296875 0.417775390625 0.8417197265625 0.336166015625 0.8115908203125 0.3420966796875 0.8125390625 0.4210966796875 0.8457529296875 0.417775390625
9 0.8554892578125 0.5678330078125 0.85245703125 0.4970810546875 0.848818359375 0.4922294921875 0.84275390625 0.489197265625 0.8332529296875 0.4893994140625 0.825369140625 0.4914208984375 0.820921875 0.49849609375 0.8225390625 0.5662158203125 0.8554892578125 0.5678330078125
9 0.921052734375 0.5711748046875 0.918607421875 0.5047451171875 0.9175888671875 0.499650390625 0.9114755859375 0.492111328125 0.904546875 0.49027734375 0.89598828125 0.4912958984375 0.890283203125 0.494556640625 0.8876337890625 0.50128125 0.889671875 0.570359375 0.921052734375 0.5711748046875
9 1 0.493755859375 0.970662109375 0.49290234375 0.97407421875 0.5733115234375 1 0.5724580078125 1 0.493755859375
9 1 0.6349248046875 0.996076171875 0.6360068359375 0.9879609375 0.640064453125 0.979033203125 0.6514267578125 0.981197265625 0.715541015625 1 0.7163525390625 1 0.6349248046875
9 0.916859375 0.7161416015625 0.9146572265625 0.6519892578125 0.9019912109375 0.6409755859375 0.889876953125 0.634642578125 0.8752841796875 0.6335419921875 0.86069140625 0.63491796875 0.8499541015625 0.6398740234375 0.8372880859375 0.6522646484375 0.8383896484375 0.7147646484375 0.916859375 0.7161416015625
7 0.5531953125 0.775390625 0.5599833984375 0.765849609375 0.562552734375 0.753005859375 0.561818359375 0.7440146484375 0.55925 0.7322724609375 0.5511767578125 0.720529296875 0.5445712890625 0.7155751953125 0.537048828125 0.7137412109375 0.530076171875 0.715208984375 0.52071875 0.7221806640625 0.5146640625 0.734291015625 0.514296875 0.74273046875 0.51448046875 0.751904296875 0.518333984375 0.765666015625 0.523287109375 0.775390625 0.5320947265625 0.7825458984375 0.540265625 0.7838896484375 0.546490234375 0.921263671875 0.55314453125 0.9221220703125 0.5542177734375 0.898296875 0.5494951171875 0.7802412109375 0.5531953125 0.775390625
6 0 1 0.77809375 0.9993076171875 0.5925693359375 0.9796806640625 0.4226533203125 0.9492392578125 0.374951171875 0.9244912109375 0.3650234375 0.90576953125 0.368078125 0.888576171875 0.381060546875 0.8797880859375 0.4253525390625 0.8675615234375 0.432607421875 0.8353115234375 0.0015283203125 0.834681640625 0 1