9 0.140197265625 0.6857685546875 0.14440625 0.5782734375 0.079650390625 0.576654296875 0.0689658203125 0.6841494140625 0.140197265625 0.6857685546875
9 0.1282822265625 0.8856279296875 0.130298828125 0.7883447265625 0.0625029296875 0.7873369140625 0.0553369140625 0.8856142578125 0.1282822265625 0.8856279296875
9 0 0.589654296875 0.000607421875 0.6525712890625 0.0203642578125 0.652875 0.02553125 0.5908701171875 0 0.589654296875
9 0.3000830078125 0.631228515625 0.3005390625 0.7377900390625 0.3600087890625 0.7380185546875 0.3568193359375 0.634572265625 0.3000830078125 0.631228515625
9 0.4129013671875 0.6395244140625 0.418537109375 0.7412578125 0.4687177734375 0.7421669921875 0.463263671875 0.6413427734375 0.4129013671875 0.6395244140625
9 0.51826171875 0.6489365234375 0.529248046875 0.745716796875 0.5741318359375 0.7452490234375 0.562443359375 0.650806640625 0.51826171875 0.6489365234375
9 0.68217578125 0.6599111328125 0.6956630859375 0.7373984375 0.6974853515625 0.7392216796875 0.699490234375 0.7503388671875 0.7373984375 0.75125 0.7202666015625 0.662310546875 0.68217578125 0.6599111328125
9 0.7721572265625 0.6671142578125 0.7907734375 0.754236328125 0.82069921875 0.7528447265625 0.8026044921875 0.6675908203125 0.7721572265625 0.6671142578125
9 0.8565537109375 0.6720615234375 0.8768681640625 0.7572568359375 0.90512109375 0.7577646484375 0.884142578125 0.6733427734375 0.8565537109375 0.6720615234375
9 0.423552734375 0.8320732421875 0.4290615234375 0.933630859375 0.4423486328125 0.92876953125 0.4856494140625 0.926671875 0.4792919921875 0.83077734375 0.423552734375 0.8320732421875
9 0.5368935546875 0.8299462890625 0.5432822265625 0.9208955078125 0.59734375 0.922 0.588478515625 0.8312060546875 0.5368935546875 0.8299462890625
9 0.148251953125 0.4815673828125 0.1508818359375 0.3991171875 0.1011630859375 0.3924912109375 0.096228515625 0.476734375 0.148251953125 0.4815673828125
9 0.304302734375 0.4624052734375 0.305087890625 0.5322841796875 0.3504091796875 0.5356201171875 0.348447265625 0.468291015625 0.304302734375 0.4624052734375
9 0.4091103515625 0.47734375 0.4129326171875 0.54420703125 0.4553525390625 0.5465 0.4494296875 0.4811650390625 0.4091103515625 0.47734375
9 0.5080625 0.4895380859375 0.5113525390625 0.552384765625 0.552578125 0.5568359375 0.5452236328125 0.4936025390625 0.5080625 0.4895380859375
9 0.6634296875 0.508244140625 0.6729150390625 0.5630712890625 0.675951171875 0.56800390625 0.686005859375 0.572177734375 0.7076328125 0.57407421875 0.696060546875 0.51146875 0.6634296875 0.508244140625
9 0.760486328125 0.5790126953125 0.7928212890625 0.582521484375 0.7925703125 0.5732470703125 0.807609375 0.5747509765625 0.806857421875 0.5722451171875 0.78229296875 0.5414140625 0.779787109375 0.5288818359375 0.7497080078125 0.5246201171875 0.755974609375 0.573498046875 0.760486328125 0.5790126953125
9 0.8468076171875 0.5876318359375 0.8720576171875 0.590970703125 0.8718486328125 0.583041015625 0.8864560546875 0.5838759765625 0.861623046875 0.551322265625 0.8584931640625 0.5375498046875 0.8290703125 0.5335849609375 0.838251953125 0.581580078125 0.8468076171875 0.5876318359375
9 0.9454970703125 0.561306640625 0.96562890625 0.6137939453125 0.9735380859375 0.6195458984375 0.9893564453125 0.620265625 0.9730595703125 0.5634638671875 0.9454970703125 0.561306640625
1 0.7885927734375 1 0.78743359375 0.99862890625 0.767966796875 0.9847236328125 0.724396484375 0.958072265625 0.6846474609375 0.943703125 0.6554462890625 0.93234765625 0.6169755859375 0.9291025390625 0.5528505859375 0.92608984375 0.4939853515625 0.9265537109375 0.443578125 0.92956640625 0.431294921875 0.934896484375 0.3874580078125 0.93832421875 0.3678349609375 0.9433134765625 0.3582021484375 0.947951171875 0.350353515625 0.95794140625 0.3314443359375 0.99754296875 0.330681640625 1 0.7885927734375 1
8 0.328541015625 1 0.35036328125 0.954232421875 0.36506640625 0.9388505859375 0.3571552734375 0.936212890625 0.3466064453125 0.9347060546875 0.333796875 0.9347060546875 0.3462294921875 0.929431640625 0.369587890625 0.9207666015625 0.3854111328125 0.911724609375 0.3819658203125 0.9061474609375 0.3664912109375 0.9119931640625 0.3520478515625 0.91921484375 0.3300390625 0.922998046875 0.32178515625 0.91783984375 0.3131884765625 0.904083984375 0.31972265625 0.8862021484375 0.334509765625 0.8927353515625 0.355486328125 0.8958310546875 0.3709619140625 0.8927353515625 0.3860927734375 0.889296875 0.401912109375 0.888609375 0.411884765625 0.8865458984375 0.4139482421875 0.87932421875 0.384029296875 0.8707265625 0.3695859375 0.864537109375 0.3702744140625 0.8554873046875 0.3812783203125 0.854111328125 0.3850615234375 0.848953125 0.38953125 0.83966796875 0.3909072265625 0.8279755859375 0.38953125 0.81972265625 0.3953779296875 0.8090625 0.392970703125 0.80115234375 0.3857490234375 0.80149609375 0.3812783203125 0.80046484375 0.373025390625 0.8166279296875 0.35926953125 0.8259130859375 0.350671875 0.8376044921875 0.3386357421875 0.8503291015625 0.325568359375 0.83966796875 0.3431064453125 0.8307275390625 0.3413876953125 0.825568359375 0.348953125 0.824537109375 0.350671875 0.82075390625 0.3420751953125 0.8162841796875 0.3716494140625 0.8025283203125 0.383341796875 0.7922119140625 0.3819658203125 0.7894599609375 0.3627080078125 0.796337890625 0.3379482421875 0.8076865234375 0.34104296875 0.79943359375 0.373369140625 0.7880849609375 0.38953125 0.7732978515625 0.3885 0.7695146484375 0.383685546875 0.7691708984375 0.3572060546875 0.785677734375 0.3424189453125 0.7925556640625 0.354111328125 0.7653876953125 0.364083984375 0.746130859375 0.363052734375 0.7395966796875 0.3609892578125 0.7351259765625 0.354111328125 0.7354697265625 0.3472333984375 0.74131640625 0.3427626953125 0.7450986328125 0.336228515625 0.74200390625 0.34069921875 0.7633251953125 0.3372607421875 0.7688271484375 0.3338212890625 0.7695146484375 0.3327900390625 0.7843017578125 0.316283203125 0.7547275390625 0.3080302734375 0.7492255859375 0.30012109375 0.748193359375 0.2939306640625 0.7488818359375 0.2949619140625 0.7523203125 0.307341796875 0.7595419921875 0.325568359375 0.786021484375 0.3173154296875 0.786365234375 0.3097490234375 0.7928994140625 0.306654296875 0.7908359375 0.316283203125 0.7798310546875 0.3142197265625 0.776736328125 0.306310546875 0.7832705078125 0.3028720703125 0.78051953125 0.2997763671875 0.78051953125 0.2984013671875 0.7901484375 0.2949619140625 0.7911796875 0.2853330078125 0.7732978515625 0.28086328125 0.7729541015625 0.286021484375 0.7928994140625 0.276392578125 0.7884287109375 0.2739853515625 0.7915234375 0.2787998046875 0.795994140625 0.272265625 0.79660546875 0.2643564453125 0.7969501953125 0.2650439453125 0.800044921875 0.268138671875 0.8027958984375 0.2836142578125 0.8034833984375 0.2836142578125 0.8079541015625 0.286021484375 0.81586328125 0.2932431640625 0.8254921875 0.2949619140625 0.830306640625 0.2805185546875 0.819302734375 0.266763671875 0.8079541015625 0.26194921875 0.810705078125 0.26194921875 0.8165517578125 0.26366796875 0.820333984375 0.2743291015625 0.83512109375 0.2657314453125 0.8330576171875 0.2609169921875 0.83477734375 0.2595419921875 0.838904296875 0.2605732421875 0.8440625 0.268138671875 0.8464697265625 0.257478515625 0.8461259765625 0.2499130859375 0.8475009765625 0.248193359375 0.8505966796875 0.247849609375 0.8557548828125 0.2512880859375 0.8605693359375 0.2598857421875 0.8629765625 0.2536953125 0.8664150390625 0.24372265625 0.8616005859375 0.237533203125 0.8629765625 0.2365009765625 0.867447265625 0.239595703125 0.8698544921875 0.2506953125 0.875541015625 0.24072265625 0.875884765625 0.226279296875 0.8717587890625 0.2135546875 0.8710703125 0.20289453125 0.8731337890625 0.194296875 0.87863671875 0.1722880859375 0.8868896484375 0.15475 0.8958310546875 0.150623046875 0.8875771484375 0.140994140625 0.8820751953125 0.130333984375 0.875541015625 0.121392578125 0.88001171875 0.1134833984375 0.885513671875 0.1041982421875 0.884138671875 0.0973203125 0.8813876953125 0.0849404296875 0.8824189453125 0.0749677734375 0.888609375 0.06877734375 0.88069921875 0.0649951171875 0.875541015625 0.0577734375 0.875541015625 0.053302734375 0.8776044921875 0.04951953125 0.885857421875 0.0467685546875 0.8920478515625 0.0357646484375 0.884826171875 0.02888671875 0.874166015625 0.023041015625 0.8717587890625 0.014099609375 0.8690078125 0.0030947265625 0.8696953125 0 0.8692685546875 0 1 0.328541015625 1
8 0 0.795529296875 0.0039140625 0.789267578125 0.0143505859375 0.7723076171875 0.0193076171875 0.7642197265625 0.02165625 0.75926171875 0.0180029296875 0.7553486328125 0.01408984375 0.756130859375 0.00756640625 0.75926171875 0.0112197265625 0.7501884765625 0.0151328125 0.746275390625 0.0206123046875 0.7421005859375 0.0206123046875 0.73662109375 0.024787109375 0.733490234375 0.0268740234375 0.7287939453125 0.0250478515625 0.7243583984375 0.022177734375 0.72148828125 0.012001953125 0.7293154296875 0 0.73923046875 0 0.795529296875
8 1 0.9265380859375 0.992330078125 0.9177236328125 0.982255859375 0.9122666015625 0.9742802734375 0.9105869140625 0.963787109375 0.9160439453125 0.9600087890625 0.9110068359375 0.959556640625 0.8928154296875 0.9415068359375 0.8407666015625 0.9175810546875 0.8042939453125 0.891556640625 0.7803671875 0.856716796875 0.766095703125 0.83698828125 0.7656767578125 0.808865234375 0.7698740234375 0.784939453125 0.7799482421875 0.769408203125 0.8038740234375 0.7610126953125 0.816046875 0.7517783203125 0.819404296875 0.7425439453125 0.8139482421875 0.7337294921875 0.80135546875 0.7282724609375 0.7946396484375 0.735828125 0.7900224609375 0.7412841796875 0.781626953125 0.7572353515625 0.7698740234375 0.75513671875 0.766095703125 0.7425439453125 0.7702939453125 0.7316298828125 0.772392578125 0.7278525390625 0.7644169921875 0.7270126953125 0.7526640625 0.71022265625 0.766515625 0.7043466796875 0.762318359375 0.71945703125 0.7463671875 0.7232353515625 0.7346142578125 0.7186181640625 0.729158203125 0.7093837890625 0.7346142578125 0.69175390625 0.7434296875 0.68083984375 0.747626953125 0.6739296875 0.7455283203125 0.6676328125 0.7388125 0.668052734375 0.7295771484375 0.6798056640625 0.7153056640625 0.677287109375 0.7111083984375 0.6651142578125 0.718244140625 0.6609169921875 0.714046875 0.6474853515625 0.71782421875 0.6323740234375 0.72244140625 0.6315341796875 0.7304169921875 0.629435546875 0.73335546875 0.6210400390625 0.722021484375 0.6063486328125 0.7203427734375 0.595015625 0.72412109375 0.586201171875 0.732095703125 0.5828427734375 0.7371328125 0.5924970703125 0.7409111328125 0.6126455078125 0.7446884765625 0.6126455078125 0.7501455078125 0.60047265625 0.748046875 0.589138671875 0.75182421875 0.59585546875 0.7589599609375 0.6029912109375 0.7635771484375 0.59123828125 0.770712890625 0.58032421875 0.782466796875 0.5773857421875 0.790861328125 0.5882998046875 0.795478515625 0.596275390625 0.800935546875 0.5916572265625 0.805552734375 0.58494140625 0.811009765625 0.576546875 0.8135283203125 0.579666015625 0.8210380859375 0.5893203125 0.8256552734375 0.5964560546875 0.8348896484375 0.593517578125 0.8453837890625 0.583443359375 0.85251953125 0.5683330078125 0.8437041015625 0.5624560546875 0.8441240234375 0.5670732421875 0.856296875 0.5729501953125 0.8634326171875 0.57924609375 0.8730869140625 0.5683330078125 0.87728515625 0.556580078125 0.871828125 0.5427275390625 0.86637109375 0.5393701171875 0.8735068359375 0.5481845703125 0.8789638671875 0.5616162109375 0.886099609375 0.58554296875 0.8991123046875 0.6010732421875 0.9083466796875 0.609048828125 0.91422265625 0.5645546875 0.920099609375 0.5481845703125 0.9234580078125 0.6270986328125 0.9289140625 0.658580078125 0.9314326171875 0.7274189453125 0.958296875 0.7849140625 0.994396484375 0.7933095703125 1 1 1 1 0.9265380859375
9 0.083369140625 0.3059091796875 0.080943359375 0.330611328125 0.1411552734375 0.3352431640625 0.1422578125 0.316275390625 0.083369140625 0.3059091796875
2 1 0.4378251953125 0.8519267578125 0.4852744140625 0.5090126953125 0.4366337890625 0.5055322265625 0.4131904296875 0.4841396484375 0.4117255859375 0.4677294921875 0.4164140625 0.4671435546875 0.431359375 0.44194140625 0.4284287109375 0.441615234375 0.4202236328125 0.3988310546875 0.4140693359375 0.3976591796875 0.4219814453125 0.34080859375 0.4137763671875 0.34080859375 0.4008828125 0.299490234375 0.3973662109375 0.2989033203125 0.4049853515625 0.2343251953125 0.393740234375 0.2343251953125 0.3649560546875 0.231373046875 0.35241015625 0.2210400390625 0.3442919921875 0.1623671875 0.334697265625 0.16790234375 0.2977958984375 0.06383984375 0.2786064453125 0.0671611328125 0.29890234375 0.0660537109375 0.3184609375 0.05904296875 0.31772265625 0.0158671875 0.3081279296875 0.011525390625 0.2960458984375 0.0062265625 0.2822685546875 0 0.2756455078125 0 1 0.3295263671875 1 0.3303212890625 0.9974765625 0.35019140625 0.9558818359375 0.359728515625 0.9452841796875 0.389666015625 0.936806640625 0.4302529296875 0.9346875 0.441115234375 0.9291240234375 0.451712890625 0.9280634765625 0.552583984375 0.9252236328125 0.6590546875 0.9299169921875 0.7257646484375 0.9557294921875 0.79515625 1 1 1 1 0.4378251953125