2 1 0.1144599609375 0.84130859375 0.000767578125 0.8182255859375 0 0.765677734375 0.0441630859375 0.75122265625 0.037146484375 0.7391708984375 0.0254296875 0.7323076171875 0.0170595703125 0.7289599609375 0.015720703125 0.719083984375 0.01521875 0.6996572265625 0.0132099609375 0.6951376953125 0.014046875 0.691623046875 0.017896484375 0.6874384765625 0.0311201171875 0.679068359375 0.0463525390625 0.661828125 0.0605810546875 0.6368232421875 0.0767880859375 0.63213671875 0.0829814453125 0.6266123046875 0.097208984375 0.6097060546875 0.1213134765625 0.5979892578125 0.12934765625 0.5889501953125 0.133365234375 0.580984375 0.1413076171875 0.57763671875 0.1896826171875 0.572615234375 0.1955419921875 0.5706064453125 0.2046982421875 0.571611328125 0.2088828125 0.5767998046875 0.2115615234375 0.5769677734375 0.233322265625 0.5399951171875 0.265310546875 0.50936328125 0.2683232421875 0.4812412109375 0.3202138671875 0.478306640625 0.3252626953125 0.4368837890625 0.3653994140625 0.4317373046875 0.3659140625 0.361189453125 0.439865234375 0.2739697265625 0.525466796875 0.2665087890625 0.5264951171875 0.259546875 0.5388447265625 0.1080595703125 0.6875576171875 0.111404296875 0.7009365234375 0.1083173828125 0.7214287109375 0.11655078125 0.7286328125 0.1245263671875 0.7394384765625 0.1294150390625 0.7525595703125 0.128642578125 0.76825390625 0.12375390625 0.7744296875 0.109603515625 0.7842060546875 0.1005986328125 0.79526953125 0.109861328125 0.7944970703125 0.1281162109375 0.7958203125 0.1301728515625 0.8193271484375 0.129291015625 0.82491015625 0.1131298828125 0.8578212890625 0.0993193359375 0.86390234375 0.08139453125 0.94412109375 0.066548828125 0.9621337890625 0.056544921875 1 0.381427734375 0.999982421875 1 1 1 0.1144599609375
9 0.7475341796875 0.3463984375 0.7512998046875 0.437166015625 0.8062724609375 0.4567451171875 0.7999970703125 0.3682451171875 0.7475341796875 0.3463984375
9 0.7558173828125 0.548654296875 0.7595830078125 0.664447265625 0.8215849609375 0.676998046875 0.8135517578125 0.5640390625 0.7558173828125 0.548654296875
9 0.783931640625 0.808763671875 0.75155078125 0.8112734375 0.758328125 0.9528671875 0.79196484375 0.9521142578125 0.783931640625 0.808763671875
9 0.7397529296875 0.160150390625 0.7412587890625 0.2316904296875 0.79296875 0.2585498046875 0.7889521484375 0.1880126953125 0.7397529296875 0.160150390625
9 0.6630888671875 0.663283203125 0.66253125 0.625599609375 0.60387109375 0.61371875 0.6018291015625 0.6820234375 0.6630888671875 0.663283203125
9 0.7010830078125 0.648669921875 0.700873046875 0.6142861328125 0.685568359375 0.61952734375 0.685359375 0.652443359375 0.7010830078125 0.648669921875
9 0.60882421875 0.4803896484375 0.610107421875 0.491453125 0.6323955078125 0.479427734375 0.6330361328125 0.4439912109375 0.60882421875 0.436134765625 0.6077021484375 0.47814453125 0.60882421875 0.4803896484375
9 0.6354306640625 0.288189453125 0.635234375 0.2817158203125 0.61149609375 0.2724951171875 0.611103515625 0.30976953125 0.6354306640625 0.288189453125
9 0.51780859375 0.7752119140625 0.522412109375 0.68834375 0.4909873046875 0.697150390625 0.4851826171875 0.7840185546875 0.51780859375 0.7752119140625
9 0.535623046875 0.4791787109375 0.538625 0.41292578125 0.5104033203125 0.4339423828125 0.5059990234375 0.4995947265625 0.535623046875 0.4791787109375
9 0.1891240234375 0.7480478515625 0.1678115234375 0.758416015625 0.1620517578125 0.79547265625 0.163203125 0.797392578125 0.1835556640625 0.789904296875 0.1891240234375 0.7480478515625
9 0.1775556640625 0.721689453125 0.1964580078125 0.7142529296875 0.2031201171875 0.6722646484375 0.182359375 0.6860546875 0.1770908203125 0.7213798828125 0.1775556640625 0.721689453125
9 0.1572158203125 0.7330849609375 0.165232421875 0.73362890625 0.17134765625 0.69802734375 0.159525390625 0.7067236328125 0.15544921875 0.7321337890625 0.1572158203125 0.7330849609375
9 0.2794921875 0.5572265625 0.299609375 0.5400390625 0.2994140625 0.5240234375 0.2806640625 0.540234375 0.279296875 0.55654296875 0.2794921875 0.5572265625
9 0.31386328125 0.509650390625 0.314279296875 0.5130830078125 0.3291552734375 0.5189091796875 0.3350849609375 0.5184931640625 0.336853515625 0.4924853515625 0.31386328125 0.509650390625
0 0.5747109375 0.7056298828125 0.5781630859375 0.7211630859375 0.707109375 0.67949609375 0.70513671875 0.6664287109375 0.7046435546875 0.659525390625 0.7095751953125 0.655580078125 0.7066162109375 0.648923828125 0.5695341796875 0.697494140625 0.5705205078125 0.703904296875 0.5747109375 0.7056298828125
0 0.5711826171875 0.2047509765625 0.573654296875 0.20901953125 0.5776982421875 0.2101435546875 0.636119140625 0.151048828125 0.7109423828125 0.07216015625 0.78885546875 0.117099609375 0.79739453125 0.108111328125 0.7138076171875 0.057330078125 0.70688671875 0.057970703125 0.5734296875 0.1957626953125 0.5711826171875 0.2047509765625
0 0.71565625 0.7975908203125 0.4130517578125 0.766453125 0.100556640625 0.8642548828125 0.082591796875 0.9468896484375 0.3727958984375 0.939724609375 0.3855703125 0.9289462890625 0.409921875 0.927349609375 0.715771484375 0.9321396484375 0.7173681640625 0.902998046875 0.7182939453125 0.89778515625 0.71565625 0.7975908203125
0 0.4806708984375 0.6287548828125 0.405150390625 0.617201171875 0.3382490234375 0.658671875 0.3356640625 0.666427734375 0.403056640625 0.6265537109375 0.412298828125 0.625013671875 0.479130859375 0.637998046875 0.4806708984375 0.6287548828125
0 0.4186123046875 0.4943984375 0.426705078125 0.49346484375 0.4906123046875 0.5071591796875 0.4915458984375 0.5004677734375 0.4264970703125 0.484283203125 0.417626953125 0.48583984375 0.352587890625 0.5399951171875 0.3520078125 0.547931640625 0.4186123046875 0.4943984375
8 0.6164013671875 0.833296875 0.6201279296875 0.817271484375 0.61491015625 0.8090732421875 0.611556640625 0.798265625 0.6137919921875 0.7889482421875 0.613419921875 0.7773955078125 0.6119287109375 0.753544921875 0.60373046875 0.743482421875 0.5951591796875 0.7464638671875 0.5929228515625 0.751681640625 0.594041015625 0.759134765625 0.5970224609375 0.767333984375 0.5925498046875 0.7703154296875 0.5873330078125 0.7624892578125 0.5817421875 0.751681640625 0.5713076171875 0.7446005859375 0.5631083984375 0.7442275390625 0.556400390625 0.7505634765625 0.5601279296875 0.757271484375 0.5605 0.762861328125 0.5552822265625 0.7643525390625 0.550810546875 0.7699423828125 0.5500654296875 0.778513671875 0.5575185546875 0.78261328125 0.5713076171875 0.7870849609375 0.5768974609375 0.79267578125 0.5709345703125 0.80012890625 0.5616181640625 0.7952841796875 0.5556552734375 0.79006640625 0.5482021484375 0.7915576171875 0.54112109375 0.7934208984375 0.535158203125 0.803482421875 0.5243505859375 0.820998046875 0.512052734375 0.83143359375 0.5027353515625 0.8340419921875 0.4841025390625 0.84261328125 0.489865234375 0.852302734375 0.49396484375 0.86385546875 0.5025361328125 0.8672099609375 0.51520703125 0.868328125 0.5420400390625 0.8653466796875 0.54912109375 0.858265625 0.556201171875 0.846712890625 0.568126953125 0.8437314453125 0.58526953125 0.8444765625 0.5983134765625 0.8455947265625 0.6100654296875 0.8455947265625 0.6145380859375 0.8396318359375 0.6164013671875 0.833296875
8 0 0.987689453125 0.010208984375 0.9936943359375 0.0348291015625 0.9828857421875 0.0660556640625 0.96006640625 0.0792666015625 0.944453125 0.099083984375 0.8627841796875 0.112294921875 0.8569248046875 0.1231044921875 0.840111328125 0.129109375 0.822095703125 0.1285087890625 0.808884765625 0.1273076171875 0.7968740234375 0.1104931640625 0.7950732421875 0.099083984375 0.7962734375 0.1086923828125 0.7830625 0.1195009765625 0.77645703125 0.127908203125 0.7680498046875 0.1285087890625 0.7536376953125 0.1243056640625 0.74102734375 0.114697265625 0.7290166015625 0.108091796875 0.7254140625 0.1104931640625 0.701994140625 0.1074912109375 0.6881826171875 0.1008857421875 0.6767724609375 0.088875 0.676171875 0.1050888671875 0.6491494140625 0.105689453125 0.634900390625 0.1026865234375 0.61148046875 0.1050888671875 0.5922646484375 0.106890625 0.58025390625 0.106890625 0.548427734375 0.1050888671875 0.504712890625 0.10929296875 0.4542705078125 0.1086923828125 0.42844921875 0.1008857421875 0.4200419921875 0.0936796875 0.41944140625 0.0804677734375 0.4308505859375 0.04203515625 0.4921025390625 0.0270224609375 0.49930859375 0.0090078125 0.50411328125 0.0006005859375 0.50831640625 0 0.8958115234375 0 0.987689453125
9 0.530982421875 0.5490380859375 0.5081123046875 0.5617421875 0.5057744140625 0.6270771484375 0.52520703125 0.6176416015625 0.530982421875 0.5490380859375
9 0.4170791015625 0.7783291015625 0.4371123046875 0.7796650390625 0.44169140625 0.723958984375 0.420513671875 0.73158984375 0.4170791015625 0.7783291015625
9 0.432330078125 0.6286845703125 0.4516064453125 0.6312900390625 0.45371484375 0.5944013671875 0.4333720703125 0.6049833984375 0.432330078125 0.6286845703125
9 0.5233388671875 0.3531337890625 0.5424453125 0.337775390625 0.5421826171875 0.3178349609375 0.52277734375 0.3340302734375 0.5233388671875 0.3531337890625
9 1 0.1722041015625 0.9714453125 0.1547109375 0.97215625 0.1659609375 1 0.18449609375 1 0.1722041015625
9 1 0.328263671875 0.996546875 0.2822197265625 0.9955703125 0.2802685546875 0.961033203125 0.260953125 0.969814453125 0.328458984375 1 0.343482421875 1 0.328263671875
9 1 0.4250107421875 0.9846171875 0.418435546875 0.9958828125 0.5008623046875 1 0.5033984375 1 0.4250107421875
8 0.80084375 0.6523017578125 0.7982900390625 0.6514814453125 0.7976513671875 0.6493837890625 0.7972861328125 0.647376953125 0.7954619140625 0.645279296875 0.792908203125 0.6449150390625 0.789806640625 0.64409375 0.7870703125 0.64509765625 0.785064453125 0.6490185546875 0.7793173828125 0.651572265625 0.7753955078125 0.6535791015625 0.7718388671875 0.6530322265625 0.7700146484375 0.6499306640625 0.7685546875 0.6493837890625 0.76673046875 0.6493837890625 0.765453125 0.6484716796875 0.7639033203125 0.6493837890625 0.7635380859375 0.650478515625 0.7629912109375 0.6533056640625 0.7632646484375 0.65458203125 0.7799560546875 0.6550380859375 0.8025771484375 0.6547646484375 0.8028505859375 0.653396484375 0.80084375 0.6523017578125