1 0 1 0.7632763671875 0.99920703125 0.7014619140625 0.982197265625 0.547134765625 0.91355859375 0.438416015625 0.8776845703125 0.389068359375 0.8601884765625 0.285884765625 0.8576044921875 0.1426552734375 0.8705634765625 0 0.8969580078125 0 1
8 0.3457919921875 0.856314453125 0.401638671875 0.8613681640625 0.4398740234375 0.87748046875 0.474423828125 0.8866875 0.562958984375 0.9185751953125 0.74984375 0.9969560546875 1 1 0.9996171875 0.67321484375 0.9665849609375 0.6766298828125 0.3608818359375 0.744955078125 0.33186328125 0.7501328125 0.3277177734375 0.7760244140625 0.332408203125 0.8549443359375 0.3457919921875 0.856314453125
9 0.82588671875 0.8317587890625 0.797396484375 0.632462890625 0.6169580078125 0.6561884765625 0.6408037109375 0.842189453125 0.82588671875 0.8317587890625
9 0.5979638671875 0.512095703125 0.773654296875 0.4788798828125 0.7475380859375 0.3175458984375 0.5805537109375 0.36104296875 0.5979638671875 0.512095703125
9 1 0.439412109375 0.9990263671875 0.388796875 0.9863642578125 0.3508359375 0.85341015625 0.379306640625 0.8688134765625 0.465806640625 1 0.439412109375
9 0.5723251953125 0.2401240234375 0.7313955078125 0.18713671875 0.7108193359375 0.0677177734375 0.5641513671875 0.1184921875 0.5723251953125 0.2401240234375
9 0.4044970703125 0.2743525390625 0.3973740234375 0.1517705078125 0.266001953125 0.2000126953125 0.2549228515625 0.31705859375 0.4044970703125 0.2743525390625
9 0.41383203125 0.5363408203125 0.40829296875 0.4026865234375 0.2697978515625 0.435111328125 0.263466796875 0.56323046875 0.41383203125 0.5363408203125
9 0.3282119140625 0.8551298828125 0.3284111328125 0.8243896484375 0.325521484375 0.775693359375 0.3315556640625 0.7463349609375 0.4228330078125 0.73507421875 0.4192138671875 0.6953955078125 0.2759716796875 0.7135859375 0.2741201171875 0.85741015625 0.3282119140625 0.8551298828125
9 0.1252890625 0.594541015625 0.135283203125 0.52176171875 0.127052734375 0.5213505859375 0.125818359375 0.5155927734375 0.130099609375 0.5123798828125 0.1296181640625 0.4993896484375 0.0617353515625 0.5123798828125 0.0520654296875 0.6065703125 0.1252890625 0.594541015625
9 0.3914482421875 0.0510068359375 0.3927548828125 0 0.2672529296875 0.0013623046875 0.2659462890625 0.09673046875 0.3914482421875 0.0510068359375
9 0 0.2068427734375 0.14673828125 0.1436787109375 0.1447919921875 0.1039306640625 0.1368271484375 0.0909443359375 0.1326005859375 0.07844140625 0 0.1310302734375 0 0.2068427734375
0 1 0.1062607421875 0.8210087890625 0.1612783203125 0.81264453125 0.1643740234375 0.8179111328125 0.1683984375 0.8228671875 0.171494140625 1 0.116892578125 1 0.1062607421875
0 0.869109375 0.46442578125 1 0.4414208984375 0.9978291015625 0.42683984375 0.8814296875 0.448548828125 0.86748828125 0.4537333984375 0.8691328125 0.46330078125 0.869109375 0.46442578125
7 0.04073828125 0.8873779296875 0.079609375 0.233185546875 0.090203125 0.226568359375 0.086892578125 0.2153203125 0.041205078125 0.1822353515625 0.0239892578125 0.163046875 0.0001513671875 0.1551064453125 0.0001513671875 0.190837890625 0.016705078125 0.202748046875 0.0345830078125 0.202748046875 0.0663662109375 0.2312001953125 0.007677734375 0.8894990234375 0.04073828125 0.8873779296875
2 0.14646484375 0 0.0011904296875 0.073828125 0.0003681640625 0.8944775390625 0.039962890625 0.88784765625 0.10205078125 0.8757265625 0.1977578125 0.86354296875 0.2765546875 0.857978515625 0.40399609375 0.8561826171875 0.440138671875 0.8698369140625 0.4618251953125 0.87465625 0.7311640625 0.9806455078125 0.9959091796875 0.95933203125 1 0 0.14646484375 0
3 0.7681044921875 0.9925458984375 0.9963369140625 0.9955791015625 0.9917880859375 0.93264453125 0.718060546875 0.9409853515625 0.718818359375 0.90610546875 0.68697265625 0.894732421875 0.6103896484375 0.90458984375 0.5982578125 0.926578125 0.7681044921875 0.9925458984375