2 1 0.1066025390625 0.7025634765625 0.1117900390625 0.702005859375 0.0332900390625 0.69976171875 0.0321689453125 0.5035224609375 0.0337275390625 0.5003681640625 0.039552734375 0.507927734375 0.0745205078125 0.5033173828125 0.1152275390625 0.3333681640625 0.11519140625 0.308396484375 0.0741005859375 0.0286201171875 0.07913671875 0.011361328125 0.119177734375 0 0.11943359375 0 1 1 1 1 0.1066025390625
9 0.125708984375 0.2781015625 0.149130859375 0.2177470703125 0.038390625 0.2205419921875 0.0115302734375 0.278306640625 0.125708984375 0.2781015625
9 0 0.433107421875 0.06431640625 0.4326240234375 0.094427734375 0.3529873046875 0 0.352904296875 0 0.433107421875
9 0.0002060546875 0.5934580078125 0.02858984375 0.523095703125 0 0.52301953125 0.0002060546875 0.5934580078125
9 0.24562890625 0.8606318359375 0.2764267578125 0.71972265625 0.1845625 0.7176591796875 0.1488740234375 0.8571171875 0.24562890625 0.8606318359375
9 0.333564453125 0.861587890625 0.352296875 0.77429296875 0.3265224609375 0.76568359375 0.3072255859375 0.8600986328125 0.333564453125 0.861587890625
9 0.3009052734375 0.6211376953125 0.3243515625 0.511296875 0.243123046875 0.5107470703125 0.2133583984375 0.620546875 0.3009052734375 0.6211376953125
9 0.3799365234375 0.622068359375 0.393380859375 0.565681640625 0.370125 0.5540908203125 0.3555048828125 0.622232421875 0.3799365234375 0.622068359375
9 0.344642578125 0.4308427734375 0.3629736328125 0.3427041015625 0.2900087890625 0.3422978515625 0.2670302734375 0.4312861328125 0.344642578125 0.4308427734375
9 0.416078125 0.4329462890625 0.4221484375 0.4051640625 0.402822265625 0.39048828125 0.3939189453125 0.433259765625 0.416078125 0.4329462890625
9 0.3789833984375 0.27684765625 0.39364453125 0.204400390625 0.32646875 0.20328125 0.3080439453125 0.2765576171875 0.3789833984375 0.27684765625
9 0.4453828125 0.2768486328125 0.4476123046875 0.2671123046875 0.4296748046875 0.24808984375 0.4242958984375 0.2772080078125 0.4453828125 0.2768486328125
9 0.61981640625 0.224833984375 0.627248046875 0.101140625 0.5644248046875 0.1028427734375 0.5533447265625 0.2264072265625 0.61981640625 0.224833984375
9 0.608728515625 0.3712490234375 0.6164384765625 0.25586328125 0.54664453125 0.253697265625 0.534255859375 0.370427734375 0.608728515625 0.3712490234375
9 0.5953251953125 0.5501484375 0.6049443359375 0.4090830078125 0.5294677734375 0.4086474609375 0.5130712890625 0.5483251953125 0.5953251953125 0.5501484375
9 0.5784521484375 0.77179296875 0.5926162109375 0.59072265625 0.5062275390625 0.59001953125 0.484033203125 0.771830078125 0.5784521484375 0.77179296875
9 0.5619599609375 1 0.573650390625 0.8261279296875 0.4774560546875 0.823689453125 0.4573466796875 1 0.5619599609375 1
9 0.7920224609375 0.865591796875 0.788255859375 0.724208984375 0.6933681640625 0.7227783203125 0.6941787109375 0.8648779296875 0.7920224609375 0.865591796875
9 0.7845859375 0.6246318359375 0.78117578125 0.511771484375 0.6985498046875 0.5126796875 0.6996171875 0.621462890625 0.7845859375 0.6246318359375
9 0.7802158203125 0.43226953125 0.77684765625 0.3424619140625 0.700462890625 0.34331640625 0.700326171875 0.432427734375 0.7802158203125 0.43226953125
9 0.7740576171875 0.2747900390625 0.772474609375 0.199302734375 0.7024794921875 0.2011982421875 0.70335546875 0.2767529296875 0.7740576171875 0.2747900390625
0 0.6879482421875 0.1489892578125 1 0.144126953125 0.99876953125 0.1085205078125 0.6875947265625 0.1131484375 0.688091796875 0.1453212890625 0.6879482421875 0.1489892578125
0 0 0.1599658203125 0.2982470703125 0.15819921875 0.2985869140625 0.1526875 0.4892421875 0.15271484375 0.4961201171875 0.1699912109375 0.5044560546875 0.12199609375 0 0.1244501953125 0 0.1599658203125
8 0.5138662109375 0 0.5071318359375 0.003701171875 0.5105810546875 0.0145283203125 0.532087890625 0.01833203125 0.5433759765625 0.0258486328125 0.592349609375 0.0190078125 0.622677734375 0.0267001953125 0.6348984375 0.048375 0.6362646484375 0.0709990234375 0.623716796875 0.079494140625 0.5789990234375 0.0680224609375 0.552947265625 0.0545625 0.526189453125 0.053017578125 0.49826171875 0.05952734375 0.48121484375 0.0732451171875 0.472181640625 0.098078125 0.4761552734375 0.108509765625 0.48870703125 0.102296875 0.5054736328125 0.0895341796875 0.5294951171875 0.0778837890625 0.5474970703125 0.082673828125 0.569248046875 0.0965859375 0.5997275390625 0.101828125 0.603625 0.11529296875 0.617015625 0.1293642578125 0.5994091796875 0.152966796875 0.587677734375 0.1694765625 0.587673828125 0.1831162109375 0.595529296875 0.1920517578125 0.6039140625 0.211830078125 0.6202724609375 0.2202880859375 0.63872265625 0.221384765625 0.657677734375 0.2053564453125 0.676951171875 0.1829443359375 0.6945654296875 0.1638994140625 0.7164638671875 0.1376396484375 0.72005078125 0.167087890625 0.7344365234375 0.192455078125 0.7695869140625 0.216876953125 0.7848857421875 0.234486328125 0.8081455078125 0.2531201171875 0.8426484375 0.260041015625 0.8525625 0.2821474609375 0.850845703125 0.3042333984375 0.863576171875 0.3198994140625 0.8821318359375 0.3370654296875 0.89730859375 0.3410634765625 0.9118984375 0.331443359375 0.918546875 0.3097451171875 0.9262470703125 0.2912138671875 0.9624736328125 0.29338671875 0.9904873046875 0.2906103515625 1 0.2846875 1 0 0.5138662109375 0
8 0 0.0016220703125 0.001189453125 0.2444365234375 0.0088466796875 0.230521484375 0.0150234375 0.2249638671875 0.0215107421875 0.2158623046875 0.0681923828125 0.2565693359375 0.0696025390625 0.2628623046875 0.0732568359375 0.2688662109375 0.0815654296875 0.2717412109375 0.0927294921875 0.27004296875 0.099275390625 0.2668095703125 0.1029619140625 0.259435546875 0.09747265625 0.2469599609375 0.0812041015625 0.239236328125 0.0676328125 0.2300498046875 0.033314453125 0.2087138671875 0.05014453125 0.2074326171875 0.0687548828125 0.19866796875 0.0900966796875 0.1963896484375 0.107271484375 0.18809375 0.132123046875 0.172724609375 0.1350693359375 0.1624111328125 0.12827734375 0.155708984375 0.1150498046875 0.1538955078125 0.1022470703125 0.160646484375 0.075921875 0.1733779296875 0.0491357421875 0.187099609375 0.0296005859375 0.190771484375 0.0219384765625 0.1758984375 0.01530859375 0.1625693359375 0.0267666015625 0.1541328125 0.0493818359375 0.14873046875 0.052177734375 0.13677734375 0.0606962890625 0.12320703125 0.0699794921875 0.1135009765625 0.091294921875 0.109625 0.099341796875 0.101505859375 0.0979091796875 0.091056640625 0.0876376953125 0.0731787109375 0.087244140625 0.0564658203125 0.0861484375 0.0444287109375 0.1015556640625 0.0503603515625 0.1118505859375 0.0465673828125 0.1164482421875 0.0315458984375 0.117623046875 0.0186552734375 0.1155078125 0.007185546875 0.1008447265625 0.0018662109375 0.0686611328125 0.0051455078125 0.005919921875 0.00426953125 0 0.0016220703125