8 0.9199501953125 0 0.9193720703125 0.008341796875 0.924 0.018755859375 0.936150390625 0.02569921875 0.943671875 0.041978515625 0.92862890625 0.051814453125 0.92284375 0.0651220703125 0.923421875 0.0795869140625 0.9338359375 0.09289453125 0.9332578125 0.1085166015625 0.9222646484375 0.1281884765625 0.904328125 0.14265234375 0.900857421875 0.15248828125 0.896806640625 0.164638671875 0.8858134765625 0.1634814453125 0.886392578125 0.1733173828125 0.9095361328125 0.2021826171875 0.8979638671875 0.22301171875 0.8777138671875 0.227640625 0.8684560546875 0.23284765625 0.8551484375 0.2368984375 0.851677734375 0.246734375 0.851677734375 0.27103515625 0.8412626953125 0.2750849609375 0.8453125 0.293599609375 0.833162109375 0.2993857421875 0.8267978515625 0.2999638671875 0.8262197265625 0.3365224609375 0.822748046875 0.36603125 0.8239052734375 0.383388671875 0.8360556640625 0.3943818359375 0.8239052734375 0.399009765625 0.8158046875 0.399009765625 0.81985546875 0.4202978515625 0.8169619140625 0.4307119140625 0.817541015625 0.4405478515625 0.837212890625 0.446333984375 0.8354765625 0.458484375 0.8308486328125 0.466005859375 0.8337412109375 0.475263671875 0.8464697265625 0.4793134765625 0.8389482421875 0.48278515625 0.8441552734375 0.49319921875 0.85919921875 0.505349609375 0.8441552734375 0.5012998046875 0.8291123046875 0.4839423828125 0.8158046875 0.4769990234375 0.8094404296875 0.4816279296875 0.8192763671875 0.5059287109375 0.8186982421875 0.5186572265625 0.8285341796875 0.537171875 0.813490234375 0.5290712890625 0.803654296875 0.5313857421875 0.81001953125 0.544115234375 0.805390625 0.549900390625 0.8152265625 0.567013671875 0.805390625 0.5780068359375 0.788033203125 0.5785849609375 0.78571875 0.5884208984375 0.79092578125 0.5976787109375 0.8071259765625 0.5976787109375 0.827955078125 0.582634765625 0.8510986328125 0.56990625 0.852833984375 0.5808994140625 0.85977734375 0.582634765625 0.886392578125 0.5733779296875 0.876556640625 0.591892578125 0.8823427734375 0.6005712890625 0.8748203125 0.606935546875 0.8563056640625 0.6057783203125 0.8458916015625 0.610986328125 0.8487841796875 0.62429296875 0.8626708984375 0.626029296875 0.8823427734375 0.6248720703125 0.9020146484375 0.6190859375 0.904328125 0.6231357421875 0.8956494140625 0.6422294921875 0.8782919921875 0.6445439453125 0.8707705078125 0.65380078125 0.8730849609375 0.6613232421875 0.886970703125 0.660744140625 0.901435546875 0.6647939453125 0.89912109375 0.6769443359375 0.9049072265625 0.685044921875 0.9170576171875 0.687359375 0.9245791015625 0.668265625 0.9390439453125 0.6775234375 0.9465654296875 0.685044921875 0.965080078125 0.685623046875 0.9864873046875 0.68330859375 0.9963232421875 0.6740517578125 1 0.66363671875 1 0 0.9199501953125 0
2 1 0.1388154296875 0.6676171875 0.20591015625 0.6325556640625 0.1341884765625 0.4835419921875 0.11028125 0.34318359375 0.195884765625 0.3407373046875 0.2083994140625 0.3438203125 0.217646484375 0.3684794921875 0.2519384765625 0.3025927734375 0.26696484375 0.2983544921875 0.2831474609375 0.0150263671875 0.341763671875 0.0262001953125 0.3617998046875 0 0.365267578125 0 0.891498046875 0.0452138671875 0.8877099609375 0.1121435546875 0.884763671875 0.18080078125 0.883921875 0.2084443359375 0.8884111328125 0.2575546875 0.8992158203125 0.2957138671875 0.911634765625 0.3523271484375 0.9395390625 0.3611669921875 0.9479580078125 0.3662177734375 0.9573583984375 0.36425390625 0.9744765625 0.3573779296875 0.97980859375 0.354291015625 1 1 1 1 0.1388154296875
9 0.4818515625 0.7969931640625 0.4935751953125 0.646591796875 0.42343359375 0.6537451171875 0.4067421875 0.80037109375 0.4818515625 0.7969931640625
9 0.5049013671875 0.518015625 0.51185546875 0.4071484375 0.448072265625 0.4172734375 0.436150390625 0.52695703125 0.5049013671875 0.518015625
9 0.5174443359375 0.3059287109375 0.52109765625 0.2429267578125 0.5147529296875 0.2383125 0.5041767578125 0.236197265625 0.49033203125 0.23754296875 0.481294921875 0.2419658203125 0.469373046875 0.2527333984375 0.4628349609375 0.261771484375 0.4614892578125 0.2651640625 0.4597587890625 0.3165048828125 0.5174443359375 0.3059287109375
9 0.6736982421875 0.4407470703125 0.6744990234375 0.374947265625 0.638451171875 0.380234375 0.6370087890625 0.4452333984375 0.6736982421875 0.4407470703125
9 0.6742109375 0.355525390625 0.6742109375 0.3412822265625 0.6391513671875 0.34730859375 0.638740234375 0.3597705078125 0.6742109375 0.355525390625
9 0.6774677734375 0.5598369140625 0.6773359375 0.533505859375 0.6384345703125 0.53813671875 0.638169921875 0.563806640625 0.6774677734375 0.5598369140625
9 0.6770712890625 0.6648974609375 0.6776005859375 0.5796474609375 0.63658203125 0.5832197265625 0.636978515625 0.668470703125 0.6770712890625 0.6648974609375
9 0.67826171875 0.813623046875 0.6785263671875 0.7767734375 0.636052734375 0.7790224609375 0.6355234375 0.814681640625 0.67826171875 0.813623046875
9 0.6793017578125 0.9334560546875 0.6795849609375 0.8347939453125 0.6342001953125 0.8369111328125 0.6338330078125 0.9330673828125 0.6793017578125 0.9334560546875
9 0.4636796875 1 0.4685634765625 0.9205771484375 0.407517578125 0.921662109375 0.4001923828125 1 0.4636796875 1
9 0.1157734375 0.8842353515625 0.1326630859375 0.810685546875 0.0637431640625 0.8120478515625 0.0457646484375 0.8875048828125 0.1157734375 0.8842353515625
1 0.354150390625 1 0.3568232421875 0.979259765625 0.363505859375 0.97458203125 0.36584375 0.957876953125 0.3601640625 0.9481875 0.3518115234375 0.9405029296875 0.293677734375 0.91134765625 0.2549814453125 0.8997177734375 0.2152021484375 0.8910224609375 0.180421875 0.884935546875 0.142927734375 0.885587890625 0.1055390625 0.885587890625 0.04633984375 0.8879794921875 0.0000390625 0.8916748046875 0 1 0.354150390625 1
9 0 0.5133125 0.00443359375 0.51299609375 0.025966796875 0.450296875 0 0.4537802734375 0 0.5133125
0 1 0.5919736328125 0.90493359375 0.604529296875 0.9151640625 0.6942783203125 1 0.6900927734375 1 0.5919736328125
0 0 0.7756787109375 0.1098603515625 0.7701298828125 0.1708935546875 0.78492578125 0.1768115234375 0.7679111328125 0.17422265625 0.7634716796875 0.1853310546875 0.708978515625 0.1728701171875 0.708978515625 0.17021875 0.7071220703125 0.1711923828125 0.6943115234375 0.1477568359375 0.686537109375 0.0953017578125 0.6840673828125 0.013240234375 0.687642578125 0 0.7168642578125 0 0.7756787109375
9 0.1527763671875 0.5165908203125 0.197 0.511123046875 0.2157841796875 0.421732421875 0.172748046875 0.4283896484375 0.1527763671875 0.5165908203125
9 0.2730849609375 0.4968583984375 0.32325390625 0.4897265625 0.3377568359375 0.401525390625 0.289728515625 0.406517578125 0.2730849609375 0.4968583984375
9 0.229484375 0.7072724609375 0.287447265625 0.7014462890625 0.3083017578125 0.5895185546875 0.2531337890625 0.593611328125 0.229484375 0.7072724609375
9 0.11325 0.68059375 0.1567998046875 0.68611328125 0.1779609375 0.6036240234375 0.1328779296875 0.6079169921875 0.11325 0.68059375
9 0.8644560546875 0.7779736328125 0.7756494140625 0.780294921875 0.7884189453125 0.946861328125 0.879546875 0.94628125 0.8644560546875 0.7779736328125
9 0.77244140625 0.65678515625 0.84858984375 0.65036328125 0.8362041015625 0.525603515625 0.764265625 0.5306025390625 0.77244140625 0.65678515625
9 0.760984375 0.4273115234375 0.8345966796875 0.418142578125 0.8267001953125 0.3200888671875 0.7579609375 0.332201171875 0.760984375 0.4273115234375
9 0.2576015625 0.9001484375 0.2717998046875 0.808580078125 0.2152431640625 0.8095263671875 0.19975390625 0.885814453125 0.2576015625 0.9001484375