9 0.0465791015625 0.7446669921875 0.09454296875 0.537423828125 0.078482421875 0.5452919921875 0.0293017578125 0.74471875 0.0465791015625 0.7446669921875
9 0.20771875 0.532669921875 0.218630859375 0.476966796875 0.213013671875 0.479642578125 0.200287109375 0.5343115234375 0.20771875 0.532669921875
9 0.2412109375 0.514095703125 0.2527412109375 0.4540673828125 0.238212890625 0.459787109375 0.2266796875 0.518505859375 0.2412109375 0.514095703125
9 0.2812333984375 0.4973466796875 0.2896455078125 0.44145703125 0.2810263671875 0.4446708984375 0.271056640625 0.500240234375 0.2812333984375 0.4973466796875
9 0.32519921875 0.479453125 0.3335009765625 0.41723828125 0.3212109375 0.4224609375 0.31198046875 0.4852197265625 0.32519921875 0.479453125
9 0.37316796875 0.46063671875 0.3831875 0.390537109375 0.3683359375 0.398865234375 0.3593203125 0.4672880859375 0.37316796875 0.46063671875
9 0.42978125 0.4375302734375 0.4380947265625 0.3654482421875 0.421048828125 0.3723173828125 0.4110703125 0.446015625 0.42978125 0.4375302734375
9 0.4728935546875 0.41999609375 0.4951845703125 0.4101025390625 0.5015478515625 0.3341875 0.4786474609375 0.3449599609375 0.4728935546875 0.41999609375
9 0.569849609375 0.379501953125 0.5751474609375 0.296619140625 0.545751953125 0.311201171875 0.540498046875 0.3916044921875 0.569849609375 0.379501953125
9 0.6204609375 0.3555810546875 0.6594345703125 0.340001953125 0.661697265625 0.2522314453125 0.623998046875 0.2693955078125 0.6204609375 0.3555810546875
9 0.765349609375 0.2952021484375 0.7651376953125 0.1986611328125 0.71610546875 0.2229248046875 0.7127666015625 0.31908984375 0.765349609375 0.2952021484375
9 0.8965341796875 0.23866796875 0.89311328125 0.1297548828125 0.830822265625 0.161330078125 0.8282998046875 0.2672734375 0.8965341796875 0.23866796875
9 1 0.0761376953125 0.966052734375 0.0949560546875 0.96903515625 0.20728125 1 0.1922763671875 1 0.0761376953125
9 0.999806640625 0.616 1 0.3610615234375 0.8364091796875 0.4095517578125 0.84465625 0.6360947265625 0.999806640625 0.616
9 0.748615234375 0.645357421875 0.7522900390625 0.4387255859375 0.6133916015625 0.480259765625 0.6080908203125 0.66551953125 0.748615234375 0.645357421875
9 0.5407880859375 0.6731640625 0.55188671875 0.5020634765625 0.4580224609375 0.5278427734375 0.439578125 0.68742578125 0.5407880859375 0.6731640625
9 0.390177734375 0.694140625 0.409328125 0.5453935546875 0.343806640625 0.562470703125 0.3242568359375 0.7032646484375 0.390177734375 0.694140625
9 0.28310546875 0.7079111328125 0.304529296875 0.5772822265625 0.253869140625 0.5911513671875 0.2343154296875 0.7128095703125 0.28310546875 0.7079111328125
9 0.2008876953125 0.71677734375 0.2234248046875 0.60296875 0.18473046875 0.6130673828125 0.161765625 0.72088671875 0.2008876953125 0.71677734375
9 0.3604814453125 0.924017578125 0.381802734375 0.7679560546875 0.3159326171875 0.7702421875 0.294744140625 0.91365625 0.3604814453125 0.924017578125
9 0.250837890625 0.9070859375 0.273703125 0.771703125 0.2259775390625 0.7738427734375 0.20332421875 0.8983798828125 0.250837890625 0.9070859375
9 0.167421875 0.8949287109375 0.1903408203125 0.7762548828125 0.1523662109375 0.7763232421875 0.13094921875 0.8869892578125 0.167421875 0.8949287109375
9 0.0012734375 0.8789521484375 0.0123798828125 0.8794736328125 0.0382978515625 0.782310546875 0.0207255859375 0.7825078125 0.0012734375 0.8789521484375
9 0.000107421875 0.59519921875 0.012384765625 0.55283984375 0 0.5511953125 0.000107421875 0.59519921875
0 0.29590234375 0.3727822265625 0.2979169921875 0.3677119140625 0.298623046875 0.3624013671875 0.296208984375 0.3597646484375 0.1355888671875 0.45621875 0.0617412109375 0.5040322265625 0.0607265625 0.5069013671875 0.0619736328125 0.509736328125 0.29590234375 0.3727822265625
2 1 1 0.998177734375 0.0024853515625 0.9011396484375 0 0.3007861328125 0.3653115234375 0.297328125 0.358673828125 0.29544140625 0.358794921875 0.1402294921875 0.45238671875 0.111607421875 0.4707216796875 0.0721220703125 0.4961201171875 0.06233203125 0.5025927734375 0.0595341796875 0.5059638671875 0.0612001953125 0.509783203125 0.0542236328125 0.514087890625 0 0.505228515625 0 0.8803046875 0.247634765625 0.92689453125 0.6300712890625 1 1 1
0 0.6299599609375 0.66306640625 0.74967578125 0.6484990234375 0.7493671875 0.625818359375 0.63086328125 0.64223828125 0.6299599609375 0.66306640625
0 0.874484375 0.6317451171875 0.9990712890625 0.617716796875 0.999244140625 0.5893115234375 0.8727841796875 0.60798046875 0.874484375 0.6317451171875
0 0.539078125 0.672986328125 0.5405908203125 0.6566640625 0.463576171875 0.6677431640625 0.46305078125 0.683568359375 0.539078125 0.672986328125
0 0.3410185546875 0.7019384765625 0.3920087890625 0.696759765625 0.3934404296875 0.6801796875 0.342794921875 0.6861806640625 0.3410185546875 0.7019384765625
0 0.2370478515625 0.7142587890625 0.2832001953125 0.7094697265625 0.2847041015625 0.6973544921875 0.23852734375 0.7028515625 0.2370478515625 0.7142587890625
4 0.288671875 1 0.2907646484375 0.9866591796875 0.2906875 0.9823203125 0.2538623046875 0.9726474609375 0.240396484375 0.973498046875 0.195345703125 0.95975 0.1899736328125 0.9554873046875 0.1581943359375 0.948310546875 0.147763671875 0.94929296875 0.1457568359375 0.9482255859375 0.1431376953125 0.9485400390625 0.1421259765625 0.949935546875 0.1412734375 0.952373046875 0.1222001953125 0.9520673828125 0.12335546875 0.942189453125 0.1225966796875 0.9393046875 0.1082705078125 0.9347568359375 0.102474609375 0.9336533203125 0.04863671875 0.9353544921875 0.0458994140625 0.9362568359375 0.0439501953125 0.93961328125 0.036373046875 0.979935546875 0 0.9811142578125 0 1 0.288671875 1
6 0 0.980419921875 0.0358037109375 0.9791044921875 0.042427734375 0.9429873046875 0 0.94345703125 0 0.980419921875
6 0.1232578125 0.9480625 0.1226826171875 0.951580078125 0.1410009765625 0.9519443359375 0.141708984375 0.94972265625 0.143005859375 0.948212890625 0.1464208984375 0.947982421875 0.1480625 0.9489326171875 0.157490234375 0.9479580078125 0.1565302734375 0.9447060546875 0.1573740234375 0.942384765625 0.2176181640625 0.942451171875 0.2992197265625 0.939013671875 0.3008798828125 0.93755078125 0.255970703125 0.92894921875 0.1238232421875 0.9381826171875 0.123767578125 0.9423515625 0.1232578125 0.9480625
8 0 0.9426884765625 0.0423505859375 0.9423896484375 0.043357421875 0.9387568359375 0.0458671875 0.935359375 0.0499853515625 0.934609375 0.1021435546875 0.933017578125 0.1101552734375 0.934865234375 0.11828515625 0.937091796875 0.1222841796875 0.9383603515625 0.1227646484375 0.93763671875 0.254947265625 0.9287294921875 0.1495810546875 0.9091328125 0.0780556640625 0.895853515625 0.000046875 0.880619140625 0 0.9426884765625
8 0.6247783203125 1 0.4060341796875 0.958017578125 0.3075673828125 0.93912890625 0.3016669921875 0.9376796875 0.300423828125 0.9387119140625 0.299 0.9394619140625 0.245205078125 0.9417177734375 0.20448046875 0.9432978515625 0.1582998046875 0.94309375 0.15704296875 0.9444521484375 0.1585615234375 0.947431640625 0.191900390625 0.9552255859375 0.1958701171875 0.95912109375 0.2219580078125 0.967181640625 0.2414990234375 0.97283984375 0.2542841796875 0.971966796875 0.2912109375 0.9815107421875 0.2919326171875 0.9852470703125 0.29441796875 0.9865361328125 0.35147265625 1 0.6247783203125 1
6 0.34964453125 1 0.2915341796875 0.986828125 0.289646484375 1 0.34964453125 1