9 0.059947265625 0.3386318359375 0.0439306640625 0.4077314453125 0.097013671875 0.4072734375 0.109826171875 0.340462890625 0.059947265625 0.3386318359375
9 0.324904296875 0.4104775390625 0.3322255859375 0.324904296875 0.232466796875 0.3262763671875 0.2223994140625 0.41001953125 0.324904296875 0.4104775390625
9 0.2541533203125 0.28090625 0.258017578125 0.2847705078125 0.2624765625 0.285365234375 0.2666376953125 0.28358203125 0.270205078125 0.280609375 0.273474609375 0.2758525390625 0.272880859375 0.27198828125 0.2707998046875 0.2696103515625 0.2666376953125 0.26871875 0.2618818359375 0.2696103515625 0.2571259765625 0.27198828125 0.2541533203125 0.2755556640625 0.2538564453125 0.280609375 0.2541533203125 0.28090625
9 0.4509501953125 0.41248046875 0.4530869140625 0.345158203125 0.3989443359375 0.343376953125 0.39573828125 0.411767578125 0.4509501953125 0.41248046875
9 0.6156015625 0.422810546875 0.613828125 0.3607626953125 0.565962890625 0.3616494140625 0.56551953125 0.4205947265625 0.6156015625 0.422810546875
9 0.7335244140625 0.4226806640625 0.7304833984375 0.3625390625 0.6825048828125 0.363552734375 0.6838564453125 0.4226806640625 0.7335244140625 0.4226806640625
9 0.8482470703125 0.3581923828125 0.799701171875 0.3585205078125 0.80527734375 0.424451171875 0.8548076171875 0.424779296875 0.8482470703125 0.3581923828125
9 1 0.3307724609375 0.990962890625 0.3261669921875 0.9868984375 0.3250830078125 0.9801259765625 0.3253544921875 0.9744375 0.3269794921875 0.966310546875 0.3323974609375 0.9638720703125 0.33944140625 0.965498046875 0.3565078125 0.9711865234375 0.400123046875 1 0.40039453125 1 0.3497353515625 1 0.3307724609375
9 0.867017578125 0.619671875 0.85996484375 0.52520703125 0.8072802734375 0.525861328125 0.8138251953125 0.6214130859375 0.867017578125 0.619671875
9 0.6837451171875 0.5242158203125 0.686076171875 0.6204658203125 0.7390302734375 0.61880078125 0.7363662109375 0.5248818359375 0.6837451171875 0.5242158203125
9 0.6150673828125 0.6187548828125 0.6140625 0.52490234375 0.5611025390625 0.524232421875 0.5594267578125 0.6194248046875 0.6150673828125 0.6187548828125
9 0.3967607421875 0.6161845703125 0.40574609375 0.5140390625 0.3423779296875 0.5154580078125 0.3324462890625 0.617603515625 0.3967607421875 0.6161845703125
9 0.2572431640625 0.5956015625 0.26512890625 0.5182412109375 0.211802734375 0.5182412109375 0.200912109375 0.596728515625 0.2572431640625 0.5956015625
9 0.1072060546875 0.61791796875 0.124654296875 0.51508203125 0.06686328125 0.51541796875 0.0483837890625 0.6182333984375 0.1072060546875 0.61791796875
9 0.0807626953125 0.7865458984375 0.0921982421875 0.71650390625 0.03251953125 0.7175751953125 0.0207265625 0.781900390625 0.0807626953125 0.7865458984375
9 0.22851171875 0.8354970703125 0.245048828125 0.7148515625 0.178900390625 0.7148515625 0.163115234375 0.8354970703125 0.22851171875 0.8354970703125
9 0.3866220703125 0.8482666015625 0.3931240234375 0.7222275390625 0.38462109375 0.7157255859375 0.365115234375 0.7117236328125 0.346609375 0.712724609375 0.33510546875 0.7162255859375 0.330103515625 0.7202265625 0.3266025390625 0.727728515625 0.3150986328125 0.8467666015625 0.3866220703125 0.8482666015625
9 0.6144453125 0.8301171875 0.61325390625 0.7157275390625 0.556853515625 0.716521484375 0.5532783203125 0.8301171875 0.6144453125 0.8301171875
9 0.748693359375 0.8233642578125 0.743927734375 0.7149326171875 0.6871298828125 0.715330078125 0.6911015625 0.8229677734375 0.748693359375 0.8233642578125
9 0.8834375 0.76331640625 0.878705078125 0.711263671875 0.8153681640625 0.71053515625 0.819736328125 0.7651357421875 0.8834375 0.76331640625
3 0.1574111328125 0.9781142578125 0.2833291015625 0.981673828125 0.9976357421875 0.98300390625 1 0.8433349609375 0.509130859375 0.834603515625 0.1711279296875 0.8366279296875 0.1574111328125 0.9781142578125
9 1 0.486703125 0.9967255859375 0.4851982421875 0.976791015625 0.49196875 0.9621220703125 0.5013720703125 0.9561044921875 0.51152734375 0.9534716796875 0.5250673828125 0.9602421875 0.5931455078125 1 0.591265625 1 0.486703125
4 0.0821953125 0.967984375 0.0752001953125 0.9723564453125 0.0725771484375 0.98591015625 0.0725771484375 0.99115625 0.07651171875 0.994654296875 0.0821953125 0.9924677734375 0.0865673828125 0.9867841796875 0.1167353515625 0.988533203125 0.1202333984375 0.9924677734375 0.1254794921875 0.993779296875 0.132474609375 0.9907197265625 0.13553515625 0.9867841796875 0.1377216796875 0.9776025390625 0.1490888671875 0.97410546875 0.1661396484375 0.875732421875 0.1582705078125 0.873984375 0.1429677734375 0.8748583984375 0.1399072265625 0.8748583984375 0.1372841796875 0.873109375 0.10055859375 0.8713603515625 0.0988095703125 0.8752958984375 0.0874423828125 0.9697333984375 0.0821953125 0.967984375
8 0 0.94834765625 0.0874296875 0.9492392578125 0.0963515625 0.8689462890625 0.1638486328125 0.8679833984375 0.1700703125 0.8316875 0.1887373046875 0.830650390625 0.1887373046875 0.813021484375 0.1866630859375 0.7974658203125 0.173181640625 0.787095703125 0.177330078125 0.76220703125 0.177330078125 0.7507998046875 0.1877001953125 0.7507998046875 0.214662109375 0.7518369140625 0.23540234375 0.761169921875 0.264439453125 0.782947265625 0.284142578125 0.806798828125 0.2955498046875 0.8202802734375 0.3007353515625 0.8399833984375 0.2976240234375 0.945759765625 0.901271484375 0.9500517578125 0.898611328125 0.8743955078125 0.8959931640625 0.8547607421875 0.890103515625 0.844943359375 0.8750498046875 0.8351259765625 0.8671962890625 0.8279267578125 0.86326953125 0.818763671875 0.866541015625 0.783421875 0.872431640625 0.7559326171875 0.8789765625 0.724517578125 0.8763583984375 0.702919921875 0.871123046875 0.6859033203125 0.8613056640625 0.695720703125 0.850833984375 0.68328515625 0.846251953125 0.691138671875 0.8410166015625 0.68459375 0.83708984375 0.670849609375 0.831853515625 0.649251953125 0.8279267578125 0.6355078125 0.818109375 0.6191455078125 0.8220361328125 0.6669228515625 0.8213818359375 0.6747763671875 0.8213818359375 0.6859033203125 0.812873046875 0.7061923828125 0.810255859375 0.696375 0.8024013671875 0.6675771484375 0.8017470703125 0.6747763671875 0.79912890625 0.6937568359375 0.7978203125 0.7212451171875 0.79062109375 0.7107734375 0.79062109375 0.7166640625 0.79062109375 0.7395712890625 0.79651171875 0.7624775390625 0.8010927734375 0.7808037109375 0.80501953125 0.7952021484375 0.811564453125 0.80501953125 0.805673828125 0.81221875 0.8004384765625 0.823345703125 0.7997841796875 0.8403623046875 0.7952021484375 0.839052734375 0.7827666015625 0.836435546875 0.7801494140625 0.8331630859375 0.7736044921875 0.8279267578125 0.765095703125 0.8207275390625 0.7559326171875 0.81680078125 0.7487333984375 0.8200732421875 0.7451337890625 0.829890625 0.702388671875 0.831287109375 0.6969267578125 0.822001953125 0.683818359375 0.8203642578125 0.6543251953125 0.83347265625 0.5426591796875 0.8357451171875 0.540658203125 0.8239912109375 0.540658203125 0.81423828125 0.5431591796875 0.804736328125 0.54666015625 0.799734375 0.5566630859375 0.794232421875 0.565166015625 0.7892314453125 0.5932919921875 0.7849716796875 0.601203125 0.77280078125 0.6072880859375 0.7588056640625 0.5963349609375 0.7502861328125 0.602419921875 0.72959765625 0.588423828125 0.727771484375 0.588423828125 0.711951171875 0.5847734375 0.7040400390625 0.5756455078125 0.6930869140625 0.5799052734375 0.679091796875 0.577470703125 0.6717890625 0.5799052734375 0.6620537109375 0.578080078125 0.6504921875 0.578080078125 0.632236328125 0.5701689453125 0.624326171875 0.569560546875 0.6176328125 0.5579990234375 0.615806640625 0.558607421875 0.6066796875 0.55982421875 0.591466796875 0.53791796875 0.6030283203125 0.53091796875 0.59290625 0.5332138671875 0.5745390625 0.5332138671875 0.55789453125 0.5326396484375 0.5366572265625 0.507958984375 0.5630595703125 0.504515625 0.5487109375 0.5033671875 0.5280478515625 0.498775390625 0.5096806640625 0.4924619140625 0.5022197265625 0.4786865234375 0.5102548828125 0.4574501953125 0.5291962890625 0.4488408203125 0.5148466796875 0.4390830078125 0.4976279296875 0.43391796875 0.4861484375 0.4304736328125 0.4706513671875 0.39890625 0.5010712890625 0.4006279296875 0.4884443359375 0.3730771484375 0.4936103515625 0.366763671875 0.4844267578125 0.3547109375 0.4763916015625 0.348970703125 0.4522841796875 0.3118388671875 0.4839033203125 0.3076865234375 0.470064453125 0.2823154296875 0.49312890625 0.2772412109375 0.4862099609375 0.2597119140625 0.5268037109375 0.256482421875 0.515732421875 0.2454111328125 0.5489462890625 0.241259765625 0.5438720703125 0.2352626953125 0.53326171875 0.229265625 0.5567880859375 0.226498046875 0.55309765625 0.21865625 0.5761630859375 0.2002041015625 0.5983056640625 0.1900556640625 0.6061474609375 0.1780615234375 0.637515625 0.161455078125 0.624599609375 0.1577646484375 0.6213701171875 0.149921875 0.63198046875 0.1383896484375 0.63244140625 0.13469921875 0.630134765625 0.126396484375 0.624599609375 0.1227060546875 0.62275390625 0.119015625 0.6338251953125 0.1157861328125 0.63198046875 0.111634765625 0.6282900390625 0.119015625 0.654583984375 0.1231669921875 0.666578125 0.1259345703125 0.679033203125 0.12501171875 0.6965625 0.132392578125 0.7104013671875 0.1291640625 0.7104013671875 0.1176318359375 0.7127080078125 0.11394140625 0.7177822265625 0.116708984375 0.7260849609375 0.12501171875 0.733927734375 0.1383896484375 0.74176953125 0.1476162109375 0.7482275390625 0.1605322265625 0.754685546875 0.1674521484375 0.7634501953125 0.1632998046875 0.7759052734375 0.1605322265625 0.7878994140625 0.1494609375 0.788822265625 0.1337763671875 0.7855927734375 0.1305478515625 0.7828251953125 0.1227060546875 0.7800576171875 0.11394140625 0.7874384765625 0.0991796875 0.788822265625 0.081650390625 0.7855927734375 0.0738076171875 0.7809794921875 0.0664267578125 0.778673828125 0.057662109375 0.7606826171875 0.0535107421875 0.758837890625 0.0461298828125 0.7676025390625 0.0382880859375 0.7657568359375 0.02491015625 0.7625283203125 0.006919921875 0.7625283203125 0.00461328125 0.7574541015625 0.0041513671875 0.739462890625 0.007380859375 0.7334658203125 0.0166064453125 0.7353115234375 0.0267548828125 0.7362333984375 0.0355205078125 0.734849609375 0.0438232421875 0.7302373046875 0.049359375 0.7283916015625 0.0613525390625 0.724240234375 0.067349609375 0.7200888671875 0.0655048828125 0.714552734375 0.05443359375 0.71178515625 0.0438232421875 0.7076328125 0.037826171875 0.7062490234375 0.0212197265625 0.699791015625 0.0087646484375 0.6970234375 0.0004609375 0.690103515625 0.0004609375 0.6836455078125 0 0.94834765625
6 1 1 0.9992568359375 0.9849990234375 0.6992421875 0.9849990234375 0.483587890625 0.984404296875 0.288744140625 0.9840419921875 0.1509169921875 0.98019140625 0.1405703125 0.981560546875 0.13509375 0.9888623046875 0.126451171875 0.994513671875 0.119125 0.993427734375 0.1161396484375 0.98962890625 0.0865625 0.9874580078125 0.0824921875 0.9931572265625 0.0762509765625 0.995328125 0.0716376953125 0.9920712890625 0.0746220703125 0.9717197265625 0.08194921875 0.9673779296875 0.0865625 0.9676494140625 0.0881904296875 0.9505546875 0 0.9492021484375 0 0.95473828125 0 1 0.2024052734375 1 0.706302734375 1 1 1
8 0.921294921875 0.753353515625 0.9171259765625 0.7569267578125 0.912361328125 0.7652646484375 0.9016416015625 0.773005859375 0.913552734375 0.78789453125 0.9177216796875 0.809333984375 0.921294921875 0.822435546875 0.9296318359375 0.835537109375 0.9463076171875 0.8385146484375 0.9641728515625 0.8480439453125 0.9820390625 0.8551904296875 0.9879951171875 0.873056640625 0.99871484375 0.9141484375 1 0.7432294921875 0.9879951171875 0.7509716796875 0.9689375 0.7605 0.9588134765625 0.75930859375 0.935587890625 0.7485888671875 0.921890625 0.7414423828125 0.912361328125 0.73310546875 0.921294921875 0.753353515625
2 1 0.2565751953125 0.91050390625 0.2556767578125 0.8871572265625 0.2942880859375 0.669857421875 0.296083984375 0.65998046875 0.2457998046875 0.64561328125 0.2457998046875 0.6366337890625 0.2493916015625 0.6366337890625 0.2628603515625 0.634837890625 0.2942880859375 0.4839853515625 0.2951865234375 0.4714150390625 0.261962890625 0.482189453125 0.24400390625 0.47859765625 0.2368203125 0.31337890625 0.22963671875 0.2909296875 0.21616796875 0.288236328125 0.205392578125 0.278486328125 0.20018359375 0.259041015625 0.20018359375 0.2423740234375 0.20643359375 0.2368173828125 0.2119892578125 0.234734375 0.21615625 0.228484375 0.21962890625 0.2208447265625 0.2203232421875 0.213205078125 0.2224072265625 0.2208447265625 0.234212890625 0.05503515625 0.2330986328125 0.045583984375 0.252607421875 0 0.25729296875 0 0.4448896484375 0 0.7788759765625 0.18587890625 0.794779296875 0.1740537109375 0.9338037109375 0.5221611328125 0.9324853515625 0.8176796875 0.9362216796875 1 0.9444931640625 1 0.2565751953125