9 0.0502041015625 0.3323134765625 0.045376953125 0.4115263671875 0.048755859375 0.4223876953125 0.100166015625 0.4315595703125 0.1049931640625 0.343416015625 0.0502041015625 0.3323134765625
9 0.2411298828125 0.3779248046875 0.244607421875 0.436275390625 0.281125 0.4414921875 0.2801591796875 0.3858466796875 0.2411298828125 0.3779248046875
9 0.240017578125 0.2863955078125 0.2397783203125 0.307671875 0.2761162109375 0.315322265625 0.275876953125 0.29571875 0.240017578125 0.2863955078125
9 0.42821875 0.370240234375 0.4115302734375 0.3635302734375 0.4125634765625 0.3994873046875 0.446111328125 0.4053369140625 0.4445634765625 0.382626953125 0.42821875 0.370240234375
9 0.3857236328125 0.3576806640625 0.374197265625 0.358712890625 0.3635302734375 0.364046875 0.3638740234375 0.3893369140625 0.3991435546875 0.396390625 0.397939453125 0.3590576171875 0.3857236328125 0.3576806640625
9 0.3654228515625 0.4067763671875 0.36886328125 0.5018544921875 0.4034443359375 0.505638671875 0.4006923828125 0.414283203125 0.3654228515625 0.4067763671875
9 0.4149716796875 0.4172158203125 0.4197890625 0.5083916015625 0.453337890625 0.5125205078125 0.44748828125 0.42357421875 0.4149716796875 0.4172158203125
9 0.5448642578125 0.427734375 0.5496376953125 0.4942724609375 0.5677744140625 0.5070634765625 0.5866748046875 0.5087822265625 0.5782744140625 0.43537109375 0.5448642578125 0.427734375
9 0.6873857421875 0.494720703125 0.6916669921875 0.55173828125 0.7004248046875 0.556603515625 0.724751953125 0.5589384765625 0.7152158203125 0.499197265625 0.6873857421875 0.494720703125
9 0.75810546875 0.5083828125 0.7668681640625 0.565162109375 0.7717744140625 0.567615234375 0.795783203125 0.570068359375 0.78491796875 0.5124130859375 0.75810546875 0.5083828125
9 0.825712890625 0.52047265625 0.832927734375 0.5704580078125 0.8439208984375 0.5769853515625 0.859208984375 0.579390625 0.84804296875 0.523220703125 0.825712890625 0.52047265625
9 0.9470859375 0.5415390625 0.926525390625 0.538462890625 0.93688671875 0.5844404296875 0.9470859375 0.5923740234375 0.959875 0.594640625 0.9470859375 0.5415390625
9 0.5550947265625 0.5950361328125 0.5642373046875 0.68646875 0.602490234375 0.6882490234375 0.5921015625 0.5983828125 0.5550947265625 0.5950361328125
9 0.5962392578125 0.8252724609375 0.5909453125 0.7766689453125 0.576990234375 0.777150390625 0.5822841796875 0.8387470703125 0.5962392578125 0.8252724609375
9 0.703248046875 0.64516015625 0.719759765625 0.7342080078125 0.750130859375 0.73332421875 0.7368623046875 0.6469287109375 0.703248046875 0.64516015625
9 0.7803994140625 0.65374609375 0.795361328125 0.7387666015625 0.8218154296875 0.7372490234375 0.806203125 0.6542001953125 0.7803994140625 0.65374609375
9 0.84908984375 0.6585419921875 0.8665595703125 0.741361328125 0.8900341796875 0.74026953125 0.8723828125 0.660908203125 0.84908984375 0.6585419921875
9 0.955291015625 0.669333984375 0.9735 0.74416796875 0.991365234375 0.7438251953125 0.9724697265625 0.6701923828125 0.955291015625 0.669333984375
9 0.3732900390625 0.58195703125 0.376595703125 0.6900732421875 0.466953125 0.69337890625 0.4597734375 0.5915986328125 0.3732900390625 0.58195703125
9 0.251755859375 0.563880859375 0.2514248046875 0.6441513671875 0.287248046875 0.6468046875 0.286916015625 0.567861328125 0.251755859375 0.563880859375
9 0.029169921875 0.529177734375 0.020330078125 0.6479189453125 0.0919287109375 0.651455078125 0.098705078125 0.5344814453125 0.029169921875 0.529177734375
9 0.00837890625 0.7600654296875 0.0024443359375 0.8229091796875 0.0813486328125 0.8232578125 0.083443359375 0.760763671875 0.00837890625 0.7600654296875
1 1 0.906009765625 0.9634560546875 0.90675 0.8935576171875 0.910939453125 0.8471640625 0.9193203125 0.8133955078125 0.9333701171875 0.7737119140625 0.9856875 0.7727255859375 0.99801171875 0.7731806640625 1 1 1 1 0.906009765625
4 0.6828310546875 1 0.66908203125 0.8908173828125 0.653923828125 0.8879970703125 0.619376953125 0.87037109375 0.589060546875 0.8770693359375 0.569671875 0.8830615234375 0.558744140625 0.8950478515625 0.5476171875 0.8948955078125 0.5559443359375 1 0.6828310546875 1
2 0.7720703125 1 0.77197265625 0.99873046875 0.77333984375 0.9853515625 0.813240234375 0.93291015625 0.8471259765625 0.91875 0.8985712890625 0.9103515625 0.948046875 0.90712890625 0.968359375 0.90556640625 1 0.90576171875 0.9996201171875 0.50150390625 0.6232109375 0.4290146484375 0.6177802734375 0.4094638671875 0.6188671875 0.3855703125 0.54534765625 0.3691650390625 0.541560546875 0.3440810546875 0.544400390625 0.3400576171875 0.543927734375 0.3348515625 0.4638056640625 0.3105673828125 0.4636484375 0.3038017578125 0.4661650390625 0.2927890625 0.4644345703125 0.2827197265625 0.464591796875 0.277685546875 0.4584560546875 0.2633681640625 0.453107421875 0.261166015625 0.446814453125 0.2633681640625 0.4427236328125 0.2726513671875 0.4339130859375 0.2658857421875 0.41928125 0.2454326171875 0.415505859375 0.216169921875 0.4219560546875 0.207673828125 0.4225849609375 0.2046845703125 0.4203828125 0.2015380859375 0.4128310546875 0.199650390625 0.412359375 0.1958740234375 0.4090546875 0.191626953125 0.4139326171875 0.1853330078125 0.41408984375 0.1818720703125 0.407009765625 0.1765234375 0.407009765625 0.1555986328125 0.404177734375 0.14867578125 0.39930078125 0.1453720703125 0.3923779296875 0.144900390625 0.3878154296875 0.148361328125 0.3860849609375 0.155755859375 0.3873330078125 0.178369140625 0.381166015625 0.188353515625 0.386158203125 0.1962822265625 0.3755869140625 0.2129013671875 0.383515625 0.2205361328125 0.38175390625 0.2402109375 0.3788173828125 0.251076171875 0.3682451171875 0.2563623046875 0.3664833984375 0.247552734375 0.363546875 0.2396240234375 0.3585546875 0.23521875 0.3523876953125 0.232576171875 0.345046875 0.237568359375 0.3438720703125 0.2440283203125 0.344458984375 0.250783203125 0.345046875 0.2595927734375 0.3421103515625 0.261060546875 0.3455185546875 0.2725166015625 0.3402333984375 0.2801142578125 0.33164453125 0.2850693359375 0.323056640625 0.2923369140625 0.3118662109375 0.3110625 0.29699609375 0.3098564453125 0.2945849609375 0.27609765625 0.2306845703125 0.260423828125 0.2081787109375 0.2873505859375 0 0.2423388671875 0 1 0.7720703125 1
8 0.7716142578125 1 0.7723798828125 0.985072265625 0.81348828125 0.9324736328125 0.8469375 0.9184306640625 0.9013232421875 0.9087275390625 0.95749609375 0.9056640625 1 0.9065537109375 0.9999228515625 0.72272265625 0.9924921875 0.7230458984375 0.989583984375 0.7291845703125 0.981830078125 0.7291845703125 0.96826171875 0.73370703125 0.9640615234375 0.742107421875 0.9595380859375 0.7469541015625 0.9479072265625 0.74824609375 0.94370703125 0.7550302734375 0.94273828125 0.7643994140625 0.931107421875 0.759876953125 0.9294921875 0.7640771484375 0.93724609375 0.775384765625 0.94726171875 0.7860458984375 0.934337890625 0.79024609375 0.9275537109375 0.7915380859375 0.9088154296875 0.798 0.91721484375 0.7766767578125 0.913337890625 0.7721533203125 0.9094609375 0.773123046875 0.9020302734375 0.7805537109375 0.890076171875 0.7992919921875 0.8887841796875 0.7876611328125 0.90073828125 0.7724765625 0.8984765625 0.7689228515625 0.893630859375 0.7689228515625 0.8723076171875 0.7828154296875 0.885876953125 0.759876953125 0.8903994140625 0.74372265625 0.88296875 0.74275390625 0.872630859375 0.7430771484375 0.867138671875 0.73596875 0.8551845703125 0.739845703125 0.8490458984375 0.7369384765625 0.8445224609375 0.7417841796875 0.8351533203125 0.736615234375 0.83224609375 0.7404921875 0.84872265625 0.76472265625 0.8551845703125 0.7782919921875 0.84872265625 0.7734462890625 0.8154462890625 0.747599609375 0.81124609375 0.7463076171875 0.8109228515625 0.7527685546875 0.833861328125 0.775384765625 0.839806640625 0.7869306640625 0.8354833984375 0.7881103515625 0.824083984375 0.783 0.8205458984375 0.7869306640625 0.824083984375 0.7959716796875 0.8142568359375 0.788896484375 0.80875390625 0.78614453125 0.80364453125 0.7916474609375 0.805609375 0.798330078125 0.811505859375 0.801474609375 0.8248701171875 0.808943359375 0.8370556640625 0.814052734375 0.83508984375 0.8207353515625 0.822904296875 0.8160185546875 0.8111123046875 0.8065849609375 0.796568359375 0.7979365234375 0.79303125 0.7979365234375 0.7918515625 0.8042255859375 0.7953896484375 0.81248046875 0.8217255859375 0.826630859375 0.8067890625 0.8238798828125 0.808361328125 0.8293828125 0.8154365234375 0.8396025390625 0.8394140625 0.846677734375 0.824083984375 0.849822265625 0.82251171875 0.8545390625 0.8346962890625 0.8616142578125 0.8118984375 0.85886328125 0.7922451171875 0.8596494140625 0.778880859375 0.857291015625 0.760798828125 0.847857421875 0.74979296875 0.8502158203125 0.7411455078125 0.8565048828125 0.723646484375 0.8537529296875 0.70713671875 0.852966796875 0.705564453125 0.8439267578125 0.7028134765625 0.8407822265625 0.6965244140625 0.84510546875 0.6969169921875 0.837244140625 0.6969169921875 0.82309375 0.6933798828125 0.8113017578125 0.6870908203125 0.7928271484375 0.6808017578125 0.775138671875 0.6843388671875 0.770814453125 0.68316015625 0.758236328125 0.6863046875 0.745658203125 0.686697265625 0.7389755859375 0.685125 0.733080078125 0.67569140625 0.7279697265625 0.6713671875 0.725611328125 0.6654716796875 0.725611328125 0.66940234375 0.7212880859375 0.667830078125 0.7149990234375 0.66193359375 0.714212890625 0.6528935546875 0.709888671875 0.6513212890625 0.699275390625 0.6548583984375 0.6833115234375 0.6525 0.676236328125 0.6462109375 0.673484375 0.6411005859375 0.6746640625 0.632453125 0.6833115234375 0.635205078125 0.6585478515625 0.63559765625 0.646755859375 0.6316669921875 0.6385009765625 0.6285224609375 0.6227783203125 0.6249853515625 0.5999794921875 0.6171240234375 0.5968349609375 0.608869140625 0.59880078125 0.6061171875 0.6046962890625 0.5990419921875 0.615703125 0.5939326171875 0.631818359375 0.5990419921875 0.6416455078125 0.60415234375 0.6542236328125 0.593146484375 0.6557958984375 0.5864638671875 0.658154296875 0.5833193359375 0.664443359375 0.5805673828125 0.6707333984375 0.5805673828125 0.678201171875 0.58528515625 0.6821318359375 0.595111328125 0.6931376953125 0.59471875 0.6998203125 0.5813544921875 0.697068359375 0.576244140625 0.6998203125 0.5801748046875 0.709263671875 0.5864638671875 0.71908984375 0.5880361328125 0.726166015625 0.5833193359375 0.7304892578125 0.5848916015625 0.74228125 0.57663671875 0.758791015625 0.574671875 0.7804091796875 0.578208984375 0.79180859375 0.5833193359375 0.813427734375 0.5789951171875 0.829150390625 0.573099609375 0.8407822265625 0.5723134765625 0.856111328125 0.573099609375 0.8734072265625 0.5691689453125 0.879302734375 0.556197265625 0.8922744140625 0.5506943359375 0.891880859375 0.548275390625 0.882826171875 0.5454873046875 0.8744619140625 0.5440927734375 0.8609873046875 0.537123046875 0.854017578125 0.528759765625 0.850765625 0.5278310546875 0.8410078125 0.5306181640625 0.828462890625 0.5310830078125 0.817775390625 0.5287666015625 0.7885029296875 0.5199384765625 0.7880380859375 0.5143623046875 0.7968662109375 0.511109375 0.8061591796875 0.4962412109375 0.81359375 0.50181640625 0.8075537109375 0.50228125 0.7973310546875 0.5148271484375 0.7754931640625 0.5180791015625 0.7652705078125 0.5152919921875 0.758765625 0.5097158203125 0.7569072265625 0.49484765625 0.7573720703125 0.5046044921875 0.7522607421875 0.5059990234375 0.73181640625 0.50228125 0.726705078125 0.507392578125 0.718806640625 0.499029296875 0.707654296875 0.4971708984375 0.699755859375 0.493453125 0.6923212890625 0.4827666015625 0.682099609375 0.4688271484375 0.677453125 0.462787109375 0.6704833984375 0.46650390625 0.6570087890625 0.47533203125 0.6472412109375 0.4651103515625 0.635625 0.4632509765625 0.623080078125 0.45628125 0.603564453125 0.43908984375 0.586837890625 0.4265439453125 0.5561708984375 0.42143359375 0.5422314453125 0.414927734375 0.5208583984375 0.3995947265625 0.5162119140625 0.3907666015625 0.5245751953125 0.39401953125 0.5334033203125 0.401453125 0.539908203125 0.398666015625 0.5510595703125 0.39401953125 0.567787109375 0.3912314453125 0.5803330078125 0.3912314453125 0.589625 0.3907666015625 0.5966044921875 0.3916962890625 0.607291015625 0.397271484375 0.6156552734375 0.3935546875 0.6230888671875 0.38819921875 0.6280458984375 0.3892919921875 0.637064453125 0.3887451171875 0.6474501953125 0.3972177734375 0.6649423828125 0.383552734375 0.65100390625 0.375353515625 0.64936328125 0.37152734375 0.64963671875 0.37125390625 0.654556640625 0.37234765625 0.6592021484375 0.3797265625 0.6674013671875 0.374806640625 0.66712890625 0.37180078125 0.6715009765625 0.374806640625 0.678060546875 0.38683203125 0.6851669921875 0.3772666015625 0.685439453125 0.3698876953125 0.685712890625 0.3652412109375 0.6837998046875 0.3591708984375 0.685421875 0.3608115234375 0.6919814453125 0.362177734375 0.6988134765625 0.36573046875 0.70892578125 0.371197265625 0.717125 0.36600390625 0.722318359375 0.3578046875 0.72450390625 0.362451171875 0.732703125 0.3725634765625 0.7428154296875 0.3799423828125 0.748828125 0.3813095703125 0.7586669921875 0.3914208984375 0.764953125 0.39743359375 0.77315234375 0.38185546875 0.761400390625 0.3728369140625 0.75757421875 0.369830078125 0.7594873046875 0.35753125 0.753201171875 0.3427734375 0.749375 0.3359404296875 0.7510146484375 0.33348046875 0.7548408203125 0.33402734375 0.7594873046875 0.3394931640625 0.7630400390625 0.3405869140625 0.7679599609375 0.345779296875 0.78137890625 0.34933203125 0.7903984375 0.354798828125 0.8048828125 0.355072265625 0.8196416015625 0.3520654296875 0.83057421875 0.346326171875 0.8281142578125 0.3435927734375 0.82948046875 0.3425 0.8349462890625 0.338126953125 0.83030078125 0.3274677734375 0.8270205078125 0.3206357421875 0.8229208984375 0.314349609375 0.821828125 0.3121630859375 0.8272939453125 0.3039638671875 0.8229208984375 0.294896484375 0.8188212890625 0.28259765625 0.8106220703125 0.2686591796875 0.8037900390625 0.2590927734375 0.8035166015625 0.2508935546875 0.8048828125 0.246521484375 0.81417578125 0.238595703125 0.8160888671875 0.23449609375 0.809529296875 0.23367578125 0.801876953125 0.228755859375 0.800783203125 0.2254765625 0.8029697265625 0.2232900390625 0.8078896484375 0.21755078125 0.8070693359375 0.2079853515625 0.809529296875 0.20060546875 0.81417578125 0.1943203125 0.8229208984375 0.189126953125 0.8119892578125 0.1825673828125 0.8119892578125 0.180380859375 0.8147216796875 0.1798349609375 0.8221015625 0.173548828125 0.817181640625 0.1664423828125 0.81444921875 0.1557841796875 0.8155419921875 0.1426650390625 0.818548828125 0.1421181640625 0.81444921875 0.1541435546875 0.8125361328125 0.165623046875 0.8108955078125 0.1757353515625 0.8114423828125 0.177375 0.8078896484375 0.1790146484375 0.8043369140625 0.1776484375 0.7988701171875 0.173822265625 0.7955908203125 0.1672626953125 0.793951171875 0.1508642578125 0.7958642578125 0.1393857421875 0.7950439453125 0.1347392578125 0.794224609375 0.1292734375 0.7955908203125 0.1218935546875 0.802423828125 0.1106884765625 0.808982421875 0.102966796875 0.81008984375 0.0974658203125 0.8065703125 0.0976865234375 0.800849609375 0.102306640625 0.793369140625 0.0998857421875 0.7880888671875 0.094826171875 0.7863291015625 0.0869052734375 0.787869140625 0.0732646484375 0.79512890625 0.0651240234375 0.8017294921875 0.0521435546875 0.802830078125 0.049943359375 0.7968896484375 0.04686328125 0.7924892578125 0.0402626953125 0.7885283203125 0.0596240234375 0.7762080078125 0.0745849609375 0.777748046875 0.100986328125 0.768287109375 0.1590703125 0.7412255859375 0.1606103515625 0.7385859375 0.15775 0.736166015625 0.1480693359375 0.736166015625 0.1559892578125 0.7258251953125 0.1542294921875 0.7238447265625 0.1480693359375 0.725384765625 0.137728515625 0.7278046875 0.1381689453125 0.72164453125 0.136408203125 0.7187841796875 0.1317880859375 0.7152646484375 0.1243076171875 0.7146044921875 0.1185869140625 0.7194443359375 0.1150673828125 0.725384765625 0.1069267578125 0.720544921875 0.1036259765625 0.7170244140625 0.087125 0.71614453125 0.0932861328125 0.7152646484375 0.0961455078125 0.711083984375 0.0974658203125 0.70800390625 0.0963662109375 0.7040439453125 0.093505859375 0.7031630859375 0.08778515625 0.7031630859375 0.077224609375 0.700962890625 0.0756845703125 0.696123046875 0.0699638671875 0.695462890625 0.06534375 0.6976630859375 0.0613837890625 0.699203125 0.0558837890625 0.6978828125 0.0620439453125 0.6932626953125 0.0638037109375 0.689302734375 0.0638037109375 0.686662109375 0.05434375 0.6857822265625 0.0512626953125 0.6833623046875 0.0488427734375 0.6846826171875 0.0393828125 0.689962890625 0.03872265625 0.6851220703125 0.0776650390625 0.6695009765625 0.0811845703125 0.664220703125 0.0825048828125 0.6589404296875 0.086685546875 0.649259765625 0.0998857421875 0.641779296875 0.10274609375 0.636279296875 0.100326171875 0.6298994140625 0.094166015625 0.6254990234375 0.083384765625 0.6309990234375 0.0748046875 0.637599609375 0.062263671875 0.6435400390625 0.0552236328125 0.64001953125 0.0490634765625 0.637599609375 0.0550029296875 0.630779296875 0.05918359375 0.6272587890625 0.0569833984375 0.6241787109375 0.04972265625 0.62373828125 0.0407021484375 0.6283583984375 0.035642578125 0.631439453125 0.03058203125 0.6309990234375 0.02728125 0.622638671875 0.0602841796875 0.6034970703125 0.064244140625 0.5971171875 0.0651240234375 0.593376953125 0.06182421875 0.589416015625 0.0563232421875 0.592056640625 0.0508232421875 0.59777734375 0.041142578125 0.6034970703125 0.023541015625 0.61141796875 0.02112109375 0.600857421875 0.019361328125 0.596896484375 0.0123203125 0.5966767578125 0.0072607421875 0.5999775390625 0.0094609375 0.6037177734375 0.0121005859375 0.6081171875 0.0110009765625 0.6153779296875 0.005060546875 0.622638671875 0 0.6285791015625 0 1 0.7716142578125 1
9 0.7276875 0.81434375 0.735896484375 0.857671875 0.765998046875 0.8560751953125 0.75961328125 0.8147998046875 0.7276875 0.81434375
9 0.8083798828125 0.8115830078125 0.8182373046875 0.86876171875 0.8470732421875 0.8670361328125 0.83696875 0.8123232421875 0.8083798828125 0.8115830078125
9 0.8782568359375 0.81048046875 0.8984716796875 0.8968388671875 0.926447265625 0.8964296875 0.9062314453125 0.811501953125 0.8782568359375 0.81048046875
9 0.4974140625 0.3461328125 0.49726171875 0.3630439453125 0.5158486328125 0.3679189453125 0.5155439453125 0.3502470703125 0.4974140625 0.3461328125