3 1 0.8044169921875 0.90103125 0.8247021484375 0.8770966796875 0.8270986328125 0.8270400390625 0.8276103515625 0.8221796875 0.8258203125 0.818599609375 0.8258203125 0.8170654296875 0.829912109375 0.6839375 0.8386298828125 0.5488046875 0.8401650390625 0.543689453125 0.8391416015625 0.540365234375 0.840419921875 0.5390859375 0.84553515625 0.4400224609375 0.856533203125 0.4297919921875 0.86011328125 0.388103515625 0.8588349609375 0.383244140625 0.8588349609375 0.3817099609375 0.861392578125 0.2464169921875 0.871111328125 0.2094658203125 0.8698330078125 0.20665234375 0.8665078125 0.202048828125 0.86599609375 0.1992353515625 0.8680419921875 0.197701171875 0.8713671875 0.1442470703125 0.87571484375 0.13759765625 0.8780166015625 0.015345703125 0.8836435546875 0 0.883484375 0 1 0.404455078125 1 1 0.9308603515625 1 0.8044169921875
9 0.54122265625 0.4478427734375 0.5466220703125 0.5374111328125 0.605064453125 0.5440810546875 0.5977587890625 0.45832421875 0.54122265625 0.4478427734375
9 0.6886982421875 0.4807841796875 0.6954501953125 0.55342578125 0.7317705078125 0.5557548828125 0.725716796875 0.4859072265625 0.6886982421875 0.4807841796875
9 0.5597294921875 0.6783193359375 0.5670380859375 0.7819609375 0.630484375 0.7773095703125 0.6241728515625 0.67998046875 0.5597294921875 0.6783193359375
9 0.7092119140625 0.6916064453125 0.7171845703125 0.769669921875 0.7563828125 0.7680087890625 0.7474130859375 0.6909423828125 0.7092119140625 0.6916064453125
9 0.667689453125 0.284974609375 0.6749658203125 0.3555517578125 0.714013671875 0.364525390625 0.7079501953125 0.29734375 0.667689453125 0.284974609375
9 0.0682802734375 0.68848828125 0.0660673828125 0.7599296875 0.0701767578125 0.7539228515625 0.081556640625 0.75550390625 0.0891435546875 0.7520263671875 0.0992587890625 0.744439453125 0.1141162109375 0.744439453125 0.1160126953125 0.6809013671875 0.0682802734375 0.68848828125
9 0.0107822265625 0.6999716796875 0.0099306640625 0.774876953125 0.015888671875 0.771755859375 0.0235498046875 0.7692021484375 0.028373046875 0.69826953125 0.0107822265625 0.6999716796875
9 0.11869921875 0.5372138671875 0.1231328125 0.42601953125 0.0842490234375 0.4546708984375 0.0791328125 0.5542685546875 0.11869921875 0.5372138671875
9 0.032744140625 0.57814453125 0.03956640625 0.4863916015625 0.0221708984375 0.4976474609375 0.0150078125 0.586671875 0.032744140625 0.57814453125
9 0.12417578125 0.28594921875 0.1262451171875 0.203166015625 0.0931318359375 0.2411083984375 0.09002734375 0.32009765625 0.12417578125 0.28594921875
9 0.0451865234375 0.369078125 0.0493251953125 0.287673828125 0.0300087890625 0.30975 0.025525390625 0.3870146484375 0.0451865234375 0.369078125
0 0.8845322265625 0.6062822265625 0.8863369140625 0.6079375 0.8861865234375 0.597107421875 0.882125 0.5960546875 0.8470810546875 0.59425 0.8461787109375 0.595453125 0.8470810546875 0.6038759765625 0.8845322265625 0.6062822265625
0 0.8613837890625 0.4372724609375 0.8636865234375 0.4380947265625 0.8635224609375 0.428388671875 0.86121875 0.42756640625 0.8228876953125 0.418517578125 0.8228876953125 0.42773046875 0.8613837890625 0.4372724609375
0 1 0.6392119140625 0.9357490234375 0.6449150390625 0.937044921875 0.658134765625 1 0.6495810546875 1 0.6392119140625
8 0 0.883638671875 0.0066162109375 0.8796982421875 0.014498046875 0.8823251953125 0.1152099609375 0.8779462890625 0.1366328125 0.8773271484375 0.1414267578125 0.8671396484375 0.1618017578125 0.8485615234375 0.171390625 0.82099609375 0.1755849609375 0.800021484375 0.1791806640625 0.7772490234375 0.1618017578125 0.7700576171875 0.14382421875 0.7610693359375 0.136033203125 0.748484375 0.1162578125 0.741892578125 0.106404296875 0.7465830078125 0.090640625 0.7513994140625 0.0827587890625 0.756654296875 0.0718125 0.757529296875 0.0648056640625 0.75928125 0.0621787109375 0.7557783203125 0.056048828125 0.738701171875 0.047728515625 0.7422041015625 0.0486044921875 0.7509619140625 0.0437880859375 0.7518369140625 0.0367822265625 0.7492099609375 0.0284619140625 0.7513994140625 0.0284619140625 0.75971875 0.0354677734375 0.7684765625 0.0236455078125 0.7715419921875 0.0074921875 0.7759208984375 0.0092431640625 0.7513994140625 0.0066162109375 0.741765625 0 0.74526953125 0 0.883638671875
8 1 0.7243056640625 0.992453125 0.7214716796875 0.9825361328125 0.7193466796875 0.950658203125 0.7243056640625 0.9460537109375 0.7186376953125 0.9368447265625 0.7133251953125 0.8716728515625 0.720763671875 0.8656513671875 0.7253681640625 0.8656513671875 0.7335146484375 0.8667138671875 0.7494755859375 0.8808818359375 0.848650390625 0.885486328125 0.869193359375 0.9204462890625 0.874541015625 0.9031142578125 0.8815673828125 0.8150517578125 0.90498828125 0.7062607421875 0.93787890625 0.7141572265625 0.950162109375 0.7764482421875 0.9431435546875 0.8115419921875 0.941388671875 0.9396337890625 0.9317373046875 1 0.9229638671875 1 0.883484375 1 0.8610419921875 1 0.7243056640625
6 1 0.9326328125 0.757505859375 0.963203125 0.4580400390625 1 1 1 1 0.9326328125