9 0.378177734375 0.0976962890625 0.38598046875 0.00053515625 0.221095703125 0 0.2168125 0.04657421875 0.378177734375 0.0976962890625
9 0.3666435546875 0.2953818359375 0.3709951171875 0.1746181640625 0.2154169921875 0.128923828125 0.206712890625 0.2600234375 0.3666435546875 0.2953818359375
9 0.00055078125 0.217091796875 0.0231416015625 0.2242548828125 0.044630859375 0.0898125 0 0.081546875 0.00055078125 0.217091796875
9 0.3581513671875 0.541638671875 0.3674140625 0.3974072265625 0.18657421875 0.3612392578125 0.1724599609375 0.520466796875 0.3581513671875 0.541638671875
9 0.3761005859375 0.840654296875 0.384203125 0.65429296875 0.1147880859375 0.6347109375 0.091830078125 0.8420048828125 0.3761005859375 0.840654296875
9 0.9881572265625 0.6252763671875 0.9782158203125 0.53118359375 0.91643359375 0.5233720703125 0.926375 0.619951171875 0.9881572265625 0.6252763671875
9 0.8227802734375 0.2473818359375 0.8138212890625 0.156791015625 0.72671484375 0.1254326171875 0.732189453125 0.2170185546875 0.8227802734375 0.2473818359375
9 0.5377314453125 0.3220078125 0.5377314453125 0.2922841796875 0.492244140625 0.28327734375 0.493595703125 0.3206572265625 0.5377314453125 0.3220078125
9 0.578263671875 0.3260615234375 0.5895224609375 0.3093984375 0.552142578125 0.3008408203125 0.5525927734375 0.3220078125 0.578263671875 0.3260615234375
9 0.5414814453125 0.556251953125 0.541896484375 0.4756640625 0.4937099609375 0.467771484375 0.4941259765625 0.5500205078125 0.5414814453125 0.556251953125
0 0.6421455078125 0.5732041015625 0.6414892578125 0.560400390625 0.4904736328125 0.542671875 0.492115234375 0.5554755859375 0.6421455078125 0.5732041015625
0 0.4785634765625 0.1350517578125 0.697671875 0.207900390625 0.70495703125 0.1664326171875 0.7084462890625 0.1521298828125 0.6957685546875 0.14541796875 0.4875302734375 0.07116796875 0.4791240234375 0.092462890625 0.4785634765625 0.1350517578125
1 0.5378662109375 1 0.5131181640625 0.9871962890625 0.4886318359375 0.9772646484375 0.4568681640625 0.9661474609375 0.4145166015625 0.9555595703125 0.3632451171875 0.945388671875 0.312873046875 0.941265625 0.240345703125 0.9380888671875 0.201169921875 0.9359716796875 0.1103505859375 0.8817724609375 0.06709765625 0.855794921875 0.0316025390625 0.8434345703125 0.011916015625 0.837216796875 0 0.836275390625 0 1 0.5277099609375 1 0.5378662109375 1
1 1 0.87843359375 0.996166015625 0.881908203125 0.9879111328125 0.8932041015625 0.9835673828125 0.9075400390625 0.9796572265625 0.9305654296875 0.9787880859375 0.9605419921875 0.9796572265625 0.9805263671875 0.9857392578125 1 1 1 1 0.87843359375
3 0.383173828125 0.9153056640625 0.3522607421875 0.91640625 0.33487890625 0.918826171875 0.3247578125 0.9216865234375 0.32321484375 0.928134765625 0.3234619140625 0.9409453125 0.341814453125 0.942546875 0.3604140625 0.944517578125 0.3678251953125 0.94579296875 0.3997490234375 0.951640625 0.4574892578125 0.9654560546875 0.48983203125 0.9769462890625 0.5235537109375 0.9912548828125 0.5399814453125 1 0.5506552734375 0.992193359375 0.552990234375 0.90531640625 0.5535380859375 0.893818359375 0.5387548828125 0.8910810546875 0.5105576171875 0.889986328125 0.4949541015625 0.8954609375 0.496048828125 0.908328125 0.495775390625 0.9285859375 0.4687080078125 0.93526171875 0.419130859375 0.9398115234375 0.40506640625 0.939068359375 0.4040927734375 0.9271572265625 0.3995341796875 0.91849609375 0.383173828125 0.9153056640625
8 0.0447138671875 0.8473291015625 0.06798046875 0.855421875 0.0996015625 0.8740068359375 0.20169921875 0.9355341796875 0.2734052734375 0.938609375 0.322970703125 0.941501953125 0.32275390625 0.92783203125 0.3244140625 0.92138671875 0.334765625 0.91826171875 0.3443564453125 0.91637890625 0.38337890625 0.9144755859375 0.400130859375 0.91790234375 0.405080078125 0.9270390625 0.405841796875 0.9386513671875 0.4208798828125 0.9388408203125 0.468849609375 0.934462890625 0.495119140625 0.9272294921875 0.4955 0.907623046875 0.494357421875 0.8946787109375 0.50044921875 0.8925849609375 0.5005146484375 0.8899384765625 0.502119140625 0.85625 0.5001142578125 0.8414111328125 0.492494140625 0.8321865234375 0.4816650390625 0.8321865234375 0.452388671875 0.83659765625 0.39583984375 0.8430146484375 0.2953974609375 0.8434833984375 0.120806640625 0.8454384765625 0.0484453125 0.8468701171875 0.0447138671875 0.8473291015625
8 0.9363408203125 0.76444921875 0.9163134765625 0.765423828125 0.908001953125 0.77245703125 0.90556640625 0.780859375 0.90390625 0.787109375 0.90556640625 0.80341796875 0.9080546875 0.809416015625 0.91712109375 0.8144931640625 0.91718359375 0.8244892578125 0.924736328125 0.836251953125 0.931263671875 0.8409658203125 0.936703125 0.8866591796875 0.94141796875 0.9044287109375 0.9519345703125 0.9178466796875 0.967890625 0.92836328125 0.9781279296875 0.9284443359375 0.9819501953125 0.9090810546875 0.985771484375 0.896341796875 0.9936298828125 0.8842353515625 0.9999482421875 0.877521484375 1 0.76191015625 0.971154296875 0.7626357421875 0.9363408203125 0.76444921875
3 0.72151953125 0.951041015625 0.7885947265625 0.95936328125 0.7985068359375 0.9595830078125 0.797232421875 0.92599609375 0.7953359375 0.89413671875 0.7722001953125 0.8929990234375 0.71246484375 0.8875 0.702224609375 0.8863623046875 0.6974833984375 0.8886376953125 0.6969150390625 0.892240234375 0.6966240234375 0.9052822265625 0.69615625 0.9159453125 0.6845888671875 0.91632421875 0.6830712890625 0.91891796875 0.682572265625 0.9432177734375 0.72151953125 0.951041015625
9 0.8595302734375 0.81961328125 0.84955078125 0.71183984375 0.7577431640625 0.70984375 0.764396484375 0.820279296875 0.8595302734375 0.81961328125
9 0.84471875 0.598373046875 0.8388876953125 0.4985224609375 0.7492412109375 0.4839453125 0.75580078125 0.5845244140625 0.84471875 0.598373046875
9 0.986896484375 0.4646279296875 0.97554296875 0.3633173828125 0.8969404296875 0.348470703125 0.9065478515625 0.4497802734375 0.986896484375 0.4646279296875
8 0.848017578125 0.8001611328125 0.842884765625 0.76628125 0.848017578125 0.7401015625 0.842884765625 0.7216220703125 0.8408310546875 0.7087890625 0.8408310546875 0.70262890625 0.83877734375 0.688255859375 0.8444248046875 0.6805556640625 0.845451171875 0.6656689453125 0.8433974609375 0.6451357421875 0.8377509765625 0.6287099609375 0.8398046875 0.603556640625 0.84853125 0.5840498046875 0.85109765625 0.57173046875 0.860337890625 0.5645439453125 0.8731708984375 0.5609501953125 0.88241015625 0.5553037109375 0.8844638671875 0.548630859375 0.880357421875 0.54555078125 0.8670107421875 0.5491435546875 0.856744140625 0.5496572265625 0.85469140625 0.5291240234375 0.8639306640625 0.5239912109375 0.8711171875 0.5229638671875 0.88959765625 0.5291240234375 0.8962705078125 0.5306640625 0.90705078125 0.5286103515625 0.9173173828125 0.5219375 0.921423828125 0.5142373046875 0.9191005859375 0.5077333984375 0.9424697265625 0.5096171875 0.9691630859375 0.503970703125 0.9835361328125 0.4911376953125 0.99431640625 0.4860048828125 0.99944921875 0.4849775390625 0.999962890625 0.4736845703125 0.9968828125 0.4685517578125 0.9896962890625 0.4685517578125 0.999962890625 0.431591796875 1 0.384365234375 0.999962890625 0.33765234375 0.99944921875 0.2909404296875 1 0.2041875 0.982974609375 0.2035029296875 0.9960439453125 0.15402734375 0.99791015625 0.130689453125 0.9689716796875 0.1895 0.958703125 0.1838994140625 0.9517099609375 0.1620947265625 0.946576171875 0.151314453125 0.941443359375 0.1508017578125 0.9347705078125 0.1559345703125 0.9306630859375 0.17544140625 0.9250166015625 0.195974609375 0.9193701171875 0.213427734375 0.90705078125 0.221640625 0.88600390625 0.224720703125 0.8664970703125 0.2257470703125 0.85623046875 0.2319072265625 0.8469912109375 0.244740234375 0.8356982421875 0.2524404296875 0.81619140625 0.248333984375 0.786931640625 0.2555205078125 0.7766650390625 0.2488466796875 0.766912109375 0.190328125 0.761265625 0.189814453125 0.7566455078125 0.1995673828125 0.757158203125 0.2139404296875 0.7628056640625 0.2355009765625 0.7663984375 0.2524404296875 0.7586982421875 0.2586005859375 0.749458984375 0.2586005859375 0.7314921875 0.2319072265625 0.7155791015625 0.20162109375 0.7037724609375 0.186220703125 0.6965859375 0.187248046875 0.693505859375 0.2000810546875 0.6950458984375 0.209833984375 0.7063388671875 0.2339609375 0.713525390625 0.2524404296875 0.71660546875 0.2647607421875 0.710958984375 0.28016015625 0.7063388671875 0.285806640625 0.6950458984375 0.2935068359375 0.6806728515625 0.2924794921875 0.6739990234375 0.28529296875 0.6596259765625 0.2642470703125 0.644740234375 0.2688671875 0.63986328125 0.2811865234375 0.638580078125 0.2929931640625 0.644740234375 0.3047998046875 0.6570595703125 0.3222529296875 0.6688662109375 0.3386796875 0.66424609375 0.349458984375 0.6544931640625 0.33765234375 0.6442265625 0.323279296875 0.632419921875 0.326873046875 0.6365263671875 0.3386796875 0.641146484375 0.3525390625 0.64679296875 0.364859375 0.6426865234375 0.375638671875 0.6355 0.3633193359375 0.6224091796875 0.35158203125 0.61948046875 0.35099609375 0.610400390625 0.356267578125 0.60849609375 0.3638837890625 0.6077646484375 0.3811640625 0.6001484375 0.3624189453125 0.594583984375 0.3556826171875 0.58726171875 0.3553896484375 0.5910693359375 0.3627119140625 0.5978056640625 0.3846787109375 0.5986845703125 0.392294921875 0.595462890625 0.3925869140625 0.5893115234375 0.3849716796875 0.576716796875 0.3627119140625 0.5723232421875 0.3501171875 0.57056640625 0.33195703125 0.56939453125 0.326392578125 0.5641220703125 0.3278564453125 0.5588505859375 0.3363505859375 0.559435546875 0.3445517578125 0.561193359375 0.358318359375 0.5650009765625 0.36593359375 0.5635361328125 0.374427734375 0.5556279296875 0.374427734375 0.55211328125 0.36534765625 0.5506494140625 0.3545107421875 0.546255859375 0.3530458984375 0.5415693359375 0.3612470703125 0.543912109375 0.3682763671875 0.53658984375 0.3703271484375 0.53658984375 0.3785283203125 0.5330751953125 0.3852646484375 0.5355263671875 0.39026171875 0.529537109375 0.3955009765625 0.5277685546875 0.4012734375 0.527861328125 0.4040654296875 0.5304677734375 0.4079755859375 0.53419140625 0.410396484375 0.53754296875 0.4133759765625 0.542384765625 0.4185888671875 0.546294921875 0.4234296875 0.5427568359375 0.425478515625 0.5358671875 0.4234296875 0.5293505859375 0.4180302734375 0.5213447265625 0.4085341796875 0.5148271484375 0.4016455078125 0.511662109375 0.396990234375 0.50644921875 0.3718544921875 0.505890625 0.362171875 0.512220703125 0.35546875 0.5112900390625 0.3489521484375 0.5068212890625 0.3415048828125 0.503841796875 0.341876953125 0.4978837890625 0.3459736328125 0.4939736328125 0.3510009765625 0.4939736328125 0.3556552734375 0.4978837890625 0.3632890625 0.5001181640625 0.3740888671875 0.4962080078125 0.3779990234375 0.4967666015625 0.38228125 0.4995595703125 0.3847021484375 0.501421875 0.3858193359375 0.5092392578125 0.4077421875 0.51383984375 0.416251953125 0.52533984375 0.426373046875 0.544890625 0.4335029296875 0.53523046875 0.436263671875 0.520509765625 0.43304296875 0.507859375 0.427982421875 0.5004990234375 0.4178623046875 0.4919892578125 0.406822265625 0.4899189453125 0.4019921875 0.489458984375 0.390951171875 0.487619140625 0.383361328125 0.483478515625 0.38037109375 0.4786484375 0.3826708984375 0.47680859375 0.387271484375 0.476578125 0.3944013671875 0.4722080078125 0.3976220703125 0.4724384765625 0.4006123046875 0.47496875 0.4042919921875 0.4793388671875 0.4070517578125 0.4832490234375 0.4171728515625 0.4899189453125 0.42522265625 0.4919892578125 0.427982421875 0.490609375 0.4332734375 0.4910693359375 0.436953125 0.4929091796875 0.4394833984375 0.4986591796875 0.4424736328125 0.503259765625 0.449603515625 0.503259765625 0.4530537109375 0.5062490234375 0.4560439453125 0.512689453125 0.4590341796875 0.5235 0.4627138671875 0.532470703125 0.4638642578125 0.54305078125 0.46432421875 0.561451171875 0.45834375 0.5603017578125 0.467314453125 0.5570810546875 0.4758251953125 0.5527109375 0.477205078125 0.54328125 0.474904296875 0.539140625 0.4698447265625 0.53316015625 0.4661640625 0.5260302734375 0.4661640625 0.5251103515625 0.4705341796875 0.527640625 0.4765146484375 0.530400390625 0.4806552734375 0.5320107421875 0.4864052734375 0.5338505859375 0.49353515625 0.5379912109375 0.4972158203125 0.5425908203125 0.4990556640625 0.5492607421875 0.4990556640625 0.5467314453125 0.5041162109375 0.5379912109375 0.5057255859375 0.5287900390625 0.5038857421875 0.51958984375 0.502275390625 0.50601953125 0.4981357421875 0.4949794921875 0.4893955078125 0.4896884765625 0.478814453125 0.4869287109375 0.469384765625 0.4843984375 0.4657041015625 0.4786484375 0.467314453125 0.48071875 0.47421484375 0.48462890625 0.4843349609375 0.4896884765625 0.493765625 0.49405859375 0.498365234375 0.5046396484375 0.50549609375 0.5212001953125 0.5117060546875 0.536380859375 0.51331640625 0.549951171875 0.51124609375 0.563751953125 0.5027353515625 0.567662109375 0.506416015625 0.570421875 0.5077958984375 0.5777822265625 0.508255859375 0.5837626953125 0.5068759765625 0.5860625 0.51492578125 0.590892578125 0.51515625 0.6012431640625 0.5117060546875 0.6051533203125 0.51492578125 0.59986328125 0.516306640625 0.581001953125 0.5225166015625 0.5690419921875 0.5324072265625 0.558921875 0.5344765625 0.549951171875 0.5363173828125 0.5437412109375 0.5349365234375 0.5336201171875 0.5312568359375 0.5290205078125 0.5330966796875 0.5290205078125 0.53838671875 0.532240234375 0.543677734375 0.5368408203125 0.5468974609375 0.542130859375 0.5471279296875 0.5467314453125 0.5441376953125 0.55087109375 0.54459765625 0.561912109375 0.5432177734375 0.57065234375 0.5399970703125 0.579162109375 0.5360869140625 0.584912109375 0.53056640625 0.58790234375 0.5287265625 0.5936533203125 0.5333271484375 0.5922724609375 0.539537109375 0.595953125 0.543447265625 0.6000927734375 0.54252734375 0.606533203125 0.545517578125 0.61343359375 0.5501171875 0.62309375 0.5526474609375 0.632984375 0.5535673828125 0.64264453125 0.5517275390625 0.6506953125 0.54827734375 0.6564453125 0.5448271484375 0.6617353515625 0.5409169921875 0.6649560546875 0.5448271484375 0.6667958984375 0.5508076171875 0.6679453125 0.556328125 0.6658759765625 0.560927734375 0.6617353515625 0.5655283203125 0.659205078125 0.567828125 0.650615234375 0.5720947265625 0.647701171875 0.57478515625 0.6436650390625 0.580166015625 0.6427685546875 0.583529296875 0.643216796875 0.5884609375 0.64568359375 0.5911513671875 0.6490458984375 0.5929453125 0.6584619140625 0.5924970703125 0.6595830078125 0.5978779296875 0.6557724609375 0.6028095703125 0.6481494140625 0.60370703125 0.644337890625 0.60146484375 0.6364912109375 0.596083984375 0.6302138671875 0.594962890625 0.62640234375 0.597205078125 0.62640234375 0.600568359375 0.6302138671875 0.6052763671875 0.6344736328125 0.6102080078125 0.640078125 0.6124501953125 0.64568359375 0.6133466796875 0.65599609375 0.6128984375 0.662498046875 0.6115537109375 0.6714658203125 0.6072939453125 0.6766220703125 0.605724609375 0.6808818359375 0.6084150390625 0.688056640625 0.6128984375 0.694109375 0.615140625 0.698369140625 0.61626171875 0.7019560546875 0.6198486328125 0.7021806640625 0.6252294921875 0.703525390625 0.6312822265625 0.70890625 0.63621484375 0.7158564453125 0.6420439453125 0.719443359375 0.6463037109375 0.722806640625 0.65325390625 0.724599609375 0.659755859375 0.7304765625 0.678947265625 0.7293046875 0.6832412109375 0.73672265625 0.70393359375 0.742189453125 0.7172080078125 0.7511689453125 0.731263671875 0.7593671875 0.745318359375 0.7722509765625 0.76327734375 0.778498046875 0.7765517578125 0.7812314453125 0.782798828125 0.7835732421875 0.8011484375 0.786306640625 0.815984375 0.7870869140625 0.8245732421875 0.73136328125 0.8245185546875 0.7276279296875 0.82681640625 0.72266796875 0.8292587890625 0.7173193359375 0.8401171875 0.718373046875 0.8604921875 0.719380859375 0.8802109375 0.72159375 0.91861328125 0.7718623046875 0.924896484375 0.7978076171875 0.9257080078125 0.8008974609375 1 0.8757373046875 0.99933203125 0.8613642578125 0.89820703125 0.85109765625 0.8309609375 0.848017578125 0.8001611328125
6 0.799828125 1 0.7977607421875 0.9605166015625 0.7280087890625 0.953541015625 0.681765625 0.943982421875 0.68021484375 0.941658203125 0.66515234375 0.9363740234375 0.6259697265625 0.9377822265625 0.5533671875 0.9372216796875 0.551322265625 0.9932431640625 0.5424384765625 0.9998427734375 0.6350869140625 1 0.799828125 1
6 0.9846162109375 1 0.9787666015625 0.9824892578125 0.976990234375 0.9451884765625 0.8700146484375 0.9519111328125 0.876662109375 1 0.9846162109375 1
2 0 0 0 0.8357939453125 0.0117890625 0.835318359375 0.044296875 0.845720703125 0.079751953125 0.843986328125 0.3509521484375 0.842611328125 0.4044091796875 0.8404072265625 0.4484716796875 0.83598046875 0.4817275390625 0.83124609375 0.4930166015625 0.83124609375 0.5006142578125 0.8405810546875 0.5032197265625 0.857296875 0.501265625 0.891380859375 0.509515625 0.8889921875 0.5355693359375 0.889091796875 0.5546513671875 0.8934755859375 0.5533623046875 0.9360224609375 0.623037109375 0.936939453125 0.665208984375 0.93547265625 0.68178125 0.940814453125 0.681162109375 0.9157470703125 0.7198466796875 0.914818359375 0.794431640625 0.9163662109375 0.7900986328125 0.8919169921875 0.861587890625 0.889337890625 0.86959375 0.9501240234375 0.8892294921875 0.948857421875 0.9775341796875 0.942533203125 0.978328125 0.929013671875 0.9677763671875 0.9289052734375 0.95166015625 0.91806640625 0.94111328125 0.9046875 0.936328125 0.8865234375 0.9307470703125 0.841560546875 0.9248046875 0.83701171875 0.9168564453125 0.82475 0.9165556640625 0.814626953125 0.9076357421875 0.809716796875 0.9052734375 0.8037109375 0.90341796875 0.78642578125 0.90764453125 0.7723994140625 0.9157587890625 0.7648857421875 1 0.7606103515625 1 0.1391240234375 0.867814453125 0.0022802734375 0.850708984375 0.0034208984375 0.7127255859375 0 0 0
0 0.4902119140625 0.3222548828125 0.511423828125 0.3222548828125 0.5329267578125 0.3225458984375 0.5500712890625 0.3239990234375 0.57302734375 0.3266142578125 0.5945302734375 0.330681640625 0.6142900390625 0.3353310546875 0.6366650390625 0.3452109375 0.65003125 0.3527666015625 0.660783203125 0.3617744140625 0.6610732421875 0.358287109375 0.6529375 0.3486982421875 0.64334765625 0.340271484375 0.6206826171875 0.3286484375 0.5933681640625 0.3222548828125 0.5683779296875 0.3173154296875 0.55210546875 0.314119140625 0.5317646484375 0.3132470703125 0.5120048828125 0.312666015625 0.4936982421875 0.3106318359375 0.4922451171875 0.3196396484375 0.4902119140625 0.3222548828125