2 0 0 0 1 1 1 1 0.9128125 0.6276181640625 0.13878515625 0.629931640625 0.131845703125 0.6292255859375 0.1170380859375 0.18656640625 0 0 0
9 0.209048828125 0.101400390625 0.247552734375 0.1114794921875 0.2469482421875 0.082853515625 0.2084443359375 0.074185546875 0.209048828125 0.101400390625
9 0.2935107421875 0.1231806640625 0.3286552734375 0.1301396484375 0.3255234375 0.1033466796875 0.2919453125 0.0965615234375 0.2935107421875 0.1231806640625
9 0.26064453125 0.21724609375 0.2573251953125 0.1794638671875 0.21290625 0.1702734375 0.213927734375 0.2090771484375 0.26064453125 0.21724609375
9 0.3479677734375 0.235369140625 0.3411875 0.2024365234375 0.304865234375 0.197310546875 0.308740234375 0.2271357421875 0.3479677734375 0.235369140625
9 0.2703251953125 0.346037109375 0.265244140625 0.2977646484375 0.2193408203125 0.2903046875 0.222052734375 0.3379072265625 0.2703251953125 0.346037109375
9 0.371216796875 0.362685546875 0.362466796875 0.316091796875 0.321560546875 0.309310546875 0.326810546875 0.356123046875 0.371216796875 0.362685546875
9 0.28901171875 0.5101689453125 0.2815947265625 0.4434697265625 0.2289755859375 0.437845703125 0.232046875 0.5031884765625 0.28901171875 0.5101689453125
9 0.40026171875 0.52273828125 0.3882216796875 0.4576982421875 0.3418173828125 0.4524189453125 0.3485693359375 0.518546875 0.40026171875 0.52273828125
9 0.30743359375 0.7283466796875 0.3004560546875 0.6339384765625 0.2384150390625 0.6299033203125 0.2425888671875 0.72400390625 0.30743359375 0.7283466796875
9 0.440087890625 0.734712890625 0.4220234375 0.6421259765625 0.369408203125 0.6388203125 0.368068359375 0.6393515625 0.3797392578125 0.7312978515625 0.440087890625 0.734712890625
9 0.41335546875 0.9660146484375 0.485283203125 0.985134765625 0.46707421875 0.8940869140625 0.40364453125 0.8946943359375 0.41335546875 0.9660146484375
9 0.3275859375 1 0.3156015625 0.901083984375 0.24990625 0.907298828125 0.2583408203125 1 0.3275859375 1
8 1 0 0.0067158203125 0.000373046875 0.0171630859375 0.02089453125 0.0328349609375 0.03022265625 0.0559677734375 0.0444013671875 0.049998046875 0.049625 0.039923828125 0.0563408203125 0.039923828125 0.061564453125 0.052236328125 0.06902734375 0.058580078125 0.0667880859375 0.07201171875 0.052609375 0.0940263671875 0.060072265625 0.0936533203125 0.0764892578125 0.099623046875 0.0839521484375 0.1052197265625 0.0828330078125 0.110443359375 0.0738779296875 0.1141748046875 0.0828330078125 0.12014453125 0.0820859375 0.1223828125 0.071265625 0.1317109375 0.0675341796875 0.1574560546875 0.0738779296875 0.172380859375 0.0835791015625 0.191037109375 0.089548828125 0.18991796875 0.1041005859375 0.1843212890625 0.1160400390625 0.1846943359375 0.129099609375 0.1641728515625 0.152232421875 0.1447705078125 0.15260546875 0.1466357421875 0.162306640625 0.1626796875 0.1652919921875 0.1664111328125 0.17275390625 0.17275390625 0.1720078125 0.1757392578125 0.1611875 0.1869326171875 0.1656650390625 0.19290234375 0.161560546875 0.1843212890625 0.151859375 0.191037109375 0.139919921875 0.200365234375 0.1242490234375 0.2037236328125 0.09850390625 0.2137978515625 0.0854443359375 0.24252734375 0.0641767578125 0.252974609375 0.0470126953125 0.282451171875 0.0567138671875 0.2875791015625 0.0608671875 0.2892890625 0.07044140625 0.2790302734375 0.091642578125 0.2653525390625 0.1036103515625 0.2667197265625 0.1111337890625 0.2845009765625 0.104978515625 0.2964697265625 0.09130078125 0.3046767578125 0.09574609375 0.3128828125 0.1162626953125 0.317328125 0.136779296875 0.3217734375 0.1422509765625 0.324509765625 0.1395146484375 0.3330576171875 0.1559287109375 0.3405810546875 0.157296875 0.3364775390625 0.1395146484375 0.3604140625 0.14601171875 0.37751171875 0.162083984375 0.39084765625 0.1955947265625 0.3932412109375 0.2041435546875 0.39221484375 0.2178212890625 0.3987119140625 0.21953125 0.404525390625 0.210640625 0.412390625 0.2010654296875 0.4093125 0.196962890625 0.4021318359375 0.1908076171875 0.3870859375 0.1521669921875 0.365884765625 0.1343857421875 0.351181640625 0.1244697265625 0.3491298828125 0.1073720703125 0.3542587890625 0.1032685546875 0.35973046875 0.1166044921875 0.36417578125 0.115236328125 0.368962890625 0.1032685546875 0.3795634765625 0.0950615234375 0.382982421875 0.0755703125 0.3960771484375 0.07037109375 0.4002734375 0.085865234375 0.4115712890625 0.081345703125 0.4154453125 0.067142578125 0.433521484375 0.063591796875 0.4457880859375 0.0664970703125 0.4622509765625 0.0748896484375 0.4690302734375 0.089416015625 0.4609599609375 0.102650390625 0.4725810546875 0.1113662109375 0.49098046875 0.101037109375 0.50421484375 0.095548828125 0.5235830078125 0.084896484375 0.525197265625 0.0842509765625 0.53358984375 0.0890927734375 0.5513046875 0.0862158203125 0.559447265625 0.111123046875 0.5627998046875 0.1254921875 0.5489091796875 0.123576171875 0.547951171875 0.12932421875 0.55369921875 0.1384248046875 0.5441201171875 0.147046875 0.5369345703125 0.14944140625 0.52591796875 0.1393828125 0.5182548828125 0.1489619140625 0.5182548828125 0.1595 0.5244814453125 0.1690791015625 0.5340615234375 0.18201171875 0.5503466796875 0.18967578125 0.553267578125 0.2052568359375 0.549234375 0.2189677734375 0.543185546875 0.229453125 0.5391533203125 0.212515625 0.527458984375 0.2161455078125 0.5250390625 0.225419921875 0.5141513671875 0.228646484375 0.515361328125 0.23832421875 0.5278623046875 0.2508251953125 0.512134765625 0.26090625 0.4960048828125 0.26090625 0.4960048828125 0.269375 0.5072958984375 0.2758271484375 0.536330078125 0.26574609375 0.549234375 0.271794921875 0.5609287109375 0.268568359375 0.567380859375 0.2592939453125 0.558509765625 0.232275390625 0.563751953125 0.2000146484375 0.575849609375 0.1979990234375 0.5806884765625 0.2060634765625 0.577462890625 0.2169521484375 0.5818984375 0.2197744140625 0.589560546875 0.2153388671875 0.59399609375 0.2262265625 0.6081103515625 0.227033203125 0.6169814453125 0.2181611328125 0.6214169921875 0.2076767578125 0.6387578125 0.18670703125 0.6367412109375 0.1790458984375 0.631095703125 0.1778359375 0.6169814453125 0.18993359375 0.6177880859375 0.164125 0.631095703125 0.14154296875 0.6375478515625 0.1209765625 0.6427900390625 0.1213798828125 0.639966796875 0.142349609375 0.627869140625 0.15726953125 0.631095703125 0.1637216796875 0.6419833984375 0.1617060546875 0.6617431640625 0.139123046875 0.683921875 0.1399296875 0.7032783203125 0.1516240234375 0.6746474609375 0.1919501953125 0.66133984375 0.2072734375 0.6540810546875 0.212515625 0.6585166015625 0.2205810546875 0.66980859375 0.22985546875 0.675857421875 0.211708984375 0.691583984375 0.2016279296875 0.6919873046875 0.185498046875 0.7061015625 0.1661416015625 0.7153759765625 0.1592861328125 0.7190048828125 0.168158203125 0.708923828125 0.197595703125 0.702875 0.24679296875 0.6875517578125 0.2560673828125 0.6722275390625 0.2584873046875 0.671017578125 0.270181640625 0.695212890625 0.2802626953125 0.6790830078125 0.28671484375 0.6609365234375 0.285908203125 0.6524677734375 0.3008291015625 0.6601298828125 0.3145400390625 0.6798896484375 0.29719921875 0.70016015625 0.30880859375 0.7040439453125 0.319490234375 0.717154296875 0.319490234375 0.73608984375 0.3020107421875 0.744830078125 0.28647265625 0.7535703125 0.26025390625 0.7598818359375 0.2811318359375 0.7661943359375 0.2947275390625 0.777361328125 0.27967578125 0.770564453125 0.2592822265625 0.754541015625 0.238404296875 0.7702470703125 0.19783984375 0.7865322265625 0.1924111328125 0.8106591796875 0.179744140625 0.82875390625 0.176125 0.8414208984375 0.1887919921875 0.8384052734375 0.2219658203125 0.8203095703125 0.248505859375 0.7871357421875 0.255140625 0.782310546875 0.2666005859375 0.798595703125 0.2768544921875 0.81669140625 0.288314453125 0.8100556640625 0.305203125 0.782310546875 0.3046005859375 0.7696435546875 0.305806640625 0.7497392578125 0.3208857421875 0.748533203125 0.336568359375 0.7768818359375 0.339583984375 0.779294921875 0.3546630859375 0.789548828125 0.3612978515625 0.8100556640625 0.342599609375 0.8408173828125 0.332345703125 0.8456435546875 0.3522509765625 0.8510712890625 0.3721552734375 0.8353896484375 0.383615234375 0.8142783203125 0.39025 0.8172939453125 0.401107421875 0.8414208984375 0.3986943359375 0.8577060546875 0.3860283203125 0.8540908203125 0.3973896484375 0.86298828125 0.4098447265625 0.8819677734375 0.420521484375 0.8712919921875 0.4306044921875 0.8505322265625 0.4282314453125 0.8469736328125 0.4341630859375 0.861208984375 0.4472119140625 0.8446015625 0.45907421875 0.8285869140625 0.45907421875 0.823841796875 0.4691572265625 0.82621484375 0.479240234375 0.84104296875 0.4857646484375 0.849939453125 0.4780537109375 0.879595703125 0.4501767578125 0.9027265625 0.4217080078125 0.908658203125 0.3896787109375 0.91399609375 0.3890859375 0.9128095703125 0.401541015625 0.90687890625 0.4300107421875 0.895609375 0.454921875 0.8967958984375 0.4673779296875 0.9039130859375 0.4774609375 0.916369140625 0.4839853515625 0.9294169921875 0.4774609375 0.9181484375 0.4667841796875 0.941279296875 0.4412802734375 0.95848046875 0.4377216796875 0.9721220703125 0.4252666015625 0.9715283203125 0.44009375 0.983390625 0.4436533203125 1 0.416962890625 1 0
8 1 0.799505859375 0.985587890625 0.7953974609375 0.9703251953125 0.797158203125 0.955650390625 0.78130859375 0.9497802734375 0.7619375 0.9509541015625 0.741392578125 0.94801953125 0.726716796875 0.9356923828125 0.713802734375 0.9186689453125 0.7231953125 0.9028193359375 0.7402177734375 0.8910791015625 0.743740234375 0.8846220703125 0.7284775390625 0.9028193359375 0.711455078125 0.902232421875 0.7020625 0.90986328125 0.672125 0.911625 0.6597978515625 0.899884765625 0.6533408203125 0.891666015625 0.6609716796875 0.893427734375 0.6509931640625 0.8717080078125 0.6509931640625 0.837662109375 0.6950185546875 0.8247470703125 0.686212890625 0.8235732421875 0.6727119140625 0.8523369140625 0.6128369140625 0.848814453125 0.6028583984375 0.8405966796875 0.59698828125 0.8220888671875 0.6348974609375 0.8065361328125 0.66378125 0.796537109375 0.7037744140625 0.7759853515625 0.6826669921875 0.785427734375 0.6521162109375 0.782650390625 0.643228515625 0.7720966796875 0.6448955078125 0.7509892578125 0.6810009765625 0.7465458984375 0.73321484375 0.7326591796875 0.7132177734375 0.72821484375 0.6948876953125 0.71655078125 0.6948876953125 0.7004423828125 0.709884765625 0.6937763671875 0.7254375 0.693220703125 0.759876953125 0.69558203125 0.794130859375 0.660125 0.7696240234375 0.6350966796875 0.763888671875 0.607982421875 0.7451171875 0.5970322265625 0.7487666015625 0.5944248046875 0.7571103515625 0.62049609375 0.775359375 0.6314462890625 0.7904814453125 0.6507392578125 0.8066455078125 0.63666015625 0.8071669921875 0.6147607421875 0.81498828125 0.587646484375 0.829587890625 0.539154296875 0.827501953125 0.5094326171875 0.830630859375 0.500046875 0.8248955078125 0.4797119140625 0.814466796875 0.4755400390625 0.8035166015625 0.4802333984375 0.792044921875 0.48283984375 0.7857880859375 0.4755400390625 0.7717099609375 0.5094326171875 0.747724609375 0.517775390625 0.7331240234375 0.5130830078125 0.72373828125 0.4656328125 0.747203125 0.4562470703125 0.7383388671875 0.4473828125 0.7383388671875 0.4260048828125 0.7711884765625 0.4150546875 0.7664951171875 0.4218330078125 0.72373828125 0.4207900390625 0.7174814453125 0.41192578125 0.7153955078125 0.3900263671875 0.729474609375 0.3767919921875 0.7250869140625 0.362015625 0.7414462890625 0.3461845703125 0.7472509765625 0.3356298828125 0.7388076171875 0.3335185546875 0.6913125 0.3467119140625 0.6543720703125 0.3461845703125 0.6454013671875 0.3324638671875 0.638541015625 0.3250751953125 0.633263671875 0.3118828125 0.633791015625 0.27969140625 0.6617607421875 0.2533056640625 0.6649267578125 0.288134765625 0.6211259765625 0.28549609375 0.6147939453125 0.2781083984375 0.61373828125 0.26333203125 0.6179599609375 0.2343076171875 0.650150390625 0.2147822265625 0.66281640625 0.1868125 0.65806640625 0.172564453125 0.6617607421875 0.15409375 0.6649267578125 0.15937109375 0.6158486328125 0.1525107421875 0.605294921875 0.1361513671875 0.611626953125 0.1219033203125 0.6570107421875 0.0891845703125 0.665982421875 0.073353515625 0.638541015625 0.0559384765625 0.6290419921875 0.0401064453125 0.6295693359375 0.0369404296875 0.6564833984375 0.0448564453125 0.676537109375 0.046439453125 0.709783203125 0.0237470703125 0.6728427734375 0.0147763671875 0.6675654296875 0 0.666509765625 0 1 0.57714453125 1 0.5953349609375 0.9732080078125 0.5854130859375 0.9608046875 0.5523388671875 0.965765625 0.5233984375 0.9756884765625 0.5118232421875 0.967419921875 0.5233984375 0.946748046875 0.5126494140625 0.936826171875 0.4961123046875 0.941787109375 0.4861904296875 0.931865234375 0.508515625 0.9235966796875 0.52091796875 0.916154296875 0.5134765625 0.8913486328125 0.5341484375 0.8764658203125 0.5333212890625 0.8549677734375 0.5779716796875 0.85166015625 0.5945087890625 0.8599287109375 0.5969892578125 0.873158203125 0.5614345703125 0.8814267578125 0.5622607421875 0.8979638671875 0.6019501953125 0.9020986328125 0.6358515625 0.9103671875 0.6424658203125 0.9260771484375 0.6490810546875 0.9500556640625 0.6333701171875 0.9574970703125 0.644119140625 0.969900390625 0.6614833984375 0.9641123046875 0.6846357421875 0.9864375 0.70944140625 0.9872646484375 0.721017578125 0.9971865234375 1 1 1 0.799505859375