2 0 0 0 0.90625390625 1 0.9762978515625 1 0.406015625 0.951564453125 0.174021484375 0.9692451171875 0.1328173828125 0.965904296875 0.11141796875 0.924228515625 0.10819140625 0.9183916015625 0.0690439453125 0.92668359375 0.0247021484375 0.815611328125 0.0493447265625 0.8108583984375 0.039048828125 0.8164736328125 0.021740234375 0.8117919921875 0.01008203125 0.79521484375 0.0016357421875 0.7614072265625 0 0.6848603515625 0 0.4285439453125 0.0682109375 0.4053359375 0 0 0
9 0.099140625 0.29683203125 0.1010234375 0.2234609375 0.051388671875 0.2359521484375 0.0444873046875 0.306591796875 0.099140625 0.29683203125
9 0.2534951171875 0.2722294921875 0.2536572265625 0.211408203125 0.210318359375 0.2186982421875 0.2102373046875 0.279279296875 0.2534951171875 0.2722294921875
9 0.1107001953125 0.1711494140625 0.1110283203125 0.1732080078125 0.112119140625 0.17664453125 0.1159111328125 0.1784541015625 0.1201826171875 0.1766669921875 0.1231474609375 0.1720927734375 0.1240576171875 0.1683564453125 0.122861328125 0.1650595703125 0.1187236328125 0.1640712890625 0.1144072265625 0.165970703125 0.1107001953125 0.1711494140625
9 0.249677734375 0.1648046875 0.248677734375 0.168927734375 0.2496943359375 0.1737265625 0.2528857421875 0.176197265625 0.258392578125 0.1751318359375 0.2622041015625 0.1727998046875 0.265623046875 0.169392578125 0.266404296875 0.164208984375 0.2653828125 0.1612109375 0.26251171875 0.1598291015625 0.2592373046875 0.1591357421875 0.2560068359375 0.15953125 0.251931640625 0.1617138671875 0.249677734375 0.1648046875
9 0.4015078125 0.2389638671875 0.399533203125 0.175564453125 0.3544306640625 0.1862900390625 0.357103515625 0.248154296875 0.4015078125 0.2389638671875
9 0.3846435546875 0.1273232421875 0.381845703125 0.13121875 0.3813388671875 0.1341640625 0.38094140625 0.1366865234375 0.382724609375 0.1395625 0.387775390625 0.1404853515625 0.39334375 0.1395361328125 0.397140625 0.137806640625 0.4004990234375 0.1336298828125 0.4014833984375 0.1295498046875 0.400091796875 0.1265009765625 0.39694921875 0.1244716796875 0.395091796875 0.123701171875 0.3911083984375 0.123892578125 0.3872734375 0.124849609375 0.3846435546875 0.1273232421875
9 0.5318603515625 0.0901572265625 0.53035546875 0.0945732421875 0.5306337890625 0.098130859375 0.5328076171875 0.1020869140625 0.5375205078125 0.1037060546875 0.545435546875 0.102759765625 0.5486875 0.100029296875 0.5512763671875 0.0971474609375 0.552740234375 0.093291015625 0.552740234375 0.089666015625 0.5505703125 0.0864052734375 0.54616796875 0.0843271484375 0.542771484375 0.0842880859375 0.539267578125 0.0846376953125 0.5351025390625 0.0867685546875 0.5318603515625 0.0901572265625
9 0.5664345703125 0.2021259765625 0.56130078125 0.142626953125 0.514796875 0.151806640625 0.517525390625 0.2121689453125 0.5664345703125 0.2021259765625
9 0.7948974609375 0.136369140625 0.7829150390625 0.073732421875 0.7143251953125 0.0894130859375 0.7237666015625 0.1539248046875 0.7948974609375 0.136369140625
9 0.7608779296875 0.318345703125 0.83290234375 0.3066435546875 0.858978515625 0.3106015625 0.84628515625 0.23596484375 0.8207080078125 0.228341796875 0.7505908203125 0.242294921875 0.7089638671875 0.2588046875 0.7180859375 0.3416083984375 0.7608779296875 0.318345703125
9 0.796078125 0.54753515625 0.8573916015625 0.5413974609375 0.91384765625 0.5429384765625 0.892783203125 0.427193359375 0.8543671875 0.4252177734375 0.7803955078125 0.432271484375 0.7316923828125 0.4464931640625 0.746927734375 0.5604140625 0.796078125 0.54753515625
9 0.9717294921875 0.80944140625 0.944306640625 0.67374609375 0.9369765625 0.6611240234375 0.9191748046875 0.65583203125 0.901048828125 0.6578984375 0.884857421875 0.6616416015625 0.87784375 0.668322265625 0.8739326171875 0.6803115234375 0.9000009765625 0.8132109375 0.9717294921875 0.80944140625
9 0.840771484375 0.81317578125 0.8190556640625 0.674228515625 0.8092294921875 0.6675361328125 0.79482421875 0.665123046875 0.7762919921875 0.66603515625 0.7633076171875 0.6684990234375 0.7540029296875 0.6717802734375 0.7488701171875 0.6803115234375 0.7694912109375 0.8149892578125 0.840771484375 0.81317578125
9 0.420388671875 0.816873046875 0.417892578125 0.7030703125 0.4091455078125 0.694947265625 0.395697265625 0.6901201171875 0.38241015625 0.690611328125 0.370576171875 0.6935732421875 0.3641142578125 0.6983720703125 0.35866796875 0.7048564453125 0.360791015625 0.705236328125 0.35974609375 0.8171259765625 0.420388671875 0.816873046875
9 0.6046318359375 0.5869609375 0.5936806640625 0.4744990234375 0.533408203125 0.482939453125 0.54051953125 0.59269140625 0.6046318359375 0.5869609375
9 0.5882626953125 0.3887470703125 0.5793564453125 0.293869140625 0.5212255859375 0.3045556640625 0.5263583984375 0.396796875 0.5882626953125 0.3887470703125
9 0.409212890625 0.4145732421875 0.4068408203125 0.3263505859375 0.356765625 0.3358818359375 0.355814453125 0.4226494140625 0.409212890625 0.4145732421875
9 0.25246484375 0.4414599609375 0.253677734375 0.35684375 0.2115849609375 0.36237109375 0.2060576171875 0.4459765625 0.25246484375 0.4414599609375
9 0.2466044921875 0.619306640625 0.24894140625 0.5188427734375 0.204267578125 0.52501171875 0.2012021484375 0.621638671875 0.2466044921875 0.619306640625
9 0.41338671875 0.604126953125 0.4111875 0.49759375 0.357673828125 0.5036005859375 0.3603740234375 0.6085078125 0.41338671875 0.604126953125
9 0.2384443359375 0.819146484375 0.243021484375 0.7114736328125 0.23869921875 0.706587890625 0.2282177734375 0.7032265625 0.21612890625 0.7026982421875 0.2036298828125 0.7067685546875 0.198798828125 0.7098125 0.1954853515625 0.715345703125 0.1920771484375 0.817283203125 0.2384443359375 0.819146484375
9 0 0.80025390625 0.06302734375 0.7990615234375 0.069490234375 0.708474609375 0.05859765625 0.6976826171875 0.04382421875 0.6928955078125 0.0327060546875 0.6925546875 0.01533984375 0.6966103515625 0.005880859375 0.7012021484375 0 0.7084296875 0 0.80025390625
9 0 0.61909375 0.10029296875 0.6099599609375 0.1080615234375 0.515537109375 0 0.5256396484375 0 0.61909375
9 0.094517578125 0.4672099609375 0.0988505859375 0.36403515625 0.0352744140625 0.3751142578125 0.0296845703125 0.473361328125 0.094517578125 0.4672099609375
8 0.9449375 0.10419140625 0.937466796875 0.1329453125 0.9001787109375 0.12778125 0.86108984375 0.1346455078125 0.839998046875 0.139923828125 0.8346962890625 0.1571162109375 0.8400615234375 0.171271484375 0.8574384765625 0.1841474609375 0.89127734375 0.19938671875 0.890587890625 0.224185546875 0.8755322265625 0.25462109375 0.84983984375 0.2647783203125 0.7979150390625 0.256884765625 0.784453125 0.2514677734375 0.7734228515625 0.249091796875 0.7572431640625 0.258052734375 0.73716015625 0.277494140625 0.7192978515625 0.290716796875 0.698142578125 0.3016669921875 0.6825556640625 0.2978759765625 0.668568359375 0.2872529296875 0.6634697265625 0.2907802734375 0.666271484375 0.301408203125 0.6890888671875 0.3141083984375 0.7147685546875 0.3335732421875 0.720453125 0.35678125 0.710515625 0.3768486328125 0.7034599609375 0.39435546875 0.7101923828125 0.4045595703125 0.7376103515625 0.392509765625 0.7341259765625 0.4187392578125 0.728537109375 0.453423828125 0.725025390625 0.4808017578125 0.709423828125 0.509267578125 0.6940166015625 0.51676953125 0.69283203125 0.5326953125 0.7085146484375 0.5536552734375 0.724037109375 0.565015625 0.7496806640625 0.5725703125 0.765501953125 0.594865234375 0.7756591796875 0.597109375 0.7934677734375 0.5908359375 0.8066455078125 0.6033388671875 0.81396484375 0.6255283203125 0.830734375 0.6281884765625 0.843076171875 0.6387578125 0.858859375 0.6562490234375 0.8975869140625 0.662427734375 0.9261171875 0.6602802734375 0.976724609375 0.6666083984375 0.9997548828125 0.6904765625 0.999234375 0.054654296875 0.97630859375 0.0636591796875 0.9554365234375 0.0816416015625 0.9449375 0.10419140625
8 0.703966796875 1 0.683517578125 0.99297265625 0.461048828125 0.9776318359375 0.36855859375 0.96731640625 0.334291015625 0.9675732421875 0.33818359375 0.7402060546875 0.347212890625 0.73024609375 0.3501591796875 0.7266708984375 0.349185546875 0.723125 0.3468125 0.720755859375 0.3386201171875 0.722390625 0.3395498046875 0.704251953125 0.351642578125 0.6984892578125 0.3592724609375 0.69001953125 0.360916015625 0.6830712890625 0.35971484375 0.676892578125 0.3559736328125 0.678640625 0.34902734375 0.68625390625 0.3435810546875 0.6901376953125 0.337642578125 0.6927333984375 0.3360546875 0.6807744140625 0.3462529296875 0.6716123046875 0.3539619140625 0.6592705078125 0.3658232421875 0.6517744140625 0.366947265625 0.6451025390625 0.368197265625 0.6329287109375 0.37544140625 0.6186015625 0.3832431640625 0.610576171875 0.3923564453125 0.594150390625 0.3958310546875 0.583708984375 0.3903310546875 0.5836455078125 0.3817626953125 0.5904677734375 0.3693525390625 0.5949140625 0.3670615234375 0.58879296875 0.3753173828125 0.5712138671875 0.3801640625 0.55655078125 0.3876875 0.5343662109375 0.3878037109375 0.5201279296875 0.384181640625 0.512146484375 0.3797041015625 0.5125810546875 0.3701015625 0.5189560546875 0.3670771484375 0.5125986328125 0.363720703125 0.50971875 0.35682421875 0.510494140625 0.3489208984375 0.514037109375 0.3456103515625 0.5064521484375 0.344548828125 0.4846044921875 0.344484375 0.4469033203125 0.342986328125 0.4351591796875 0.3373466796875 0.4316953125 0.3328701171875 0.432798828125 0.3299453125 0.4409609375 0.3267431640625 0.4690400390625 0.3202998046875 0.4634775390625 0.314146484375 0.4525517578125 0.310857421875 0.4515419921875 0.3063232421875 0.456818359375 0.3039697265625 0.466732421875 0.30738671875 0.4817177734375 0.3111728515625 0.5047353515625 0.311484375 0.524998046875 0.30417578125 0.5152861328125 0.3041220703125 0.498876953125 0.2982958984375 0.4906005859375 0.2891025390625 0.4914599609375 0.2838349609375 0.4952490234375 0.2828193359375 0.50620703125 0.2860517578125 0.5211669921875 0.2995537109375 0.5614794921875 0.3019091796875 0.57836328125 0.293068359375 0.581552734375 0.287884765625 0.5851923828125 0.284291015625 0.5895703125 0.28311328125 0.595625 0.2898779296875 0.61202734375 0.295734375 0.636396484375 0.302021484375 0.645896484375 0.313490234375 0.6564814453125 0.3225888671875 0.6704072265625 0.3275556640625 0.6970478515625 0.32609375 0.7347265625 0.3204580078125 0.9650419921875 0.000806640625 0.9347763671875 0 0.9771396484375 0.2819228515625 1 0.703966796875 1
0 0.0017177734375 0.481353515625 0.1051298828125 0.467443359375 0.1222412109375 0.4750302734375 0.1261982421875 0.431326171875 0.108240234375 0.419236328125 0.0018818359375 0.4363662109375 0.0017177734375 0.481353515625
0 0.0740615234375 0.6453564453125 0.091365234375 0.64630078125 0.113232421875 0.6493623046875 0.1165107421875 0.64641015625 0.1207421875 0.595990234375 0.1016181640625 0.5917451171875 0 0.5970537109375 0.001576171875 0.6499755859375 0.0740615234375 0.6453564453125
6 0.3367783203125 0.9656064453125 0.3639091796875 0.9656064453125 0.415212890625 0.970611328125 0.442123046875 0.973337890625 0.4610810546875 0.9754892578125 0.684814453125 0.9912744140625 0.70595703125 1 1 0.999646484375 0.9999189453125 0.9772919921875 0.535013671875 0.94515625 0.1251533203125 0.9161015625 0.0005712890625 0.9071171875 0 0.93316015625 0.3367783203125 0.9656064453125
6 0.271529296875 1 0 0.9776513671875 0 1 0.271529296875 1