9 0.37529296875 0.3679521484375 0.3799912109375 0.4616279296875 0.49040625 0.4669140625 0.4780732421875 0.37529296875 0.37529296875 0.3679521484375
9 0.72075390625 0.4796015625 0.69072265625 0.38920703125 0.5441689453125 0.380197265625 0.560986328125 0.47239453125 0.72075390625 0.4796015625
9 0.5206865234375 0.7056240234375 0.503015625 0.5785751953125 0.386021484375 0.5743095703125 0.3945517578125 0.7025771484375 0.5206865234375 0.7056240234375
9 0.613486328125 0.708103515625 0.7868896484375 0.7149716796875 0.7495 0.5925029296875 0.5814384765625 0.5833466796875 0.6062373046875 0.71230078125 0.613486328125 0.708103515625
9 0.549396484375 0.90587890625 0.5433544921875 0.863583984375 0.403955078125 0.8584052734375 0.4069765625 0.9007001953125 0.549396484375 0.90587890625
9 0.842947265625 0.9119404296875 0.833134765625 0.8739169921875 0.636580078125 0.869931640625 0.6411796875 0.9110205078125 0.842947265625 0.9119404296875
9 0 0.6432138671875 0.159291015625 0.6492626953125 0.1668525390625 0.5781865234375 0 0.5706259765625 0 0.6432138671875
9 0.2535556640625 0.652287109375 0.2545634765625 0.5822197265625 0.1824794921875 0.57969921875 0.1774384765625 0.6492626953125 0.2535556640625 0.652287109375
5 0.1615146484375 0.8733984375 0.14879296875 1 0.24337890625 0.99730078125 0.24614453125 0.8689736328125 0.1615146484375 0.8733984375
0 0 0.6619814453125 0.245310546875 0.6688115234375 0.2856494140625 0.6696298828125 0.284759765625 0.69009765625 0.29143359375 0.68920703125 0.2927685546875 0.664736328125 0.2963916015625 0.6468349609375 0.294015625 0.645052734375 0.298470703125 0.6218876953125 0.266099609375 0.61951171875 0 0.610943359375 0 0.6619814453125
0 0.0004150390625 0.3433447265625 0 0.381341796875 0.08262890625 0.388177734375 0.28712109375 0.4015537109375 0.2880126953125 0.423845703125 0.29366015625 0.4253310546875 0.2969296875 0.381044921875 0.2978212890625 0.3658857421875 0.268693359375 0.3635087890625 0.0004150390625 0.3433447265625
9 0.974509765625 0.8173974609375 1 0.8187822265625 0.9997724609375 0.7243076171875 0.9381728515625 0.7215390625 0.974509765625 0.8173974609375
9 0.945185546875 0.5452666015625 0.8675341796875 0.5421376953125 0.89341796875 0.6092646484375 0.9733447265625 0.6064208984375 0.9471767578125 0.5486796875 0.945185546875 0.5452666015625
9 1 0.5491962890625 0.97880078125 0.5481455078125 1 0.5994287109375 1 0.5491962890625
8 1 0.8772744140625 0.9905244140625 0.8756083984375 0.968041015625 0.8797724609375 0.9572158203125 0.86519921875 0.9359814453125 0.869779296875 0.9393125 0.855623046875 0.9338994140625 0.8310576171875 0.927654296875 0.8256455078125 0.9197431640625 0.8431328125 0.9147470703125 0.86228515625 0.9080849609375 0.8818544921875 0.9030888671875 0.8560400390625 0.8997578125 0.846462890625 0.8914306640625 0.839384765625 0.8822705078125 0.84812890625 0.8731103515625 0.850626953125 0.8656162109375 0.8377197265625 0.8560400390625 0.8398017578125 0.8514599609375 0.8543740234375 0.8489619140625 0.8643671875 0.841466796875 0.85520703125 0.8398017578125 0.84105078125 0.8327236328125 0.838552734375 0.8218984375 0.8514599609375 0.8139873046875 0.8589541015625 0.8089912109375 0.8706123046875 0.7973330078125 0.8643671875 0.7760986328125 0.8568720703125 0.7640234375 0.8643671875 0.7573623046875 0.852708984375 0.74778515625 0.8564560546875 0.7390419921875 0.869779296875 0.7182236328125 0.869779296875 0.71239453125 0.8539580078125 0.6994873046875 0.86728125 0.6849150390625 0.8681142578125 0.671591796875 0.8631181640625 0.65993359375 0.8572890625 0.650357421875 0.840634765625 0.642205078125 0.831890625 0.6347109375 0.8447978515625 0.627216796875 0.8543740234375 0.616390625 0.8539580078125 0.6093125 0.8402177734375 0.599736328125 0.8398017578125 0.596822265625 0.8543740234375 0.5893271484375 0.854791015625 0.5893271484375 0.8239794921875 0.58599609375 0.80857421875 0.5776689453125 0.8114892578125 0.575587890625 0.824396484375 0.571423828125 0.8452138671875 0.566427734375 0.86519921875 0.555185546875 0.8785234375 0.543111328125 0.88060546875 0.5356171875 0.8772744140625 0.531037109375 0.8614521484375 0.5339296875 0.8447978515625 0.527267578125 0.8402177734375 0.5185234375 0.850626953125 0.50853125 0.8756083984375 0.501037109375 0.88768359375 0.49229296875 0.8539580078125 0.4843818359375 0.832306640625 0.4773037109375 0.83688671875 0.4698095703125 0.8610361328125 0.4585673828125 0.8939287109375 0.4485751953125 0.890181640625 0.440248046875 0.891013671875 0.442330078125 0.86519921875 0.4373330078125 0.8543740234375 0.4373330078125 0.836470703125 0.4327529296875 0.8264775390625 0.4248427734375 0.8123212890625 0.414017578125 0.8006640625 0.4136005859375 0.8193994140625 0.4181806640625 0.8539580078125 0.4136005859375 0.87227734375 0.4081884765625 0.8776904296875 0.394044921875 0.874359375 0.4040380859375 0.8568720703125 0.4111162109375 0.84396484375 0.4107001953125 0.8352216796875 0.4019560546875 0.8302255859375 0.3853017578125 0.860203125 0.377390625 0.8643671875 0.379888671875 0.84812890625 0.3815546875 0.8289765625 0.37947265625 0.82273046875 0.37239453125 0.822314453125 0.3669814453125 0.8285595703125 0.363234375 0.8189833984375 0.3569892578125 0.8206494140625 0.3428330078125 0.8377197265625 0.3336728515625 0.836470703125 0.3332568359375 0.8256455078125 0.327060546875 0.81065625 0.319982421875 0.8064921875 0.3145693359375 0.8089912109375 0.3187333984375 0.824396484375 0.3216474609375 0.840634765625 0.3170673828125 0.8514599609375 0.305826171875 0.8518759765625 0.3049931640625 0.8306416015625 0.3062421875 0.8144033203125 0.2991640625 0.7965 0.2912529296875 0.8073251953125 0.284591796875 0.831890625 0.2725166015625 0.852708984375 0.2600263671875 0.86644921875 0.2467021484375 0.8756083984375 0.238375 0.8589541015625 0.2325458984375 0.847712890625 0.2367099609375 0.818150390625 0.23754296875 0.798998046875 0.22421875 0.8069091796875 0.2108955078125 0.839384765625 0.212560546875 0.78382421875 0.2138095703125 0.7684189453125 0.2108955078125 0.764671875 0.2063154296875 0.768001953125 0.2017353515625 0.80214453125 0.202984375 0.843701171875 0.1875791015625 0.869099609375 0.1900771484375 0.8257978515625 0.1929921875 0.797068359375 0.190494140625 0.7770830078125 0.1875791015625 0.7691728515625 0.181333984375 0.7662578125 0.17675390625 0.7904072265625 0.16759375 0.8466162109375 0.1617646484375 0.843701171875 0.1571845703125 0.8466162109375 0.1505234375 0.8453671875 0.1567685546875 0.7874921875 0.1563525390625 0.7371123046875 0.1467724609375 0.720306640625 0.1417763671875 0.72072265625 0.142609375 0.7457041015625 0.143025390625 0.7973330078125 0.14052734375 0.8252314453125 0.12928515625 0.8327265625 0.1255380859375 0.821900390625 0.1230400390625 0.814822265625 0.1117978515625 0.8314765625 0.098890625 0.8418857421875 0.10596875 0.811908203125 0.107634765625 0.7969189453125 0.1092998046875 0.786509765625 0.098474609375 0.784427734375 0.087861328125 0.8089931640625 0.0707900390625 0.8460498046875 0.0628798828125 0.8602060546875 0.0587158203125 0.8539609375 0.05496875 0.82356640625 0.0541357421875 0.795669921875 0.0541357421875 0.77693359375 0.047474609375 0.7690224609375 0.0416455078125 0.781513671875 0.0258232421875 0.823982421875 0.0166630859375 0.82648046875 0.0095849609375 0.81940234375 0.005837890625 0.8152392578125 0.010001953125 0.7898408203125 0.01749609375 0.764859375 0.0237412109375 0.74862109375 0.010001953125 0.755283203125 0 0.76569140625 0 0.99975 1 1 1 0.8772744140625
2 1 0.4123564453125 0.98050390625 0.3754306640625 0.967041015625 0.3681220703125 0.8885703125 0.3604287109375 0.9343857421875 0.3119599609375 0.956029296875 0.283390625 0.9551640625 0.279638671875 0.0043291015625 0.1976806640625 0 0.1973583984375 0 1 1 1 1 0.4123564453125