9 0.819515625 0.6886474609375 0.8224560546875 0.534744140625 0.70825390625 0.492591796875 0.7004111328125 0.65580859375 0.819515625 0.6886474609375
9 0.8211904296875 0.4575205078125 0.822447265625 0.3372744140625 0.7235693359375 0.2832265625 0.71267578125 0.4118515625 0.8211904296875 0.4575205078125
9 0.82328515625 0.2689814453125 0.825798828125 0.1680087890625 0.7327861328125 0.110609375 0.7260830078125 0.2132578125 0.82328515625 0.2689814453125
0 0.699974609375 0.6308779296875 0.57251171875 0.6750830078125 0.5602392578125 0.6703662109375 0.31869921875 0.7552646484375 0.0976611328125 0.8339443359375 0.0951240234375 0.844974609375 0.699822265625 0.660068359375 0.8176533203125 0.6923017578125 0.8183701171875 0.6661572265625 0.699974609375 0.6308779296875
0 0.713525390625 0.3954150390625 0.57951171875 0.4761640625 0.56970703125 0.471568359375 0.505669921875 0.5107080078125 0.511185546875 0.517142578125 0.4198798828125 0.572599609375 0.4119130859375 0.5695361328125 0.352671875 0.605796875 0.191814453125 0.70432421875 0.1271650390625 0.7472197265625 0.121037109375 0.762232421875 0.7132890625 0.4166982421875 0.8189951171875 0.462044921875 0.8186884765625 0.442435546875 0.713525390625 0.3954150390625
0 0.7252880859375 0.2024140625 0.603630859375 0.304029296875 0.5913515625 0.2997138671875 0.5322978515625 0.3516240234375 0.53638671875 0.3586650390625 0.4463447265625 0.432490234375 0.4370322265625 0.4281748046875 0.36146484375 0.4917763671875 0.3635087890625 0.499044921875 0.2776806640625 0.5683388671875 0.2704130859375 0.5667490234375 0.2492900390625 0.585181640625 0.25065234375 0.59222265625 0.2104501953125 0.6247021484375 0.202955078125 0.622658203125 0.1718388671875 0.6487783203125 0.1727470703125 0.653775390625 0.1463994140625 0.675806640625 0.143673828125 0.6830751953125 0.7263623046875 0.2191806640625 0.8194853515625 0.2716474609375 0.82084765625 0.2568837890625 0.7252880859375 0.2024140625
0 0.0981650390625 0.682203125 0.067595703125 0.710189453125 0.061568359375 0.73473046875 0.06458203125 0.7360224609375 0.091060546875 0.7157861328125 0.1311015625 0.722029296875 0.1384208984375 0.689953125 0.0981650390625 0.682203125
0 0.07426953125 0.75410546875 0.051880859375 0.771111328125 0.0426240234375 0.7978056640625 0.0449921875 0.802326171875 0.0663046875 0.790271484375 0.1080673828125 0.7950068359375 0.1175400390625 0.7594873046875 0.07426953125 0.75410546875
0 0.0424091796875 0.8376318359375 0.027125 0.8408603515625 0.018728515625 0.8750888671875 0.0393955078125 0.86970703125 0.08395703125 0.874658203125 0.0904150390625 0.8445205078125 0.0424091796875 0.8376318359375
0 0.052107421875 0.7991748046875 0.045048828125 0.8030791015625 0.0423466796875 0.7975224609375 0.0429599609375 0.7952919921875 0.019876953125 0.792513671875 0.0047021484375 0.8061923828125 0.0006416015625 0.8275654296875 0.0149609375 0.8200849609375 0.0478759765625 0.8250009765625 0.0573623046875 0.8006767578125 0.052107421875 0.7991748046875
0 0.0347060546875 0.763205078125 0.0593095703125 0.7645087890625 0.0624052734375 0.7387646484375 0.0443193359375 0.7364833984375 0.03959375 0.7369716796875 0.0226484375 0.7571767578125 0.019552734375 0.7733076171875 0.0347060546875 0.763205078125
8 0.1523046875 1 0.1437509765625 0.9930146484375 0.1310595703125 0.9921865234375 0.13188671875 0.975908203125 0.09270703125 0.9681826171875 0.061529296875 0.9632158203125 0.0344892578125 0.9618359375 0.0311787109375 0.966802734375 0.0002763671875 0.9621123046875 0 1 0.1523046875 1
8 1 0.92259375 0.995330078125 0.9233193359375 0.98807421875 0.929849609375 0.9786416015625 0.9378310546875 0.972111328125 0.935291015625 0.96521875 0.9320263671875 0.96812109375 0.9244072265625 0.9583251953125 0.921142578125 0.9528828125 0.9167890625 0.9438134765625 0.917876953125 0.93256640625 0.9320263671875 0.9263994140625 0.941458984375 0.9220458984375 0.9316630859375 0.9147890625 0.929849609375 0.910798828125 0.93383984375 0.9013662109375 0.9309375 0.9024541015625 0.9233193359375 0.901728515625 0.915337890625 0.893384765625 0.915337890625 0.881775390625 0.9229560546875 0.8690771484375 0.92549609375 0.8567421875 0.9175146484375 0.8391845703125 0.9131611328125 0.8264873046875 0.9069931640625 0.8156025390625 0.9069931640625 0.8039931640625 0.909169921875 0.7989140625 0.91969140625 0.7840400390625 0.9247705078125 0.7705810546875 0.9251328125 0.7578837890625 0.9305751953125 0.7528046875 0.920779296875 0.745185546875 0.9204169921875 0.73756640625 0.9251328125 0.730310546875 0.9186025390625 0.720515625 0.91969140625 0.7150732421875 0.92803515625 0.7034638671875 0.926583984375 0.69403125 0.9262216796875 0.6914912109375 0.915337890625 0.6813330078125 0.9160634765625 0.6711748046875 0.92259375 0.6639189453125 0.9305751953125 0.6624677734375 0.9400078125 0.6523095703125 0.941095703125 0.6446904296875 0.946900390625 0.6446904296875 0.9556083984375 0.63271875 0.9628642578125 0.6330810546875 0.9498037109375 0.6229228515625 0.94871484375 0.614578125 0.950166015625 0.61167578125 0.956333984375 0.6127646484375 0.9668544921875 0.6218349609375 0.9788271484375 0.6142158203125 0.982455078125 0.6142158203125 0.99261328125 0.6167548828125 0.9995068359375 1 1 1 0.92259375
4 0.9113818359375 0.870130859375 0.9100927734375 0.885599609375 0.76378125 0.8614296875 0.761203125 0.844671875 0.74508984375 0.84531640625 0.743478515625 0.9197607421875 0.7561884765625 0.9217509765625 0.75866796875 0.9291884765625 0.7699619140625 0.92478125 0.7845625 0.92478125 0.797234375 0.919822265625 0.8046728515625 0.9088037109375 0.822578125 0.9057734375 0.83993359375 0.912935546875 0.8572890625 0.9167919921875 0.8699609375 0.924505859375 0.881255859375 0.9223017578125 0.893927734375 0.9148642578125 0.9030185546875 0.914587890625 0.9032939453125 0.925056640625 0.9027431640625 0.9300146484375 0.9104560546875 0.9333212890625 0.9143125 0.9291884765625 0.9220263671875 0.9311171875 0.9268505859375 0.9368408203125 0.9242724609375 0.870453125 0.9113818359375 0.870130859375
4 0.5291123046875 1 0.5354140625 0.984978515625 0.538115234375 0.96487109375 0.561224609375 0.96487109375 0.5624248046875 0.9477646484375 0.6107431640625 0.950765625 0.618837890625 0.946263671875 0.6227392578125 0.8850400390625 0.613736328125 0.8844404296875 0.6122353515625 0.89434375 0.4822939453125 0.88023828125 0.48259375 0.8674111328125 0.4723896484375 0.8674111328125 0.453783203125 1 0.5291123046875 1
4 0.421103515625 0.892158203125 0.418890625 0.8981650390625 0.313298828125 0.890578125 0.3120341796875 0.88141015625 0.303814453125 0.88077734375 0.297494140625 0.902275390625 0.2143486328125 0.896900390625 0.21328515625 0.890357421875 0.2073173828125 0.890005859375 0.203455078125 0.8996611328125 0.1618515625 0.8998369140625 0.16237890625 0.8938681640625 0.156234375 0.8935166015625 0.131658203125 0.9876708984375 0.1314833984375 0.9918837890625 0.145 0.9925859375 0.1528994140625 0.999783203125 0.2768251953125 0.999765625 0.2849033203125 0.9904306640625 0.290109375 0.9882763671875 0.299265625 0.9830703125 0.3165 0.9812744140625 0.3243984375 0.9839677734375 0.330220703125 0.9851025390625 0.3375771484375 0.984775390625 0.3416630859375 0.99294921875 0.3432978515625 0.9939306640625 0.3450966796875 0.98657421875 0.345259765625 0.9759482421875 0.3432978515625 0.9741494140625 0.3437890625 0.96679296875 0.375830078125 0.9687548828125 0.39385546875 0.9690693359375 0.3982412109375 0.9385869140625 0.4206103515625 0.93946484375 0.4280595703125 0.892474609375 0.421103515625 0.892158203125
8 0.3995986328125 1 0.401107421875 0.992357421875 0.40050390625 0.9869248046875 0.404427734375 0.9790771484375 0.403220703125 0.9727392578125 0.3977880859375 0.9715322265625 0.390544921875 0.9733427734375 0.383904296875 0.9817939453125 0.3787734375 0.991150390625 0.3787734375 0.998091796875 0.3811884765625 1 0.3995986328125 1
8 0.45301953125 1 0.466298828125 0.9012099609375 0.4647900390625 0.903625 0.456943359375 0.9090576171875 0.4539248046875 0.9196201171875 0.451208984375 0.935314453125 0.4469833984375 0.9458779296875 0.4391357421875 0.9464814453125 0.4321943359375 0.9464814453125 0.4327978515625 0.955837890625 0.4343076171875 0.9612705078125 0.4385322265625 0.9639873046875 0.43249609375 0.9724375 0.4327978515625 0.9760595703125 0.436419921875 0.977568359375 0.4385322265625 0.98269921875 0.4400419921875 0.993564453125 0.444568359375 0.999298828125 0.446681640625 1 0.45301953125 1
2 1 0.110724609375 0.902470703125 0.033005859375 0.88038671875 0.05162109375 0.881025390625 0.056728515625 0.801560546875 0.124240234375 0.7329140625 0.078275390625 0.6264658203125 0.1795576171875 0.6125380859375 0.1793984375 0.6096650390625 0.18626171875 0.6178056640625 0.188974609375 0.4763212890625 0.3241923828125 0.4645107421875 0.324990234375 0.4617978515625 0.3305771484375 0.4686611328125 0.331853515625 0.368658203125 0.425369140625 0.358603515625 0.4263271484375 0.3570078125 0.431115234375 0.3633916015625 0.4317529296875 0.2971083984375 0.494041015625 0.2865751953125 0.495796875 0.2856171875 0.4999462890625 0.2897666015625 0.5012236328125 0.265986328125 0.5229296875 0.267103515625 0.506490234375 0.2650283203125 0.5061708984375 0.261517578125 0.5277177734375 0.234615234375 0.553341796875 0.223921875 0.5541396484375 0.2232841796875 0.5581298828125 0.229189453125 0.55844921875 0.180857421875 0.60460546875 0.176611328125 0.6063310546875 0.169865234375 0.6079375 0.1689013671875 0.6108291015625 0.174041015625 0.610990234375 0.1013583984375 0.680755859375 0.0980703125 0.681341796875 0.077365234375 0.699587890625 0.0071865234375 0.6850029296875 0 0.6953603515625 0 0.7856279296875 0 0.796197265625 0 0.8219853515625 0.000150390625 0.962755859375 0.0307373046875 0.9681787109375 0.0350380859375 0.9618203125 0.064025390625 0.964064453125 0.1309111328125 0.97696875 0.1307236328125 0.992677734375 0.1436279296875 0.99361328125 0.1503603515625 1 1 1 1 0.110724609375
8 0.4805966796875 0.69953515625 0.4816640625 0.7003896484375 0.5442490234375 0.6786025390625 0.5589873046875 0.6798837890625 0.5638994140625 0.6715537109375 0.567103515625 0.668349609375 0.565181640625 0.66130078125 0.5619775390625 0.657669921875 0.559201171875 0.65254296875 0.5491611328125 0.6540380859375 0.5438212890625 0.659591796875 0.536986328125 0.6598056640625 0.531005859375 0.663009765625 0.5265205078125 0.6711259765625 0.5171220703125 0.6717666015625 0.5100732421875 0.6745439453125 0.50387890625 0.6781748046875 0.4976845703125 0.68415625 0.4919169921875 0.685009765625 0.48444140625 0.687787109375 0.481451171875 0.691845703125 0.4801689453125 0.6969716796875 0.4805966796875 0.69953515625