2 0.7304892578125 0 0.7001630859375 0.0909765625 0.5811904296875 0.0987783203125 0.1862119140625 0.1254638671875 0.1862119140625 0.1334013671875 0.1950654296875 0.1501904296875 0.197853515625 0.1582451171875 0.1641044921875 0.1581826171875 0.1542861328125 0.1341826171875 0.150234375 0.1341826171875 0.1399482421875 0.1603642578125 0 0.167462890625 0 1 0.0420576171875 1 0.0401376953125 0.996330078125 0.033416015625 0.9913369140625 0.0307275390625 0.9790458984375 0.03744921875 0.94889453125 0.048779296875 0.938908203125 0.0635673828125 0.9319951171875 0.0942099609375 0.9224931640625 0.0985087890625 0.9127626953125 0.108013671875 0.905748046875 0.119328125 0.902353515625 0.12883203125 0.902353515625 0.1295107421875 0.89488671875 0.146029296875 0.886513671875 0.15440234375 0.8849296875 0.1635419921875 0.886287109375 0.1701044921875 0.896017578125 0.189791015625 0.89466015625 0.2099306640625 0.886060546875 0.2180771484375 0.8917177734375 0.225318359375 0.90076953125 0.252458984375 0.9177412109375 0.2778037109375 0.9372021484375 0.2904755859375 0.921587890625 0.374654296875 0.911857421875 0.39607421875 0.9014482421875 0.4051259765625 0.9003173828125 0.40965234375 0.89443359375 0.4200615234375 0.8917177734375 0.4320546875 0.897375 0.4483466796875 0.8969228515625 0.4700703125 0.8969228515625 0.48613671875 0.8976015625 0.5253408203125 0.8678125 0.6029580078125 0.8141826171875 0.6767275390625 0.7714150390625 0.7220849609375 0.75014453125 0.7318154296875 0.74675 0.7748095703125 0.7426767578125 0.820392578125 0.741484375 0.85857421875 0.739193359375 0.8967548828125 0.7208662109375 1 0.7227587890625 1 0 0.7304892578125 0
9 0.422287109375 0.886861328125 0.4763212890625 0.8786396484375 0.471916015625 0.7100078125 0.362673828125 0.709419921875 0.3620859375 0.88598046875 0.422287109375 0.886861328125
9 0.773234375 0.71205859375 0.7760791015625 0.743564453125 0.830134765625 0.742142578125 0.8264765625 0.71186328125 0.773234375 0.71205859375
9 0.7158349609375 0.277751953125 0.726369140625 0.3499521484375 0.7731328125 0.3476396484375 0.7607998046875 0.2759541015625 0.7158349609375 0.277751953125
9 0.70992578125 0.2415234375 0.713265625 0.25642578125 0.7566884765625 0.2546279296875 0.7543759765625 0.239724609375 0.70992578125 0.2415234375
9 0.739189453125 0.4538486328125 0.7425595703125 0.480970703125 0.7913466796875 0.4800078125 0.7882978515625 0.4516015625 0.739189453125 0.4538486328125
9 0.7459296875 0.50391796875 0.7587685546875 0.5961982421875 0.809802734375 0.5955556640625 0.7961611328125 0.5026337890625 0.7459296875 0.50391796875
9 0.1665546875 0.3375205078125 0.1740791015625 0.26721484375 0.113630859375 0.2690302734375 0.10584765625 0.3375205078125 0.1665546875 0.3375205078125
9 0 0.3418193359375 0.008072265625 0.3418193359375 0.020181640625 0.271689453125 0 0.271689453125 0 0.3418193359375
9 0.95952734375 0.0893857421875 0.946220703125 0.07955078125 0.929732421875 0.0746328125 0.9129541015625 0.0731865234375 0.898779296875 0.076369140625 0.8863408203125 0.0838896484375 0.883259765625 0.089029296875 0.897623046875 0.1591015625 0.9799833984375 0.155197265625 0.9646103515625 0.0955478515625 0.95952734375 0.0893857421875
9 1 0.2700400390625 0.925091796875 0.27535546875 0.9531181640625 0.404923828125 1 0.4020244140625 1 0.2700400390625
9 1 0.5514052734375 0.988181640625 0.552595703125 1 0.599935546875 1 0.5514052734375
1 0.9993642578125 1 0.9998779296875 0.724357421875 0.898388671875 0.722212890625 0.8580078125 0.7400810546875 0.8410634765625 0.7422255859375 0.7581572265625 0.744369140625 0.7256376953125 0.7497294921875 0.7159892578125 0.755447265625 0.6538095703125 0.7840361328125 0.6035048828125 0.814474609375 0.5813994140625 0.83121484375 0.5369736328125 0.8619052734375 0.42980078125 0.940486328125 0.379037109375 0.986173828125 0.3621162109375 1 0.9993642578125 1
8 0.3589052734375 1 0.4842041015625 0.89894921875 0.46647265625 0.8969794921875 0.4507119140625 0.898162109375 0.4310107421875 0.897767578125 0.4207666015625 0.8926455078125 0.4113095703125 0.8942216796875 0.4053994140625 0.9021015625 0.3979130859375 0.9021015625 0.389638671875 0.9056484375 0.3738779296875 0.912740234375 0.3392041015625 0.9178623046875 0.2911826171875 0.9224052734375 0.2864541015625 0.92752734375 0.2781796875 0.9373779296875 0.2655703125 0.928708984375 0.2533564453125 0.9192529296875 0.235625 0.9074326171875 0.2257744140625 0.9027041015625 0.2171064453125 0.891671875 0.209619140625 0.8873369140625 0.2013447265625 0.890095703125 0.1911005859375 0.8952177734375 0.1686416015625 0.8963994140625 0.16351953125 0.8873369140625 0.155244140625 0.8853671875 0.143818359375 0.8877314453125 0.13002734375 0.896005859375 0.1323916015625 0.90625 0.118994140625 0.90309765625 0.107568359375 0.90664453125 0.0992939453125 0.9133427734375 0.0941708984375 0.9239814453125 0.061861328125 0.9330439453125 0.04846484375 0.9405302734375 0.037826171875 0.949986328125 0.0342802734375 0.964958984375 0.031521484375 0.9795380859375 0.0342802734375 0.99096484375 0.0413720703125 0.9960869140625 0.044388671875 0.9998193359375 0.053845703125 1 0.3589052734375 1
0 0 0.64466796875 0.1600029296875 0.6422021484375 0.179455078125 0.6591884765625 0.1887822265625 0.5767216796875 0.16559375 0.5471318359375 0 0.546857421875 0 0.64466796875
0 0.30660546875 0.6413359375 0.3062578125 0.66043359375 0.52492578125 0.66355859375 0.523189453125 0.6420302734375 0.513814453125 0.6413359375 0.507216796875 0.55209765625 0.463595703125 0.549818359375 0.453970703125 0.5548310546875 0.38058203125 0.552826171875 0.3576533203125 0.555232421875 0.316654296875 0.5560869140625 0.314162109375 0.640546875 0.30660546875 0.6413359375
9 0.37622265625 0.3630673828125 0.4554560546875 0.3608994140625 0.453529296875 0.2592802734375 0.3781494140625 0.261447265625 0.37622265625 0.3630673828125
9 0.5460078125 0.35776953125 0.6310205078125 0.352953125 0.6223515625 0.2503701171875 0.5444267578125 0.253876953125 0.5460078125 0.35776953125
9 0.5537470703125 0.4638974609375 0.56357421875 0.5982822265625 0.653009765625 0.597298828125 0.643673828125 0.4631904296875 0.5554404296875 0.4629794921875 0.5537470703125 0.4638974609375
9 0.3762802734375 0.5555234375 0.456802734375 0.5525234375 0.4548017578125 0.470259765625 0.3757802734375 0.471509765625 0.3762802734375 0.5555234375
9 0.669486328125 0.7672880859375 0.67005078125 0.7235166015625 0.57233203125 0.7212578125 0.5808046875 0.8271552734375 0.669486328125 0.7672880859375
9 0.1353271484375 0.7168095703125 0.048970703125 0.7172734375 0.029935546875 0.8751123046875 0.123255859375 0.8783623046875 0.1353271484375 0.7168095703125
9 0.065037109375 0.599333984375 0.102958984375 0.6021220703125 0.11941015625 0.47749609375 0.083734375 0.47695703125 0.065037109375 0.599333984375