2 0.176388671875 0 0.1708369140625 0.0169169921875 0.0906171875 0.2318818359375 0.0559169921875 0.3296513671875 0.003767578125 0.4574033203125 0.0031728515625 0.4631533203125 0.0031728515625 0.46830859375 0.0101123046875 0.4756455078125 0 0.5010263671875 0 1 1 1 1 0.906279296875 1 0.1453046875 0.9558173828125 0.1360927734375 0.9522578125 0.1102041015625 0.9570732421875 0.0968037109375 0.949955078125 0.0947099609375 0.948908203125 0.076705078125 0.94660546875 0.0748203125 0.896537109375 0.0645615234375 0.894234375 0.0677021484375 0.8852314453125 0.081310546875 0.8716220703125 0.078798828125 0.8701572265625 0.079845703125 0.8473359375 0.11501953125 0.8075439453125 0.10769140625 0.805869140625 0.0838232421875 0.8127783203125 0.0679111328125 0.811103515625 0.066236328125 0.80084375 0.0653994140625 0.71981640625 0.0473935546875 0.717513671875 0.048859375 0.71667578125 0.05241796875 0.700345703125 0.0878017578125 0.649455078125 0.0774775390625 0.6498740234375 0.055494140625 0.656154296875 0.0370703125 0.6548984375 0.03434765625 0.6475703125 0.0335107421875 0.5565 0.01257421875 0.55440625 0.0134111328125 0.5439375 0.0579951171875 0.382337890625 0.0248857421875 0.2581806640625 0 0.176388671875 0
9 0.6554443359375 0.8482421875 0.655787109375 0.7115048828125 0.5609287109375 0.709279296875 0.5568193359375 0.84721484375 0.6554443359375 0.8482421875
9 0.8039677734375 0.50362109375 0.798712890625 0.4093125 0.74976171875 0.414291015625 0.7547392578125 0.506939453125 0.8039677734375 0.50362109375
9 0.820837890625 0.4140146484375 0.827751953125 0.50362109375 0.85070703125 0.5113642578125 0.8435166015625 0.423970703125 0.820837890625 0.4140146484375
9 0.80783984375 0.2527783203125 0.8136474609375 0.3277265625 0.836048828125 0.33740625 0.82858203125 0.2657763671875 0.80783984375 0.2527783203125
9 0.74146484375 0.251119140625 0.74561328125 0.3310458984375 0.7909697265625 0.325791015625 0.7865439453125 0.245587890625 0.74146484375 0.251119140625
9 0.82028515625 0.701916015625 0.8117119140625 0.5905927734375 0.7605478515625 0.59350390625 0.7666318359375 0.7052353515625 0.82028515625 0.701916015625
9 0.8366025390625 0.593634765625 0.845728515625 0.7020478515625 0.870619140625 0.70647265625 0.861216796875 0.60137890625 0.8366025390625 0.593634765625
9 1 0.7232939453125 0.9766279296875 0.7232939453125 0.993849609375 0.8442958984375 1 0.8438427734375 1 0.7232939453125
9 1 0.3865322265625 0.997919921875 0.3670048828125 0.926701171875 0.3592509765625 0.9370400390625 0.4505712890625 1 0.4568896484375 1 0.3865322265625
9 0.7371005859375 0.0810791015625 0.73779296875 0.097017578125 0.7869951171875 0.10648828125 0.7863017578125 0.0905498046875 0.7371005859375 0.0810791015625
9 0.5779599609375 0.0426650390625 0.5764716796875 0.0659814453125 0.628810546875 0.0756552734375 0.62905859375 0.0525869140625 0.5779599609375 0.0426650390625
9 0.3957841796875 0.843275390625 0.40455859375 0.711033203125 0.305220703125 0.7069599609375 0.29174609375 0.8429619140625 0.3957841796875 0.843275390625
8 0 0.9357451171875 0.00553125 0.9094736328125 0.01591015625 0.9046083984375 0.0360205078125 0.8984453125 0.0467236328125 0.8968232421875 0.0561298828125 0.8984453125 0.0661845703125 0.9049326171875 0.0944033203125 0.9059052734375 0.122296875 0.9052568359375 0.1385146484375 0.902986328125 0.1430380859375 0.9013642578125 0.152119140625 0.893255859375 0.1783916015625 0.88741796875 0.1738505859375 0.8822275390625 0.1440107421875 0.8867685546875 0.1479033203125 0.8783359375 0.140767578125 0.8663349609375 0.130712890625 0.85044140625 0.121955078125 0.8559560546875 0.1174140625 0.8523876953125 0.11773828125 0.8407109375 0.1151435546875 0.8326025390625 0.1047646484375 0.8410361328125 0.09762890625 0.8429814453125 0.0859521484375 0.8481708984375 0.0755732421875 0.844279296875 0.072978515625 0.83098046875 0.0619501953125 0.834873046875 0.0522197265625 0.83065625 0.0418408203125 0.8329267578125 0.035029296875 0.8361708984375 0.0265966796875 0.8433056640625 0.0120009765625 0.8527119140625 0.0116943359375 0.844603515625 0.0113701171875 0.8407109375 0.00455859375 0.8377919921875 0 0.8394140625 0 0.9357451171875
8 0.25060546875 0.900958984375 0.282099609375 0.900376953125 0.3022783203125 0.8996005859375 0.3174111328125 0.89940625 0.3300224609375 0.8990185546875 0.3476787109375 0.8978544921875 0.3620361328125 0.8980478515625 0.3754228515625 0.8974658203125 0.38609375 0.89882421875 0.3926904296875 0.89009375 0.40375 0.8796162109375 0.4051083984375 0.86487109375 0.4118984375 0.860408203125 0.4103466796875 0.8530361328125 0.4072421875 0.8485732421875 0.40316796875 0.8462451171875 0.399287109375 0.845275390625 0.3924970703125 0.844111328125 0.3897802734375 0.8462451171875 0.3878408203125 0.8512900390625 0.3880341796875 0.8588564453125 0.382408203125 0.859244140625 0.3736767578125 0.8503193359375 0.36572265625 0.84372265625 0.360677734375 0.841201171875 0.3581552734375 0.8427529296875 0.355439453125 0.8468271484375 0.3463203125 0.845857421875 0.3414736328125 0.848767578125 0.3387578125 0.85788671875 0.33817578125 0.8640947265625 0.334294921875 0.8689453125 0.3315791015625 0.8640947265625 0.3280859375 0.854587890625 0.3207138671875 0.8351865234375 0.3172216796875 0.831111328125 0.31353515625 0.831111328125 0.3115947265625 0.8342158203125 0.306162109375 0.8489619140625 0.3013115234375 0.857498046875 0.296849609375 0.8509013671875 0.2927744140625 0.848185546875 0.285984375 0.8450810546875 0.2778349609375 0.848767578125 0.2755068359375 0.8501259765625 0.2694921875 0.849349609375 0.2648359375 0.8532294921875 0.25261328125 0.8717275390625 0.244658203125 0.8738623046875 0.2425234375 0.876578125 0.23903125 0.8847275390625 0.214197265625 0.8812353515625 0.211287109375 0.876384765625 0.2062421875 0.8703701171875 0.2029443359375 0.86959375 0.1994521484375 0.8707578125 0.1984814453125 0.8754140625 0.2029443359375 0.8820107421875 0.211869140625 0.8872490234375 0.2380615234375 0.890353515625 0.2425234375 0.8950107421875 0.2444638671875 0.8985029296875 0.25060546875 0.900958984375
8 0.4586044921875 0.89633203125 0.4670634765625 0.8973193359375 0.5210576171875 0.895345703125 0.5386796875 0.897037109375 0.542767578125 0.8935126953125 0.5431904296875 0.8854765625 0.5548916015625 0.87603125 0.5554560546875 0.870533203125 0.5532001953125 0.864330078125 0.5493935546875 0.8603828125 0.54657421875 0.8512197265625 0.544787109375 0.845580078125 0.5394296875 0.845580078125 0.535482421875 0.84614453125 0.530970703125 0.848681640625 0.527728515625 0.8537568359375 0.5274462890625 0.862638671875 0.519833984375 0.8708154296875 0.515181640625 0.86827734375 0.5109521484375 0.85869140625 0.5075693359375 0.846849609375 0.504044921875 0.8443115234375 0.4970849609375 0.8448759765625 0.493560546875 0.845580078125 0.481578125 0.8567177734375 0.48002734375 0.8584091796875 0.4797451171875 0.85248828125 0.477771484375 0.8479775390625 0.468326171875 0.84614453125 0.4632509765625 0.8458623046875 0.4538056640625 0.849951171875 0.451408203125 0.8541796875 0.449716796875 0.859677734375 0.458880859375 0.8737763671875 0.4664931640625 0.889283203125 0.4554970703125 0.8847724609375 0.4518310546875 0.8857587890625 0.449857421875 0.8873095703125 0.4508447265625 0.8905517578125 0.4562021484375 0.894640625 0.4586044921875 0.89633203125
4 1 0.90642578125 0.931572265625 0.9079072265625 0.9126083984375 0.905240234375 0.9100888671875 0.8828330078125 0.9084755859375 0.8523515625 0.9100888671875 0.8473515625 0.910830078125 0.8366015625 0.8165927734375 0.8368984375 0.818140625 0.8499384765625 0.821333984375 0.8524375 0.8216123046875 0.8618798828125 0.82272265625 0.8632685546875 0.8232783203125 0.890623046875 0.73136328125 0.8916103515625 0.56740625 0.895166015625 0.430552734375 0.8975361328125 0.29425390625 0.901091796875 0.1377861328125 0.9046474609375 0.062818359375 0.905240234375 0.01422265625 0.9070185546875 0.007263671875 0.9070185546875 0.005189453125 0.9099814453125 0 0.9410947265625 0 1 0.648146484375 1 0.8356875 0.994134765625 0.8350947265625 1 1 1 1 0.90642578125
9 0.3666884765625 0.1599873046875 0.445333984375 0.1714169921875 0.45127734375 0.1371279296875 0.3721982421875 0.1235322265625 0.3666884765625 0.1599873046875
9 0.3465693359375 0.3471796875 0.4350458984375 0.358609375 0.438017578125 0.303517578125 0.3527421875 0.29140234375 0.3465693359375 0.3471796875
9 0.42601171875 0.489283203125 0.32980859375 0.48234765625 0.3204599609375 0.5708759765625 0.417265625 0.5775107421875 0.42601171875 0.489283203125
9 0.56080078125 0.609267578125 0.6476923828125 0.612734375 0.647908203125 0.505486328125 0.5668681640625 0.5015859375 0.56080078125 0.609267578125
9 0.5652958984375 0.4132998046875 0.646318359375 0.4202490234375 0.6453251953125 0.3290751953125 0.569087890625 0.3203193359375 0.5652958984375 0.4132998046875
9 0.643736328125 0.171580078125 0.5706572265625 0.161056640625 0.5708251953125 0.2396318359375 0.64433203125 0.250783203125 0.643736328125 0.171580078125
9 0.918345703125 0.2899912109375 0.979236328125 0.2975751953125 0.9671015625 0.22694140625 0.910978515625 0.2182744140625 0.918345703125 0.2899912109375
9 1 0.5352099609375 0.951919921875 0.5325458984375 0.9652822265625 0.6334169921875 1 0.63378515625 1 0.5352099609375
9 0.8877041015625 0.1242978515625 0.91302734375 0.128517578125 0.913630859375 0.11425 0.888306640625 0.110029296875 0.8877041015625 0.1242978515625