2 0 0 0 0.593421875 0.185580078125 0.6054404296875 0.3903759765625 0.6182109375 0.541068359375 0.6276005859375 0.775517578125 0.642248046875 0.89726953125 0.6565205078125 0.923560546875 0.6606513671875 0.9220576171875 0.6831865234375 1 0.6831865234375 1 0.4018447265625 0.9167666015625 0.4221728515625 0.9142978515625 0.2246650390625 0.9101826171875 0.204091796875 0.8896083984375 0.1777568359375 0.8313701171875 0.1437177734375 0.7455380859375 0.118767578125 0.35786328125 0 0 0
5 1 0.683876953125 0.920814453125 0.6842978515625 0.9229072265625 0.661552734375 0.7752080078125 0.6436787109375 0 0.5943193359375 0 0.8331591796875 0.1438505859375 0.8255263671875 0.43488671875 0.8183916015625 0.4524873046875 0.792578125 0.4733134765625 0.779671875 0.51701953125 0.7567919921875 0.5528056640625 0.742125 0.5743017578125 0.7397783203125 0.6279814453125 0.7383125 0.666701171875 0.7406591796875 0.6978330078125 0.746232421875 0.7110322265625 0.752685546875 0.72305859375 0.7676455078125 0.730685546875 0.7867119140625 0.735671875 0.803431640625 0.742125 0.7952177734375 0.768818359375 0.7884716796875 0.7931005859375 0.7844130859375 0.800947265625 0.7754453125 0.815240234375 0.763955078125 0.8313017578125 0.755728515625 0.8925771484375 0.75641015625 0.935810546875 0.7570908203125 0.935708984375 0.729873046875 0.947568359375 0.729068359375 0.9728955078125 0.7286669921875 0.9806591796875 0.7350087890625 0.9873564453125 0.7332802734375 1 0.7329951171875 1 0.683876953125
9 0.1625947265625 0 0.155115234375 0.0822734375 0.2788408203125 0.1148603515625 0.2865966796875 0.0096025390625 0.2555732421875 0 0.1625947265625 0
9 0.3473251953125 0.1317666015625 0.4524755859375 0.1560830078125 0.45576171875 0.0647333984375 0.355869140625 0.03548828125 0.3473251953125 0.1317666015625
9 0.46340625 0.1616376953125 0.5581708984375 0.1848251953125 0.56153125 0.0947646484375 0.4677744140625 0.067208984375 0.46340625 0.1616376953125
9 0.6150966796875 0.1990908203125 0.69696875 0.2178212890625 0.697572265625 0.134439453125 0.6178154296875 0.11178125 0.6150966796875 0.1990908203125
9 0.70876953125 0.2233037109375 0.78522265625 0.2417236328125 0.7839609375 0.1589619140625 0.71053515625 0.137767578125 0.70876953125 0.2233037109375
9 0.8628662109375 0.26451953125 0.8616201171875 0.1864853515625 0.8371875 0.1757646484375 0.8371875 0.256541015625 0.8628662109375 0.26451953125
9 0.89030078125 0.2801103515625 0.8891279296875 0.199408203125 0.8701259765625 0.1879130859375 0.871064453125 0.2700224609375 0.89030078125 0.2801103515625
9 0.8917744140625 0.4213037109375 0.8905029296875 0.343740234375 0.872701171875 0.33653515625 0.874396484375 0.416853515625 0.8917744140625 0.4213037109375
9 0.8619267578125 0.412287109375 0.860193359375 0.3314375 0.8384443359375 0.324345703125 0.839546875 0.406140625 0.8619267578125 0.412287109375
9 0.78438671875 0.3943759765625 0.7845947265625 0.309970703125 0.708712890625 0.2945869140625 0.7074658203125 0.3829423828125 0.78438671875 0.3943759765625
9 0.61166015625 0.367048828125 0.6950556640625 0.3795322265625 0.6961181640625 0.29108984375 0.6143154296875 0.274357421875 0.61166015625 0.367048828125
9 0.454759765625 0.337275390625 0.55038671875 0.3524541015625 0.5534228515625 0.2595595703125 0.4605283203125 0.24043359375 0.454759765625 0.337275390625
9 0.337111328125 0.315880859375 0.4430263671875 0.3354775390625 0.4469931640625 0.2363271484375 0.344109375 0.2136982421875 0.337111328125 0.315880859375
9 0.1376923828125 0.2773759765625 0.2614501953125 0.3006005859375 0.270408203125 0.195755859375 0.1483095703125 0.168548828125 0.1376923828125 0.2773759765625
9 0.2475224609375 0.502091796875 0.2546943359375 0.3892216796875 0.1307177734375 0.3701708984375 0.1180361328125 0.4893193359375 0.2475224609375 0.502091796875
9 0.3238662109375 0.5106337890625 0.4359267578125 0.522126953125 0.4400947265625 0.41789453125 0.33196484375 0.4011787109375 0.3238662109375 0.5106337890625
9 0.5451923828125 0.5324287109375 0.547244140625 0.4346494140625 0.451744140625 0.41937890625 0.44809765625 0.5235400390625 0.5451923828125 0.5324287109375
9 0.6077021484375 0.5431748046875 0.696892578125 0.5503447265625 0.6960322265625 0.45341015625 0.6108564453125 0.441365234375 0.6077021484375 0.5431748046875
9 0.7044345703125 0.551744140625 0.7848408203125 0.561490234375 0.7845703125 0.4672763671875 0.7066005859375 0.4553642578125 0.7044345703125 0.551744140625
9 0.8420166015625 0.5662001953125 0.8636787109375 0.5686279296875 0.8627451171875 0.4825400390625 0.84145703125 0.478431640625 0.8420166015625 0.5662001953125
9 0.8779599609375 0.5713955078125 0.8910576171875 0.5733935546875 0.8890595703125 0.4903701171875 0.8759619140625 0.48615234375 0.8779599609375 0.5713955078125
9 0.8392958984375 0.7578720703125 0.900087890625 0.75750390625 0.8956669921875 0.668341796875 0.8831396484375 0.66539453125 0.8835087890625 0.6757109375 0.8385595703125 0.6757109375 0.8392958984375 0.7578720703125
9 0.597087890625 0.7400927734375 0.6667353515625 0.7408466796875 0.696640625 0.74712890625 0.708955078125 0.75240625 0.7129755859375 0.757181640625 0.7237822265625 0.7717568359375 0.7280537109375 0.7853271484375 0.7916337890625 0.785076171875 0.790744140625 0.656140625 0.7116953125 0.651130859375 0.6031318359375 0.6456015625 0.597087890625 0.7400927734375
9 0.4597236328125 0.7196611328125 0.45398828125 0.7864150390625 0.475041015625 0.780642578125 0.4923583984375 0.7680791015625 0.5151083984375 0.7561943359375 0.543970703125 0.7473662109375 0.5465126953125 0.64017578125 0.4648798828125 0.6350205078125 0.4597236328125 0.7196611328125
9 0.29810546875 0.7843701171875 0.3942685546875 0.783087890625 0.403564453125 0.630830078125 0.3106064453125 0.625701171875 0.29810546875 0.7843701171875
9 0.2298818359375 0.784982421875 0.24410546875 0.6208359375 0.1134033203125 0.6131474609375 0.0941826171875 0.7838291015625 0.2298818359375 0.784982421875
9 0 0.7866376953125 0.015802734375 0.785583984375 0.037224609375 0.60929296875 0 0.606833984375 0 0.7866376953125
9 0.959640625 0.4329921875 0.9601279296875 0.458845703125 0.9765498046875 0.4565693359375 0.9749248046875 0.429740234375 0.959640625 0.4329921875
9 1 0.4211396484375 0.9829541015625 0.4193603515625 0.98242578125 0.4280322265625 0.9803916015625 0.4295234375 0.9810703125 0.4513515625 1 0.4528427734375 1 0.4211396484375
9 0.9782109375 0.519697265625 0.977896484375 0.4944052734375 0.9627841796875 0.4967138671875 0.9630986328125 0.5207470703125 0.9782109375 0.519697265625
9 0.98097265625 0.58765625 0.98070703125 0.5598359375 0.9657373046875 0.5603662109375 0.966134765625 0.5872587890625 0.98097265625 0.58765625
9 1 0.5551630859375 0.984771484375 0.5551064453125 0.984404296875 0.58619140625 1 0.5860068359375 1 0.5551630859375
1 0.4476376953125 0.8561220703125 0.4555439453125 0.8636513671875 0.465708984375 0.8636513671875 0.472109375 0.8606396484375 0.4747451171875 0.8531103515625 0.5101337890625 0.8561220703125 0.52067578125 0.86591015625 0.530087890625 0.8726875 0.54740625 0.8719345703125 0.55832421875 0.86591015625 0.5638603515625 0.8564677734375 0.630162109375 0.854376953125 0.6849326171875 0.8514501953125 0.6903671875 0.8564677734375 0.6992138671875 0.8636220703125 0.710703125 0.865810546875 0.7180888671875 0.8633486328125 0.72055078125 0.8606123046875 0.727787109375 0.8491513671875 0.73405859375 0.841625 0.7361484375 0.815912109375 0.73489453125 0.8054599609375 0.7302958984375 0.7872734375 0.7244423828125 0.7726396484375 0.7125263671875 0.7544521484375 0.6982783203125 0.7471357421875 0.6656669921875 0.7406552734375 0.6148486328125 0.7387744140625 0.577197265625 0.7394013671875 0.550439453125 0.74274609375 0.5148837890625 0.756125 0.491052734375 0.769712890625 0.4743291015625 0.7795380859375 0.45927734375 0.7872734375 0.4484072265625 0.7998154296875 0.43858203125 0.815703125 0.4371181640625 0.8255283203125 0.439 0.84204296875 0.4476376953125 0.8561220703125
1 0.7814169921875 0.7870517578125 0.75520703125 0.7929306640625 0.7392841796875 0.7983193359375 0.7354296875 0.80596875 0.73653125 0.8153369140625 0.7353076171875 0.83816015625 0.743326171875 0.840251953125 0.748556640625 0.8541982421875 0.7558779296875 0.8590791015625 0.766337890625 0.8583818359375 0.77540234375 0.8548955078125 0.7782236328125 0.8483779296875 0.8197177734375 0.8471171875 0.8280107421875 0.8544443359375 0.8336474609375 0.85988671875 0.8431708984375 0.86319140625 0.8517236328125 0.86163671875 0.8565830078125 0.8577490234375 0.8607705078125 0.8509208984375 0.8847177734375 0.849568359375 0.9316484375 0.848603515625 0.96023046875 0.8453203125 0.9660244140625 0.851306640625 0.97066015625 0.856328125 0.9772265625 0.8584521484375 0.983599609375 0.8569072265625 0.988041015625 0.853044921875 0.9909384765625 0.8472509765625 0.9906708984375 0.8328896484375 0.9991923828125 0.8304150390625 1 0.8175107421875 0.998943359375 0.807265625 0.990119140625 0.7883681640625 0.9790458984375 0.7767548828125 0.961490234375 0.7616298828125 0.9476943359375 0.759076171875 0.912478515625 0.7566982421875 0.84076953125 0.756208984375 0.830677734375 0.757134765625 0.8171435546875 0.763390625 0.805013671875 0.7728388671875 0.7931396484375 0.7853515625 0.7814169921875 0.7870517578125
1 1 0.733642578125 0.9890712890625 0.73405078125 0.9811826171875 0.7358193359375 0.9758779296875 0.744251953125 0.9743818359375 0.750916015625 0.97424609375 0.7593486328125 0.976966796875 0.765197265625 0.98095703125 0.765625 0.9826171875 0.7669921875 0.98515625 0.7708984375 0.98857421875 0.77451171875 0.9921875 0.77490234375 0.99482421875 0.77392578125 0.99736328125 0.7703125 1 0.7657412109375 1 0.733642578125
0 0.9235634765625 0.6679765625 0.9756328125 0.668572265625 0.9997333984375 0.6676796875 0.9997333984375 0.6533974609375 0.9949736328125 0.652802734375 0.923265625 0.652802734375 0.9235634765625 0.6679765625
0 1 0.5843681640625 0.922076171875 0.584666015625 0.9217783203125 0.5980546875 0.9890224609375 0.594484375 1 0.59626953125 1 0.5843681640625
1 0.9366142578125 0.7333974609375 0.94603125 0.7322412109375 0.9542919921875 0.7317451171875 0.957431640625 0.73521484375 0.9648662109375 0.736041015625 0.9673447265625 0.732076171875 0.9718056640625 0.7329013671875 0.9721357421875 0.7362060546875 0.9777529296875 0.7409970703125 0.9802314453125 0.7350498046875 0.9724658203125 0.7286064453125 0.9481796875 0.7302587890625 0.9366142578125 0.7305888671875 0.9366142578125 0.7333974609375
8 0.936341796875 0.75839453125 0.946369140625 0.7582529296875 0.9616220703125 0.761642578125 0.970095703125 0.768421875 0.9782861328125 0.76926953125 0.9768740234375 0.7660205078125 0.973484375 0.7595244140625 0.9740498046875 0.7526044921875 0.9746142578125 0.746390625 0.9764501953125 0.7408818359375 0.9722138671875 0.7370693359375 0.9712255859375 0.7339619140625 0.9675537109375 0.733255859375 0.9658583984375 0.735939453125 0.9579501953125 0.736080078125 0.9544189453125 0.7329736328125 0.9517353515625 0.732408203125 0.9362001953125 0.7336796875 0.936341796875 0.75839453125
6 1 0.830990234375 0.9927158203125 0.834021484375 0.993052734375 0.8481689453125 0.987326171875 0.8589482421875 0.976546875 0.8606328125 0.9677890625 0.8565908203125 0.9600419921875 0.84783203125 0.8633271484375 0.8545693359375 0.8538955078125 0.8636640625 0.840421875 0.865685546875 0.8289697265625 0.85928515625 0.8187080078125 0.8492802734375 0.7804111328125 0.85024609375 0.778158203125 0.857326171875 0.767216796875 0.859900390625 0.75337890625 0.8611875 0.7455146484375 0.855369140625 0.74175 0.8433212890625 0.7364794921875 0.8418154296875 0.7312080078125 0.8478388671875 0.71803125 0.86591015625 0.705607421875 0.868921875 0.6961953125 0.8640283203125 0.6830185546875 0.8549921875 0.5666064453125 0.859509765625 0.562841796875 0.866287109375 0.5526767578125 0.87381640625 0.530087890625 0.87569921875 0.520298828125 0.869298828125 0.5101337890625 0.856875 0.4762509765625 0.8557451171875 0.4739921875 0.8640283203125 0.4570498046875 0.864404296875 0.4476376953125 0.8610166015625 0.4397314453125 0.8508515625 0.4370966796875 0.83805078125 0.4337080078125 0.8229912109375 0.4305556640625 0.822810546875 0.1611279296875 0.8307353515625 0 0.835669921875 0 1 1 1 1 0.830990234375
9 0.2737373046875 0.561267578125 0.2859384765625 0.39469140625 0.2700234375 0.393099609375 0.2588837890625 0.5580849609375 0.2737373046875 0.561267578125
9 0.2923046875 0.5575537109375 0.3039755859375 0.5580849609375 0.315646484375 0.4031787109375 0.3039755859375 0.401587890625 0.2923046875 0.5575537109375
9 0.2749814453125 0.3534814453125 0.2865947265625 0.3558046875 0.2977421875 0.2053076171875 0.2833427734375 0.2020556640625 0.2749814453125 0.3534814453125
9 0.3088896484375 0.358126953125 0.3181796875 0.359984375 0.326541015625 0.21459765625 0.3181796875 0.2132041015625 0.3088896484375 0.358126953125
9 0.2867705078125 0.1631171875 0.301240234375 0.1653095703125 0.3122021484375 0.0236787109375 0.2990478515625 0.0188544921875 0.2867705078125 0.1631171875
9 0.31903515625 0.1673671875 0.3301806640625 0.1701328125 0.341142578125 0.033763671875 0.32798828125 0.027625 0.31903515625 0.1673671875
9 0.557865234375 0.583939453125 0.5666572265625 0.5851513671875 0.5693857421875 0.4399248046875 0.561806640625 0.4396220703125 0.557865234375 0.583939453125
9 0.583029296875 0.5836357421875 0.590912109375 0.583939453125 0.593640625 0.443259765625 0.5875771484375 0.44295703125 0.583029296875 0.5836357421875
9 0.8050771484375 0.6034365234375 0.80383984375 0.472802734375 0.7981494140625 0.4732978515625 0.7988916015625 0.6012099609375 0.8050771484375 0.6034365234375
9 0.821900390625 0.605416015625 0.8295703125 0.60591015625 0.8278388671875 0.4755244140625 0.8199208984375 0.47453515625 0.821900390625 0.605416015625
9 0.56858984375 0.2301337890625 0.5793828125 0.232447265625 0.5851650390625 0.099455078125 0.5724443359375 0.0959853515625 0.56858984375 0.2301337890625
9 0.59403125 0.2363017578125 0.603283203125 0.2382294921875 0.6075234375 0.1083212890625 0.59788671875 0.1048515625 0.59403125 0.2363017578125
9 0.596234375 0.4069365234375 0.6000830078125 0.272923828125 0.5934345703125 0.2715244140625 0.5895859375 0.4041376953125 0.596234375 0.4069365234375
9 0.571041015625 0.4041376953125 0.5766396484375 0.26592578125 0.5668427734375 0.26277734375 0.5626435546875 0.4020380859375 0.571041015625 0.4041376953125
9 0.8044814453125 0.4397548828125 0.8044814453125 0.3159052734375 0.7969423828125 0.3159052734375 0.79801953125 0.4379599609375 0.8044814453125 0.4397548828125
9 0.8202763671875 0.443703125 0.82673828125 0.443703125 0.8245849609375 0.3212900390625 0.8184814453125 0.320572265625 0.8202763671875 0.443703125
9 0.81837109375 0.2875126953125 0.82304296875 0.2885751953125 0.8228310546875 0.1711484375 0.817734375 0.169875 0.81837109375 0.2875126953125
9 0.797986328125 0.2822041015625 0.8039326171875 0.2832666015625 0.8030830078125 0.165203125 0.7962880859375 0.1628671875 0.797986328125 0.2822041015625