2 0.8895859375 0.803095703125 0.8925556640625 0.724833984375 0.8948525390625 0.71760546875 0.8925400390625 0.6347314453125 0.9078095703125 0.6295625 0.9071572265625 0.6245322265625 0.8904267578125 0.6234462890625 0.8905556640625 0.5869853515625 0.878046875 0.58616796875 0.8810458984375 0.6229580078125 0.6872060546875 0.6086435546875 0.6784267578125 0.60492578125 0.6768916015625 0.5690791015625 0.679263671875 0.5640615234375 0.7625302734375 0.572388671875 0.759880859375 0.364888671875 0.678783203125 0.3451240234375 0.675373046875 0.3281982421875 0.702443359375 0.3192841796875 0.2206962890625 0.1894853515625 0 0.254865234375 0.0001845703125 0.2635263671875 0.0138212890625 0.267396484375 0.0154794921875 0.2810341796875 0.0003681640625 0.2863779296875 0 0.8582998046875 0.8895859375 0.803095703125
9 0.1726630859375 0.3701337890625 0.17330859375 0.2808828125 0.12964453125 0.2901435546875 0.1303017578125 0.3753427734375 0.1726630859375 0.3701337890625
9 0.3815087890625 0.390087890625 0.38165234375 0.304767578125 0.303515625 0.2886435546875 0.3011005859375 0.3751328125 0.3815087890625 0.390087890625
9 0.4987744140625 0.4134169921875 0.499837890625 0.3360849609375 0.4643544921875 0.329734375 0.46366015625 0.4064677734375 0.4987744140625 0.4134169921875
9 0.5745634765625 0.429072265625 0.5754462890625 0.3487578125 0.536236328125 0.343052734375 0.534890625 0.423625 0.5745634765625 0.429072265625
9 0.6416640625 0.3640341796875 0.6057744140625 0.357765625 0.60432421875 0.43423046875 0.6403349609375 0.4394453125 0.6416640625 0.3640341796875
9 0.748564453125 0.472634765625 0.748341796875 0.3975107421875 0.6775078125 0.3841796875 0.6781767578125 0.4627421875 0.748564453125 0.472634765625
9 0.63923828125 0.5820986328125 0.6400009765625 0.5074833984375 0.607626953125 0.5047470703125 0.606357421875 0.5797509765625 0.63923828125 0.5820986328125
9 0.5678310546875 0.5718447265625 0.5690634765625 0.498228515625 0.537232421875 0.4945419921875 0.5348681640625 0.5687197265625 0.5678310546875 0.5718447265625
9 0.4956123046875 0.5633095703125 0.4962705078125 0.4887998046875 0.464634765625 0.4855439453125 0.46312109375 0.5609892578125 0.4956123046875 0.5633095703125
9 0.3832666015625 0.5516845703125 0.385287109375 0.4560029296875 0.303486328125 0.4460400390625 0.3010859375 0.54457421875 0.3832666015625 0.5516845703125
9 0.16778515625 0.5421513671875 0.16865234375 0.4538701171875 0.12795703125 0.4585693359375 0.1275009765625 0.5452353515625 0.16778515625 0.5421513671875
9 0.0931923828125 0.5475947265625 0.0939716796875 0.46501953125 0.0559033203125 0.46935546875 0.05489453125 0.551263671875 0.0931923828125 0.5475947265625
9 0.101625 0.3836748046875 0.1008603515625 0.290279296875 0.0593076171875 0.3012490234375 0.0595087890625 0.391236328125 0.101625 0.3836748046875
9 0.0887529296875 0.722955078125 0.090525390625 0.636265625 0.047212890625 0.637359375 0.0465869140625 0.663853515625 0.0472021484375 0.7240537109375 0.0887529296875 0.722955078125
9 0.1615869140625 0.722880859375 0.163265625 0.6342255859375 0.1280419921875 0.634296875 0.1266806640625 0.72218359375 0.1615869140625 0.722880859375
9 0.36865625 0.72122265625 0.3695205078125 0.6403076171875 0.304099609375 0.6375546875 0.3026845703125 0.7197119140625 0.36865625 0.72122265625
9 0.571494140625 0.7296826171875 0.5714580078125 0.6515146484375 0.538302734375 0.6507451171875 0.5372275390625 0.7288818359375 0.571494140625 0.7296826171875
0 0.6805341796875 0.604724609375 0.6869248046875 0.60741796875 0.69676171875 0.607841796875 0.878388671875 0.620794921875 0.877578125 0.5917294921875 0.8723505859375 0.5896884765625 0.6901640625 0.5674912109375 0.6837529296875 0.5681044921875 0.6786416015625 0.5687734375 0.6792392578125 0.600431640625 0.6805341796875 0.604724609375
9 0.3800712890625 0.0972998046875 0.3811689453125 0.044833984375 0.3531953125 0.0372861328125 0.352322265625 0.0909169921875 0.3800712890625 0.0972998046875
9 0.580326171875 0.1634921875 0.5826376953125 0.117689453125 0.5577587890625 0.1127060546875 0.5587490234375 0.1567236328125 0.580326171875 0.1634921875
9 0.3646064453125 0.212849609375 0.365658203125 0.1487314453125 0.325001953125 0.1388232421875 0.3257197265625 0.2030908203125 0.3646064453125 0.212849609375
7 0.593345703125 0.223416015625 0.58969140625 0.233333984375 0.5986953125 0.24448828125 0.613388671875 0.2466669921875 0.624509765625 0.2448193359375 0.63209765625 0.2370654296875 0.636986328125 0.2301640625 0.6320205078125 0.2223857421875 0.6245263671875 0.2155634765625 0.6155751953125 0.2144072265625 0.6050400390625 0.2156279296875 0.593345703125 0.223416015625
3 0.6399228515625 0.9989873046875 0.999177734375 0.959576171875 1 0.7700517578125 0.000677734375 0.786458984375 0 1 0.6399228515625 0.9989873046875
6 0.999365234375 1 0.997560546875 0.84683984375 0.0032998046875 0.9290087890625 0 1 0.999365234375 1
8 1 0.741794921875 0.9792548828125 0.741052734375 0.9776240234375 0.723794921875 0.978712890625 0.668548828125 0.9874091796875 0.6643134765625 0.9949775390625 0.6650224609375 0.999890625 0.6571572265625 0.9976484375 0.2828427734375 0.9785361328125 0.278744140625 0.9437802734375 0.2740419921875 0.90794921875 0.2780751953125 0.8665341796875 0.27798046875 0.8323427734375 0.2808505859375 0.7980419921875 0.2941181640625 0.776322265625 0.3024541015625 0.75584375 0.3136748046875 0.7427216796875 0.3170634765625 0.7278095703125 0.3179189453125 0.7111357421875 0.3222529296875 0.699662109375 0.3298369140625 0.6939111328125 0.3376630859375 0.6925341796875 0.3452099609375 0.76077734375 0.36337890625 0.7649248046875 0.57507421875 0.873232421875 0.588732421875 0.87718359375 0.59044921875 0.877486328125 0.585279296875 0.8910888671875 0.586255859375 0.8915966796875 0.621896484375 0.905677734375 0.6231298828125 0.9077236328125 0.6233671875 0.9088740234375 0.6257646484375 0.90858984375 0.6307177734375 0.897275390625 0.6351181640625 0.89646484375 0.6373515625 0.899107421875 0.6443251953125 0.9040556640625 0.6506396484375 0.9140693359375 0.6563515625 0.93028125 0.6599169921875 0.940642578125 0.6595625 0.95216015625 0.6632607421875 0.954041015625 0.741138671875 0.8929130859375 0.7397294921875 0.891734375 0.7709345703125 1 0.76890234375 1 0.741794921875
7 0.950107421875 0.7722646484375 0.957556640625 0.7720791015625 0.94077734375 0.406408203125 0.935984375 0.4068876953125 0.9509072265625 0.7689580078125 0.950107421875 0.7722646484375
9 0.60922265625 0.7307421875 0.6388916015625 0.7307421875 0.6384853515625 0.6478330078125 0.6108486328125 0.64620703125 0.60922265625 0.7307421875
9 0.6945703125 0.7530947265625 0.7652880859375 0.754314453125 0.763255859375 0.651490234375 0.6929453125 0.64701953125 0.6945703125 0.7530947265625
9 0.773416015625 0.7518759765625 0.839662109375 0.7522822265625 0.839255859375 0.6571806640625 0.7705712890625 0.6531162109375 0.773416015625 0.7518759765625
7 0.2352080078125 0.8537431640625 0.235728515625 0.7008740234375 0.240171875 0.69752734375 0.246431640625 0.6896708984375 0.25064453125 0.6785556640625 0.2497822265625 0.665490234375 0.24397265625 0.6533720703125 0.2334365234375 0.647783203125 0.2240830078125 0.6491611328125 0.2170703125 0.655251953125 0.212443359375 0.6642138671875 0.2127861328125 0.6796591796875 0.216279296875 0.691251953125 0.22928125 0.700470703125 0.2268486328125 0.854244140625 0.2352080078125 0.8537431640625