9 0.4155146484375 0.8703291015625 0.433021484375 0.7184033203125 0.369068359375 0.72519140625 0.3476318359375 0.8667568359375 0.4155146484375 0.8703291015625
9 0.577373046875 0.878599609375 0.588197265625 0.7012158203125 0.502396484375 0.7104560546875 0.4844443359375 0.87384765625 0.577373046875 0.878599609375
9 0.777322265625 0.710671875 0.777609375 0.8875888671875 0.84279296875 0.8870146484375 0.837337890625 0.72187109375 0.777322265625 0.710671875
9 0.9634208984375 0.7733095703125 0.9714033203125 0.8973095703125 0.9865498046875 0.8966953125 0.9781572265625 0.77740234375 0.9634208984375 0.7733095703125
9 0.692166015625 0.437123046875 0.692294921875 0.3878974609375 0.6527685546875 0.399560546875 0.651083984375 0.448138671875 0.692166015625 0.437123046875
9 0.6395234375 0.3377392578125 0.6412275390625 0.30161328125 0.621630859375 0.30894140625 0.62009765625 0.3447255859375 0.6395234375 0.3377392578125
9 0.679865234375 0.523109375 0.68898828125 0.524294921875 0.68969921875 0.5021376953125 0.6383955078125 0.51268359375 0.637447265625 0.5330625 0.679865234375 0.523109375
9 0.5408427734375 0.3741220703125 0.544232421875 0.3399794921875 0.5392568359375 0.34137890625 0.5369072265625 0.37578515625 0.5408427734375 0.3741220703125
9 0.527955078125 0.4825380859375 0.53338671875 0.42882421875 0.4869140625 0.4427041015625 0.4841982421875 0.4938544921875 0.527955078125 0.4825380859375
0 0.3765830078125 0.5230068359375 0.44800390625 0.543380859375 0.45160546875 0.4972587890625 0.3880849609375 0.471291015625 0.287474609375 0.5021845703125 0.2812060546875 0.55009765625 0.3765830078125 0.5230068359375
9 0.3982734375 0.477490234375 0.4209638671875 0.48445703125 0.421560546875 0.4705244140625 0.3982734375 0.477490234375
9 0.3775732421875 0.5793974609375 0.376578125 0.5899462890625 0.40643359375 0.584173828125 0.40643359375 0.571833984375 0.3775732421875 0.5793974609375
9 0.52175390625 0.558642578125 0.5218935546875 0.5456474609375 0.484865234375 0.555009765625 0.4834677734375 0.5673056640625 0.52175390625 0.558642578125
9 0.291876953125 0.611478515625 0.2973876953125 0.5858212890625 0.2787900390625 0.5892646484375 0.275001953125 0.6121669921875 0.291876953125 0.611478515625
9 0.1649453125 0.58269921875 0.169234375 0.5634599609375 0.1645771484375 0.56517578125 0.1642099609375 0.56517578125 0.160533203125 0.583189453125 0.1649453125 0.58269921875
9 0.1636318359375 0.7089990234375 0.1655849609375 0.694458984375 0.173615234375 0.690986328125 0.177521484375 0.677314453125 0.1558193359375 0.679484375 0.149525390625 0.7087822265625 0.1636318359375 0.7089990234375
9 0.1248330078125 0.7141923828125 0.131484375 0.685884765625 0.1203466796875 0.686658203125 0.1152421875 0.7148115234375 0.1248330078125 0.7141923828125
9 0.1464892578125 0.780244140625 0.1477265625 0.7666318359375 0.150046875 0.76539453125 0.1528310546875 0.7474501953125 0.1399921875 0.7482236328125 0.134732421875 0.78008984375 0.1464892578125 0.780244140625
9 0.1104013671875 0.781662109375 0.1143935546875 0.7557978515625 0.10415234375 0.7564921875 0.0998125 0.781140625 0.1104013671875 0.781662109375
9 0.0824658203125 0.63544921875 0.0772490234375 0.659326171875 0.085375 0.6600283203125 0.0916953125 0.6348466796875 0.0824658203125 0.63544921875
9 0.1400390625 0.64986328125 0.14490625 0.6228740234375 0.1356142578125 0.6237587890625 0.128755859375 0.6506376953125 0.1400390625 0.64986328125
9 0.1783046875 0.6418466796875 0.182673828125 0.6135654296875 0.1695654296875 0.6152646484375 0.164345703125 0.643060546875 0.1783046875 0.6418466796875
9 0.1801787109375 0.579658203125 0.184314453125 0.5583095703125 0.176490234375 0.561103515625 0.1729140625 0.5809990234375 0.1801787109375 0.579658203125
9 0.090234375 0.6056640625 0.0943359375 0.583203125 0.09453125 0.57626953125 0.090234375 0.57158203125 0.07724609375 0.58447265625 0.07236328125 0.6087890625 0.090234375 0.6056640625
0 0.311263671875 0.6466318359375 0.314537109375 0.6207421875 0.681953125 0.5456142578125 0.9057080078125 0.606490234375 0.9938583984375 0.652787109375 0.993578125 0.6379697265625 0.88790234375 0.578142578125 0.6830986328125 0.521201171875 0.3750087890625 0.5891357421875 0.26722265625 0.60556640625 0.257998046875 0.6540712890625 0.311263671875 0.6466318359375
0 0.96448046875 0.3469091796875 0.9987548828125 0.3786201171875 1 0.311744140625 0.96416015625 0.2720244140625 0.727130859375 0.3504326171875 0.725849609375 0.4144970703125 0.96448046875 0.3469091796875
0 1 0.460609375 0.97889453125 0.4404423828125 0.7242392578125 0.4964990234375 0.7229580078125 0.5349375 0.8023974609375 0.5535166015625 0.98113671875 0.52340625 1 0.535560546875 1 0.460609375
0 0.2209111328125 0.7986103515625 0.2282744140625 0.7619716796875 0.158669921875 0.764076171875 0.148326171875 0.766349609375 0.1427158203125 0.8005390625 0.2209111328125 0.7986103515625
0 0.19548828125 0.6830703125 0.175326171875 0.6879794921875 0.1740986328125 0.691486328125 0.166208984375 0.69516796875 0.1605986328125 0.7211162109375 0.169890625 0.7188369140625 0.235287109375 0.7148046875 0.242125 0.6797392578125 0.19548828125 0.6830703125
0 0.2040791015625 0.635556640625 0.2536962890625 0.6315244140625 0.26133984375 0.63369140625 0.267197265625 0.6036845703125 0.2561513671875 0.6015810546875 0.2070595703125 0.6066650390625 0.182865234375 0.6171474609375 0.176904296875 0.647654296875 0.2040791015625 0.635556640625
9 0.2751416015625 0.5529794921875 0.2784150390625 0.531607421875 0.26301171875 0.535650390625 0.2595458984375 0.5564443359375 0.2751416015625 0.5529794921875
3 0 0.9604501953125 0.0313525390625 0.964423828125 0.20136328125 0.9569169921875 0.2141689453125 0.886705078125 0.0560810546875 0.8805224609375 0 0.878314453125 0 0.9604501953125
4 0 0.8767177734375 0.0535009765625 0.879306640625 0.1850947265625 0.884484375 0.19544921875 0.8271005859375 0.0655810546875 0.8193349609375 0 0.812431640625 0 0.8767177734375
6 0.422830078125 1 0.41162890625 0.9983154296875 0.2583671875 0.975818359375 0.2590703125 0.96140625 0.2028271484375 0.9571875 0.0295458984375 0.9656240234375 0 0.96140625 0 1 0.422830078125 1
8 0 0.7942763671875 0.0072958984375 0.799140625 0.0101337890625 0.80603125 0.0141875 0.8102880859375 0.0154033203125 0.819205078125 0.0244296875 0.8230126953125 0.027439453125 0.8155771484375 0.0286787109375 0.80743359375 0.031865234375 0.8019453125 0.0431953125 0.795572265625 0.0608984375 0.7915009765625 0.067625 0.787251953125 0.06975 0.778400390625 0.0709892578125 0.771142578125 0.0778935546875 0.7713193359375 0.0881611328125 0.777515625 0.09913671875 0.7837119140625 0.0948876953125 0.79575 0.093826171875 0.8030078125 0.0945341796875 0.814869140625 0.09913671875 0.8189404296875 0.10851953125 0.817169921875 0.1150693359375 0.8116826171875 0.1164853515625 0.7987587890625 0.1175478515625 0.7881376953125 0.120203125 0.7856591796875 0.12516015625 0.7753916015625 0.1292314453125 0.7690185546875 0.1333037109375 0.77362109375 0.1338349609375 0.7948642578125 0.1357822265625 0.812921875 0.13790625 0.81575390625 0.145341796875 0.81681640625 0.1494130859375 0.8166396484375 0.1543701171875 0.8072568359375 0.15421875 0.7894013671875 0.1572705078125 0.7808037109375 0.1630947265625 0.774701171875 0.1650361328125 0.7699853515625 0.1630947265625 0.76138671875 0.1578251953125 0.756671875 0.1447880859375 0.7511240234375 0.1378544921875 0.7430810546875 0.129810546875 0.740029296875 0.1234306640625 0.739751953125 0.1195927734375 0.735064453125 0.122798828125 0.7301328125 0.126990234375 0.7279130859375 0.1321689453125 0.7229814453125 0.1282236328125 0.7207626953125 0.11983984375 0.721501953125 0.1168798828125 0.723474609375 0.11811328125 0.7122275390625 0.1144140625 0.7033505859375 0.116140625 0.687076171875 0.1166337890625 0.682390625 0.1139208984375 0.6789384765625 0.11046875 0.679185546875 0.10627734375 0.6836240234375 0.10627734375 0.6745 0.0998662109375 0.6668564453125 0.091728515625 0.6609384765625 0.087537109375 0.663404296875 0.0742216796875 0.6530478515625 0.07298828125 0.647869140625 0.071755859375 0.6372666015625 0.067810546875 0.6343076171875 0.06115234375 0.6325810546875 0.048083984375 0.633814453125 0.0387138671875 0.6355400390625 0.036248046875 0.632828125 0.0355078125 0.6236728515625 0.02737109375 0.6187412109375 0.0192333984375 0.6187412109375 0.0103564453125 0.619234375 0.0160283203125 0.612330078125 0.018240234375 0.60984375 0.0152001953125 0.609236328125 0.014998046875 0.6057900390625 0.0233076171875 0.6033583984375 0.0336435546875 0.59768359375 0.037697265625 0.593224609375 0.0381025390625 0.588158203125 0.0356708984375 0.5832939453125 0.0328330078125 0.5814697265625 0.02979296875 0.5824833984375 0.026955078125 0.589779296875 0.023509765625 0.5903876953125 0.0214833984375 0.5891708984375 0.01945703125 0.5865361328125 0.02290234375 0.5814697265625 0.025537109375 0.575794921875 0.025537109375 0.5711689453125 0.023712890625 0.5673173828125 0.020875 0.56812890625 0.0172275390625 0.57157421875 0.0245234375 0.5604267578125 0.0267529296875 0.5517119140625 0.0304013671875 0.5446181640625 0.02979296875 0.540564453125 0.0257392578125 0.5419833984375 0.0176328125 0.5474560546875 0.01925390625 0.54340234375 0.0174296875 0.540564453125 0.0127685546875 0.5375244140625 0.007701171875 0.5375244140625 0.0006083984375 0.5421865234375 0.0012158203125 0.5257705078125 0.006080078125 0.5233388671875 0.0064853515625 0.5172587890625 0.0030400390625 0.5109755859375 0 0.5101650390625 0 0.7707666015625 0.00506640625 0.7725908203125 0.0056748046875 0.77623828125 0.0020263671875 0.7831298828125 0 0.785359375 0 0.7942763671875
8 0.5741689453125 0.5342509765625 0.570455078125 0.52914453125 0.5658134765625 0.529609375 0.551888671875 0.5337861328125 0.545390625 0.5323935546875 0.5398203125 0.5312333984375 0.536107421875 0.530537109375 0.5344462890625 0.5269072265625 0.5390087890625 0.51798046875 0.5368271484375 0.50587890625 0.5340498046875 0.5070693359375 0.53365234375 0.5177822265625 0.52908984375 0.524328125 0.52353515625 0.5340498046875 0.51897265625 0.5273046875 0.5130205078125 0.5213525390625 0.51321875 0.5031015625 0.511037109375 0.503498046875 0.506275390625 0.52353515625 0.501712890625 0.525916015625 0.4977451171875 0.5253203125 0.4945712890625 0.51242578125 0.491 0.5092509765625 0.48921484375 0.5116318359375 0.491396484375 0.5185751953125 0.4935791015625 0.5348427734375 0.4866357421875 0.5263125 0.484056640625 0.5261142578125 0.484056640625 0.53008203125 0.491 0.5403974609375 0.5001259765625 0.5507138671875 0.505482421875 0.559640625 0.5524990234375 0.5495234375 0.5764892578125 0.543765625 0.5741689453125 0.538427734375 0.5741689453125 0.5342509765625
8 0.849345703125 0.551650390625 0.84153515625 0.548302734375 0.83640234375 0.5451787109375 0.8306005859375 0.5440634765625 0.8205576171875 0.54383984375 0.8127470703125 0.5458486328125 0.8089541015625 0.549642578125 0.8082841796875 0.5538818359375 0.809623046875 0.557453125 0.82100390625 0.5545517578125 0.8292607421875 0.554328125 0.840642578125 0.5572294921875 0.8509072265625 0.5623623046875 0.854478515625 0.5607998046875 0.8531396484375 0.555890625 0.849345703125 0.551650390625
8 0.7797197265625 0.5409384765625 0.7848525390625 0.54183203125 0.799134765625 0.546517578125 0.80002734375 0.5436171875 0.7960107421875 0.5404921875 0.790431640625 0.5373681640625 0.7839599609375 0.53669921875 0.775703125 0.537591796875 0.7797197265625 0.5409384765625
8 0.289939453125 0.6330966796875 0.2949599609375 0.6325947265625 0.3120302734375 0.6273232421875 0.3130341796875 0.621046875 0.3225732421875 0.61803515625 0.32483203125 0.6155244140625 0.3225732421875 0.6102529296875 0.3258359375 0.5987060546875 0.3306064453125 0.5944384765625 0.33236328125 0.5896689453125 0.3298525390625 0.5859033203125 0.329099609375 0.580380859375 0.332865234375 0.570087890625 0.331861328125 0.5638125 0.3283466796875 0.56280859375 0.3218203125 0.564314453125 0.3188076171875 0.5715947265625 0.318556640625 0.5808828125 0.31529296875 0.594689453125 0.315794921875 0.58766015625 0.311025390625 0.5816357421875 0.30475 0.5821376953125 0.30198828125 0.5874091796875 0.3044990234375 0.60096484375 0.3044990234375 0.6150224609375 0.2979716796875 0.6182861328125 0.292951171875 0.6235576171875 0.2901904296875 0.63133984375 0.289939453125 0.6330966796875
2 1 0.1913857421875 0.935787109375 0.2139345703125 0.7296533203125 0.29371875 0.6788203125 0.25365625 0.6282744140625 0.270478515625 0.6272333984375 0.26111328125 0.6143994140625 0.251921875 0.600177734375 0.25851171875 0.5980966796875 0.2814052734375 0.58053125 0.286607421875 0.492439453125 0.332912109375 0.4927861328125 0.33447265625 0.5075283203125 0.345052734375 0.503712890625 0.3785947265625 0.42395703125 0.418658203125 0.3943076171875 0.4094658203125 0.287548828125 0.45013671875 0.2847744140625 0.4522177734375 0.2847744140625 0.45620703125 0.2908447265625 0.4589814453125 0.283212890625 0.4998212890625 0.2743681640625 0.497392578125 0.2480068359375 0.523416015625 0.24679296875 0.5267109375 0.2473134765625 0.5303525390625 0.255291015625 0.53676953125 0.2402021484375 0.54023828125 0.2351728515625 0.5391982421875 0.2129736328125 0.5459619140625 0.2106962890625 0.54651953125 0.171466796875 0.5351552734375 0.147732421875 0.5613427734375 0.1516240234375 0.5644560546875 0.1282734375 0.571150390625 0.0849970703125 0.5599423828125 0.064603515625 0.5843828125 0.063669921875 0.5867265625 0.0723876953125 0.5890615234375 0.0717265625 0.5930537109375 0 0.626875 0 0.8776259765625 0.0384873046875 0.879375 0.2161845703125 0.88541015625 0.2018271484375 0.95668359375 0.2597978515625 0.9607216796875 0.2589296875 0.9751279296875 0.42497265625 1 0.66826953125 1 1 1 1 0.1913857421875