9 0.4867021484375 0.689203125 0.4881611328125 0.535154296875 0.374947265625 0.4925537109375 0.3670693359375 0.65535546875 0.4867021484375 0.689203125
9 0.4881611328125 0.458982421875 0.489912109375 0.335861328125 0.3907041015625 0.2810048828125 0.3804912109375 0.412587890625 0.4881611328125 0.458982421875
9 0.490787109375 0.2701845703125 0.4916630859375 0.167908203125 0.400041015625 0.1075087890625 0.3936220703125 0.2127138671875 0.490787109375 0.2701845703125
9 0.8431435546875 0.3108583984375 0.8626748046875 0.4322255859375 0.9002158203125 0.4558154296875 0.879162109375 0.338626953125 0.8431435546875 0.3108583984375
9 0.867748046875 0.4619375 0.8920986328125 0.6047099609375 0.931921875 0.6232265625 0.9063037109375 0.4865068359375 0.867748046875 0.4619375
9 0.8984404296875 0.6384677734375 0.9281171875 0.8081396484375 0.969208984375 0.819046875 0.9387705078125 0.6569619140625 0.8984404296875 0.6384677734375
9 0.6535927734375 0.9298369140625 0.655802734375 0.950462890625 0.6814013671875 0.9817705078125 0.6832939453125 0.9816484375 0.6801123046875 0.932783203125 0.6535927734375 0.9298369140625
9 0.705732421875 0.9362294921875 0.7089833984375 0.9806572265625 0.73390625 0.9825146484375 0.7305009765625 0.940099609375 0.705732421875 0.9362294921875
9 0.7794912109375 0.9877685546875 0.7762744140625 0.9458271484375 0.7541123046875 0.9443974609375 0.7585205078125 0.9863388671875 0.7794912109375 0.9877685546875
9 0.80580859375 0.960302734375 0.809498046875 0.9926494140625 0.8249609375 0.9935 0.8205634765625 0.961154296875 0.80580859375 0.960302734375
5 0.7866240234375 0.995927734375 0.7823828125 0.958216796875 0.775078125 0.9574345703125 0.7693388671875 0.922998046875 0.625978515625 0.9032470703125 0.6289853515625 0.98326171875 0.7866240234375 0.995927734375
7 0.810759765625 1 0.80692578125 0.961916015625 0.845263671875 0.9648369140625 0.84909765625 0.964654296875 0.85055859375 0.96155078125 0.8407001953125 0.8938203125 0.839787109375 0.8903525390625 0.837591796875 0.88907421875 0.7985234375 0.8819541015625 0.79724609375 0.8733740234375 0.80966015625 0.8759296875 0.827185546875 0.87866796875 0.832845703125 0.876294921875 0.8361318359375 0.870818359375 0.8370439453125 0.8657060546875 0.8361318359375 0.851466796875 0.8266376953125 0.7908564453125 0.8105732421875 0.6763896484375 0.8083818359375 0.65869921875 0.8054609375 0.649935546875 0.8005322265625 0.6415380859375 0.7950546875 0.638251953125 0.713998046875 0.6055732421875 0.70815625 0.60612109375 0.70395703125 0.608859375 0.7019482421875 0.6139716796875 0.7023134765625 0.636171875 0.7211171875 0.833603515625 0.722943359375 0.84218359375 0.725681640625 0.8489384765625 0.73225390625 0.857666015625 0.7384609375 0.8616826171875 0.7718701171875 0.868802734375 0.771322265625 0.8772001953125 0.7662099609375 0.8775654296875 0.765115234375 0.88012109375 0.774060546875 0.9578994140625 0.7815458984375 0.9589951171875 0.78537890625 1 0.810759765625 1
0 0 0.77018359375 0.3656484375 0.657587890625 0.4852099609375 0.690669921875 0.484919921875 0.6674541015625 0.367212890625 0.63247265625 0.227337890625 0.6805126953125 0.2090556640625 0.676740234375 0.1440517578125 0.7011171875 0.1440517578125 0.7063408203125 0.055560546875 0.7373916015625 0.0442431640625 0.7350703125 0.0053564453125 0.749 0.0053564453125 0.752482421875 0 0.7542236328125 0 0.77018359375
0 0 0.6346328125 0.08505078125 0.584341796875 0.38016796875 0.4143896484375 0.48822265625 0.4603994140625 0.4870927734375 0.4448134765625 0.3779736328125 0.3980546875 0.247443359375 0.4770546875 0.2352392578125 0.471181640625 0.173572265625 0.5111630859375 0.1796708984375 0.5172626953125 0.0866044921875 0.57341796875 0.0762138671875 0.5704814453125 0 0.61791796875 0 0.6346328125
0 0 0.5315673828125 0.3935146484375 0.214763671875 0.49046875 0.273060546875 0.4870576171875 0.25762109375 0.3927197265625 0.202708984375 0.27033984375 0.3047841796875 0.256875 0.3001162109375 0.199517578125 0.3498427734375 0.2036474609375 0.3582802734375 0.112646484375 0.4335390625 0.103490234375 0.42923046875 0.0654306640625 0.461185546875 0.069201171875 0.4676494140625 0.060763671875 0.46423828125 0.0282685546875 0.4899169921875 0.029705078125 0.499970703125 0 0.52420703125 0 0.5315673828125
8 0.7875048828125 0.999880859375 0.7875654296875 0.9957314453125 0.77118359375 0.993546875 0.7679072265625 0.989396484375 0.751744140625 0.9808779296875 0.7456279296875 0.9830625 0.74519140625 0.9891787109375 0.7443173828125 0.9968232421875 0.7257509765625 0.9913623046875 0.716140625 0.9885234375 0.7087138671875 0.9915810546875 0.7017236328125 0.989615234375 0.698884765625 0.98328125 0.6873076171875 0.9784755859375 0.68162890625 0.9688642578125 0.672017578125 0.9559619140625 0.6691787109375 0.9437294921875 0.6731103515625 0.9358662109375 0.680537109375 0.9345556640625 0.6822841796875 0.92996875 0.68162890625 0.9247265625 0.6772607421875 0.923416015625 0.67070703125 0.923416015625 0.6637158203125 0.9244267578125 0.6565078125 0.928794921875 0.6501728515625 0.9333818359375 0.64864453125 0.94102734375 0.63794140625 0.93578515625 0.6305146484375 0.93534765625 0.628767578125 0.937095703125 0.6331357421875 0.94605078125 0.6309521484375 0.9506376953125 0.626146484375 0.9432119140625 0.6252724609375 0.937095703125 0.6333544921875 0.9294501953125 0.634228515625 0.92508203125 0.63248046875 0.9242080078125 0.6283310546875 0.923771484375 0.61959375 0.9294501953125 0.62221484375 0.9233349609375 0.6226513671875 0.918310546875 0.612603515625 0.9174375 0.6053955078125 0.9228974609375 0.60080859375 0.93534765625 0.5975322265625 0.934255859375 0.5946923828125 0.9375322265625 0.59578515625 0.9429931640625 0.5911982421875 0.94080859375 0.588578125 0.9333818359375 0.584646484375 0.9311982421875 0.58071484375 0.9311982421875 0.5761279296875 0.934037109375 0.5656435546875 0.93054296875 0.567390625 0.92486328125 0.56498828125 0.921369140625 0.5682646484375 0.9167822265625 0.566517578125 0.91437890625 0.5632412109375 0.91437890625 0.5562509765625 0.9204951171875 0.54926171875 0.923771484375 0.5455478515625 0.9220244140625 0.5409609375 0.9215869140625 0.5352822265625 0.9242080078125 0.5324423828125 0.920931640625 0.5208662109375 0.9180927734375 0.5140947265625 0.915689453125 0.5022998046875 0.9141611328125 0.497712890625 0.9084814453125 0.4915966796875 0.9058603515625 0.4773994140625 0.906515625 0.473904296875 0.9045498046875 0.4706259765625 0.906515625 0.4710625 0.9128505859375 0.4693154296875 0.9178740234375 0.4453720703125 0.92530078125 0.4364169921875 0.92486328125 0.4272431640625 0.927484375 0.423529296875 0.9325087890625 0.4217822265625 0.9259560546875 0.4169765625 0.91962109375 0.4123896484375 0.91983984375 0.408021484375 0.9231162109375 0.4060556640625 0.9285771484375 0.3962265625 0.918748046875 0.3901103515625 0.9178740234375 0.3885810546875 0.9242080078125 0.3855234375 0.93032421875 0.381810546875 0.9272666015625 0.3783154296875 0.9268291015625 0.3754755859375 0.9300234375 0.3665205078125 0.9276201171875 0.357783203125 0.92478125 0.357783203125 0.920630859375 0.355162109375 0.91648046875 0.35123046875 0.917791015625 0.3451142578125 0.9197568359375 0.33834375 0.920630859375 0.3326640625 0.92740234375 0.3293876953125 0.9357021484375 0.3175927734375 0.93839453125 0.310603515625 0.9449150390625 0.3121318359375 0.9543076171875 0.30405078125 0.9606416015625 0.2977158203125 0.9661025390625 0.2990263671875 0.9582392578125 0.2979345703125 0.949283203125 0.2926923828125 0.9488466796875 0.2874501953125 0.9508125 0.2793681640625 0.95321484375 0.2765283203125 0.96391796875 0.2791494140625 0.9689423828125 0.283955078125 0.97178125 0.288978515625 0.981392578125 0.2806787109375 0.984013671875 0.2795869140625 0.99012890625 0.2806787109375 0.997337890625 0.2830810546875 1 0.7875048828125 0.999880859375
8 0.8210205078125 1 0.8204638671875 0.997125 0.8165712890625 0.99471484375 0.8121220703125 0.9943447265625 0.8100830078125 0.9956416015625 0.810638671875 1 0.8210205078125 1
8 0.8577236328125 1 0.8627294921875 0.9978662109375 0.8682900390625 0.99545703125 0.871255859375 0.99341796875 0.8723681640625 0.989154296875 0.859578125 0.9858173828125 0.854572265625 0.982109375 0.848640625 0.98044140625 0.8417822265625 0.9813681640625 0.8371474609375 0.9854462890625 0.834181640625 0.99137890625 0.8347373046875 0.9991640625 0.846416015625 1 0.8577236328125 1
8 1 0.7073818359375 0.9910322265625 0.7206455078125 0.978001953125 0.74670703125 0.9735810546875 0.749033203125 0.9707880859375 0.72180859375 0.967763671875 0.696677734375 0.967763671875 0.6787607421875 0.976837890625 0.663169921875 0.9719521484375 0.663169921875 0.9668330078125 0.6701513671875 0.961712890625 0.6720126953125 0.9570595703125 0.6622392578125 0.953103515625 0.66130859375 0.9556630859375 0.6780625 0.9500791015625 0.6994697265625 0.951474609375 0.6603779296875 0.947984375 0.6585166015625 0.94583203125 0.6702607421875 0.942025390625 0.7172451171875 0.9283232421875 0.703486328125 0.918580078125 0.6878056640625 0.912490234375 0.6788232421875 0.910359375 0.6788232421875 0.9106630859375 0.685369140625 0.9076181640625 0.6847607421875 0.9054873046875 0.6870439453125 0.8960478515625 0.6753212890625 0.8922421875 0.6748642578125 0.8930029296875 0.6808017578125 0.907009765625 0.6995283203125 0.9226083984375 0.7107978515625 0.9445322265625 0.7273916015625 0.957625 0.74703125 0.9644755859375 0.762408203125 0.954123046875 0.75296875 0.9495556640625 0.752158203125 0.9485693359375 0.7590654296875 0.9079365234375 0.741201171875 0.8744921875 0.7192392578125 0.8723408203125 0.7200078125 0.87141796875 0.72262109375 0.877111328125 0.7278896484375 0.8998798828125 0.745404296875 0.962580078125 0.77167578125 0.9792431640625 0.7806279296875 0.99933984375 0.811533203125 0.99933984375 0.8284326171875 0.9831962890625 0.8208203125 0.95487890625 0.798896484375 0.951681640625 0.7976787109375 0.952138671875 0.8005712890625 0.98426171875 0.827947265625 0.9978115234375 0.8375390625 0.9897431640625 0.839517578125 0.96690625 0.8375390625 0.937828125 0.8302314453125 0.8885712890625 0.8029384765625 0.8824814453125 0.8024814453125 0.8826337890625 0.8053740234375 0.899380859375 0.8202939453125 0.8876572265625 0.8149658203125 0.8674091796875 0.7974580078125 0.8642626953125 0.79712109375 0.8656328125 0.800623046875 0.871265625 0.806712890625 0.887251953125 0.818892578125 0.9020419921875 0.825775390625 0.9131552734375 0.832017578125 0.9300546875 0.84145703125 0.9356875 0.844044921875 0.93583984375 0.847546875 0.9531953125 0.8580517578125 0.9720732421875 0.8641640625 1 0.86431640625 1 0.7750947265625 0.9973154296875 0.77579296875 0.9814921875 0.7562470703125 0.9905673828125 0.7373984375 1 0.71855078125 1 0.7073818359375
8 1 0.86431640625 0.9991728515625 0.8784755859375 0.9965849609375 0.8781708984375 0.991865234375 0.8751259765625 0.989125 0.8752783203125 0.98866796875 0.8774091796875 0.992169921875 0.8825859375 0.97146484375 0.879236328125 0.9597421875 0.873451171875 0.9553271484375 0.8719287109375 0.9554794921875 0.8746689453125 0.9591328125 0.878931640625 0.9672021484375 0.8841083984375 0.97679296875 0.8860869140625 0.9935400390625 0.8870009765625 0.9994775390625 0.8834990234375 0.9990205078125 0.896896484375 0.9789248046875 0.90024609375 0.9594375 0.8981142578125 0.946953125 0.89461328125 0.938275390625 0.8783232421875 0.9343173828125 0.87588671875 0.9346220703125 0.88243359375 0.944365234375 0.899109375 0.9519775390625 0.9039814453125 0.962025390625 0.9061123046875 0.9999345703125 0.902458984375 0.9993251953125 0.9278828125 0.9959755859375 0.9300146484375 0.9783154296875 0.92894921875 0.9675068359375 0.9245341796875 0.9656796875 0.91707421875 0.9614169921875 0.914333984375 0.956849609375 0.913876953125 0.955935546875 0.9172265625 0.94832421875 0.9153994140625 0.94710546875 0.9179873046875 0.950455078125 0.9231640625 0.94177734375 0.92301171875 0.9366005859375 0.925751953125 0.9369052734375 0.9294052734375 0.945279296875 0.9322978515625 0.9556318359375 0.931689453125 0.9703994140625 0.9454306640625 0.9729873046875 0.9496943359375 0.9603505859375 0.951064453125 0.9601982421875 0.95395703125 0.9643095703125 0.9545654296875 0.9667451171875 0.958828125 0.962177734375 0.9605029296875 0.9550224609375 0.9638525390625 0.9547177734375 0.967810546875 0.956544921875 0.9702470703125 0.9611123046875 0.97146484375 0.97116015625 0.9792294921875 0.9755751953125 0.979837890625 0.9792294921875 0.9786201171875 0.9822744140625 0.9732919921875 0.985470703125 0.9716171875 0.98958203125 0.9812080078125 0.992626953125 0.989734375 0.9888203125 0.989125 0.9853193359375 0.9888203125 0.982578125 0.9898857421875 0.979685546875 0.992626953125 0.9769453125 0.9965849609375 0.9758798828125 0.9997822265625 1 1 1 0.86431640625
8 0.072865234375 1 0.0735283203125 0.9942822265625 0.0702158203125 0.984345703125 0.071208984375 0.972421875 0.065248046875 0.9707666015625 0.0582919921875 0.975072265625 0.052662109375 0.9840146484375 0.0473623046875 0.9883203125 0.0450439453125 0.9919638671875 0.0450439453125 1 0.072865234375 1
8 0.1112001953125 1 0.120578125 0.9997958984375 0.1346455078125 0.898978515625 0.1319658203125 0.894958984375 0.127947265625 0.902998046875 0.112875 0.9425205078125 0.1105302734375 0.943525390625 0.1011513671875 0.9438603515625 0.0974677734375 0.94821484375 0.100482421875 0.95357421875 0.0998125 0.9602724609375 0.1024912109375 0.9663017578125 0.0967978515625 0.972330078125 0.0967978515625 0.976349609375 0.1031611328125 0.977689453125 0.102826171875 0.9897470703125 0.107515625 0.99812109375 0.1112001953125 1
8 0.146267578125 0.6997744140625 0.208560546875 0.6761328125 0.2271357421875 0.679134765625 0.2335146484375 0.67012890625 0.234640625 0.661685546875 0.226009765625 0.6536171875 0.21794140625 0.6511787109375 0.20687109375 0.658947265625 0.197490234375 0.6628876953125 0.1926123046875 0.670017578125 0.1857509765625 0.6713310546875 0.17824609375 0.67358203125 0.1741181640625 0.676021484375 0.169615234375 0.6790234375 0.1660498046875 0.68483984375 0.1622978515625 0.6839013671875 0.1536669921875 0.6857783203125 0.1491640625 0.6885927734375 0.147287109375 0.6914072265625 0.1459736328125 0.6981611328125 0.146267578125 0.6997744140625
4 0.4095908203125 0.921263671875 0.4150400390625 0.9186826171875 0.418337890625 0.920259765625 0.4216357421875 0.925134765625 0.4235 0.9311572265625 0.428662109375 0.9265693359375 0.43669140625 0.92441796875 0.444720703125 0.9248486328125 0.46870703125 0.917392578125 0.4702841796875 0.9128037109375 0.4702841796875 0.905634765625 0.4740126953125 0.9037705078125 0.4778837890625 0.9059208984375 0.4923662109375 0.90577734375 0.4979580078125 0.9079287109375 0.5027158203125 0.9136640625 0.515333984375 0.9152412109375 0.532541015625 0.9201162109375 0.5355517578125 0.9235576171875 0.5414306640625 0.920546875 0.5494599609375 0.9228408203125 0.5567734375 0.91954296875 0.5629384765625 0.91409375 0.5659501953125 0.9136640625 0.568673828125 0.916818359375 0.5659501953125 0.9214072265625 0.56795703125 0.9248486328125 0.5665234375 0.930009765625 0.5761298828125 0.9331650390625 0.5822958984375 0.930009765625 0.5877451171875 0.932017578125 0.5916162109375 0.940046875 0.5950576171875 0.942341796875 0.5944833984375 0.9373232421875 0.5974951171875 0.933451171875 0.5996875 0.9350439453125 0.5921357421875 0.8728818359375 0.5813876953125 0.8699765625 0.5822587890625 0.8862431640625 0.4278720703125 0.8609716796875 0.4267099609375 0.8458671875 0.4138515625 0.843828125 0.4097177734375 0.9194873046875 0.4095908203125 0.921263671875
4 0.2801494140625 0.8857666015625 0.2787763671875 0.8951044921875 0.1494091796875 0.880822265625 0.1494091796875 0.868462890625 0.13732421875 0.8679140625 0.1191962890625 1 0.195001953125 0.9997509765625 0.1999453125 0.98794140625 0.20159375 0.986568359375 0.2040654296875 0.9662431640625 0.2826171875 0.9722861328125 0.2853681640625 0.9508603515625 0.2903115234375 0.8854921875 0.2801494140625 0.8857666015625
4 0.0104873046875 1 0.011236328125 0.9760927734375 0.00973828125 0.9730966796875 0.0107373046875 0.9658544921875 0.0439482421875 0.9676025390625 0.064173828125 0.9463779296875 0.0649228515625 0.9398857421875 0.0878955078125 0.93938671875 0.0948876953125 0.8936904296875 0.087646484375 0.8924423828125 0.0846494140625 0.8989345703125 0 0.89269140625 0 1 0.0104873046875 1
2 1 0.373484375 0.921001953125 0.310326171875 0.6918232421875 0.1301044921875 0.5711494140625 0.034580078125 0.56787890625 0.03333984375 0.5664130859375 0.033791015625 0.547326171875 0.049880859375 0.547439453125 0.05292578125 0.5480029296875 0.0567607421875 0.4682265625 0.123640625 0.402671875 0.078685546875 0.399400390625 0.077669921875 0.3972578125 0.0784599609375 0.2940087890625 0.179759765625 0.2808125 0.178857421875 0.2784443359375 0.1803232421875 0.2766396484375 0.1825791015625 0.27630078125 0.1852861328125 0.2774287109375 0.1869775390625 0.2841962890625 0.1890078125 0.142654296875 0.32389453125 0.1313759765625 0.32468359375 0.1286689453125 0.3259248046875 0.127541015625 0.3288564453125 0.1285556640625 0.331 0.13588671875 0.3315634765625 0.0357529296875 0.4256513671875 0.0277451171875 0.425876953125 0.0250380859375 0.4266669921875 0.0230078125 0.4281328125 0.0228955078125 0.4310654296875 0.02932421875 0.432080078125 0.0010146484375 0.458810546875 0 0.460375 0 1 1 1 1 0.373484375