9 0.0570556640625 0.2530009765625 0.10198046875 0.23405859375 0.1050302734375 0.1891416015625 0.0615048828125 0.207583984375 0.0570556640625 0.2530009765625
9 0.043490234375 0.37608984375 0.09033984375 0.35884765625 0.0953759765625 0.304677734375 0.04913671875 0.321767578125 0.043490234375 0.37608984375
9 0.0270009765625 0.5140751953125 0.07748046875 0.498626953125 0.0826748046875 0.43656640625 0.0343359375 0.451794921875 0.0270009765625 0.5140751953125
9 0.0005830078125 0.6723251953125 0.06124609375 0.6604501953125 0.06946875 0.5770302734375 0.0105537109375 0.59125 0.0005830078125 0.6723251953125
9 0 0.862162109375 0.042060546875 0.8579599609375 0.0515625 0.7519619140625 0 0.7603662109375 0 0.862162109375
9 0.043755859375 1 0.047375 0.9631494140625 0.019099609375 0.9631357421875 0.015373046875 1 0.043755859375 1
9 0.454572265625 1 0.4534345703125 0.9525478515625 0.40416015625 0.9502451171875 0.4047119140625 1 0.454572265625 1
9 0.5122041015625 1 0.5087919921875 0.95501171875 0.4664951171875 0.9528515625 0.46689453125 1 0.5122041015625 1
9 0.4128642578125 0.8397265625 0.4538134765625 0.8512900390625 0.446798828125 0.7490048828125 0.4069873046875 0.7291015625 0.4128642578125 0.8397265625
9 0.4883916015625 0.8560263671875 0.5010869140625 0.8555888671875 0.50094140625 0.855443359375 0.4948125 0.789638671875 0.483138671875 0.785990234375 0.4883916015625 0.8560263671875
9 0.4730859375 0.6813828125 0.483724609375 0.6816953125 0.48139453125 0.647453125 0.4712080078125 0.6421181640625 0.4730859375 0.6813828125
9 0.4598818359375 0.531142578125 0.468044921875 0.530650390625 0.468044921875 0.5239638671875 0.4592509765625 0.515685546875 0.4598818359375 0.531142578125
0 0.5623837890625 0.8740537109375 0.5955654296875 0.8848779296875 0.5976826171875 0.880171875 0.595330078125 0.8785244140625 0.5950947265625 0.8731123046875 0.618626953125 0.8822890625 0.6193330078125 0.892642578125 0.6421591796875 0.8989951171875 0.6431005859375 0.8888779296875 0.65016015625 0.88911328125 0.6499248046875 0.8862890625 0.5623837890625 0.8575830078125 0.5623837890625 0.8740537109375
0 0.5455908203125 0.689513671875 0.5435703125 0.704375 0.5754619140625 0.7274609375 0.5790693359375 0.7244306640625 0.5756064453125 0.721544921875 0.5760390625 0.7190927734375 0.5989833984375 0.737849609375 0.599126953125 0.747228515625 0.6222158203125 0.7642548828125 0.6259677734375 0.7619462890625 0.630296875 0.7619462890625 0.631595703125 0.7592041015625 0.5468564453125 0.6891982421875 0.5455908203125 0.689513671875
0 0.5232109375 0.5446162109375 0.5237900390625 0.55002734375 0.5576123046875 0.5884833984375 0.559544921875 0.5875166015625 0.55606640625 0.5811396484375 0.5819638671875 0.6124462890625 0.5819638671875 0.619982421875 0.60476953125 0.64355859375 0.6068955078125 0.6420126953125 0.6121142578125 0.6456845703125 0.614046875 0.6439453125 0.60998828125 0.63698828125 0.5277568359375 0.5405625 0.5232109375 0.5446162109375
0 0.5120068359375 0.4245341796875 0.5399921875 0.466330078125 0.5447744140625 0.466330078125 0.5658515625 0.5001572265625 0.5658515625 0.505470703125 0.58498046875 0.5341611328125 0.5931279296875 0.5341611328125 0.5933056640625 0.5297333984375 0.5162578125 0.4132734375 0.511474609375 0.4118564453125 0.5120068359375 0.4245341796875
0 0.6808037109375 0.91025 0.69534765625 0.914099609375 0.698484375 0.9108203125 0.707751953125 0.9108203125 0.7141689453125 0.91338671875 0.7155947265625 0.920087890625 0.7254326171875 0.921513671875 0.7247197265625 0.91452734375 0.6804580078125 0.9004326171875 0.6808037109375 0.91025
7 1 0.9671923828125 0.9677939453125 0.837580078125 0.958966796875 0.83437109375 0.9541513671875 0.83784765625 0.866412109375 0.8448017578125 0.865609375 0.8458720703125 0.8706923828125 0.867537109375 0.9603046875 0.862455078125 1 0.998486328125 1 0.9671923828125
8 1 0.3386591796875 0.99395703125 0.3312431640625 0.9936201171875 0.321130859375 0.9899111328125 0.3150634765625 0.987888671875 0.307984375 0.9892373046875 0.2961865234375 0.992271484375 0.2918046875 0.9909228515625 0.2850625 1 0.25641015625 0.99833984375 0.2560732421875 0.9781123046875 0.2759609375 0.980134765625 0.2601181640625 0.9808095703125 0.251353515625 0.9764267578125 0.2439384765625 0.973392578125 0.24258984375 0.96732421875 0.23348828125 0.9504677734375 0.2479833984375 0.950130859375 0.234162109375 0.95383984375 0.226689453125 0.9565361328125 0.2074755859375 0.953501953125 0.2010703125 0.9524912109375 0.1852275390625 0.946759765625 0.185564453125 0.9369833984375 0.200396484375 0.9349609375 0.1909580078125 0.9309150390625 0.175115234375 0.9282177734375 0.1754521484375 0.909001953125 0.15623828125 0.9002373046875 0.1336533203125 0.8951796875 0.1427548828125 0.890123046875 0.1633173828125 0.880009765625 0.162642578125 0.872255859375 0.1589345703125 0.86517578125 0.1555634765625 0.8597822265625 0.139046875 0.80719140625 0.097921875 0.794080078125 0.1023037109375 0.7826181640625 0.10365234375 0.7721669921875 0.0985966796875 0.767447265625 0.0851123046875 0.753962890625 0.0861240234375 0.746208984375 0.0739892578125 0.7411513671875 0.0723037109375 0.7357578125 0.0864609375 0.71687890625 0.0955625 0.705080078125 0.1050009765625 0.696314453125 0.0888203125 0.69024609375 0.09219140625 0.681818359375 0.136349609375 0.6609169921875 0.1100576171875 0.65248828125 0.1100576171875 0.6470947265625 0.1434287109375 0.626 0.1376982421875 0.6216171875 0.1467998046875 0.6239775390625 0.205453125 0.6172353515625 0.21253125 0.606109375 0.1966884765625 0.6007158203125 0.1794970703125 0.58487109375 0.169384765625 0.57812890625 0.13803515625 0.5747578125 0.1353388671875 0.567677734375 0.1387099609375 0.56700390625 0.1730927734375 0.5511591796875 0.1869130859375 0.5252001953125 0.205115234375 0.5423935546875 0.2239921875 0.546017578125 0.24023046875 0.5281494140625 0.2462978515625 0.5335439453125 0.27023046875 0.5291611328125 0.28843359375 0.5379267578125 0.2985458984375 0.548376953125 0.3086591796875 0.52444140625 0.30225390625 0.5180361328125 0.3036025390625 0.5112939453125 0.31371484375 0.504888671875 0.3423671875 0.5008427734375 0.356525390625 0.501517578125 0.3716943359375 0.5008427734375 0.3936044921875 0.500505859375 0.401357421875 0.4863466796875 0.39394140625 0.4839873046875 0.4020322265625 0.490392578125 0.419560546875 0.49780859375 0.430009765625 0.500505859375 0.452890625 0.5170244140625 0.470755859375 0.521744140625 0.4950263671875 0.5102822265625 0.5041279296875 0.507248046875 0.510869140625 0.5099453125 0.530083984375 0.51769921875 0.535814453125 0.521744140625 0.555365234375 0.50657421875 0.5560390625 0.5241044921875 0.56851171875 0.539275390625 0.575927734375 0.54871484375 0.5879228515625 0.5359033203125 0.5923046875 0.5419716796875 0.610169921875 0.5524228515625 0.6212939453125 0.569953125 0.6297216796875 0.5702900390625 0.6320810546875 0.575009765625 0.6428681640625 0.5868095703125 0.644552734375 0.60231640625 0.643205078125 0.62894921875 0.6411826171875 0.635017578125 0.6502841796875 0.5975966796875 0.6607333984375 0.5945634765625 0.670845703125 0.6002939453125 0.6877001953125 0.6174873046875 0.6863515625 0.635017578125 0.6961279296875 0.64883984375 0.705228515625 0.6653583984375 0.7256513671875 0.6919912109375 0.73744921875 0.70109375 0.7384609375 0.7162646484375 0.7543037109375 0.7253662109375 0.773517578125 0.7442451171875 0.7937431640625 0.757056640625 0.80284375 0.76433203125 0.8252890625 0.7828740234375 0.836076171875 0.7929873046875 0.83675 0.8223173828125 0.8610205078125 0.8324306640625 0.8826923828125 0.8513095703125 0.89617578125 0.8722109375 0.9168369140625 0.885359375 0.974478515625 0.8813134765625 0.9751533203125 0.8786162109375 0.9815576171875 0.8867080078125 0.9832431640625 0.8712001953125 0.989310546875 0.8718740234375 1 0.9403916015625 1 0.9204638671875 0.91798828125 0.935634765625 0.9041669921875 0.9386689453125 0.895740234375 0.954513671875 0.9004599609375 0.958896484375 0.9061904296875 0.9568740234375 0.9233818359375 0.96294140625 0.9361904296875 0.96058203125 0.942595703125 0.9659755859375 0.9459658203125 0.974404296875 0.944955078125 0.97608984375 0.941583984375 0.97844921875 0.9304599609375 0.9899111328125 0.903830078125 0.994630859375 0.904841796875 1 0.918662109375 1 0.3386591796875
8 0.812380859375 1 0.8265009765625 0.991794921875 0.8241953125 0.98026953125 0.8227548828125 0.97047265625 0.7962431640625 0.9696083984375 0.7956669921875 0.9652861328125 0.799125 0.9569296875 0.79768359375 0.952607421875 0.7861572265625 0.94828515625 0.776935546875 0.944828125 0.7708837890625 0.9505908203125 0.76973046875 0.9583701171875 0.7645439453125 0.963556640625 0.764255859375 0.9626923828125 0.7518642578125 0.9609638671875 0.74696484375 0.961828125 0.7354384765625 0.9652861328125 0.723623046875 0.9647099609375 0.717859375 0.9615400390625 0.7103671875 0.9598115234375 0.704603515625 0.9641337890625 0.6916357421875 0.9647099609375 0.6850078125 0.9696083984375 0.685583984375 0.978251953125 0.6904833984375 0.9886259765625 0.695669921875 0.992947265625 0.70143359375 0.9946767578125 0.7017216796875 1 0.812380859375 1
9 0.3888427734375 0.213333984375 0.4113984375 0.2475048828125 0.40798046875 0.197615234375 0.38888671875 0.1675693359375 0.3888427734375 0.213333984375
9 0.3878173828125 0.3275654296875 0.41003125 0.3569521484375 0.408322265625 0.314580078125 0.38675 0.287626953125 0.3878173828125 0.3275654296875
9 0.3942236328125 0.4677724609375 0.418173828125 0.493337890625 0.4155849609375 0.4428544921875 0.3945478515625 0.4182607421875 0.3942236328125 0.4677724609375
9 0.4045810546875 0.6347158203125 0.431119140625 0.6534853515625 0.4278828125 0.5844619140625 0.4030859375 0.5625068359375 0.4045810546875 0.6347158203125
8 0.8557314453125 0.9369619140625 0.8566494140625 0.9316826171875 0.854353515625 0.9280087890625 0.853435546875 0.9192861328125 0.86514453125 0.9112509765625 0.8517861328125 0.896890625 0.8316455078125 0.88255859375 0.8218466796875 0.86223828125 0.79208984375 0.8378212890625 0.7815654296875 0.8361884765625 0.7715859375 0.835099609375 0.7545302734375 0.8292939453125 0.7498125 0.8291123046875 0.74491015625 0.8254306640625 0.7405546875 0.8237978515625 0.7363818359375 0.8274267578125 0.735111328125 0.8366796875 0.72640234375 0.84284765625 0.726220703125 0.8497421875 0.73565625 0.85663671875 0.7405546875 0.8720576171875 0.7347490234375 0.8762080078125 0.7363818359375 0.880380859375 0.7323896484375 0.8898154296875 0.7303935546875 0.8979794921875 0.733296875 0.9095908203125 0.731845703125 0.9164853515625 0.7325712890625 0.9195693359375 0.7378330078125 0.923560546875 0.7398291015625 0.928822265625 0.7440029296875 0.9302734375 0.7492646484375 0.9302734375 0.74980859375 0.9311806640625 0.751986328125 0.93390234375 0.7605146484375 0.9378935546875 0.762509765625 0.9594833984375 0.7605146484375 0.9616611328125 0.7646875 0.9627490234375 0.7688603515625 0.9580322265625 0.770494140625 0.9498681640625 0.7762998046875 0.9440625 0.799162109375 0.95186328125 0.8006142578125 0.95748828125 0.796078125 0.9652890625 0.79734765625 0.9696435546875 0.8225693359375 0.9696435546875 0.827287109375 0.9680107421875 0.8421650390625 0.97218359375 0.84887890625 0.967103515625 0.85214453125 0.9620234375 0.860310546875 0.960390625 0.8603232421875 0.956705078125 0.8559609375 0.9445380859375 0.8557314453125 0.9369619140625
2 0.3493212890625 0 0 0.16775390625 0 1 0.6994580078125 1 0.70125390625 0.988662109375 0.7698408203125 0.983498046875 0.769291015625 0.9733193359375 0.7800205078125 0.9716689453125 0.8232158203125 0.9700185546875 0.8251416015625 0.9774462890625 0.8471513671875 0.9757958984375 0.8617333984375 0.970568359375 0.858982421875 0.95846484375 0.876865234375 0.957638671875 0.88154296875 0.9557138671875 0.9266630859375 0.9460849609375 1 0.9425087890625 1 0.889173828125 1 0.7535498046875 0.9948955078125 0.754375 0.979212890625 0.76978125 0.9577529296875 0.7755576171875 0.9574775390625 0.7780341796875 0.96298046875 0.7791337890625 0.96298046875 0.78601171875 0.932166015625 0.8030673828125 0.9329912109375 0.8049931640625 0.9452177734375 0.80578515625 0.9451748046875 0.8116953125 0.798744140625 0.815181640625 0.7811455078125 0.8263408203125 0.774880859375 0.776234375 0.7811455078125 0.770865234375 0.742798828125 0.719564453125 0.7293759765625 0.7213544921875 0.7216201171875 0.7150908203125 0.717822265625 0.6872744140625 0.7307666015625 0.6846865234375 0.7307666015625 0.683650390625 0.368431640625 0 0.3493212890625 0
6 0.8710810546875 1 0.8703427734375 0.9887421875 0.8851123046875 0.98357421875 0.8774814453125 0.9818505859375 0.8808046875 0.973974609375 0.8846201171875 0.973728515625 0.8808046875 0.9565 0.8777275390625 0.958591796875 0.8607421875 0.959083984375 0.8625888671875 0.970775390625 0.8478193359375 0.9763125 0.8249267578125 0.9785283203125 0.827634765625 0.9918193359375 0.8135537109375 1 0.8710810546875 1
1 1 0.943568359375 0.9732255859375 0.9455859375 0.9709384765625 0.94746875 0.9713427734375 0.949486328125 0.9730908203125 0.953791015625 0.969728515625 0.95675 0.966634765625 0.96764453125 0.9667685546875 0.973427734375 0.965423828125 0.9747724609375 0.9639443359375 0.9777314453125 0.9639443359375 0.9810947265625 0.9652890625 0.983515625 0.9652890625 1 1 1 1 0.943568359375
1 0.9633701171875 1 0.964330078125 0.983392578125 0.9627939453125 0.9813759765625 0.9633701171875 0.9764794921875 0.965962890625 0.971486328125 0.96605859375 0.9654365234375 0.968787109375 0.9576796875 0.957564453125 0.959408203125 0.954556640625 0.9639189453125 0.9522333984375 0.9736220703125 0.9520966796875 0.9916630859375 0.9613916015625 1 0.9633701171875 1
1 0.941892578125 0.959130859375 0.9405009765625 0.9611416015625 0.9374091796875 0.9710361328125 0.9349345703125 0.9722724609375 0.9340068359375 0.9742822265625 0.9340068359375 0.9762919921875 0.9355537109375 0.9772197265625 0.939109375 0.97845703125 0.937873046875 0.9820126953125 0.9377177734375 0.9860322265625 0.9414287109375 0.9988642578125 0.94359375 0.9996376953125 0.9462216796875 0.9988642578125 0.956490234375 1 0.951203125 0.9926025390625 0.9510712890625 0.9726474609375 0.9539794921875 0.96220703125 0.9576767578125 0.9580634765625 0.9473046875 0.9574306640625 0.941892578125 0.959130859375
1 0.9381630859375 0.9496884765625 0.9342822265625 0.9525244140625 0.93338671875 0.963419921875 0.93473046875 0.9653603515625 0.9377158203125 0.9583447265625 0.9392080078125 0.957748046875 0.9686142578125 0.9558076171875 0.97115234375 0.954166015625 0.9704052734375 0.947748046875 0.9704541015625 0.9475 0.9521943359375 0.947748046875 0.9381630859375 0.9496884765625
9 0.8107685546875 0.85669921875 0.8181943359375 0.8568134765625 0.8176240234375 0.846302734375 0.8096259765625 0.8465791015625 0.8107685546875 0.85669921875
9 0.8578896484375 0.907380859375 0.8477841796875 0.9076513671875 0.8488671875 0.91919921875 0.858888671875 0.9188994140625 0.8578896484375 0.907380859375
9 0.6087314453125 0.867552734375 0.613818359375 0.866826171875 0.6109111328125 0.8382412109375 0.606671875 0.837443359375 0.6087314453125 0.867552734375