9 0.3604140625 0.2864970703125 0.387376953125 0.2749423828125 0.391228515625 0.1975400390625 0.3132763671875 0.2399091796875 0.3074072265625 0.3088740234375 0.3604140625 0.2864970703125
9 0.3692412109375 0.448380859375 0.3801484375 0.4462919921875 0.3801484375 0.3652958984375 0.34742578125 0.3785244140625 0.3024013671875 0.3929130859375 0.2956708984375 0.4713564453125 0.3692412109375 0.448380859375
9 0.2921064453125 0.5615029296875 0.2889951171875 0.642384765625 0.3708095703125 0.6318076171875 0.3726767578125 0.541283203125 0.2921064453125 0.5615029296875
9 0.545115234375 0.208728515625 0.658466796875 0.1647080078125 0.6566328125 0.0900576171875 0.545482421875 0.135361328125 0.545115234375 0.208728515625
9 0.7141376953125 0.1661650390625 0.788353515625 0.2139267578125 0.78706640625 0.188330078125 0.784921875 0.1451435546875 0.7137080078125 0.0946650390625 0.7141376953125 0.1661650390625
9 0.54194921875 0.3090693359375 0.5387744140625 0.398638671875 0.6643974609375 0.3632646484375 0.6609619140625 0.268962890625 0.57321484375 0.297384765625 0.54194921875 0.3090693359375
9 0.800203125 0.4000068359375 0.79620703125 0.3160849609375 0.7179951171875 0.2738388671875 0.721419921875 0.3644208984375 0.800203125 0.4000068359375
9 0.5424814453125 0.6077470703125 0.6670078125 0.5889501953125 0.6649189453125 0.4855712890625 0.540654296875 0.5080224609375 0.5424814453125 0.6077470703125
9 0.810689453125 0.6071181640625 0.8063251953125 0.51290625 0.72648828125 0.4856953125 0.7300830078125 0.5876083984375 0.810689453125 0.6071181640625
9 0.94178125 0.4562763671875 0.9527421875 0.455630859375 0.9707958984375 0.4569208984375 0.968861328125 0.4145810546875 0.9647783203125 0.410712890625 0.9422109375 0.399537109375 0.926091796875 0.39394921875 0.9282412109375 0.4577802734375 0.94178125 0.4562763671875
9 0.9490888671875 0.640462890625 0.9600498046875 0.639173828125 0.978533203125 0.6385283203125 0.9836904296875 0.6378837890625 0.980037109375 0.5824345703125 0.9718701171875 0.5785654296875 0.937052734375 0.56846484375 0.9385576171875 0.6385283203125 0.9490888671875 0.640462890625
9 0.918158203125 0.2902041015625 0.9267109375 0.287884765625 0.9348291015625 0.2874501953125 0.9457001953125 0.2880302734375 0.950484375 0.289044921875 0.953818359375 0.28976953125 0.9523681640625 0.269185546875 0.9094609375 0.237875 0.91192578125 0.2922333984375 0.918158203125 0.2902041015625
1 0.99992578125 1 1 0.8907890625 0.99992578125 0.859568359375 0.98417578125 0.8629130859375 0.96661328125 0.8714150390625 0.94905078125 0.879638671875 0.945845703125 0.89301953125 0.941384765625 0.90096484375 0.92898046875 0.9154599609375 0.919919921875 0.9257744140625 0.91796875 0.939712890625 0.912951171875 0.9599228515625 0.912115234375 0.9923984375 0.913369140625 1 0.99992578125 1
8 0.2425654296875 0.2713447265625 0.24961328125 0.25959765625 0.2663525390625 0.242271484375 0.2681142578125 0.2375732421875 0.262828125 0.23463671875 0.2584765625 0.2313896484375 0.2584765625 0.2271923828125 0.2600029296875 0.224140625 0.2594306640625 0.219943359375 0.2559970703125 0.22166015625 0.252181640625 0.229291015625 0.247603515625 0.2313896484375 0.2489384765625 0.225666015625 0.2517998046875 0.2203251953125 0.2523720703125 0.217845703125 0.2512275390625 0.215365234375 0.2512275390625 0.20678125 0.251609375 0.2012490234375 0.2483662109375 0.2041103515625 0.2451240234375 0.2111689453125 0.2405458984375 0.2220419921875 0.2342509765625 0.2294814453125 0.2289091796875 0.2342509765625 0.2237587890625 0.2342509765625 0.224521484375 0.2311982421875 0.22986328125 0.2249033203125 0.2348232421875 0.2191806640625 0.23673046875 0.21479296875 0.239591796875 0.2054462890625 0.2401640625 0.20105859375 0.2359677734375 0.1978154296875 0.2336787109375 0.194763671875 0.2334873046875 0.1888505859375 0.2353955078125 0.183318359375 0.236158203125 0.1795029296875 0.235013671875 0.177404296875 0.2313896484375 0.1777861328125 0.227955078125 0.1940009765625 0.225857421875 0.2035380859375 0.22509375 0.211931640625 0.22299609375 0.216509765625 0.22166015625 0.214412109375 0.221087890625 0.20926171875 0.2195625 0.206208984375 0.21937109375 0.1968623046875 0.217654296875 0.193046875 0.214984375 0.195908203125 0.21250390625 0.1980068359375 0.210978515625 0.1947587890625 0.2117412109375 0.188845703125 0.210978515625 0.1850302734375 0.207353515625 0.1878916015625 0.2065908203125 0.1918974609375 0.205064453125 0.200291015625 0.206208984375 0.2065859375 0.207544921875 0.212880859375 0.206208984375 0.21688671875 0.2046826171875 0.2138349609375 0.2029658203125 0.2107822265625 0.2001044921875 0.2126904296875 0.2002958984375 0.2147880859375 0.20334765625 0.2218466796875 0.205255859375 0.2279501953125 0.202203125 0.2304306640625 0.2001044921875 0.22966796875 0.19876953125 0.224326171875 0.1985791015625 0.219748046875 0.1966708984375 0.2187939453125 0.1943818359375 0.219748046875 0.1932373046875 0.2149794921875 0.1911396484375 0.2142158203125 0.1892314453125 0.2153603515625 0.1898037109375 0.220892578125 0.1915205078125 0.2287138671875 0.192474609375 0.23195703125 0.1899951171875 0.2338642578125 0.18732421875 0.232529296875 0.1852255859375 0.23424609375 0.1831279296875 0.233482421875 0.1825556640625 0.2294765625 0.1829365234375 0.2245166015625 0.1825556640625 0.220892578125 0.1806474609375 0.2176494140625 0.1789306640625 0.2216552734375 0.1793125 0.2281416015625 0.1800751953125 0.232337890625 0.1777861328125 0.23748828125 0.17358984375 0.23195703125 0.16996484375 0.2315751953125 0.1663408203125 0.234626953125 0.16538671875 0.2367255859375 0.163861328125 0.2390146484375 0.1651962890625 0.2430205078125 0.16538671875 0.2497021484375 0.161953125 0.2575234375 0.1589013671875 0.2611474609375 0.160236328125 0.2525634765625 0.1623349609375 0.2460771484375 0.16214453125 0.2414990234375 0.159091796875 0.2397822265625 0.1589013671875 0.2371123046875 0.1617626953125 0.23215234375 0.169583984375 0.225857421875 0.173017578125 0.2191806640625 0.174734375 0.214412109375 0.174162109375 0.2111689453125 0.169392578125 0.2146025390625 0.164814453125 0.2231865234375 0.1634794921875 0.224521484375 0.16309765625 0.2172734375 0.1657685546875 0.21040625 0.16672265625 0.1991513671875 0.164814453125 0.1960986328125 0.1632890625 0.1995322265625 0.1611904296875 0.2046826171875 0.159283203125 0.208498046875 0.157375 0.2123134765625 0.1547041015625 0.209642578125 0.1518427734375 0.209642578125 0.15165234375 0.217845703125 0.1531787109375 0.22166015625 0.1506982421875 0.224712890625 0.14936328125 0.2289091796875 0.1491728515625 0.2420712890625 0.1474560546875 0.2445517578125 0.14290625 0.24472265625 0.1418154296875 0.2410859375 0.1418154296875 0.2370859375 0.1419970703125 0.2319951171875 0.1419970703125 0.2294501953125 0.14054296875 0.228541015625 0.1376337890625 0.228177734375 0.136361328125 0.2318134765625 0.1359970703125 0.2361767578125 0.1361787109375 0.2419951171875 0.134724609375 0.24672265625 0.1298154296875 0.25144921875 0.1296337890625 0.2581767578125 0.1296337890625 0.2643583984375 0.1250888671875 0.2667216796875 0.1201796875 0.2690859375 0.118724609375 0.2707216796875 0.11854296875 0.275630859375 0.1198154296875 0.2892666015625 0.1218154296875 0.2965400390625 0.1258154296875 0.304357421875 0.1279970703125 0.31617578125 0.1258154296875 0.3154482421875 0.122361328125 0.3092666015625 0.119998046875 0.3032666015625 0.1189072265625 0.2985390625 0.116724609375 0.295630859375 0.1150888671875 0.2978125 0.114724609375 0.299994140625 0.1152705078125 0.305994140625 0.1218154296875 0.3198115234375 0.1261796875 0.3265390625 0.121998046875 0.3259931640625 0.124361328125 0.330720703125 0.1281796875 0.337265625 0.1216337890625 0.337265625 0.116361328125 0.328720703125 0.111998046875 0.32290234375 0.110724609375 0.3156298828125 0.1089072265625 0.3125390625 0.10781640625 0.3049033203125 0.1052705078125 0.3029033203125 0.106361328125 0.291994140625 0.106361328125 0.28144921875 0.106361328125 0.2765400390625 0.1070888671875 0.2707216796875 0.10454296875 0.2699951171875 0.1014521484375 0.27144921875 0.0990888671875 0.2769033203125 0.098361328125 0.2818125 0.0985439453125 0.2867216796875 0.1005439453125 0.2952666015625 0.100361328125 0.303994140625 0.0972705078125 0.3009033203125 0.0941796875 0.297994140625 0.09181640625 0.297994140625 0.0907255859375 0.2987216796875 0.0901796875 0.3036298828125 0.092361328125 0.31217578125 0.096361328125 0.31817578125 0.10381640625 0.3258115234375 0.107998046875 0.3285390625 0.112724609375 0.33490234375 0.1092705078125 0.3379931640625 0.1054521484375 0.3356298828125 0.099998046875 0.3332666015625 0.098361328125 0.336357421875 0.1001796875 0.340720703125 0.1047255859375 0.342720703125 0.118724609375 0.3501748046875 0.1181796875 0.354720703125 0.1134521484375 0.3558115234375 0.11054296875 0.3587197265625 0.1129072265625 0.36562890625 0.1136337890625 0.3729013671875 0.114361328125 0.377265625 0.115998046875 0.387810546875 0.1136337890625 0.38962890625 0.1112705078125 0.3867197265625 0.1056337890625 0.3927197265625 0.10381640625 0.3945380859375 0.1027255859375 0.3907197265625 0.106361328125 0.386173828125 0.1081796875 0.3830830078125 0.10654296875 0.3809013671875 0.1027255859375 0.382173828125 0.1010888671875 0.3830830078125 0.1005439453125 0.3770830078125 0.1021796875 0.371447265625 0.0985439453125 0.3661748046875 0.096361328125 0.3639931640625 0.0965439453125 0.3581748046875 0.1012705078125 0.3538115234375 0.102361328125 0.3505380859375 0.1007255859375 0.347083984375 0.0974521484375 0.3483564453125 0.093634765625 0.3525380859375 0.0929072265625 0.351447265625 0.0945439453125 0.3476298828125 0.0952705078125 0.345265625 0.093634765625 0.3385390625 0.093634765625 0.3314482421875 0.093634765625 0.3250849609375 0.0927255859375 0.32217578125 0.0887255859375 0.3225390625 0.0885439453125 0.3285390625 0.0883623046875 0.3338115234375 0.0885439453125 0.3379931640625 0.0890888671875 0.342720703125 0.0869072265625 0.342720703125 0.083998046875 0.3418115234375 0.0827255859375 0.34290234375 0.083634765625 0.3479931640625 0.0847255859375 0.351447265625 0.083453125 0.35690234375 0.07981640625 0.3647197265625 0.0822255859375 0.369548828125 0.0840830078125 0.3741943359375 0.0794375 0.3769814453125 0.0778115234375 0.3830205078125 0.077115234375 0.3860400390625 0.0715400390625 0.38139453125 0.0689853515625 0.37280078125 0.0668955078125 0.362580078125 0.0668955078125 0.35723828125 0.0699150390625 0.353521484375 0.0687529296875 0.3514306640625 0.068783203125 0.34173046875 0.066962890625 0.334451171875 0.0629599609375 0.3315400390625 0.064416015625 0.3217138671875 0.060048828125 0.3180751953125 0.056044921875 0.3238974609375 0.0564091796875 0.33736328125 0.0575009765625 0.3490087890625 0.05713671875 0.351919921875 0.051677734375 0.354103515625 0.04840234375 0.3621103515625 0.0498583984375 0.36793359375 0.055681640625 0.3773955078125 0.0596845703125 0.3813984375 0.0618681640625 0.391224609375 0.0567734375 0.393408203125 0.0509501953125 0.3875849609375 0.04403515625 0.38358203125 0.0411240234375 0.3864931640625 0.04403515625 0.3945 0.0531337890625 0.397775390625 0.057865234375 0.4003232421875 0.0476748046875 0.402142578125 0.040396484375 0.4094208984375 0.0443994140625 0.4221591796875 0.0487666015625 0.432712890625 0.0487666015625 0.441810546875 0.051677734375 0.4862099609375 0.0433076171875 0.478931640625 0.0367568359375 0.4705615234375 0.0334814453125 0.4574599609375 0.033845703125 0.445814453125 0.03275390625 0.437443359375 0.033556640625 0.4301044921875 0.03209765625 0.4239765625 0.0283037109375 0.4233935546875 0.0265537109375 0.428353515625 0.0250947265625 0.43769140625 0.0245107421875 0.442943359375 0.0201337890625 0.4438193359375 0.0195498046875 0.445861328125 0.0207177734375 0.45023828125 0.0253857421875 0.45403125 0.027720703125 0.457533203125 0.0288876953125 0.463953125 0.0294716796875 0.4689130859375 0.030638671875 0.47445703125 0.0332646484375 0.4770830078125 0.0326806640625 0.4823359375 0.03297265625 0.4858369140625 0.0376416015625 0.4870048828125 0.049896484375 0.49867578125 0.0554404296875 0.500134765625 0.07090625 0.508013671875 0.06886328125 0.5144326171875 0.06215234375 0.5144326171875 0.0542734375 0.5188095703125 0.0522314453125 0.5231865234375 0.0493134765625 0.5182265625 0.0487294921875 0.5135576171875 0.046978515625 0.5097646484375 0.0434775390625 0.5091806640625 0.041142578125 0.5091806640625 0.0376416015625 0.5039287109375 0.0361826171875 0.498384765625 0.03297265625 0.4960498046875 0.032388671875 0.5004267578125 0.032388671875 0.5056796875 0.033556640625 0.510931640625 0.035015625 0.5185185546875 0.0355986328125 0.5217275390625 0.040267578125 0.52785546875 0.043185546875 0.531357421875 0.046103515625 0.5325244140625 0.05135546875 0.535150390625 0.0589423828125 0.540111328125 0.0662373046875 0.543904296875 0.0700302734375 0.547697265625 0.0714892578125 0.5552841796875 0.0633193359375 0.5514912109375 0.0566083984375 0.54828125 0.0493134765625 0.54915625 0.0493134765625 0.5514912109375 0.0507724609375 0.5605361328125 0.0531064453125 0.5698740234375 0.054857421875 0.576876953125 0.0566083984375 0.5838798828125 0.0522314453125 0.584755859375 0.0493134765625 0.584171875 0.044060546875 0.58796484375 0.042310546875 0.589423828125 0.039392578125 0.585630859375 0.036474609375 0.5809619140625 0.033556640625 0.5795029296875 0.0294716796875 0.5809619140625 0.028595703125 0.5838798828125 0.0294716796875 0.5888408203125 0.0288876953125 0.597302734375 0.0280126953125 0.611892578125 0.0280126953125 0.6200625 0.0291796875 0.63465234375 0.0332646484375 0.6445732421875 0.036765625 0.657412109375 0.0291796875 0.6527431640625 0.024802734375 0.6480751953125 0.022759765625 0.639904296875 0.019841796875 0.636111328125 0.0163408203125 0.6314423828125 0.014005859375 0.6247314453125 0.00962890625 0.6191875 0.00875390625 0.6232724609375 0.0084619140625 0.62794140625 0.0084619140625 0.6314423828125 0.0113798828125 0.6381533203125 0.0142978515625 0.6445732421875 0.0175078125 0.6524521484375 0.019841796875 0.6585791015625 0.0259697265625 0.6609140625 0.036474609375 0.664123046875 0.0434775390625 0.67141796875 0.0414345703125 0.6790048828125 0.03880859375 0.6819228515625 0.034431640625 0.6906767578125 0.03297265625 0.7111025390625 0.035015625 0.7192724609375 0.035890625 0.7303603515625 0.0370576171875 0.73853125 0.039392578125 0.7420322265625 0.038224609375 0.753412109375 0.0385166015625 0.7843427734375 0.0405595703125 0.808853515625 0.04464453125 0.8094365234375 0.048146484375 0.84328515625 0.046978515625 0.8677958984375 0.086955078125 0.875673828125 0.160486328125 0.88501171875 0.240146484375 0.89084765625 0.255611328125 0.89172265625 0.254736328125 0.8753828125 0.27078515625 0.88588671875 0.2830400390625 0.893765625 0.425484375 0.9011904296875 0.56857421875 0.9024130859375 0.6301962890625 0.900189453125 0.7064296875 0.8976484375 0.7816484375 0.8934658203125 0.858779296875 0.886140625 0.877091796875 0.885494140625 0.879892578125 0.894974609375 0.92362890625 0.8904501953125 0.9412958984375 0.8885107421875 0.946466796875 0.888080078125 0.94711328125 0.8788154296875 0.9851640625 0.8619716796875 0.999712890625 0.8585703125 0.9993349609375 0.760318359375 0.957578125 0.7584287109375 0.9228115234375 0.7561611328125 0.8969267578125 0.7557841796875 0.8768984375 0.757484375 0.8653720703125 0.75805078125 0.8553583984375 0.7576728515625 0.8493115234375 0.7535166015625 0.849123046875 0.748603515625 0.85290234375 0.74066796875 0.856302734375 0.7287646484375 0.8583818359375 0.7132705078125 0.8627275390625 0.70495703125 0.869087890625 0.70034375 0.8760302734375 0.6888623046875 0.8821708984375 0.66483203125 0.8851083984375 0.644005859375 0.8859091796875 0.636796875 0.9086044921875 0.6114326171875 0.9294306640625 0.5849990234375 0.9371728515625 0.5777900390625 0.9545283203125 0.5649736328125 0.9726845703125 0.5470849609375 0.981228515625 0.5337353515625 0.977490234375 0.5246572265625 0.97401953125 0.5273271484375 0.9662763671875 0.5398759765625 0.9507900390625 0.5572314453125 0.94064453125 0.5633720703125 0.93770703125 0.5593671875 0.934236328125 0.5561630859375 0.9275615234375 0.5558955078125 0.9227548828125 0.5641728515625 0.9120751953125 0.5716494140625 0.90887109375 0.57084765625 0.9147451171875 0.5599013671875 0.919818359375 0.5428125 0.925958984375 0.5217197265625 0.9310322265625 0.5078359375 0.9374404296875 0.496087890625 0.9382412109375 0.488611328125 0.9374404296875 0.4800673828125 0.930765625 0.4803349609375 0.92702734375 0.483271484375 0.9275615234375 0.491548828125 0.9238232421875 0.5016943359375 0.915279296875 0.5174482421875 0.912341796875 0.533201171875 0.909138671875 0.535603515625 0.9056669921875 0.534001953125 0.9003271484375 0.5372060546875 0.8976572265625 0.5417451171875 0.9011279296875 0.5289287109375 0.90726953125 0.5171806640625 0.9131435546875 0.5102392578125 0.9155458984375 0.500359375 0.9131435546875 0.4896796875 0.9083369140625 0.4920830078125 0.9086044921875 0.4875439453125 0.9086044921875 0.4792666015625 0.9056669921875 0.4765966796875 0.901662109375 0.4784658203125 0.9021962890625 0.5027626953125 0.8976572265625 0.5081025390625 0.896322265625 0.49795703125 0.8939189453125 0.495287109375 0.888845703125 0.4974228515625 0.8848408203125 0.50703515625 0.885642578125 0.4822041015625 0.8848408203125 0.472591796875 0.8837734375 0.4667177734375 0.881904296875 0.464314453125 0.876296875 0.4664501953125 0.8741611328125 0.47232421875 0.8752294921875 0.49955859375 0.87095703125 0.49955859375 0.865349609375 0.4984912109375 0.8613447265625 0.5048984375 0.8608115234375 0.50703515625 0.860009765625 0.51611328125 0.8544033203125 0.526525390625 0.8506650390625 0.53747265625 0.8474609375 0.537740234375 0.8487958984375 0.524923828125 0.8487958984375 0.5091708984375 0.84666015625 0.496888671875 0.841052734375 0.49955859375 0.843189453125 0.4883447265625 0.8487958984375 0.4747275390625 0.8495966796875 0.459775390625 0.850130859375 0.443755859375 0.845591796875 0.4421533203125 0.844791015625 0.4472265625 0.84212109375 0.4613779296875 0.8378486328125 0.4749951171875 0.835712890625 0.4803349609375 0.8327763671875 0.4936845703125 0.831974609375 0.5046318359375 0.8306396484375 0.515044921875 0.8231640625 0.531064453125 0.8183583984375 0.5462841796875 0.8114599609375 0.557021484375 0.809119140625 0.540638671875 0.8004267578125 0.5359580078125 0.7954111328125 0.5265966796875 0.7974169921875 0.5105478515625 0.8004267578125 0.4908212890625 0.8004267578125 0.4801220703125 0.797751953125 0.47209765625 0.7920673828125 0.4677509765625 0.7903955078125 0.4727666015625 0.7903955078125 0.4821279296875 0.7860498046875 0.49015234375 0.78237109375 0.4965048828125 0.7776904296875 0.5015205078125 0.773009765625 0.5068701171875 0.7706689453125 0.5155625 0.763982421875 0.519240234375 0.759970703125 0.513890625 0.7572958984375 0.5008515625 0.762310546875 0.493830078125 0.77267578125 0.486140625 0.7790283203125 0.47711328125 0.7830400390625 0.468419921875 0.791064453125 0.459392578125 0.7900615234375 0.454376953125 0.78571484375 0.4527060546875 0.7776904296875 0.4600615234375 0.763982421875 0.4761103515625 0.7706689453125 0.4603955078125 0.7736787109375 0.45069921875 0.77334375 0.4473564453125 0.769666015625 0.445349609375 0.763982421875 0.445015625 0.760638671875 0.4480244140625 0.7609736328125 0.4547119140625 0.7559580078125 0.4647421875 0.753283203125 0.47711328125 0.7465966796875 0.4797880859375 0.7415810546875 0.475775390625 0.7329560546875 0.4808603515625 0.73568359375 0.4938896484375 0.7323505859375 0.5075244140625 0.72719921875 0.4981318359375 0.7232607421875 0.49025390625 0.722048828125 0.4826787109375 0.7235634765625 0.475103515625 0.7259873046875 0.4602568359375 0.719927734375 0.459650390625 0.7150791015625 0.4608623046875 0.7129580078125 0.469953125 0.7120498046875 0.476619140625 0.71326171875 0.4844970703125 0.7190185546875 0.4960107421875 0.72023046875 0.510857421875 0.7196240234375 0.5335830078125 0.718109375 0.54630859375 0.71174609375 0.5563076171875 0.705080078125 0.5638828125 0.7029599609375 0.5538837890625 0.7014443359375 0.54206640625 0.7035654296875 0.535400390625 0.7081103515625 0.5272197265625 0.709322265625 0.517826171875 0.7014443359375 0.512373046875 0.6972021484375 0.5105546875 0.693263671875 0.51328125 0.6899306640625 0.5202509765625 0.687203125 0.5120693359375 0.679931640625 0.4984345703125 0.6811435546875 0.48601171875 0.679931640625 0.475103515625 0.6829619140625 0.4657109375 0.682658203125 0.455408203125 0.6784169921875 0.452681640625 0.673568359375 0.4563173828125 0.6686708984375 0.4669814453125 0.66380078125 0.467267578125 0.661794921875 0.463830078125 0.6546328125 0.4629697265625 0.6520546875 0.4701328125 0.6494755859375 0.4775810546875 0.650908203125 0.4847431640625 0.6540595703125 0.4967763671875 0.645751953125 0.499927734375 0.6443193359375 0.5199814453125 0.64116796875 0.511673828125 0.63944921875 0.499640625 0.635724609375 0.48875390625 0.6371572265625 0.477294921875 0.6371572265625 0.470705078125 0.634578125 0.46526171875 0.629421875 0.4669814453125 0.6285625 0.4721376953125 0.6285625 0.4893271484375 0.6288486328125 0.50365234375 0.6242646484375 0.5145390625 0.6259833984375 0.5214140625 0.629421875 0.52628515625 0.634865234375 0.5357392578125 0.634578125 0.545193359375 0.6259833984375 0.5437607421875 0.6188212890625 0.5466259765625 0.6133779296875 0.560376953125 0.6087958984375 0.55215234375 0.6023935546875 0.5585556640625 0.596974609375 0.56249609375 0.5900791015625 0.5536298828125 0.5851533203125 0.5472275390625 0.5792431640625 0.5477197265625 0.5792431640625 0.5551083984375 0.580720703125 0.5605263671875 0.58318359375 0.5679140625 0.5930341796875 0.58318359375 0.5989453125 0.5900791015625 0.6132294921875 0.6058408203125 0.62505078125 0.6191396484375 0.6314541015625 0.6373642578125 0.6413046875 0.6516484375 0.6472158203125 0.6575595703125 0.672828125 0.675291015625 0.6718427734375 0.6836640625 0.662484375 0.6816943359375 0.6482001953125 0.67775390625 0.6344091796875 0.675783203125 0.6319462890625 0.6718427734375 0.63046875 0.6639619140625 0.6245576171875 0.654111328125 0.622587890625 0.6482001953125 0.6191396484375 0.643767578125 0.6107666015625 0.6477080078125 0.60485546875 0.6550966796875 0.601408203125 0.660021484375 0.601408203125 0.6659326171875 0.606826171875 0.672828125 0.6137216796875 0.67824609375 0.620125 0.6812021484375 0.6309609375 0.686126953125 0.638841796875 0.68858984375 0.654603515625 0.691544921875 0.6723359375 0.696470703125 0.68809765625 0.7043515625 0.6999189453125 0.717158203125 0.7048447265625 0.723068359375 0.712232421875 0.7343974609375 0.71962109375 0.7452333984375 0.7250390625 0.7506513671875 0.5950048828125 0.7417861328125 0.5221064453125 0.74030859375 0.351578125 0.7382578125 0.364392578125 0.724328125 0.3666220703125 0.709841796875 0.3621640625 0.7064990234375 0.346005859375 0.717642578125 0.3359765625 0.722099609375 0.3393203125 0.7131845703125 0.3265048828125 0.709841796875 0.323162109375 0.70761328125 0.31758984375 0.7003701171875 0.303103515625 0.695912109375 0.2886171875 0.702041015625 0.2746875 0.7025986328125 0.2507294921875 0.7025986328125 0.2880595703125 0.6780830078125 0.3103466796875 0.6647109375 0.3114609375 0.65858203125 0.3164755859375 0.6513388671875 0.335419921875 0.64632421875 0.3543642578125 0.6385234375 0.3900234375 0.60787890625 0.3877939453125 0.5989638671875 0.3749794921875 0.59562109375 0.3688505859375 0.5878203125 0.3710791015625 0.571662109375 0.3833369140625 0.5499326171875 0.390580078125 0.536560546875 0.3788798828125 0.5254169921875 0.3649501953125 0.5298740234375 0.373865234375 0.51873046875 0.3755361328125 0.512044921875 0.3627216796875 0.512044921875 0.35770703125 0.5075869140625 0.3638359375 0.498115234375 0.3727509765625 0.4880859375 0.3749794921875 0.4775 0.3749794921875 0.4663564453125 0.372193359375 0.45911328125 0.3510205078125 0.4607841796875 0.353806640625 0.441283203125 0.355478515625 0.426796875 0.352134765625 0.4156533203125 0.341548828125 0.4117529296875 0.3320771484375 0.4201103515625 0.3220478515625 0.4323681640625 0.3142470703125 0.447412109375 0.29474609375 0.4546552734375 0.28081640625 0.447412109375 0.29307421875 0.4295830078125 0.2958603515625 0.4095244140625 0.300875 0.392251953125 0.300875 0.359935546875 0.2936318359375 0.3510205078125 0.284716796875 0.3393203125 0.28081640625 0.3304052734375 0.2752451171875 0.3148046875 0.27023046875 0.2997607421875 0.2535146484375 0.302546875 0.235685546875 0.321490234375 0.227884765625 0.330962890625 0.2261201171875 0.3118701171875 0.2358115234375 0.2845595703125 0.2425654296875 0.2713447265625
6 0.0363720703125 1 0.026087890625 0.9865615234375 0.0255859375 0.9787861328125 0.0280947265625 0.97401953125 0.033111328125 0.9677490234375 0.0306025390625 0.8804560546875 0.0283447265625 0.8771943359375 0.0251611328125 0.8688828125 0.028716796875 0.864234375 0.0333623046875 0.86214453125 0.0411376953125 0.8596357421875 0.041890625 0.8448359375 0.044900390625 0.8438330078125 0.043646484375 0.80996875 0.03837890625 0.8084638671875 0.0358701171875 0.8119755859375 0.03386328125 0.814484375 0.0293486328125 0.811474609375 0.0258369140625 0.80871484375 0.012291015625 0.8054541015625 0 0.8062060546875 0 1 0.0363720703125 1
9 0.992712890625 0.75921484375 0.9919189453125 0.7320361328125 0.9496630859375 0.7286640625 0.942521484375 0.7284658203125 0.9419267578125 0.7564375 0.992712890625 0.75921484375
9 0.640837890625 0.8579990234375 0.636046875 0.7052412109375 0.54290234375 0.7158857421875 0.543966796875 0.859595703125 0.640837890625 0.8579990234375
9 0.3747529296875 0.829279296875 0.370578125 0.730025390625 0.3033271484375 0.73280859375 0.3084287109375 0.83020703125 0.3747529296875 0.829279296875
9 0.8236337890625 0.81233203125 0.82410546875 0.7157939453125 0.7577060546875 0.709671875 0.761001953125 0.81233203125 0.8236337890625 0.81233203125
3 0.0427568359375 0.860625 0.02840234375 0.866427734375 0.0280966796875 0.8740625 0.0320673828125 0.8810869140625 0.0345107421875 0.9684326171875 0.0287080078125 0.97912109375 0.026875 0.9861455078125 0.0372587890625 0.9995830078125 0.887271484375 0.999876953125 0.9103349609375 0.9913974609375 0.9106748046875 0.958158203125 0.91576171875 0.942556640625 0.917796875 0.9262763671875 0.9401826171875 0.9004990234375 0.944591796875 0.89032421875 0.9484404296875 0.8791904296875 0.95218359375 0.8756806640625 0.9840009765625 0.8609423828125 0.9966337890625 0.85673046875 0.9598193359375 0.857822265625 0.900974609375 0.8679560546875 0.88037890625 0.868283203125 0.87416796875 0.8669755859375 0.873513671875 0.856841796875 0.8512841796875 0.8565146484375 0.770466796875 0.8627255859375 0.659537109375 0.868765625 0.5343291015625 0.870962890625 0.3965205078125 0.8676494140625 0.31043359375 0.862953125 0.244515625 0.8604580078125 0.155677734375 0.853689453125 0.0840927734375 0.84696484375 0.0497802734375 0.842912109375 0.0445888671875 0.844744140625 0.0427568359375 0.860625
9 0.433490234375 0.0891826171875 0.4337666015625 0.0582587890625 0.4174755859375 0.065990234375 0.410296875 0.0701318359375 0.4105732421875 0.1027119140625 0.433490234375 0.0891826171875
9 0.5476630859375 0.034228515625 0.548224609375 0.0028056640625 0.521009765625 0.0131865234375 0.5215712890625 0.04657421875 0.5476630859375 0.034228515625
9 0.8268447265625 0.0719150390625 0.8259462890625 0.0541162109375 0.81084375 0.0438681640625 0.8115634765625 0.059869140625 0.8268447265625 0.0719150390625
9 0.89909375 0.1334365234375 0.898755859375 0.1178974609375 0.8879453125 0.111140625 0.8881142578125 0.1239775390625 0.89909375 0.1334365234375
9 0.95898046875 0.1857470703125 0.95898046875 0.1727666015625 0.9502841796875 0.1664072265625 0.94989453125 0.17821875 0.95898046875 0.1857470703125
2 1 0.187134765625 0.972365234375 0.1948232421875 0.96901953125 0.1673271484375 0.9718818359375 0.166005859375 0.9740849609375 0.1616015625 0.947751953125 0.1362763671875 0.9191201171875 0.1439833984375 0.9164775390625 0.14178125 0.9109716796875 0.1389189453125 0.908548828125 0.1155751953125 0.91069921875 0.113728515625 0.9153369140625 0.10822265625 0.882296875 0.078083984375 0.8476572265625 0.0882265625 0.839251953125 0.0806923828125 0.8380927734375 0.053451171875 0.8456279296875 0.0447578125 0.805052734375 0.0105625 0.7688251953125 0.0241826171875 0.7369443359375 0 0.49909375 0.0009990234375 0.5069189453125 0.011431640625 0.5060498046875 0.0520029296875 0.492427734375 0.0583779296875 0.444896484375 0.031716796875 0.39041015625 0.0602861328125 0.3933076171875 0.06608203125 0.4005537109375 0.06926953125 0.3947568359375 0.1112900390625 0.32201171875 0.151861328125 0.318244140625 0.1501220703125 0.31331640625 0.15446875 0.2750595703125 0.178232421875 0.2579599609375 0.18373828125 0.255931640625 0.1915625 0.2472998046875 0.1977587890625 0.2523544921875 0.201029296875 0.27737890625 0.2121376953125 0.2681044921875 0.2292353515625 0.2690263671875 0.2364677734375 0.267435546875 0.2421923828125 0.24994140625 0.260638671875 0.2364755859375 0.2854365234375 0.227357421875 0.3116220703125 0.2286298828125 0.32816015625 0.252591796875 0.3018681640625 0.270943359375 0.2986416015625 0.281015625 0.328431640625 0.285787109375 0.33871484375 0.3020087890625 0.3595869140625 0.3020087890625 0.392619140625 0.296919921875 0.4091572265625 0.29426953125 0.429998046875 0.282818359375 0.44706640625 0.2951171875 0.45321484375 0.3130361328125 0.44632421875 0.3209873046875 0.4312705078125 0.329576171875 0.420880859375 0.34123828125 0.410703125 0.352794921875 0.4146259765625 0.3569306640625 0.42660546875 0.3525830078125 0.45942578125 0.372728515625 0.458154296875 0.375697265625 0.46610546875 0.376439453125 0.475646484375 0.374 0.488642578125 0.36424609375 0.49966796875 0.359369140625 0.50740625 0.36350390625 0.5111796875 0.37612109375 0.5107548828125 0.3763330078125 0.5171162109375 0.3693349609375 0.526869140625 0.3793017578125 0.5244306640625 0.39170703125 0.536896484375 0.371986328125 0.5718818359375 0.37018359375 0.587982421875 0.375484375 0.594767578125 0.38873828125 0.5980537109375 0.3910703125 0.608337890625 0.355458984375 0.6395673828125 0.3365869140625 0.6469892578125 0.3168662109375 0.65292578125 0.312201171875 0.65907421875 0.3112470703125 0.6653916015625 0.2533564453125 0.70181640625 0.2880849609375 0.7011806640625 0.301974609375 0.695349609375 0.317666015625 0.699271484375 0.323728515625 0.70648046875 0.3277568359375 0.7092373046875 0.3403740234375 0.71316015625 0.337087890625 0.7210048828125 0.3462060546875 0.716234375 0.362427734375 0.705314453125 0.367623046875 0.709130859375 0.3656083984375 0.7245341796875 0.354263671875 0.737255859375 0.4455126953125 0.738740234375 0.5936455078125 0.7408603515625 0.7222646484375 0.7498720703125 0.7192958984375 0.746373046875 0.7022255859375 0.72156640625 0.687912109375 0.705146484375 0.671314453125 0.697451171875 0.6529716796875 0.6926806640625 0.633462890625 0.688333984375 0.6078046875 0.6756123046875 0.6004892578125 0.666919921875 0.6004892578125 0.65907421875 0.6095009765625 0.6468828125 0.6189375 0.64232421875 0.6234970703125 0.647306640625 0.6250869140625 0.65218359375 0.631873046875 0.6637392578125 0.632720703125 0.671583984375 0.635265625 0.674552734375 0.646822265625 0.6763544921875 0.6582734375 0.6793232421875 0.6711025390625 0.6827158203125 0.672162109375 0.675869140625 0.644595703125 0.6572099609375 0.630388671875 0.63833984375 0.6240263671875 0.6193759765625 0.588826171875 0.579240234375 0.5831005859375 0.57118359375 0.57875390625 0.557083984375 0.577693359375 0.5467998046875 0.5849033203125 0.5461640625 0.596990234375 0.560263671875 0.6090302734375 0.55072265625 0.612953125 0.5581435546875 0.6180419921875 0.54602734375 0.6255703125 0.5425283203125 0.633521484375 0.54390625 0.6336279296875 0.5368037109375 0.6232373046875 0.5132685546875 0.627796875 0.5098759765625 0.6281142578125 0.467271484375 0.63458203125 0.46387890625 0.6381875 0.470345703125 0.6383994140625 0.477236328125 0.63680859375 0.48900390625 0.64051953125 0.4985458984375 0.641685546875 0.5088291015625 0.643169921875 0.5154013671875 0.6443369140625 0.50034765625 0.652818359375 0.4957890625 0.648259765625 0.477130859375 0.6540908203125 0.4618642578125 0.6625732421875 0.46313671875 0.6644814453125 0.4663173828125 0.668404296875 0.4655751953125 0.67243359375 0.45709375 0.6781591796875 0.4511572265625 0.6834599609375 0.4549736328125 0.6842021484375 0.4648330078125 0.6809150390625 0.475328125 0.682505859375 0.4852939453125 0.68059765625 0.4983330078125 0.6878037109375 0.510798828125 0.6900302734375 0.517478515625 0.6925751953125 0.51270703125 0.6967099609375 0.509208984375 0.69830078125 0.50952734375 0.709962890625 0.51641796875 0.7093271484375 0.527443359375 0.7049794921875 0.534970703125 0.7026474609375 0.541923828125 0.7057216796875 0.561642578125 0.709962890625 0.5562353515625 0.717384765625 0.544830078125 0.71780859375 0.4965 0.712083984375 0.4848388671875 0.710599609375 0.475615234375 0.7138857421875 0.461197265625 0.7197177734375 0.4586533203125 0.7271396484375 0.4587587890625 0.723322265625 0.4822939453125 0.72448828125 0.490033203125 0.7318046875 0.5046630859375 0.7346669921875 0.4939560546875 0.7323349609375 0.4796435546875 0.7402861328125 0.474767578125 0.7462236328125 0.478689453125 0.75120703125 0.4772060546875 0.7525888671875 0.4757216796875 0.7540732421875 0.4678759765625 0.76022265625 0.4537763671875 0.7595859375 0.448263671875 0.7638271484375 0.44412890625 0.7699765625 0.4443408203125 0.77432421875 0.4464609375 0.7742177734375 0.451974609375 0.77061328125 0.46162109375 0.7675380859375 0.47148046875 0.7745361328125 0.461515625 0.785138671875 0.451337890625 0.79139453125 0.4537763671875 0.791818359375 0.4602431640625 0.7831240234375 0.4694228515625 0.78026171875 0.4770556640625 0.7733701171875 0.487126953125 0.762873046875 0.4944423828125 0.758419921875 0.5010146484375 0.7592685546875 0.5056796875 0.7607529296875 0.5134189453125 0.764357421875 0.5177646484375 0.7697646484375 0.514796875 0.77209765625 0.506103515625 0.7812158203125 0.4958203125 0.78933203125 0.4815517578125 0.7891201171875 0.4736015625 0.791876953125 0.4658623046875 0.798556640625 0.4708447265625 0.8017373046875 0.4811279296875 0.8014189453125 0.4899140625 0.7965419921875 0.5264453125 0.801525390625 0.5356689453125 0.8099013671875 0.540015625 0.8121279296875 0.5543818359375 0.817853515625 0.5447783203125 0.820822265625 0.5346015625 0.82941015625 0.514140625 0.833658203125 0.4841513671875 0.8413974609375 0.459630859375 0.844896484375 0.441078125 0.8510458984375 0.44319921875 0.8497734375 0.474111328125 0.8443662109375 0.4882109375 0.8423515625 0.497845703125 0.8472294921875 0.495619140625 0.8494560546875 0.50887109375 0.8480771484375 0.535904296875 0.8501982421875 0.53622265625 0.85857421875 0.5163359375 0.8602705078125 0.503826171875 0.8651474609375 0.4975712890625 0.8734169921875 0.49884375 0.874265625 0.497359375 0.873099609375 0.4725517578125 0.8756435546875 0.4660849609375 0.8816875 0.4630107421875 0.884337890625 0.4664033203125 0.8853984375 0.4710673828125 0.886458984375 0.484955078125 0.8859287109375 0.500009765625 0.888685546875 0.49672265625 0.89441015625 0.4941787109375 0.896955078125 0.497041015625 0.8982275390625 0.5056279296875 0.900984375 0.5025537109375 0.9008779296875 0.477640625 0.905119140625 0.475837890625 0.909677734375 0.4787001953125 0.9091484375 0.490150390625 0.9106328125 0.488984375 0.91296484375 0.488771484375 0.91667578125 0.4999658203125 0.914025390625 0.511203125 0.90851171875 0.5177763671875 0.904228515625 0.525982421875 0.9010927734375 0.535650390625 0.9071025390625 0.5327763671875 0.909193359375 0.53434375 0.9112841796875 0.53225390625 0.9136357421875 0.516576171875 0.9253955078125 0.492275390625 0.9240888671875 0.4820849609375 0.9293154296875 0.4792109375 0.9397685546875 0.477642578125 0.9408134765625 0.494888671875 0.93114453125 0.5170986328125 0.91311328125 0.56857421875 0.9201689453125 0.562041015625 0.927224609375 0.55394140625 0.93637109375 0.5542021484375 0.9421201171875 0.559951171875 0.950220703125 0.554986328125 0.97008203125 0.5270283203125 0.9773984375 0.5207568359375 0.983931640625 0.5304248046875 0.9768759765625 0.54688671875 0.96198046875 0.5628251953125 0.9345419921875 0.58268359375 0.8890712890625 0.6403984375 0.8755703125 0.69982421875 0.865947265625 0.70819140625 0.85590625 0.747515625 0.8584169921875 0.755044921875 0.8923056640625 0.7537900390625 1 0.75713671875 1 0.187134765625