2 1 0.15213671875 0.9741669921875 0.1496826171875 0.970240234375 0.132505859375 0.9746572265625 0.1182744140625 0.973185546875 0.1094404296875 0.8479521484375 0.110140625 0.83434375 0.1467119140625 0.8305166015625 0.124173828125 0.83094140625 0.1203466796875 0.8271142578125 0.114818359375 0.80925390625 0.1169443359375 0.8050009765625 0.1326787109375 0.8067021484375 0.1339541015625 0.80925390625 0.1433095703125 0.8050009765625 0.1403330078125 0.79054296875 0.1420341796875 0.801599609375 0.101634765625 0.710091796875 0.100318359375 0.6732978515625 0.099060546875 0.665435546875 0.1399423828125 0.631189453125 0.1408984375 0.6254853515625 0.1009677734375 0.6246298828125 0.078150390625 0.595822265625 0.080146484375 0.5954560546875 0.0935009765625 0.4707763671875 0.0988701171875 0.471234375 0.0846806640625 0.409462890625 0.0871982421875 0.4073623046875 0.0675 0.407625 0.063822265625 0.40788671875 0.0596201171875 0.4055234375 0.0556806640625 0.402634765625 0.053841796875 0.4002705078125 0.056994140625 0.39344140625 0.059357421875 0.3689248046875 0.060884765625 0.3228095703125 0.06359765625 0.3182880859375 0.060884765625 0.313767578125 0.0605830078125 0.3107529296875 0.064501953125 0.3107529296875 0.0690224609375 0.31286328125 0.07143359375 0.3172197265625 0.0919091796875 0.2529541015625 0.097263671875 0.23370703125 0.0989814453125 0.23370703125 0.1027626953125 0.2388623046875 0.1137607421875 0.115822265625 0.1237275390625 0.115478515625 0.1257890625 0.1213212890625 0.138849609375 0.1343818359375 0.16875 0.0797353515625 0.180435546875 0 0.202775390625 0 0.9030146484375 0.1583486328125 0.9112392578125 0.1576708984375 0.9602568359375 0.2396689453125 0.9640966796875 0.3380830078125 0.9653515625 0.3392294921875 0.9580927734375 0.352599609375 0.960767578125 0.3523349609375 0.999912109375 0.49880859375 0.999916015625 0.4981513671875 0.9841533203125 0.5534169921875 0.9828515625 0.5512421875 0.9620322265625 0.558388671875 0.9564384765625 0.5605634765625 0.930958984375 0.649708984375 0.926771484375 0.6529404296875 0.9577353515625 0.6720576171875 0.9714677734375 0.6680185546875 0.99273828125 0.681763671875 0.9925087890625 0.680134765625 0.9330478515625 0.71133203125 0.9238779296875 0.9873359375 0.89205078125 1 0.8970419921875 1 0.15213671875
9 0.386865234375 0.248 0.3833447265625 0.1595966796875 0.3246689453125 0.1631171875 0.3246689453125 0.2515205078125 0.386865234375 0.248
9 0.19456640625 0.1913642578125 0.196783203125 0.1549140625 0.152697265625 0.157130859375 0.150234375 0.1943203125 0.19456640625 0.1913642578125
9 0.2532392578125 0.18765234375 0.2520244140625 0.14878515625 0.2066806640625 0.1522265625 0.20587109375 0.190486328125 0.2532392578125 0.18765234375
9 0.0706435546875 0.2635419921875 0.0625908203125 0.34223828125 0.1295419921875 0.3388876953125 0.1361630859375 0.2584169921875 0.0706435546875 0.2635419921875
9 0.1163974609375 0.4857216796875 0.1189599609375 0.404462890625 0.0623671875 0.404859375 0.0576103515625 0.486783203125 0.1163974609375 0.4857216796875
9 0.388427734375 0.3901787109375 0.3862373046875 0.2942763671875 0.3253681640625 0.297779296875 0.3240546875 0.392806640625 0.388427734375 0.3901787109375
9 0.3906171875 0.55351953125 0.3859697265625 0.4425732421875 0.322681640625 0.446138671875 0.3214267578125 0.5539580078125 0.3906171875 0.55351953125
9 0.3917646484375 0.725142578125 0.3873076171875 0.606142578125 0.3186708984375 0.60792578125 0.3191162109375 0.7260341796875 0.3917646484375 0.725142578125
9 0.38864453125 0.875787109375 0.3877529296875 0.7924423828125 0.3164423828125 0.7955625 0.3173330078125 0.87355859375 0.38864453125 0.875787109375
9 0.2349150390625 0.7788046875 0.2356943359375 0.736966796875 0.21750390625 0.736966796875 0.217244140625 0.7788046875 0.2349150390625 0.7788046875
0 0.2343154296875 0.81516796875 0.23346875 0.7985322265625 0.1469052734375 0.79825 0.1469052734375 0.8154501953125 0.2343154296875 0.81516796875
9 0.0987822265625 0.814748046875 0.10002734375 0.7172109375 0.0398447265625 0.7172109375 0.0356943359375 0.8122578125 0.0987822265625 0.814748046875
9 0.10625390625 0.6437470703125 0.108744140625 0.5561708984375 0.0535419921875 0.5570009765625 0.0493916015625 0.644162109375 0.10625390625 0.6437470703125
9 0.248791015625 0.3233173828125 0.2501767578125 0.291734375 0.234384765625 0.2922880859375 0.23272265625 0.3241494140625 0.248791015625 0.3233173828125
0 0.25073046875 0.3258115234375 0.2501767578125 0.3122353515625 0.1706630859375 0.31722265625 0.170109375 0.3294130859375 0.25073046875 0.3258115234375
9 0.2422890625 0.4629453125 0.2438828125 0.4287880859375 0.2268046875 0.4299267578125 0.226576171875 0.4627177734375 0.2422890625 0.4629453125
0 0.242744140625 0.4759248046875 0.242744140625 0.4627177734375 0.16281640625 0.4645390625 0.162361328125 0.4784296875 0.242744140625 0.4759248046875
9 0.2381904296875 0.6148310546875 0.238873046875 0.5765751953125 0.221794921875 0.5772578125 0.22065625 0.6148310546875 0.2381904296875 0.6148310546875
0 0.2381904296875 0.6394248046875 0.2381904296875 0.6243955078125 0.1537080078125 0.6259892578125 0.1537080078125 0.640107421875 0.2381904296875 0.6394248046875
0 0.563216796875 0.8088486328125 0.5624404296875 0.793318359375 0.4731435546875 0.7946123046875 0.4731435546875 0.8116953125 0.563216796875 0.8088486328125
9 0.4723671875 0.7314580078125 0.47340234375 0.7731298828125 0.510416015625 0.77209375 0.5093798828125 0.73119921875 0.4723671875 0.7314580078125
9 0.46926171875 0.5668408203125 0.470296875 0.607736328125 0.506015625 0.606701171875 0.50498046875 0.566064453125 0.46926171875 0.5668408203125
0 0.558041015625 0.6312900390625 0.5575224609375 0.6149833984375 0.470814453125 0.618607421875 0.4705556640625 0.63413671875 0.558041015625 0.6312900390625
0 0.548650390625 0.462595703125 0.548033203125 0.448390625 0.465478515625 0.4506552734375 0.46568359375 0.465478515625 0.548650390625 0.462595703125
9 0.4648603515625 0.41709765625 0.4663017578125 0.45333203125 0.5006826171875 0.4531259765625 0.4996533203125 0.4166865234375 0.4648603515625 0.41709765625
9 0.4940947265625 0.3110732421875 0.4926533203125 0.27833984375 0.4603310546875 0.27833984375 0.461154296875 0.3118974609375 0.4940947265625 0.3110732421875
0 0.5403095703125 0.30989453125 0.5399453125 0.2980458984375 0.459919921875 0.2996865234375 0.4595546875 0.31317578125 0.5403095703125 0.30989453125
9 0.5105966796875 0.17262890625 0.5078623046875 0.133619140625 0.4633828125 0.1361708984375 0.4646591796875 0.17426953125 0.5105966796875 0.17262890625
9 0.5689296875 0.170259765625 0.5656484375 0.130337890625 0.5202578125 0.1323427734375 0.5229921875 0.17153515625 0.5689296875 0.170259765625
9 0.65196484375 0.3125595703125 0.64213671875 0.238734375 0.5855693359375 0.240171875 0.591322265625 0.3142373046875 0.65196484375 0.3125595703125
9 0.6661259765625 0.4645595703125 0.6581005859375 0.381216796875 0.598525390625 0.380908203125 0.6050166015625 0.46418359375 0.6661259765625 0.4645595703125
9 0.8187900390625 0.3099482421875 0.805642578125 0.2383359375 0.742142578125 0.2391748046875 0.75333203125 0.3099482421875 0.8187900390625 0.3099482421875
9 0.799208984375 0.377365234375 0.80955859375 0.4584892578125 0.8422880859375 0.4579296875 0.8299794921875 0.3768056640625 0.799208984375 0.377365234375
9 0.7689462890625 0.1670224609375 0.7638916015625 0.1341689453125 0.713119140625 0.1341689453125 0.71725390625 0.1681708984375 0.7689462890625 0.1670224609375
9 0.887708984375 0.1636015625 0.889501953125 0.1712216796875 0.9177392578125 0.1712216796875 0.91034375 0.13827734375 0.8711240234375 0.137380859375 0.878072265625 0.1636015625 0.887708984375 0.1636015625
9 0.9672685546875 0.1721181640625 0.9576318359375 0.139173828125 0.9215498046875 0.13894921875 0.9300654296875 0.17256640625 0.9672685546875 0.1721181640625
9 0.982732421875 0.309275390625 0.9665966796875 0.2389033203125 0.918412109375 0.2386796875 0.933427734375 0.3094990234375 0.982732421875 0.309275390625
9 1 0.3886943359375 0.9974453125 0.3753740234375 0.9473603515625 0.375107421875 0.962544921875 0.455564453125 1 0.454498046875 1 0.3886943359375
9 0.7813154296875 0.5324541015625 0.788888671875 0.6207177734375 0.8609619140625 0.6183671875 0.851822265625 0.52958203125 0.7813154296875 0.5324541015625
9 0.9997587890625 0.6105126953125 1 0.5231103515625 0.9721416015625 0.5240849609375 0.9825380859375 0.6114873046875 0.9997587890625 0.6105126953125
9 1 0.7779580078125 0.9999912109375 0.6840380859375 0.991337890625 0.6840380859375 0.999357421875 0.7779580078125 1 0.7779580078125
9 0.87184765625 0.789794921875 0.866359375 0.6962158203125 0.794298828125 0.6989833984375 0.80022265625 0.79363671875 0.87184765625 0.789794921875
9 0.6181728515625 0.7095244140625 0.6202421875 0.8073798828125 0.6867607421875 0.8041279296875 0.6829169921875 0.707455078125 0.6181728515625 0.7095244140625
9 0.679369140625 0.629111328125 0.6740478515625 0.5389423828125 0.6093037109375 0.541603515625 0.615216796875 0.6317724609375 0.679369140625 0.629111328125
9 0.6954169921875 0.9267734375 0.708580078125 0.9218369140625 0.9312451171875 0.898802734375 0.9312451171875 0.879607421875 0.6926748046875 0.90209375 0.6954169921875 0.9267734375
4 0.3521494140625 1 0.351673828125 0.961400390625 0.340552734375 0.9598857421875 0.3378671875 0.9668681640625 0.21593359375 0.9641826171875 0.0978984375 0.9585498046875 0.0974228515625 1 0.3521494140625 1
4 1 0.8982880859375 0.9858203125 0.894482421875 0.7129873046875 0.925583984375 0.6832802734375 0.933484375 0.680984375 0.936544921875 0.6825146484375 0.993931640625 0.666447265625 0.993166015625 0.6710380859375 0.9717421875 0.6633857421875 0.96562109375 0.6519091796875 0.9595 0.64961328125 0.9288935546875 0.646552734375 0.92812890625 0.56085546875 0.9319541015625 0.5593251953125 0.9572041015625 0.5532041015625 0.961794921875 0.554734375 0.9832197265625 0.4985 0.98593359375 0.499505859375 0.9990126953125 0.7117841796875 1 1 1 1 0.8982880859375
5 0 0.9886650390625 0.0959130859375 0.99377734375 0.097669921875 0.9566171875 0.1576787109375 0.9586259765625 0.1572509765625 0.91197265625 0 0.9046015625 0 0.9886650390625
8 0.135921875 1 0.1417724609375 0.750720703125 0.1516748046875 0.7426201171875 0.159326171875 0.7313681640625 0.1732783203125 0.7313681640625 0.18948046875 0.73091796875 0.2025322265625 0.72866796875 0.207033203125 0.72281640625 0.1858798828125 0.718765625 0.1993818359375 0.7138154296875 0.21828515625 0.7160654296875 0.2322373046875 0.7192158203125 0.2452900390625 0.7201162109375 0.2673427734375 0.715615234375 0.2610419921875 0.7138154296875 0.2425888671875 0.7088642578125 0.2340380859375 0.701212890625 0.2371884765625 0.688611328125 0.233587890625 0.679609375 0.2155849609375 0.6670078125 0.2290869140625 0.66115625 0.250240234375 0.6602568359375 0.2614921875 0.6553056640625 0.2691435546875 0.6472041015625 0.27364453125 0.6368525390625 0.250240234375 0.639103515625 0.2673427734375 0.63190234375 0.27589453125 0.6170498046875 0.2817451171875 0.614349609375 0.2979482421875 0.6093984375 0.3371044921875 0.595896484375 0.34385546875 0.5769931640625 0.3375546875 0.5823935546875 0.327203125 0.5891455078125 0.2979482421875 0.599947265625 0.301548828125 0.5963466796875 0.3073994140625 0.5769931640625 0.297498046875 0.58689453125 0.2866962890625 0.595896484375 0.3033486328125 0.5540390625 0.292546875 0.5657412109375 0.2826455078125 0.5778935546875 0.27589453125 0.58689453125 0.2619423828125 0.5904951171875 0.25744140625 0.5886953125 0.26554296875 0.5706923828125 0.264642578125 0.5607900390625 0.2673427734375 0.53963671875 0.2745439453125 0.522083984375 0.291197265625 0.4941796875 0.26959375 0.509482421875 0.2650927734375 0.511732421875 0.2614921875 0.50633203125 0.26554296875 0.4946298828125 0.2691435546875 0.4770771484375 0.2610419921875 0.4833779296875 0.253390625 0.48787890625 0.2466396484375 0.484728515625 0.231787109375 0.489228515625 0.237638671875 0.486078125 0.2466396484375 0.476626953125 0.24708984375 0.468525390625 0.23898828125 0.4604248046875 0.223236328125 0.44872265625 0.2313369140625 0.4482724609375 0.2412392578125 0.4419716796875 0.24933984375 0.437470703125 0.2457392578125 0.4361201171875 0.23898828125 0.4343203125 0.2340380859375 0.4275693359375 0.2331376953125 0.4163173828125 0.23898828125 0.4082158203125 0.2443896484375 0.3978642578125 0.251140625 0.38301171875 0.252041015625 0.36230859375 0.2380888671875 0.3951640625 0.2385380859375 0.3803115234375 0.2380888671875 0.3722099609375 0.22863671875 0.3794111328125 0.2290869140625 0.3708603515625 0.2169345703125 0.3681591796875 0.21828515625 0.355107421875 0.2164853515625 0.3353037109375 0.2106337890625 0.3524072265625 0.2002822265625 0.3564580078125 0.198931640625 0.34565625 0.1980322265625 0.3353037109375 0.1899306640625 0.3299033203125 0.19353125 0.3164013671875 0.198482421875 0.3105498046875 0.204783203125 0.30694921875 0.2052333984375 0.30244921875 0.192630859375 0.2988486328125 0.2020830078125 0.2898466796875 0.2052333984375 0.281294921875 0.2025322265625 0.2799453125 0.18948046875 0.28849609375 0.1845302734375 0.28849609375 0.1827294921875 0.2772451171875 0.1773291015625 0.2794951171875 0.167876953125 0.290296875 0.1647265625 0.3001982421875 0.1588759765625 0.3051494140625 0.1530244140625 0.3006484375 0.1458232421875 0.2916474609375 0.139072265625 0.2857958984375 0.1332216796875 0.283095703125 0.1314208984375 0.2916474609375 0.1341220703125 0.301548828125 0.1345712890625 0.3132509765625 0.132771484375 0.3330537109375 0.1386220703125 0.3474560546875 0.116119140625 0.3537568359375 0.1084677734375 0.35195703125 0.097666015625 0.344755859375 0.095865234375 0.3308037109375 0.094515625 0.30694921875 0.091814453125 0.295248046875 0.0859638671875 0.3082998046875 0.081462890625 0.3227021484375 0.075162109375 0.332603515625 0.0661611328125 0.3321533203125 0.05580859375 0.33350390625 0.0562587890625 0.342955078125 0.063009765625 0.3492568359375 0.06166015625 0.3564580078125 0.0693115234375 0.3641083984375 0.058509765625 0.368609375 0.0490576171875 0.3641083984375 0.0418564453125 0.3587080078125 0.0373564453125 0.34610546875 0.034205078125 0.3452060546875 0.0261044921875 0.348806640625 0.02250390625 0.3587080078125 0.0171025390625 0.3578076171875 0.0171025390625 0.3650087890625 0.0220537109375 0.3740107421875 0.023853515625 0.3803115234375 0.0243037109375 0.3915634765625 0.0274541015625 0.4019150390625 0.0315048828125 0.4122666015625 0.0283544921875 0.42846875 0.0234033203125 0.4347705078125 0.0148525390625 0.4320693359375 0.00630078125 0.40956640625 0.0036005859375 0.4082158203125 0 0.412716796875 0 0.7219169921875 0.0085517578125 0.72281640625 0.0171025390625 0.7192158203125 0.02250390625 0.711564453125 0.0234033203125 0.701212890625 0.0306044921875 0.6994130859375 0.03510546875 0.71246484375 0.0315048828125 0.7201162109375 0.027904296875 0.731818359375 0.027904296875 0.7394697265625 0.0211533203125 0.7457705078125 0.02250390625 0.753421875 0.0274541015625 0.7561220703125 0.0387060546875 0.7615224609375 0.0531083984375 0.7660234375 0.067060546875 0.7714248046875 0.079212890625 0.7799755859375 0.0805634765625 0.7867265625 0.0738115234375 0.7970791015625 0.0634599609375 0.8033798828125 0.059859375 0.808330078125 0.06391015625 0.80923046875 0.0841640625 0.8002294921875 0.099916015625 0.7858271484375 0.1066669921875 0.7889775390625 0.10891796875 0.789427734375 0.1107177734375 0.787626953125 0.1098173828125 0.7826767578125 0.1066669921875 0.7745751953125 0.1057666015625 0.76782421875 0.1138681640625 0.7592724609375 0.1147685546875 0.7633232421875 0.1147685546875 0.779076171875 0.1147685546875 0.7943779296875 0.114318359375 0.8290341796875 0.11521875 0.8812421875 0.116568359375 0.92669921875 0.1170185546875 1 0.135921875 1
8 0.740931640625 0 0.715544921875 0.008265625 0.7031474609375 0.00885546875 0.693701171875 0.006494140625 0.6824833984375 0.0029521484375 0.672447265625 0.006494140625 0.6718564453125 0.0118076171875 0.672447265625 0.02125390625 0.6777607421875 0.031880859375 0.68720703125 0.04309765625 0.6996044921875 0.0507734375 0.736208984375 0.05136328125 0.719677734375 0.06021875 0.7013759765625 0.0655322265625 0.6818935546875 0.0726171875 0.67421875 0.074978515625 0.65898046875 0.06734765625 0.646193359375 0.065642578125 0.6458798828125 0.0720263671875 0.64883203125 0.0808828125 0.6582783203125 0.0903291015625 0.6718564453125 0.096232421875 0.6777607421875 0.0974130859375 0.6647724609375 0.10626953125 0.663591796875 0.113353515625 0.6689052734375 0.1192578125 0.6783505859375 0.121619140625 0.6907490234375 0.115125 0.707279296875 0.100365234375 0.7249912109375 0.0820634765625 0.73916015625 0.066712890625 0.745064453125 0.0714365234375 0.745654296875 0.0797021484375 0.7344375 0.09387109375 0.732666015625 0.1009560546875 0.73502734375 0.1080400390625 0.7438837890625 0.1139443359375 0.75155859375 0.1145341796875 0.7739931640625 0.0891484375 0.7934755859375 0.0974130859375 0.8247666015625 0.0974130859375 0.7604140625 0.117486328125 0.74329296875 0.11984765625 0.719087890625 0.1145341796875 0.715544921875 0.1192578125 0.72144921875 0.123390625 0.732076171875 0.1287041015625 0.749197265625 0.129884765625 0.7887529296875 0.1245712890625 0.805283203125 0.122208984375 0.830080078125 0.1210283203125 0.8424775390625 0.122208984375 0.860189453125 0.1275224609375 0.8684541015625 0.1275224609375 0.899154296875 0.1393310546875 0.9127333984375 0.1351982421875 0.9139140625 0.1800673828125 0.9192275390625 0.1865615234375 0.9274931640625 0.1700302734375 0.92276953125 0.1464150390625 0.9239501953125 0.1357880859375 0.9387099609375 0.121619140625 0.9894833984375 0.11984765625 0.984169921875 0.1529091796875 0.971771484375 0.1723916015625 0.971771484375 0.1765244140625 0.9871220703125 0.1765244140625 0.9936162109375 0.16235546875 1 0.1464150390625 1 0 0.740931640625 0
7 0.0126484375 0 0.0905361328125 0.2170205078125 0.0893388671875 0.2264638671875 0.06804296875 0.229060546875 0.0641474609375 0.2329560546875 0.0636279296875 0.23737109375 0.0649267578125 0.24217578125 0.0823271484375 0.2752880859375 0.087001953125 0.2781455078125 0.0908974609375 0.279962890625 0.097 0.27918359375 0.119205078125 0.2763271484375 0.121283203125 0.274509765625 0.1228408203125 0.272171875 0.20620703125 0.399947265625 0.2615244140625 0.47733984375 0.3055078125 0.5380146484375 0.3077587890625 0.5373720703125 0.3067939453125 0.53512109375 0.2575908203125 0.4698388671875 0.2135341796875 0.4084150390625 0.1263837890625 0.2727060546875 0.1086962890625 0.2334716796875 0.102908203125 0.22768359375 0.098083984375 0.2260751953125 0.0964765625 0.21675 0.0919736328125 0.2109609375 0.02669140625 0.03441015625 0.0138046875 0 0.0126484375 0
6 0 1 0.0971689453125 0.9996416015625 0.0971689453125 0.9955927734375 0 0.989037109375 0 1