2 0.0531396484375 0.5710478515625 0.2077880859375 0.56205078125 0.310984375 0.5580712890625 0.351373046875 0.583203125 0.450703125 0.5840712890625 0.463025390625 0.5797763671875 0.476052734375 0.577517578125 0.5037509765625 0.5733232421875 0.517591796875 0.57017578125 0.52639453125 0.5682109375 0.5496669921875 0.5711025390625 0.581966796875 0.5683134765625 0.614033203125 0.5667548828125 0.6231845703125 0.570013671875 0.68515625 0.5670888671875 0.7730732421875 0.5657880859375 0.8224150390625 0.5752890625 0.844876953125 0.5517880859375 0.999970703125 0.5378173828125 0.9982587890625 0.1076298828125 0.8821494140625 0.1061201171875 0.87477734375 0.0325576171875 0 0 0.0011630859375 0.5702333984375 0.0531396484375 0.5710478515625
9 0.2391650390625 0.082388671875 0.243546875 0.024677734375 0.18901171875 0.0203427734375 0.1843310546875 0.0780830078125 0.2391650390625 0.082388671875
9 0.1225849609375 0.2154541015625 0.126689453125 0.151107421875 0.0440927734375 0.146134765625 0.037205078125 0.2112373046875 0.1225849609375 0.2154541015625
9 0.2883212890625 0.22333203125 0.2896640625 0.157568359375 0.204587890625 0.1506103515625 0.201193359375 0.21941015625 0.2883212890625 0.22333203125
9 0.3831611328125 0.20154296875 0.45765234375 0.2089384765625 0.458669921875 0.1710478515625 0.3637197265625 0.162626953125 0.361802734375 0.2197353515625 0.3831611328125 0.20154296875
9 0.312205078125 0.0878994140625 0.315376953125 0.0304453125 0.2631591796875 0.026240234375 0.257578125 0.0847666015625 0.312205078125 0.0878994140625
9 0.5744453125 0.1214326171875 0.57550390625 0.061744140625 0.502224609375 0.05351171875 0.5003125 0.1128017578125 0.5744453125 0.1214326171875
9 0.660255859375 0.1334248046875 0.65910546875 0.0797158203125 0.59261328125 0.0673955078125 0.5928994140625 0.123806640625 0.660255859375 0.1334248046875
9 0.565685546875 0.2197109375 0.5661787109375 0.18520703125 0.49411328125 0.1769306640625 0.4931884765625 0.213318359375 0.565685546875 0.2197109375
9 0.67175 0.231712890625 0.670919921875 0.2006220703125 0.62108984375 0.1943017578125 0.621935546875 0.2265126953125 0.67175 0.231712890625
9 0.777390625 0.2483349609375 0.7751787109375 0.21458203125 0.7117412109375 0.204544921875 0.7134697265625 0.2399697265625 0.777390625 0.2483349609375
9 0.8538349609375 0.1662529296875 0.8923544921875 0.173517578125 0.888630859375 0.1252080078125 0.8488291015625 0.1172412109375 0.8538349609375 0.1662529296875
9 0.8927734375 0.288703125 0.88994140625 0.2314677734375 0.83566015625 0.222654296875 0.8369970703125 0.2796142578125 0.8927734375 0.288703125
9 0.98964453125 0.3017744140625 0.9826259765625 0.2467001953125 0.93240234375 0.2394423828125 0.939767578125 0.292845703125 0.98964453125 0.3017744140625
9 0.9920791015625 0.407130859375 0.98946875 0.35659765625 0.94312109375 0.352802734375 0.9449443359375 0.4044794921875 0.9920791015625 0.407130859375
9 0.9137490234375 0.51919140625 0.9615751953125 0.518896484375 0.9588701171875 0.4628720703125 0.9102109375 0.461056640625 0.9137490234375 0.51919140625
9 0.986515625 0.5177197265625 1 0.5188603515625 0.9997646484375 0.462029296875 0.9836015625 0.462169921875 0.986515625 0.5177197265625
9 0.8178662109375 0.522005859375 0.8157265625 0.4580546875 0.7563203125 0.4570888671875 0.75744921875 0.521580078125 0.8178662109375 0.522005859375
9 0.7159853515625 0.51995703125 0.712951171875 0.45411328125 0.645232421875 0.4531865234375 0.6453125 0.520388671875 0.7159853515625 0.51995703125
9 0.542763671875 0.522322265625 0.5398994140625 0.451052734375 0.463056640625 0.4487705078125 0.4647470703125 0.5219560546875 0.542763671875 0.522322265625
9 0.410208984375 0.5221767578125 0.405326171875 0.446873046875 0.3220146484375 0.4456162109375 0.32646875 0.521876953125 0.410208984375 0.5221767578125
9 0.37713671875 0.3524580078125 0.46076953125 0.358818359375 0.458427734375 0.3067568359375 0.35978125 0.29986328125 0.360263671875 0.36401171875 0.37713671875 0.3524580078125
9 0.56969140625 0.3613115234375 0.5700634765625 0.3149599609375 0.493595703125 0.30975 0.4935810546875 0.3582958984375 0.56969140625 0.3613115234375
9 0.680802734375 0.368216796875 0.6774462890625 0.3228037109375 0.62315234375 0.318345703125 0.6239345703125 0.3665068359375 0.680802734375 0.368216796875
9 0.786859375 0.3751396484375 0.7835087890625 0.3331982421875 0.716498046875 0.3267041015625 0.7189619140625 0.3727578125 0.786859375 0.3751396484375
9 0.900150390625 0.403537109375 0.8972978515625 0.3431083984375 0.8408193359375 0.3385771484375 0.84179296875 0.3994501953125 0.900150390625 0.403537109375
9 0.179375 0.524390625 0.1779716796875 0.4433681640625 0.0918564453125 0.442767578125 0.090828125 0.5235078125 0.179375 0.524390625
9 0 0.523431640625 0.047564453125 0.52342578125 0.0484951171875 0.442486328125 0 0.441767578125 0 0.523431640625
9 0.1157333984375 0.3662412109375 0.1191826171875 0.2903798828125 0.03176953125 0.28990234375 0.0279013671875 0.36473828125 0.1157333984375 0.3662412109375
9 0.2805791015625 0.3709140625 0.2783818359375 0.3022216796875 0.1977958984375 0.29819140625 0.19451171875 0.3672490234375 0.2805791015625 0.3709140625
0 0.356150390625 0.2165205078125 0.3589990234375 0.223947265625 0.3844990234375 0.2026669921875 0.823767578125 0.252720703125 0.8334609375 0.2497763671875 0.835818359375 0.243634765625 0.8097177734375 0.2397333984375 0.3858876953125 0.194357421875 0.3816015625 0.19457421875 0.359638671875 0.2090517578125 0.356150390625 0.2165205078125
0 0.354701171875 0.3671494140625 0.3779931640625 0.3526474609375 0.82463671875 0.379443359375 0.8406591796875 0.3754677734375 0.84162109375 0.37097265625 0.833515625 0.3694892578125 0.376486328125 0.3444345703125 0.3527451171875 0.357947265625 0.354701171875 0.3671494140625
3 0.21851953125 0.5610634765625 0.3137802734375 0.558474609375 0.3245625 0.5644814453125 0.387068359375 0.6065732421875 0.4230732421875 0.64242578125 0.430736328125 0.6445224609375 0.4306015625 0.6168154296875 0.4375556640625 0.6248134765625 0.442572265625 0.621455078125 0.38243359375 0.524388671875 0.364087890625 0.52574609375 0.3091123046875 0.49499609375 0.216814453125 0.49397265625 0.21851953125 0.5610634765625
7 0.7675810546875 0 0.7252900390625 0.034630859375 0.7077783203125 0.065537109375 0.7019638671875 0.0820537109375 0.7027265625 0.142419921875 0.7090087890625 0.348646484375 0.71275 0.670654296875 0.72691015625 0.670955078125 0.7213583984375 0.44148046875 0.717177734375 0.3749501953125 0.7118525390625 0.1836943359375 0.7095478515625 0.0956318359375 0.7113798828125 0.079578125 0.720072265625 0.0613203125 0.74473046875 0.0319296875 0.77478125 0.00980859375 0.7998544921875 0 0.7675810546875 0
8 0.43805078125 0.649841796875 0.4372119140625 0.6453583984375 0.422314453125 0.6443544921875 0.3830966796875 0.6060732421875 0.310611328125 0.55966015625 0.1876669921875 0.5655576171875 0.053376953125 0.573763671875 0.0001640625 0.57175 0 0.6700244140625 0.43805078125 0.649841796875
8 0.517689453125 0.6369091796875 0.63605859375 0.6331552734375 0.8811533203125 0.615947265625 0.8983271484375 0.6128408203125 0.8984609375 0.609884765625 0.8252607421875 0.5807646484375 0.8176396484375 0.57608203125 0.7714658203125 0.56719140625 0.6660576171875 0.5688720703125 0.623140625 0.5709560546875 0.6131513671875 0.5682109375 0.5783427734375 0.5694970703125 0.549541015625 0.5727744140625 0.526935546875 0.569626953125 0.517064453125 0.5714501953125 0.505431640625 0.5744609375 0.46975390625 0.5796220703125 0.4550146484375 0.5834443359375 0.4566962890625 0.5896796875 0.4959775390625 0.63376171875 0.517689453125 0.6369091796875
8 1 0.53975 0.93291015625 0.5453671875 0.9294921875 0.5494951171875 0.93671875 0.5553125 0.9465947265625 0.55949609375 0.9607470703125 0.5636220703125 0.9745986328125 0.57053515625 0.990703125 0.578962890625 1 0.5833984375 1 0.53975
6 1 1 0.999931640625 0.5843994140625 0.9849228515625 0.5767802734375 0.9585361328125 0.5631640625 0.94630078125 0.55994921875 0.935986328125 0.5555126953125 0.9283349609375 0.5490576171875 0.932548828125 0.5449423828125 0.903046875 0.5469755859375 0.8447568359375 0.552384765625 0.821259765625 0.5771962890625 0.8261025390625 0.5805087890625 0.882109375 0.60248046875 0.8996533203125 0.609724609375 0.8988134765625 0.61375 0.88147265625 0.616708984375 0.640212890625 0.6346552734375 0.60751953125 0.6357333984375 0.5192265625 0.6386142578125 0.495658203125 0.6357138671875 0.4552412109375 0.590103515625 0.454205078125 0.5846552734375 0.420359375 0.5843203125 0.4347587890625 0.6075048828125 0.443626953125 0.621783203125 0.4373115234375 0.62580859375 0.43119140625 0.6185390625 0.4316767578125 0.6433544921875 0.437875 0.6448173828125 0.4392958984375 0.650552734375 0.0008251953125 0.6714853515625 0.0000478515625 1 1 1