9 0.1017978515625 0.56323828125 0.10028515625 0.584779296875 0.111 0.58452734375 0.112134765625 0.562734375 0.1017978515625 0.56323828125
9 0.143103515625 0.5752802734375 0.1552236328125 0.571517578125 0.1580478515625 0.550939453125 0.14613671875 0.5521513671875 0.143103515625 0.5752802734375
9 0.2040107421875 0.5580791015625 0.218435546875 0.5570595703125 0.22149609375 0.533908203125 0.206439453125 0.53626953125 0.2040107421875 0.5580791015625
9 0.2814287109375 0.5406591796875 0.2979501953125 0.5379609375 0.3004921875 0.5103369140625 0.28483984375 0.5137490234375 0.2814287109375 0.5406591796875
9 0.350259765625 0.52369140625 0.369958984375 0.51972265625 0.370912109375 0.4936865234375 0.35153125 0.4974970703125 0.350259765625 0.52369140625
9 0.426904296875 0.50446875 0.4345302734375 0.5036748046875 0.447875 0.4958955078125 0.4491455078125 0.474146484375 0.428298828125 0.47827734375 0.426904296875 0.50446875
9 0.5615068359375 0.4878154296875 0.587712890625 0.481908203125 0.58889453125 0.4515859375 0.563275390625 0.45600390625 0.5615068359375 0.4878154296875
9 0.6814521484375 0.4661484375 0.7161298828125 0.462998046875 0.716720703125 0.4303134765625 0.68225390625 0.43346484375 0.6814521484375 0.4661484375
9 0.8162138671875 0.4565390625 0.8620224609375 0.4567470703125 0.8626474609375 0.41700390625 0.817646484375 0.417771484375 0.8162138671875 0.4565390625
9 1 0.4174306640625 0.9650517578125 0.418169921875 0.9656064453125 0.4583115234375 1 0.458126953125 1 0.4174306640625
9 1 0.498080078125 0.931248046875 0.496251953125 0.9319755859375 0.532388671875 1 0.5336806640625 1 0.498080078125
9 0.7905107421875 0.554099609375 0.8811904296875 0.5525234375 0.8804013671875 0.4984150390625 0.79187109375 0.5004658203125 0.7905107421875 0.554099609375
9 0.632314453125 0.5498564453125 0.7321083984375 0.5443671875 0.739115234375 0.5533310546875 0.73962109375 0.5106494140625 0.6330224609375 0.518603515625 0.632314453125 0.5498564453125
9 0.521365234375 0.58188671875 0.57908203125 0.5727314453125 0.5816005859375 0.525353515625 0.5219990234375 0.53434765625 0.521365234375 0.58188671875
9 0.419294921875 0.5979375 0.4496328125 0.594478515625 0.4526875 0.5491044921875 0.4232958984375 0.5534169921875 0.419294921875 0.5979375
9 0.3320087890625 0.600361328125 0.34956640625 0.601626953125 0.36350390625 0.603978515625 0.3660380859375 0.5667158203125 0.3337021484375 0.571025390625 0.3320087890625 0.600361328125
9 0.25830859375 0.6255615234375 0.2872705078125 0.623029296875 0.2899853515625 0.5890234375 0.2626259765625 0.5917314453125 0.25830859375 0.6255615234375
9 0.188228515625 0.6372880859375 0.2099287109375 0.634626953125 0.2139111328125 0.602791015625 0.1905537109375 0.605107421875 0.188228515625 0.6372880859375
9 0.1266171875 0.64790625 0.1470712890625 0.6450126953125 0.149423828125 0.62131640625 0.1288349609375 0.6243828125 0.1266171875 0.64790625
9 0.0782177734375 0.6448388671875 0.0954140625 0.646828125 0.0968623046875 0.6184296875 0.080455078125 0.6190078125 0.0782177734375 0.6448388671875
9 0.0538720703125 0.715330078125 0.0648076171875 0.7161220703125 0.0671845703125 0.685080078125 0.05767578125 0.68523828125 0.0538720703125 0.715330078125
9 0.0731591796875 0.7151083984375 0.0923359375 0.71780078125 0.0957109375 0.685015625 0.0768046875 0.6832734375 0.0731591796875 0.7151083984375
9 0.115869140625 0.7168828125 0.137740234375 0.7165654296875 0.13980078125 0.68061328125 0.1176865234375 0.68127734375 0.115869140625 0.7168828125
9 0.24734375 0.704802734375 0.27783203125 0.70395703125 0.281896484375 0.66096484375 0.2520830078125 0.6630625 0.24734375 0.704802734375
9 0.302251953125 0.691205078125 0.3256259765625 0.691205078125 0.3278271484375 0.6433046875 0.3049619140625 0.644150390625 0.302251953125 0.691205078125
9 0.340056640625 0.68980078125 0.3615673828125 0.6913232421875 0.364107421875 0.6469775390625 0.3437822265625 0.6452841796875 0.340056640625 0.68980078125
9 0.4034501953125 0.6894013671875 0.4404365234375 0.6864296875 0.443224609375 0.638697265625 0.4066259765625 0.6417197265625 0.4034501953125 0.6894013671875
9 0.51216796875 0.6799404296875 0.57145703125 0.6754833984375 0.5720146484375 0.6541240234375 0.513283203125 0.6580244140625 0.51216796875 0.6799404296875
9 0.6253857421875 0.6511083984375 0.7234287109375 0.6461865234375 0.7382314453125 0.653333984375 0.738392578125 0.6237080078125 0.6256455078125 0.6251259765625 0.6253857421875 0.6511083984375
9 0.6200322265625 0.760703125 0.7213583984375 0.760482421875 0.73197265625 0.762029296875 0.73197265625 0.7333037109375 0.6208798828125 0.7359765625 0.6200322265625 0.760703125
9 0.61445703125 0.8730751953125 0.714859375 0.8740439453125 0.7283974609375 0.8780419921875 0.7287041015625 0.8351728515625 0.615416015625 0.8360107421875 0.61445703125 0.8730751953125
9 0.7876591796875 0.660572265625 0.8811201171875 0.658806640625 0.8813408203125 0.603607421875 0.7888701171875 0.604908203125 0.7876591796875 0.660572265625
9 0.785486328125 0.7709208984375 0.8785859375 0.7697587890625 0.87905078125 0.7123095703125 0.7872265625 0.7114560546875 0.785486328125 0.7709208984375
9 0.7818818359375 0.8868349609375 0.8755595703125 0.8870439453125 0.876025390625 0.825873046875 0.783744140625 0.8256640625 0.7818818359375 0.8868349609375
9 0.8812861328125 1 0.881841796875 0.9584130859375 0.7839833984375 0.957857421875 0.7814814453125 1 0.8812861328125 1
9 0.9324287109375 0.643998046875 0.9999150390625 0.6444521484375 1 0.6033515625 0.933013671875 0.603111328125 0.9324287109375 0.643998046875
9 1 0.7125498046875 0.9333740234375 0.712208984375 0.933162109375 0.75796484375 1 0.7579619140625 1 0.7125498046875
9 1 0.826201171875 0.932390625 0.8242001953125 0.9320087890625 0.873935546875 1 0.8738466796875 1 0.826201171875
9 0.104365234375 0.787169921875 0.1296376953125 0.787361328125 0.132509765625 0.746990234375 0.10727734375 0.74737109375 0.104365234375 0.787169921875
9 0.1671025390625 0.7874609375 0.19294921875 0.7874609375 0.1946728515625 0.7468994140625 0.1678681640625 0.7465166015625 0.1671025390625 0.7874609375
9 0.239658203125 0.7890322265625 0.2695263671875 0.7890322265625 0.2710576171875 0.7419658203125 0.2432958984375 0.7419658203125 0.239658203125 0.7890322265625
9 0.295841796875 0.7810703125 0.316947265625 0.7810703125 0.3204951171875 0.7347841796875 0.2993310546875 0.734431640625 0.295841796875 0.7810703125
9 0.3919287109375 0.7840771484375 0.43264453125 0.783330078125 0.4345126953125 0.731630859375 0.3967041015625 0.7325830078125 0.3919287109375 0.7840771484375
9 0.3314423828125 0.7835029296875 0.3541708984375 0.7840146484375 0.354 0.736880859375 0.33140234375 0.736095703125 0.3314423828125 0.7835029296875
9 0.499642578125 0.7796962890625 0.565015625 0.7758671875 0.5668193359375 0.7242802734375 0.501375 0.72800390625 0.499642578125 0.7796962890625
9 0.4901416015625 0.8820146484375 0.55973828125 0.8833408203125 0.56106640625 0.8294951171875 0.4941572265625 0.8297724609375 0.4901416015625 0.8820146484375
9 0.3864990234375 0.881158203125 0.426705078125 0.88300390625 0.4281376953125 0.82915625 0.387724609375 0.828005859375 0.3864990234375 0.881158203125
9 0.3235859375 0.876951171875 0.354181640625 0.8783984375 0.354181640625 0.8277421875 0.325388671875 0.8259892578125 0.3235859375 0.876951171875
9 0.2846494140625 0.8752861328125 0.3114423828125 0.8761904296875 0.31343359375 0.823544921875 0.2870947265625 0.823544921875 0.2846494140625 0.8752861328125
9 0.2330810546875 0.8742880859375 0.2613681640625 0.8747900390625 0.2628740234375 0.828123046875 0.235591796875 0.8276220703125 0.2330810546875 0.8742880859375
9 0.0996220703125 0.86349609375 0.1210869140625 0.864517578125 0.1234716796875 0.820255859375 0.10382421875 0.8194033203125 0.0996220703125 0.86349609375
9 0.0466220703125 0.5974169921875 0.05832421875 0.596353515625 0.058501953125 0.5743818359375 0.0470224609375 0.575556640625 0.0466220703125 0.5974169921875
9 0.005810546875 0.60637109375 0.0166298828125 0.604896484375 0.0167939453125 0.585892578125 0.0054287109375 0.587671875 0.005810546875 0.60637109375
9 0.178896484375 0.710693359375 0.20030078125 0.7095048828125 0.201490234375 0.6799951171875 0.180951171875 0.680796875 0.178896484375 0.710693359375
0 0.9306943359375 0.919515625 0.999814453125 0.920068359375 0.999814453125 0.8736259765625 0.93135546875 0.8741142578125 0.9306943359375 0.919515625
0 1 0.757767578125 0.933291015625 0.757755859375 0.93394140625 0.7985087890625 1 0.7985087890625 1 0.757767578125
0 1 0.6448232421875 0.9319365234375 0.644083984375 0.9318349609375 0.6838173828125 1 0.684072265625 1 0.6448232421875
0 1 0.53332421875 0.9319697265625 0.532419921875 0.932162109375 0.5735556640625 1 0.5743037109375 1 0.53332421875
0 0.6009677734375 0.590896484375 0.7252314453125 0.58386328125 0.7384267578125 0.587599609375 0.7390869140625 0.5546318359375 0.732048828125 0.5458408203125 0.6012353515625 0.552412109375 0.6009677734375 0.590896484375
0 0.72371875 0.64787890625 0.5935380859375 0.6544375 0.5950537109375 0.69533984375 0.7238203125 0.687462890625 0.740787109375 0.6962490234375 0.740787109375 0.65655859375 0.72371875 0.64787890625
0 0.5882568359375 0.801640625 0.7198935546875 0.8007626953125 0.7335185546875 0.804056640625 0.733298828125 0.7645263671875 0.72320703125 0.762173828125 0.589330078125 0.7619208984375 0.5882568359375 0.801640625
0 0.7134541015625 0.8751875 0.5826962890625 0.8732109375 0.5822568359375 0.9118623046875 0.7167509765625 0.91515625 0.7294970703125 0.916693359375 0.7283173828125 0.8793955078125 0.7134541015625 0.8751875
9 0.0672412109375 0.7873759765625 0.0831455078125 0.788107421875 0.0842431640625 0.7504736328125 0.0681552734375 0.749560546875 0.0672412109375 0.7873759765625
7 0.1602646484375 0.86363671875 0.1656259765625 0.8665927734375 0.1654404296875 0.87047265625 0.156751953125 0.8702880859375 0.154646484375 0.912052734375 0.1598359375 0.91328515625 0.1532548828125 0.9999716796875 0.1634990234375 1 0.1683955078125 0.91331640625 0.1772451171875 0.9136318359375 0.1801201171875 0.8750595703125 0.171744140625 0.8731640625 0.172146484375 0.8672666015625 0.1830126953125 0.8685166015625 0.1841865234375 0.8328828125 0.1754541015625 0.83103125 0.1755869140625 0.8248173828125 0.1689716796875 0.8240244140625 0.16870703125 0.8287841796875 0.1610302734375 0.8285625 0.1602646484375 0.86363671875
7 0.2691240234375 1 0.2694697265625 0.9907958984375 0.2738544921875 0.9882587890625 0.2768544921875 0.982955078125 0.27777734375 0.975806640625 0.277546875 0.9707333984375 0.2753544921875 0.965890625 0.272931640625 0.9624306640625 0.2673935546875 0.95989453125 0.2633544921875 0.95989453125 0.25931640625 0.96081640625 0.2552783203125 0.963814453125 0.2525087890625 0.969580078125 0.2523935546875 0.9752294921875 0.2530859375 0.9812255859375 0.2545859375 0.9846845703125 0.2568935546875 0.9882587890625 0.2611630859375 0.9909111328125 0.2646240234375 0.992064453125 0.2647392578125 1 0.2691240234375 1
7 0.5651455078125 1 0.5650673828125 0.90799609375 0.557107421875 0.90799609375 0.5566220703125 0.9156591796875 0.5407041015625 0.916689453125 0.539564453125 0.923236328125 0.548537109375 0.9273642578125 0.548537109375 0.9293564453125 0.539849609375 0.9300869140625 0.540134765625 0.93492578125 0.5482529296875 0.939052734375 0.5482529296875 0.9420419921875 0.53842578125 0.94246875 0.538568359375 0.9464541015625 0.546828125 0.9510078125 0.54839453125 0.9562744140625 0.5563701171875 0.9571279296875 0.55418359375 1 0.5651455078125 1
5 0 0.9462109375 0.03076953125 0.9528671875 0.0354541015625 0.882916015625 0.00031640625 0.8775810546875 0 0.9462109375
7 0 0.851828125 0.00759765625 0.8520166015625 0.0085009765625 0.8250185546875 0.031318359375 0.8238994140625 0.0303935546875 0.80416015625 0.039595703125 0.802423828125 0.0539423828125 0.75462109375 0.05205859375 0.709412109375 0.0654345703125 0.659861328125 0.0643046875 0.6178779296875 0.0577109375 0.617125 0.029828125 0.631998046875 0.0183359375 0.6357626953125 0 0.636388671875 0 0.7190693359375 0.007423828125 0.7190693359375 0.0072568359375 0.7234208984375 0 0.723876953125 0 0.851828125
5 0.05207421875 0.9453505859375 0.075978515625 0.9546044921875 0.0878232421875 0.9543896484375 0.0927763671875 0.951591796875 0.095576171875 0.9332998046875 0.0962216796875 0.92942578125 0.099021484375 0.9287802734375 0.10160546875 0.9324384765625 0.1059130859375 0.9371728515625 0.1067744140625 0.9414775390625 0.1052666015625 0.953744140625 0.1134501953125 0.9554658203125 0.113880859375 0.9429833984375 0.1151728515625 0.9382490234375 0.1190498046875 0.93416015625 0.12141796875 0.9348056640625 0.124138671875 0.8974140625 0.056837890625 0.887470703125 0.05207421875 0.9453505859375
5 0.7345908203125 1 0.737173828125 0.9314755859375 0.565736328125 0.9274365234375 0.5654892578125 0.90751953125 0.555994140625 0.9072265625 0.555603515625 0.91494140625 0.539978515625 0.91611328125 0.538513671875 0.9236328125 0.5473193359375 0.927638671875 0.5469248046875 0.9289521484375 0.5389111328125 0.9293466796875 0.45525 0.9276923828125 0.4511376953125 1 0.553734375 1 0.7345908203125 1
6 0 1 0.1669970703125 0.99965234375 0 0.9557373046875 0 1
8 0.326677734375 1 0.3362158203125 0.882666015625 0.3441640625 0.8771015625 0.3560869140625 0.873525390625 0.3688037109375 0.871935546875 0.39145703125 0.86676953125 0.4184814453125 0.8608076171875 0.4300068359375 0.856833984375 0.44630078125 0.8480908203125 0.4510693359375 0.836962890625 0.4510693359375 0.8242451171875 0.4490830078125 0.8083486328125 0.4459033203125 0.798015625 0.445505859375 0.7849013671875 0.4403388671875 0.77059375 0.4292119140625 0.7535048828125 0.404173828125 0.738005859375 0.383111328125 0.719724609375 0.3668173828125 0.7117763671875 0.352509765625 0.704224609375 0.3370107421875 0.69746875 0.3106767578125 0.6982333984375 0.2882099609375 0.7080634765625 0.2734658203125 0.7196474609375 0.2629345703125 0.7340400390625 0.254509765625 0.749837890625 0.241169921875 0.78037890625 0.2394140625 0.7958251953125 0.240818359375 0.813376953125 0.24787890625 0.823783203125 0.2501689453125 0.833515625 0.260759765625 0.844392578125 0.2803046875 0.86388671875 0.3032763671875 0.881388671875 0.3191376953125 0.8879521484375 0.31175390625 0.9987060546875 0.326677734375 1
5 0.328140625 0.9993515625 0.4524150390625 1 0.45483984375 0.906296875 0.336021484375 0.8993251953125 0.328140625 0.9993515625
5 0.3101416015625 1 0.3176455078125 0.8974208984375 0.205052734375 0.890580078125 0.201142578125 0.971896484375 0.2523115234375 0.9821640625 0.251240234375 0.97604296875 0.251953125 0.96923828125 0.2548828125 0.96298828125 0.2587890625 0.9599609375 0.26279296875 0.95908203125 0.26748046875 0.958984375 0.273828125 0.96181640625 0.27802734375 0.97001953125 0.27841796875 0.97587890625 0.27783203125 0.9830078125 0.27412109375 0.98876953125 0.27021484375 0.9916015625 0.26982421875 1 0.3101416015625 1
2 1 0.3937802734375 0.9148359375 0.3887666015625 0.83472265625 0.3892822265625 0.7873857421875 0.3933984375 0.71976953125 0.4022197265625 0.66420703125 0.4148623046875 0.6356875 0.401630859375 0.6262783203125 0.4057470703125 0.6256904296875 0.4198603515625 0.59540625 0.427798828125 0.480134765625 0.45337890625 0.46866796875 0.51688671875 0.487625 0.53386328125 0.4564453125 0.922435546875 0.53857421875 0.92333984375 0.5392578125 0.915625 0.55478515625 0.91416015625 0.555078125 0.90673828125 0.5662109375 0.90703125 0.5663935546875 0.9999453125 1 1 1 0.3937802734375
2 0 0.8657919921875 0.1555166015625 0.88360546875 0.1566494140625 0.86910546875 0.1646611328125 0.869583984375 0.1646611328125 0.866953125 0.1588017578125 0.86360546875 0.1601171875 0.8277314453125 0.16812890625 0.82808984375 0.1683681640625 0.822828125 0.1767392578125 0.824263671875 0.1768583984375 0.829763671875 0.18606640625 0.832275390625 0.1836748046875 0.8692255859375 0.1725537109375 0.8682685546875 0.1725537109375 0.87221484375 0.1815224609375 0.8743671875 0.1810439453125 0.8860859375 0.20617578125 0.8880576171875 0.4559091796875 0.903849609375 0.486810546875 0.534638671875 0.4674111328125 0.5175810546875 0.4784482421875 0.457544921875 0.4653525390625 0.462453125 0.4496044921875 0.4527734375 0.416630859375 0.4742646484375 0.3904052734375 0.482466796875 0.3741640625 0.474591796875 0.3684228515625 0.476068359375 0.341357421875 0.4919814453125 0.3405380859375 0.483123046875 0.343654296875 0.4655693359375 0.3326630859375 0.4608125 0.322328125 0.4634365234375 0.3188828125 0.4893564453125 0.32134375 0.49985546875 0.3024521484375 0.4955908203125 0.274728515625 0.5103544921875 0.2568466796875 0.5167529296875 0.2399970703125 0.522986328125 0.22523046875 0.5185576171875 0.21768359375 0.5188857421875 0.201607421875 0.527251953125 0.17683984375 0.5385712890625 0.1628955078125 0.5331572265625 0.164375 0.5451328125 0.1020380859375 0.525119140625 0.072017578125 0.565966796875 0.064470703125 0.5621943359375 0.04462109375 0.571216796875 0.0397001953125 0.576302734375 0.025591796875 0.577123046875 0.020341796875 0.573349609375 0 0.5849970703125 0 0.6338837890625 0.018373046875 0.6343759765625 0.026740234375 0.6320791015625 0.0564326171875 0.615181640625 0.066439453125 0.618462890625 0.067423828125 0.659310546875 0.0534794921875 0.709673828125 0.0559404296875 0.754458984375 0.04019140625 0.803673828125 0.0319892578125 0.804822265625 0.0324814453125 0.824671875 0.0103349609375 0.8263125 0.0091806640625 0.8528486328125 0 0.8528486328125 0 0.8657919921875
5 0.999720703125 0.9955341796875 0.9983095703125 0.9386083984375 0.9319482421875 0.9442939453125 0.933427734375 1 0.999720703125 0.9955341796875