9 0.35235546875 0.4058681640625 0.350609375 0.34150390625 0.26854296875 0.346904296875 0.26930859375 0.4092021484375 0.35235546875 0.4058681640625
9 0.3548642578125 0.5383173828125 0.3531708984375 0.4713310546875 0.270005859375 0.474908203125 0.271134765625 0.540763671875 0.3548642578125 0.5383173828125
9 0.2748974609375 0.6054892578125 0.27621484375 0.6707802734375 0.3591923828125 0.6687109375 0.3576865234375 0.6037958984375 0.2748974609375 0.6054892578125
9 0.5265205078125 0.6620166015625 0.5254306640625 0.599064453125 0.43676953125 0.6012392578125 0.4389482421875 0.6652841796875 0.5265205078125 0.6620166015625
9 0.5234609375 0.5292705078125 0.5217177734375 0.4640751953125 0.433796875 0.4676875 0.435345703125 0.5325634765625 0.5234609375 0.5292705078125
9 0.5178447265625 0.3977763671875 0.5162958984375 0.3325927734375 0.428568359375 0.335884765625 0.4310859375 0.4004873046875 0.5178447265625 0.3977763671875
0 0.87933203125 0.44993359375 0.8858662109375 0.4529677734375 0.8872666015625 0.440130859375 0.885166015625 0.398591796875 0.881431640625 0.3936904296875 0.87559765625 0.3915908203125 0.7885517578125 0.3913583984375 0.79228515625 0.4497001953125 0.87933203125 0.44993359375
0 0.8868056640625 0.5137041015625 0.89057421875 0.523560546875 0.9346396484375 0.5206611328125 0.94117578125 0.511228515625 0.9419189453125 0.4792607421875 0.93944140625 0.472818359375 0.9320068359375 0.47033984375 0.8693115234375 0.4708359375 0.872890625 0.5145732421875 0.8868056640625 0.5137041015625
0 0.9770595703125 0.5080849609375 0.97597265625 0.4859951171875 0.97180859375 0.4845458984375 0.94175 0.485451171875 0.9415361328125 0.5119306640625 0.93945703125 0.5144990234375 0.9392158203125 0.5194931640625 0.976154296875 0.5194931640625 0.9770595703125 0.5080849609375
0 0.8744072265625 0.3911064453125 0.8810048828125 0.3927978515625 0.8854033203125 0.39753515625 0.886755859375 0.420033203125 0.92812890625 0.4212431640625 0.933705078125 0.42462890625 0.936095703125 0.42303515625 0.9331083984375 0.37583203125 0.929125 0.3720478515625 0.917970703125 0.369060546875 0.865388671875 0.3696572265625 0.86594921875 0.391275390625 0.8744072265625 0.3911064453125
0 0.9363828125 0.4231962890625 0.932978515625 0.4253046875 0.9297353515625 0.4233583984375 0.9292490234375 0.4437890625 0.971568359375 0.443626953125 0.97043359375 0.4047119140625 0.9684873046875 0.4019560546875 0.93541015625 0.400333984375 0.9363828125 0.4231962890625
1 0.624109375 1 0.62125390625 0.98115234375 0.62125390625 0.953201171875 0.6463486328125 0.9438154296875 0.648796875 0.9354501953125 0.6469609375 0.9215771484375 0.642267578125 0.9170888671875 0.6304345703125 0.916884765625 0.625333984375 0.9193330078125 0.6220693359375 0.93504296875 0.6202333984375 0.934634765625 0.61696875 0.888564453125 0.60370703125 0.8206640625 0.5933017578125 0.8029140625 0.57836328125 0.7996494140625 0.5051015625 0.795365234375 0.4424658203125 0.7978134765625 0.415083984375 0.82168359375 0.3914169921875 0.862818359375 0.368572265625 0.925861328125 0.3665322265625 0.925044921875 0.36734765625 0.91219140625 0.3691845703125 0.9026025390625 0.3687763671875 0.8683271484375 0.36376953125 0.8505888671875 0.3748642578125 0.8472275390625 0.3785625 0.8368046875 0.375537109375 0.8156240234375 0.36428125 0.8082734375 0.3536533203125 0.8088046875 0.35158984375 0.817197265625 0.3440947265625 0.787216796875 0.3493193359375 0.787216796875 0.3549970703125 0.7860810546875 0.35866015625 0.7795458984375 0.3598125 0.7703271484375 0.35866015625 0.749296875 0.35405078125 0.7415185546875 0.3445439453125 0.6974423828125 0.34022265625 0.691392578125 0.3347490234375 0.6893759765625 0.257771484375 0.6870712890625 0.242791015625 0.6934091796875 0.2399111328125 0.70233984375 0.2387587890625 0.7141513671875 0.2399111328125 0.7311484375 0.2344375 0.7360458984375 0.2237783203125 0.724234375 0.2111025390625 0.7153037109375 0.1897109375 0.69893359375 0.1806064453125 0.696583984375 0.11714453125 0.6927666015625 0.0986435546875 0.698052734375 0.0845478515625 0.7083310546875 0.081611328125 0.7147919921875 0.070158203125 0.729181640625 0.0682548828125 0.7338798828125 0.06334375 0.7346669921875 0.0616083984375 0.7245439453125 0.054087890625 0.7245439453125 0.0497490234375 0.7543349609375 0.0237275390625 0.7577607421875 0 0.7662783203125 0 0.998990234375 0.316412109375 1 0.3470068359375 0.980232421875 0.3405654296875 1 0.6165478515625 1 0.624109375 1
1 0.68419140625 0.7798828125 0.68419140625 0.7852646484375 0.68419140625 0.7902490234375 0.687779296875 0.7936376953125 0.6907705078125 0.7926416015625 0.692962890625 0.799818359375 0.6907705078125 0.814171875 0.6907705078125 0.822146484375 0.6947568359375 0.825734375 0.7033291015625 0.8269306640625 0.7115029296875 0.8237412109375 0.7222685546875 0.8155673828125 0.7852646484375 0.8151689453125 0.7880556640625 0.8237412109375 0.79702734375 0.8245380859375 0.802609375 0.822345703125 0.806396484375 0.8075927734375 0.806396484375 0.7824736328125 0.8040048828125 0.7627373046875 0.7938369140625 0.749380859375 0.7964287109375 0.7467890625 0.7982236328125 0.74120703125 0.7988212890625 0.7366220703125 0.796828125 0.7352265625 0.7878056640625 0.73455078125 0.7765244140625 0.720646484375 0.72326953125 0.7203837890625 0.704119140625 0.7251064453125 0.6916865234375 0.7359619140625 0.6869931640625 0.7359619140625 0.681076171875 0.73657421875 0.680259765625 0.7416748046875 0.6816884765625 0.7451435546875 0.687267578125 0.7468779296875 0.6866484375 0.7500361328125 0.6847890625 0.7683193359375 0.68419140625 0.7798828125
1 0.9998583984375 1 1 0.808712890625 0.995509765625 0.8127509765625 0.988365234375 0.8223798828125 0.9709716796875 0.8512666015625 0.9647587890625 0.857478515625 0.96041015625 0.8699033203125 0.9538876953125 0.902326171875 0.9554404296875 0.93214453125 0.9523349609375 0.96941796875 0.956994140625 0.9849482421875 0.9619638671875 0.9905400390625 0.9712822265625 0.9917822265625 0.9837060546875 0.9868125 0.9998583984375 1
1 0 0.617212890625 0.0013095703125 0.6173994140625 0.0106669921875 0.617025390625 0.015720703125 0.615154296875 0.01665625 0.6112236328125 0.02301953125 0.6093525390625 0.026013671875 0.6123466796875 0.0291953125 0.61384375 0.0357451171875 0.61159765625 0.0400498046875 0.6029892578125 0.041734375 0.592322265625 0.0366806640625 0.583900390625 0.0306923828125 0.5762275390625 0.0205859375 0.572671875 0.0046787109375 0.5717353515625 0 0.572296875 0 0.617212890625
8 0 0.7657724609375 0.0238125 0.75666015625 0.0490888671875 0.7533828125 0.0537919921875 0.7236943359375 0.0614345703125 0.723400390625 0.064080078125 0.7331005859375 0.0674521484375 0.7327177734375 0.070427734375 0.7277578125 0.0786943359375 0.7171767578125 0.0852841796875 0.706412109375 0.0997666015625 0.6967568359375 0.119478515625 0.69152734375 0.1822373046875 0.6948271484375 0.1806865234375 0.6056474609375 0.05195703125 0.62076953125 0.0507939453125 0.5982802734375 0.181849609375 0.587423828125 0.174947265625 0.3167744140625 0.1726826171875 0.3105458984375 0.1735322265625 0.300072265625 0.3564052734375 0.2863544921875 0.3677138671875 0.270603515625 0.367310546875 0.260505859375 0.3604443359375 0.2621220703125 0.34226953125 0.2815078125 0.3491357421875 0.273833984375 0.3471162109375 0.2673720703125 0.32490234375 0.277873046875 0.3204599609375 0.27221875 0.299861328125 0.285951171875 0.2833017578125 0.2815078125 0.2740126953125 0.277873046875 0.2828984375 0.26696875 0.2776474609375 0.2617177734375 0.272623046875 0.2524287109375 0.264544921875 0.2386962890625 0.2536396484375 0.2257724609375 0.2415234375 0.2201171875 0.23425390625 0.22617578125 0.2294072265625 0.2193095703125 0.2233486328125 0.2075966796875 0.20880859375 0.1999228515625 0.1987119140625 0.201134765625 0.1910380859375 0.20880859375 0.1922490234375 0.2237529296875 0.1874033203125 0.235869140625 0.183767578125 0.2269833984375 0.17286328125 0.2140595703125 0.168419921875 0.2003271484375 0.167208984375 0.1865947265625 0.157515625 0.174478515625 0.1449951171875 0.1676123046875 0.143783203125 0.1486298828125 0.12480078125 0.1369169921875 0.1118759765625 0.130859375 0.10339453125 0.128435546875 0.1062216796875 0.120357421875 0.1054140625 0.1054140625 0.0965283203125 0.09935546875 0.0775458984375 0.111068359375 0.066640625 0.1296474609375 0.0585634765625 0.1413603515625 0.0432158203125 0.151861328125 0.02463671875 0.1623623046875 0.0242333984375 0.149841796875 0.008078125 0.1506494140625 0.0185791015625 0.145802734375 0.0185791015625 0.135705078125 0.0141357421875 0.1256083984375 0.0032314453125 0.1252041015625 0.0032314453125 0.109453125 0.00726953125 0.0969326171875 0.0052509765625 0.09006640625 0 0.0920859375 0 0.5262626953125 0.0008076171875 0.5319169921875 0.005654296875 0.5363603515625 0.001615234375 0.5452451171875 0.0008076171875 0.558169921875 0.00201953125 0.5686708984375 0.011712890625 0.571498046875 0.02315234375 0.5712392578125 0.0363818359375 0.5830517578125 0.034109375 0.6157431640625 0.0315830078125 0.6238291015625 0.0017685546875 0.628376953125 0 0.6295224609375 0 0.7657724609375
8 1 0.513208984375 0.993880859375 0.503841796875 0.98796484375 0.4994052734375 0.9771181640625 0.4900380859375 0.977611328125 0.5230693359375 0.9721884765625 0.539337890625 0.9707099609375 0.56448046875 0.9761328125 0.579763671875 0.97366796875 0.58814453125 0.9544404296875 0.584693359375 0.9337353515625 0.5575791015625 0.9125361328125 0.54771875 0.8933095703125 0.529970703125 0.886900390625 0.5161669921875 0.8696455078125 0.5146884765625 0.8566953125 0.509734375 0.8218154296875 0.509734375 0.797951171875 0.509734375 0.774697265625 0.5152412109375 0.746548828125 0.532375 0.7251318359375 0.54461328125 0.6988193359375 0.54644921875 0.6792373046875 0.5391064453125 0.6327666015625 0.5193916015625 0.6117802734375 0.511958984375 0.5908798828125 0.5106474609375 0.576451171875 0.5198291015625 0.5602744140625 0.5198291015625 0.5489072265625 0.5233271484375 0.5375390625 0.529447265625 0.5268447265625 0.5369013671875 0.5154775390625 0.5399619140625 0.504984375 0.549142578125 0.4931796875 0.5548271484375 0.483123046875 0.5718779296875 0.490119140625 0.585869140625 0.5001748046875 0.5928642578125 0.5093564453125 0.6090419921875 0.5062958984375 0.6317763671875 0.49798828125 0.627841796875 0.4761279296875 0.5911162109375 0.4608251953125 0.57056640625 0.43852734375 0.5596357421875 0.4249736328125 0.5570126953125 0.4223505859375 0.5657568359375 0.42672265625 0.5766875 0.4345927734375 0.59461328125 0.417541015625 0.5998603515625 0.405298828125 0.59548828125 0.3860615234375 0.591990234375 0.362888671875 0.5814970703125 0.3480234375 0.57625 0.3375302734375 0.57625 0.3405908203125 0.5928642578125 0.3462744140625 0.6046689453125 0.35501953125 0.6173486328125 0.3467119140625 0.6177861328125 0.345400390625 0.6230322265625 0.3493349609375 0.6330888671875 0.357205078125 0.6470791015625 0.359828125 0.6658798828125 0.3646376953125 0.6811826171875 0.357205078125 0.687302734375 0.3475869140625 0.6737490234375 0.3410283203125 0.64226953125 0.3235400390625 0.6086044921875 0.3169814453125 0.5884921875 0.3043017578125 0.573189453125 0.26976171875 0.55832421875 0.2273525390625 0.5487060546875 0.2002451171875 0.550455078125 0.189751953125 0.5596357421875 0.18625390625 0.5845576171875 0.194998046875 0.6125390625 0.1998076171875 0.62434375 0.2111748046875 0.648390625 0.2151103515625 0.6750615234375 0.2155478515625 0.693861328125 0.2253505859375 0.7001005859375 0.2256748046875 0.70982421875 0.2272958984375 0.7247333984375 0.2344267578125 0.73478125 0.2386396484375 0.7302431640625 0.2383154296875 0.701072265625 0.242853515625 0.6913486328125 0.2593837890625 0.6855146484375 0.3374091796875 0.688107421875 0.3458369140625 0.6955625 0.355560546875 0.740615234375 0.36009765625 0.74774609375 0.3621279296875 0.7765869140625 0.448599609375 0.78323828125 0.54920703125 0.777833984375 0.5895078125 0.77533984375 0.68096875 0.7757548828125 0.683900390625 0.76827734375 0.686158203125 0.7471123046875 0.6810791015625 0.7454189453125 0.6793857421875 0.742033203125 0.6809296875 0.735916015625 0.6916162109375 0.7349052734375 0.70461328125 0.7245078125 0.7238193359375 0.7197421875 0.7770732421875 0.72003125 0.7889150390625 0.7340390625 0.797001953125 0.7347607421875 0.79945703125 0.735771484375 0.79945703125 0.73909375 0.796857421875 0.7477578125 0.794546875 0.7490576171875 0.80451171875 0.76191015625 0.80739453125 0.7734501953125 0.946982421875 0.771025390625 0.95287109375 0.6594931640625 0.986123046875 0.6484091796875 1 0.65256640625 1 0.513208984375
6 0.0522421875 0.6201025390625 0.1811416015625 0.6052978515625 0.1817353515625 0.588724609375 0.0512216796875 0.5983203125 0.0522421875 0.6201025390625
6 0 0.62940234375 0.000626953125 0.628154296875 0.031205078125 0.623681640625 0.033701171875 0.615568359375 0.0339091796875 0.61234375 0.029126953125 0.6145283203125 0.0155009765625 0.6170244140625 0 0.6182724609375 0 0.62940234375
6 0.99931640625 1 0.9838603515625 0.988021484375 0.971177734375 0.9925791015625 0.9614677734375 0.9917861328125 0.9567119140625 0.9854453125 0.951560546875 0.9695927734375 0.954333984375 0.933923828125 0.95413671875 0.89626171875 0.9642421875 0.8558369140625 0.969791015625 0.8510810546875 0.9959482421875 0.811216796875 1 0.8082451171875 0.999626953125 0.7774326171875 0.968490234375 0.7801728515625 0.963623046875 0.78041015625 0.95806640625 0.7795927734375 0.94776953125 0.7719111328125 0.8060791015625 0.774443359375 0.80732421875 0.8085693359375 0.803587890625 0.8222705078125 0.7991044921875 0.8252587890625 0.7881435546875 0.8252587890625 0.7843095703125 0.8177861328125 0.7237783203125 0.8172880859375 0.7125693359375 0.8247607421875 0.703103515625 0.8279990234375 0.693162109375 0.8260458984375 0.6898154296875 0.8225029296875 0.6915869140625 0.8032099609375 0.692375 0.8002568359375 0.690603515625 0.79494140625 0.686666015625 0.7937607421875 0.6839091796875 0.790216796875 0.68301171875 0.7783427734375 0.680654296875 0.7770029296875 0.5907197265625 0.7764287109375 0.451060546875 0.78389453125 0.3604189453125 0.7767041015625 0.3592548828125 0.7804541015625 0.3551796875 0.7866337890625 0.34965234375 0.78762890625 0.3445673828125 0.78762890625 0.3515625 0.81572265625 0.35322265625 0.80869140625 0.3642578125 0.80791015625 0.37548828125 0.814958984375 0.37900390625 0.836833984375 0.375 0.84736328125 0.36455078125 0.85078125 0.369140625 0.8681640625 0.36982421875 0.90234375 0.36796875 0.91181640625 0.36708984375 0.9234375 0.36826171875 0.92529296875 0.37666015625 0.902734375 0.39150390625 0.86179296875 0.4148505859375 0.82114453125 0.442216796875 0.797609375 0.505861328125 0.7950703125 0.57893359375 0.7993671875 0.5935986328125 0.8028876953125 0.6046533203125 0.821126953125 0.6156416015625 0.860455078125 0.62171484375 0.92546484375 0.6211142578125 0.9342744140625 0.6237177734375 0.91945703125 0.628322265625 0.91625390625 0.6425390625 0.915853515625 0.6481455078125 0.92166015625 0.6497470703125 0.938279296875 0.646744140625 0.94488671875 0.62331640625 0.95409765625 0.6223154296875 0.981529296875 0.6245185546875 1 0.99931640625 1
6 0.0237900390625 0.7582705078125 0 0.76705859375 0.0002177734375 0.815443359375 0.022451171875 0.8174052734375 0.02310546875 0.82263671875 0.030734375 0.82481640625 0.04272265625 0.834189453125 0.050853515625 0.7546201171875 0.0237900390625 0.7582705078125
8 0.5654638671875 0.2708857421875 0.569548828125 0.2737138671875 0.6751376953125 0.26962890625 0.6741953125 0.2561162109375 0.67073828125 0.24731640625 0.6564736328125 0.238203125 0.6341611328125 0.232546875 0.602421875 0.2309755859375 0.5885947265625 0.235375 0.5785390625 0.24103125 0.5709970703125 0.2432314453125 0.568482421875 0.247630859375 0.5609404296875 0.2520302734375 0.560626953125 0.257373046875 0.56137890625 0.2642861328125 0.5654638671875 0.2708857421875
2 1 0.53198046875 0.991380859375 0.520814453125 0.9786201171875 0.516560546875 0.978087890625 0.4870498046875 0.9701962890625 0.4831123046875 0.9695947265625 0.46732421875 0.973498046875 0.46639453125 0.976287109375 0.463419921875 0.97514453125 0.432138671875 0.97287890625 0.427283203125 0.9710986328125 0.4046240234375 0.9679609375 0.401017578125 0.9638720703125 0.379552734375 0.9614873046875 0.350421875 0.9570576171875 0.346673828125 0.95348046875 0.3371337890625 0.917408203125 0.3330078125 0.914630859375 0.3020673828125 0.9049130859375 0.2967119140625 0.8592060546875 0.2937373046875 0.8580166015625 0.26973828125 0.7830341796875 0.2689453125 0.78099609375 0.2659208984375 0.707478515625 0.26881640625 0.3675107421875 0.2857080078125 0.1744228515625 0.3001923828125 0.17320703125 0.3104091796875 0.1763994140625 0.3159150390625 0.182791015625 0.69498828125 0.1892939453125 0.6972841796875 0.2274833984375 0.7228349609375 0.234900390625 0.7335498046875 0.2376484375 0.7261318359375 0.2370302734375 0.701681640625 0.2421396484375 0.6912080078125 0.258755859375 0.6845673828125 0.337685546875 0.6868662109375 0.34713671875 0.695294921875 0.3527568359375 0.7236484375 0.6535 0.7284189453125 0.6986708984375 0.7267880859375 0.7053427734375 0.7236982421875 0.7236982421875 0.7193935546875 0.7771474609375 0.7195205078125 0.782384765625 0.7242734375 0.9484580078125 0.7204228515625 0.9523896484375 0.6588974609375 0.9862998046875 0.6477890625 1 0.652076171875 1 0.53198046875
4 1 0.65283203125 0.984375 0.64990234375 0.953359375 0.66062109375 0.951171875 0.77294921875 0.95947265625 0.779296875 0.96875 0.77978515625 1 0.77783203125 1 0.65283203125
7 0.9536533203125 0.6563623046875 0.955287109375 0.6573427734375 0.983072265625 0.6481904296875 0.9812744140625 0.6194248046875 0.9780048828125 0.6155029296875 0.95185546875 0.6159931640625 0.9531630859375 0.6542373046875 0.9536533203125 0.6563623046875