2 0.1471982421875 0.6163251953125 0.284951171875 0.624369140625 0.285666015625 0.602962890625 0.2891591796875 0.593966796875 0.295146484375 0.427748046875 0.17078125 0.4199755859375 0.1634150390625 0.5153720703125 0.0958310546875 0.5234931640625 0.090369140625 0.6112236328125 0.1471982421875 0.6163251953125
2 0.74083203125 0 0.4757626953125 0.2248955078125 0.3013544921875 0.38322265625 0.29990625 0.4131845703125 0.29429296875 0.5113837890625 0.2946943359375 0.5135654296875 0.29044140625 0.59894921875 0.288357421875 0.6018662109375 0.287587890625 0.6380625 0.3688984375 0.6294638671875 0.92433203125 0.5683779296875 1 0.57181640625 1 0 0.74083203125 0
9 0.9281484375 0.448349609375 0.9222490234375 0.2055673828125 0.80000390625 0.2595703125 0.7948017578125 0.4791064453125 0.9281484375 0.448349609375
9 0.9148828125 0.0886796875 0.9155751953125 0.0012021484375 0.8459306640625 0.0021044921875 0.8002314453125 0.0358310546875 0.8038203125 0.158060546875 0.9148828125 0.0886796875
9 1 0.459953125 0.999484375 0.221427734375 0.9391787109375 0.2027998046875 0.944224609375 0.450478515625 1 0.459953125
9 0.760150390625 0.48999609375 0.764859375 0.27690625 0.6175888671875 0.3480673828125 0.61566015625 0.5240439453125 0.760150390625 0.48999609375
9 0.7557724609375 0.17983203125 0.757115234375 0.0632197265625 0.62778515625 0.161654296875 0.6225283203125 0.2626181640625 0.7557724609375 0.17983203125
9 0.5973974609375 0.2790478515625 0.60141015625 0.179111328125 0.5108818359375 0.2504169921875 0.504970703125 0.3389345703125 0.5973974609375 0.2790478515625
9 0.585048828125 0.5293544921875 0.59352734375 0.3617392578125 0.5009599609375 0.407544921875 0.495189453125 0.552779296875 0.585048828125 0.5293544921875
9 0.483572265625 0.3522236328125 0.487931640625 0.266322265625 0.4304052734375 0.314416015625 0.4283603515625 0.3891220703125 0.483572265625 0.3522236328125
9 0.47649609375 0.558173828125 0.479328125 0.41834375 0.4233408203125 0.44862890625 0.41840234375 0.5706572265625 0.47649609375 0.558173828125
9 0.4026982421875 0.57380859375 0.4065166015625 0.4574873046875 0.3622158203125 0.480474609375 0.356861328125 0.5851923828125 0.4026982421875 0.57380859375
9 0.409935546875 0.399662109375 0.411693359375 0.331154296875 0.3689091796875 0.3614716796875 0.367404296875 0.426685546875 0.409935546875 0.399662109375
9 0.3465205078125 0.58778515625 0.3495205078125 0.487369140625 0.2969794921875 0.514048828125 0.2935458984375 0.5991142578125 0.3465205078125 0.58778515625
9 0.3529755859375 0.4378623046875 0.3552724609375 0.3772890625 0.3031787109375 0.415962890625 0.3001875 0.471158203125 0.3529755859375 0.4378623046875
5 1 0.5758935546875 0.9286181640625 0.5711875 0.286779296875 0.6397197265625 0.28671875 0.6475966796875 0.3028466796875 0.6499033203125 0.29866796875 0.7697099609375 0.3912158203125 0.7764365234375 0.390025390625 0.7930439453125 0.9046005859375 0.9232119140625 0.9268681640625 0.9274697265625 0.945279296875 0.9264970703125 1 0.91907421875 1 0.5758935546875
8 0.3309462890625 0.9046279296875 0.254958984375 0.8627177734375 0.2410869140625 0.8550283203125 0.22379296875 0.8499248046875 0.2037509765625 0.8380126953125 0.1952744140625 0.8316064453125 0.1913798828125 0.799091796875 0.1986103515625 0.6742373046875 0.2053525390625 0.6518330078125 0.2082412109375 0.6378427734375 0.2056533203125 0.6213828125 0.2073193359375 0.6095029296875 0.210189453125 0.5999228515625 0.20904296875 0.56109375 0.214419921875 0.5430048828125 0.2218603515625 0.5177392578125 0.22186328125 0.5071201171875 0.222662109375 0.49392578125 0.2271728515625 0.4771826171875 0.2385400390625 0.4743154296875 0.2634130859375 0.480990234375 0.2952080078125 0.477861328125 0.32931640625 0.464720703125 0.3498291015625 0.4514970703125 0.3712490234375 0.4193115234375 0.395001953125 0.4054697265625 0.455275390625 0.393453125 0.4765322265625 0.3746162109375 0.4787978515625 0.357849609375 0.453576171875 0.3355224609375 0.4332109375 0.3144130859375 0.446267578125 0.286439453125 0.4395400390625 0.268599609375 0.4279384765625 0.269615234375 0.416435546875 0.284416015625 0.3940185546875 0.3111845703125 0.36840625 0.3290703125 0.335443359375 0.3459306640625 0.3309189453125 0.34116015625 0.3238017578125 0.335060546875 0.3005849609375 0.3473046875 0.28439453125 0.349060546875 0.2619306640625 0.3583134765625 0.2641474609375 0.3406796875 0.28068359375 0.3163095703125 0.287025390625 0.29882421875 0.2802568359375 0.2924697265625 0.2707734375 0.2956337890625 0.256263671875 0.31106640625 0.242599609375 0.3251767578125 0.238 0.2508212890625 0.230748046875 0.06303515625 0.2275380859375 0.0481923828125 0.22132421875 0.05201953125 0.2192724609375 0.089318359375 0.223701171875 0.1994013671875 0.226591796875 0.2766318359375 0.2297890625 0.3512822265625 0.228033203125 0.3702333984375 0.2149345703125 0.369263671875 0.2060009765625 0.360779296875 0.1971044921875 0.3453671875 0.190171875 0.3287412109375 0.179775390625 0.310396484375 0.17400390625 0.3024892578125 0.172931640625 0.3092109375 0.179400390625 0.32667578125 0.184609375 0.345208984375 0.2105908203125 0.3773759765625 0.213625 0.390287109375 0.2047685546875 0.3887421875 0.191765625 0.3809765625 0.1840966796875 0.377400390625 0.1763515625 0.36255078125 0.171853515625 0.34413671875 0.161896484375 0.3373115234375 0.15316796875 0.324966796875 0.145134765625 0.326251953125 0.139998046875 0.3300625 0.1376953125 0.3413330078125 0.1459619140625 0.3500048828125 0.1615625 0.354958984375 0.1816572265625 0.3870830078125 0.176337890625 0.39555859375 0.1699814453125 0.4021962890625 0.1570556640625 0.39855859375 0.1475419921875 0.3979794921875 0.126205078125 0.3918935546875 0.1108310546875 0.3880556640625 0.0990703125 0.3754423828125 0.0947451171875 0.36594921875 0.095369140625 0.3574560546875 0.0895185546875 0.341029296875 0.0789951171875 0.3270439453125 0.0734541015625 0.322119140625 0.072267578125 0.323802734375 0.0739970703125 0.3272255859375 0.0818095703125 0.340802734375 0.0847021484375 0.3514736328125 0.059443359375 0.3400849609375 0.0362265625 0.3292333984375 0.0306787109375 0.3273076171875 0.0269091796875 0.32947265625 0.0290849609375 0.33382421875 0.036412109375 0.3371005859375 0.0547099609375 0.3453876953125 0.06687890625 0.353072265625 0.064724609375 0.3567392578125 0.0657919921875 0.35911328125 0.07068359375 0.36196484375 0.0817802734375 0.367494140625 0.091654296875 0.377783203125 0.1000654296875 0.392353515625 0.1079443359375 0.3956640625 0.1199287109375 0.3983310546875 0.1348740234375 0.40251171875 0.1427890625 0.406453125 0.1498681640625 0.405708984375 0.163552734375 0.409189453125 0.1745810546875 0.4124716796875 0.1865615234375 0.4249228515625 0.1934130859375 0.436462890625 0.1829951171875 0.434927734375 0.1732353515625 0.427099609375 0.1701875 0.4210380859375 0.164689453125 0.4185673828125 0.1542666015625 0.420107421875 0.14690625 0.415787109375 0.13598046875 0.4117763671875 0.1253310546875 0.403955078125 0.11769921875 0.404509765625 0.106767578125 0.4062666015625 0.101013671875 0.402419921875 0.0991201171875 0.403201171875 0.0986455078125 0.4060390625 0.102984375 0.410119140625 0.111677734375 0.411763671875 0.1242060546875 0.411916015625 0.13123828125 0.4143720703125 0.1478525390625 0.4251806640625 0.1561787109375 0.42676171875 0.1641591796875 0.4258076171875 0.1750068359375 0.43715625 0.17808203125 0.4451875 0.16686328125 0.45419921875 0.15434375 0.458025390625 0.1488525390625 0.461826171875 0.13416796875 0.4598994140625 0.1294873046875 0.460318359375 0.1289736328125 0.4635419921875 0.1325517578125 0.465830078125 0.14037890625 0.4689033203125 0.1489208984375 0.4685380859375 0.1578466796875 0.464625 0.1696318359375 0.4599111328125 0.177916015625 0.456373046875 0.1820712890625 0.4523837890625 0.1833564453125 0.44140625 0.20060546875 0.4442294921875 0.21072265625 0.4591396484375 0.2158193359375 0.4726533203125 0.215205078125 0.483583984375 0.2132724609375 0.4908408203125 0.2112744140625 0.4971015625 0.2116455078125 0.5106748046875 0.2036611328125 0.53850390625 0.1989697265625 0.546619140625 0.1968046875 0.5534658203125 0.1971005859375 0.5636611328125 0.194701171875 0.5841650390625 0.1885595703125 0.60866796875 0.1884892578125 0.6167822265625 0.179994140625 0.7030693359375 0.1754833984375 0.8183447265625 0.168720703125 0.8071044921875 0.1446484375 0.807193359375 0.1456767578125 0.84581640625 0.149052734375 0.885931640625 0.14619140625 0.8888349609375 0.1475712890625 0.8925009765625 0.31665234375 0.9067080078125 0.3309462890625 0.9046279296875
8 0.0743408203125 0.7355654296875 0.0727158203125 0.721224609375 0.075728515625 0.71282421875 0.07151171875 0.7087919921875 0.062291015625 0.708919921875 0.0535302734375 0.7072470703125 0.04686328125 0.7091083984375 0.0411552734375 0.7132734375 0.04075390625 0.7211318359375 0.0425458984375 0.728587890625 0.03801171875 0.738568359375 0.036876953125 0.750146484375 0.0397431640625 0.7632119140625 0.04490625 0.7681474609375 0.0560341796875 0.7700888671875 0.0578408203125 0.7952705078125 0.0511943359375 0.7998720703125 0.0466337890625 0.807599609375 0.050369140625 0.81980078125 0.055337890625 0.8334736328125 0.0426044921875 0.8470390625 0.042830078125 0.85862890625 0.0504609375 0.8677490234375 0.0550166015625 0.88228515625 0.070380859375 0.8863076171875 0.0743408203125 0.7355654296875
7 0.0505947265625 0.805771484375 0.057443359375 0.8050068359375 0.0596533203125 0.7360234375 0.07246875 0.5353740234375 0.08503515625 0.38790625 0.09721875 0.306111328125 0.0996943359375 0.285208984375 0.09509765625 0.257681640625 0.0853681640625 0.2385 0.0737255859375 0.2271884765625 0.0561337890625 0.2271923828125 0.037048828125 0.2319892578125 0.0228740234375 0.244111328125 0.01569140625 0.261490234375 0.018173828125 0.27844921875 0.025876953125 0.2928994140625 0.0416171875 0.3005380859375 0.06658203125 0.303482421875 0.08880078125 0.301478515625 0.0855673828125 0.332560546875 0.0647490234375 0.4867353515625 0.0450234375 0.802640625 0.0505947265625 0.805771484375
7 0.0754130859375 0.510103515625 0.0724140625 0.512091796875 0.0728642578125 0.5161123046875 0.0748837890625 0.5196318359375 0.078115234375 0.5216328125 0.0658193359375 0.7112099609375 0.0721015625 0.710501953125 0.0745478515625 0.6963857421875 0.0760927734375 0.690703125 0.0756376953125 0.685599609375 0.07326171875 0.6828017578125 0.0828349609375 0.5207880859375 0.0836455078125 0.51778125 0.0834443359375 0.514353515625 0.07927734375 0.5106826171875 0.0754130859375 0.510103515625
7 0.037064453125 0.740376953125 0.0408525390625 0.7403017578125 0.041423828125 0.71090625 0.049822265625 0.57030859375 0.047517578125 0.5650283203125 0.03948046875 0.561955078125 0.0343212890625 0.55794921875 0.030560546875 0.558181640625 0.028669921875 0.56025390625 0.0284453125 0.5626982421875 0.0314345703125 0.5659287109375 0.0378193359375 0.567244140625 0.043919921875 0.5690498046875 0.036068359375 0.7407861328125 0.037064453125 0.740376953125
7 0.017404296875 0.54786328125 0.02112890625 0.546916015625 0.04320703125 0.5542021484375 0.0485283203125 0.559646484375 0.0520234375 0.5658974609375 0.0468828125 0.65395703125 0.0506123046875 0.654125 0.0556474609375 0.571048828125 0.0554111328125 0.566216796875 0.0521044921875 0.5600673828125 0.047701171875 0.5535673828125 0.0412265625 0.5496416015625 0.020755859375 0.5420712890625 0.0150986328125 0.53695703125 0.009712890625 0.53509765625 0.0059306640625 0.5362568359375 0.004556640625 0.5399599609375 0.00520703125 0.5441904296875 0.007794921875 0.5464638671875 0.0137744140625 0.548177734375 0.017404296875 0.54786328125
7 0.032576171875 0.6332509765625 0.0275947265625 0.629123046875 0.0232578125 0.6269111328125 0.0163876953125 0.6282109375 0.011732421875 0.6316826171875 0.0104501953125 0.6376728515625 0.010189453125 0.6430126953125 0.0104384765625 0.64677734375 0.0121318359375 0.6508759765625 0.0189267578125 0.6549072265625 0.0241943359375 0.6559765625 0.028666015625 0.6545498046875 0.033287109375 0.650447265625 0.034216796875 0.6442998046875 0.0393857421875 0.6446640625 0.0397431640625 0.6400703125 0.03919140625 0.640046875 0.0349033203125 0.6391552734375 0.032576171875 0.6332509765625
1 0.1474326171875 0.7328876953125 0.1473466796875 0.80840625 0.1518408203125 0.8100576171875 0.1576474609375 0.8099443359375 0.1647021484375 0.808953125 0.16921484375 0.8035341796875 0.2182314453125 0.8034765625 0.223068359375 0.8068916015625 0.2266650390625 0.8084296875 0.231146484375 0.808548828125 0.23494140625 0.806052734375 0.2374794921875 0.80201171875 0.2388935546875 0.7925556640625 0.2378310546875 0.776861328125 0.2323974609375 0.76443359375 0.2242001953125 0.758365234375 0.2188896484375 0.74528125 0.21347265625 0.73809375 0.2017744140625 0.7352060546875 0.18621484375 0.7327021484375 0.16801171875 0.7316669921875 0.15544140625 0.73201171875 0.148697265625 0.73424609375 0.1474326171875 0.7328876953125
9 0.199087890625 0.54987890625 0.2904609375 0.557287109375 0.29245703125 0.5194658203125 0.20244140625 0.51157421875 0.199087890625 0.54987890625
5 0.148994140625 0.7172783203125 0.1697548828125 0.7297841796875 0.2602392578125 0.742505859375 0.2594521484375 0.71125390625 0.2988935546875 0.7115927734375 0.3010029296875 0.6506904296875 0.2842373046875 0.6476748046875 0.285896484375 0.62643359375 0.1538125 0.61832421875 0.148994140625 0.7172783203125
4 0.076482421875 0.6871328125 0.076353515625 0.693197265625 0.074705078125 0.7087861328125 0.0764912109375 0.7120244140625 0.0740185546875 0.72530859375 0.0719970703125 0.8856357421875 0.1452109375 0.8928046875 0.1467802734375 0.8844814453125 0.1518759765625 0.6190087890625 0.0801591796875 0.611255859375 0.0754619140625 0.6791025390625 0.076482421875 0.6871328125
8 0.0351513671875 0.6355556640625 0.0515986328125 0.6436318359375 0.0505400390625 0.6818037109375 0.0755791015625 0.6848544921875 0.0805517578125 0.6097001953125 0.119736328125 0.6103515625 0.1204814453125 0.581859375 0.123810546875 0.5773525390625 0.1391650390625 0.578470703125 0.1530732421875 0.582056640625 0.1606572265625 0.5709189453125 0.161392578125 0.5570205078125 0.157046875 0.5457490234375 0.1394560546875 0.5416318359375 0.1285966796875 0.5376630859375 0.116509765625 0.5287578125 0.1102216796875 0.51989453125 0.0993564453125 0.5189052734375 0.0892939453125 0.5094697265625 0.07386328125 0.5081689453125 0.0664365234375 0.5170419921875 0.057751953125 0.52425390625 0.0527607421875 0.5361552734375 0.0437177734375 0.543564453125 0.0293828125 0.5501142578125 0.02246484375 0.5575166015625 0.0232763671875 0.56978515625 0.02600390625 0.5816767578125 0.02738671875 0.59724609375 0.026705078125 0.6111142578125 0.024009765625 0.6229931640625 0.0351513671875 0.6355556640625
8 0 0.650455078125 0.0022861328125 0.6539560546875 0.0102021484375 0.6547109375 0.0128076171875 0.65407421875 0.0093095703125 0.6479375 0.009314453125 0.63438671875 0.0084619140625 0.634015625 0.003197265625 0.6304833984375 0.0001416015625 0.6322763671875 0 0.640052734375 0 0.650455078125
6 1 0.91973828125 0.939671875 0.930609375 0.9178427734375 0.9285390625 0.6173154296875 0.853423828125 0.385884765625 0.793265625 0.3887412109375 0.7775595703125 0.2974921875 0.77061328125 0.29512109375 0.7646474609375 0.2818466796875 0.76215234375 0.2595205078125 0.74474609375 0.213029296875 0.7361650390625 0.2198466796875 0.7443701171875 0.2250625 0.7568759765625 0.2337197265625 0.763314453125 0.2393994140625 0.7780439453125 0.2401767578125 0.79485546875 0.236912109375 0.8058828125 0.2340859375 0.809068359375 0.227181640625 0.8098759765625 0.2221611328125 0.8084140625 0.2165732421875 0.804109375 0.1930966796875 0.8043583984375 0.1962548828125 0.830466796875 0.2060654296875 0.8384892578125 0.22364453125 0.8483876953125 0.2425234375 0.8543369140625 0.32878515625 0.9017646484375 0.3327333984375 0.9050400390625 0.316751953125 0.907765625 0.24554296875 0.90248046875 0.144412109375 0.894064453125 0.0729990234375 0.8873046875 0.06891015625 0.88799609375 0.054044921875 0.8831591796875 0.049896484375 0.8696103515625 0.0419130859375 0.8587314453125 0.0414296875 0.8460712890625 0.054173828125 0.833130859375 0.04526171875 0.8086142578125 0.0465986328125 0.8055234375 0.043533203125 0.8036083984375 0.045736328125 0.7700859375 0.038927734375 0.763501953125 0.0358984375 0.74882421875 0.037 0.741376953125 0.0358837890625 0.7232509765625 0.0366640625 0.7115537109375 0 0.71037109375 0 0.99933203125 1 1 1 0.91973828125
5 0 0.7096240234375 0.0734130859375 0.7110927734375 0.0767275390625 0.6449951171875 0 0.64160546875 0 0.7096240234375
6 0.15406640625 0.730591796875 0.169966796875 0.7309375 0.1511376953125 0.7195634765625 0.1503662109375 0.73234375 0.15406640625 0.730591796875