3 0 0.848248046875 0.00362109375 0.847443359375 0.00281640625 0.841609375 0.00201171875 0.8371845703125 0.003017578125 0.8349716796875 0.0049755859375 0.835392578125 0.0049755859375 0.841197265625 0.0058046875 0.84506640625 0.019625 0.84285546875 0.019625 0.83262890625 0.021283203125 0.8329052734375 0.021283203125 0.842302734375 0.0268115234375 0.84285546875 0.0290224609375 0.83815625 0.0337216796875 0.8345634765625 0.0375908203125 0.83705078125 0.037314453125 0.84175 0.03095703125 0.8439609375 0.036208984375 0.848107421875 0.037314453125 0.85667578125 0.0246005859375 0.859716796875 0.03233984375 0.8669033203125 0.0516884765625 0.8713251953125 0.0585986328125 0.867732421875 0.0608095703125 0.86248046875 0.0646787109375 0.865796875 0.0671669921875 0.871048828125 0.0641259765625 0.8776826171875 0.0660615234375 0.88210546875 0.0671669921875 0.8862509765625 0.0659697265625 0.890228515625 0.3649345703125 0.9908818359375 0.635609375 0.9919501953125 0.8888310546875 0.9656796875 0.89746484375 0.7120869140625 0.7315546875 0.687017578125 0.3888115234375 0.6372900390625 0.265056640625 0.649306640625 0.0005576171875 0.6779765625 0 0.7221328125 0 0.848248046875
9 0.7771865234375 0.232525390625 0.7758359375 0.1970634765625 0.7554775390625 0.202966796875 0.7557529296875 0.2388291015625 0.7771865234375 0.232525390625
9 0.7440478515625 0.24358203125 0.743619140625 0.2082529296875 0.7230224609375 0.2144033203125 0.722736328125 0.2505908203125 0.7440478515625 0.24358203125
9 0.6327802734375 0.2814306640625 0.633951171875 0.246763671875 0.61449609375 0.2534921875 0.613619140625 0.2871357421875 0.6327802734375 0.2814306640625
9 0.60582421875 0.2902939453125 0.606900390625 0.256951171875 0.5886826171875 0.2618837890625 0.5863017578125 0.2956904296875 0.60582421875 0.2902939453125
9 0.5127001953125 0.32458984375 0.5133671875 0.29150390625 0.497625 0.297908203125 0.496291015625 0.3291259765625 0.5127001953125 0.32458984375
9 0.4751474609375 0.3065615234375 0.473337890625 0.3376240234375 0.4895478515625 0.3325791015625 0.4906787109375 0.30037890625 0.4751474609375 0.3065615234375
9 0.411556640625 0.3609541015625 0.412904296875 0.331162109375 0.399130859375 0.3364013671875 0.3979326171875 0.3652958984375 0.411556640625 0.3609541015625
9 0.3918076171875 0.3684853515625 0.394134765625 0.3390078125 0.38072265625 0.34417578125 0.37853125 0.372970703125 0.3918076171875 0.3684853515625
9 0.325775390625 0.3909599609375 0.326931640625 0.3652333984375 0.315802734375 0.3691357421875 0.313779296875 0.3951513671875 0.325775390625 0.3909599609375
9 0.3099912109375 0.3977646484375 0.3114970703125 0.372923828125 0.3000546875 0.3766875 0.2983984375 0.4009267578125 0.3099912109375 0.3977646484375
9 0.257892578125 0.41769140625 0.259158203125 0.3953828125 0.24982421875 0.397439453125 0.248083984375 0.41990625 0.257892578125 0.41769140625
9 0.2133701171875 0.43606640625 0.2141884765625 0.41283203125 0.2045341796875 0.4167587890625 0.2030615234375 0.43901171875 0.2133701171875 0.43606640625
9 0.200607421875 0.439994140625 0.2015888671875 0.417740234375 0.193080078125 0.4219951171875 0.1919345703125 0.4422841796875 0.200607421875 0.439994140625
9 0.161505859375 0.4582783203125 0.1619267578125 0.435546875 0.1535078125 0.4390546875 0.1522451171875 0.4619267578125 0.161505859375 0.4582783203125
9 0.15154296875 0.4637509765625 0.15182421875 0.4403173828125 0.1425634765625 0.4439658203125 0.1412998046875 0.4672587890625 0.15154296875 0.4637509765625
9 0.11871484375 0.4779521484375 0.12012109375 0.454884765625 0.111400390625 0.457416015625 0.110837890625 0.480203125 0.11871484375 0.4779521484375
9 0.1100654296875 0.4814736328125 0.110568359375 0.45835546875 0.1024013671875 0.4612451171875 0.10101953125 0.484615234375 0.1100654296875 0.4814736328125
9 0.0812509765625 0.494607421875 0.0816689453125 0.4722578125 0.0731044921875 0.47466015625 0.0727919921875 0.4964873046875 0.0812509765625 0.494607421875
9 0.07236328125 0.49755859375 0.07265625 0.4755859375 0.06572265625 0.47734375 0.06494140625 0.49951171875 0.07236328125 0.49755859375
9 0.0473349609375 0.5089130859375 0.050537109375 0.487302734375 0.0443623046875 0.4890185546875 0.041275390625 0.5101708984375 0.0473349609375 0.5089130859375
9 0.040365234375 0.51105859375 0.04339453125 0.4896552734375 0.035966796875 0.4914140625 0.03371875 0.512916015625 0.040365234375 0.51105859375
9 0.0197978515625 0.519845703125 0.0211083984375 0.4979501953125 0.0148681640625 0.5002900390625 0.0141796875 0.5209404296875 0.0197978515625 0.519845703125
9 0.0130390625 0.5211357421875 0.0141171875 0.5004453125 0.007974609375 0.501845703125 0.0071123046875 0.5224287109375 0.0130390625 0.5211357421875
9 0 0.8116513671875 0.046560546875 0.8190029296875 0.0479599609375 0.78662109375 0 0.7820703125 0 0.8116513671875
9 0.1095908203125 0.82844140625 0.11025 0.7926796875 0.0609755859375 0.78921875 0.060181640625 0.8219990234375 0.1095908203125 0.82844140625
9 0.2171123046875 0.841658203125 0.218123046875 0.803240234375 0.131177734375 0.7974267578125 0.130671875 0.83003125 0.2171123046875 0.841658203125
9 0.279787109375 0.84800390625 0.279138671875 0.8076015625 0.2404658203125 0.8067373046875 0.24025 0.8438984375 0.279787109375 0.84800390625
9 0.012681640625 0.5798349609375 0.0149365234375 0.5612353515625 0.0033818359375 0.5596845703125 0.00211328125 0.5780029296875 0.012681640625 0.5798349609375
9 0.0405908203125 0.5621328125 0.0409521484375 0.5386455078125 0.0263779296875 0.5431015625 0.0254150390625 0.56646875 0.0405908203125 0.5621328125
9 0.103443359375 0.5524169921875 0.103072265625 0.544888671875 0.10819140625 0.5429208984375 0.1109306640625 0.5126044921875 0.0924853515625 0.518630859375 0.0899287109375 0.55588671875 0.103443359375 0.5524169921875
9 0.0261513671875 0.636734375 0.026826171875 0.6303232421875 0.0325625 0.6296474609375 0.034755859375 0.6004599609375 0.020751953125 0.602822265625 0.0192333984375 0.636734375 0.0261513671875 0.636734375
9 0.09598828125 0.6220625 0.0958017578125 0.616482421875 0.1015693359375 0.615923828125 0.103056640625 0.5841142578125 0.085384765625 0.58708984375 0.0850126953125 0.6229931640625 0.09598828125 0.6220625
9 0.2571083984375 0.4609990234375 0.229833984375 0.4703115234375 0.22850390625 0.5137177734375 0.2561103515625 0.5068994140625 0.2571083984375 0.4609990234375
9 0.2469638671875 0.5922138671875 0.24879296875 0.545814453125 0.2213525390625 0.5527998046875 0.2195234375 0.5978681640625 0.2469638671875 0.5922138671875
9 0.143015625 0.5336728515625 0.1444921875 0.5157431640625 0.133748046875 0.5137802734375 0.132046875 0.5355712890625 0.143015625 0.5336728515625
9 0.1351484375 0.6092255859375 0.1356455078125 0.5864658203125 0.1260703125 0.58606640625 0.1248916015625 0.61028125 0.1351484375 0.6092255859375
9 0 0.6354462890625 0.0062431640625 0.6357490234375 0.0067490234375 0.6193828125 0 0.618685546875 0 0.6354462890625
9 0.0626279296875 0.62628125 0.0631884765625 0.6034697265625 0.052234375 0.60267578125 0.0515986328125 0.625697265625 0.0626279296875 0.62628125
9 0.068708984375 0.55889453125 0.0695361328125 0.5429296875 0.060076171875 0.5415107421875 0.059248046875 0.557830078125 0.068708984375 0.55889453125
9 0.30283984375 0.48383984375 0.3039306640625 0.4638359375 0.2935048828125 0.461533203125 0.291322265625 0.4860224609375 0.30283984375 0.48383984375
9 0.2994453125 0.57585546875 0.3006572265625 0.546638671875 0.2840478515625 0.543244140625 0.28259375 0.5787646484375 0.2994453125 0.57585546875
9 0.3996875 0.45533984375 0.4137412109375 0.458712890625 0.415052734375 0.4289189453125 0.3921923828125 0.4352900390625 0.3916298828125 0.45552734375 0.3996875 0.45533984375
9 0.40568359375 0.5606494140625 0.4075576171875 0.5239228515625 0.383947265625 0.5257958984375 0.3831982421875 0.5574638671875 0.40568359375 0.5606494140625
9 0.4911279296875 0.4380322265625 0.4937822265625 0.3832783203125 0.44798828125 0.39854296875 0.4456650390625 0.4483193359375 0.4911279296875 0.4380322265625
9 0.4841923828125 0.544962890625 0.4852890625 0.4868251953125 0.4407529296875 0.4988916015625 0.4359267578125 0.5532998046875 0.4841923828125 0.544962890625
9 0.59091015625 0.40062109375 0.6031689453125 0.40451171875 0.603751953125 0.37182421875 0.5798203125 0.376494140625 0.5798203125 0.40062109375 0.59091015625 0.40062109375
9 0.580900390625 0.519044921875 0.5940478515625 0.522630859375 0.5961396484375 0.4819921875 0.57522265625 0.4846806640625 0.573728515625 0.51874609375 0.580900390625 0.519044921875
9 0.7058056640625 0.5044033203125 0.7067021484375 0.4344794921875 0.6463408203125 0.4464326171875 0.6439501953125 0.5133671875 0.7058056640625 0.5044033203125
9 0.7096904296875 0.378302734375 0.7084951171875 0.314953125 0.6475361328125 0.3325830078125 0.6454443359375 0.3938408203125 0.7096904296875 0.378302734375
9 0.593619140625 0.642662109375 0.594896484375 0.592341796875 0.56909765625 0.5954072265625 0.56833203125 0.641384765625 0.593619140625 0.642662109375
9 0.7067744140625 0.6347431640625 0.7059248046875 0.5645732421875 0.6372978515625 0.57165234375 0.63653125 0.64036328125 0.7067744140625 0.6347431640625
9 0.4800625 0.633609375 0.4792373046875 0.597927734375 0.4344853515625 0.6029873046875 0.4341337890625 0.6371240234375 0.4800625 0.633609375
9 0.8713740234375 0.32166015625 0.8835966796875 0.3276220703125 0.8821064453125 0.2903583984375 0.813541015625 0.3076494140625 0.8141376953125 0.337162109375 0.8713740234375 0.32166015625
9 0.87614453125 0.4590888671875 0.888068359375 0.46505078125 0.8844912109375 0.4161611328125 0.8147333984375 0.4289794921875 0.815330078125 0.471609375 0.87614453125 0.4590888671875
9 0.8742861328125 0.6072109375 0.889439453125 0.610728515625 0.8856513671875 0.549033203125 0.815296875 0.5606689453125 0.8161083984375 0.6126220703125 0.8742861328125 0.6072109375
9 0.8835361328125 0.76122265625 0.8826728515625 0.726974609375 0.8878525390625 0.727837890625 0.8878525390625 0.687833984375 0.8133134765625 0.69358984375 0.8124501953125 0.7592080078125 0.8835361328125 0.76122265625
9 1 0.6845595703125 0.977005859375 0.680076171875 0.979419921875 0.7659482421875 1 0.766982421875 1 0.6845595703125
9 1 0.5483369140625 0.9735576171875 0.5410947265625 0.970798828125 0.629380859375 1 0.6353984375 1 0.5483369140625
9 1 0.41830078125 0.9742822265625 0.408740234375 0.9723701171875 0.4943125 1 0.5019609375 1 0.41830078125
9 0.9991416015625 0.3728857421875 1 0.3088251953125 0.969501953125 0.2906591796875 0.9690244140625 0.359021484375 0.9991416015625 0.3728857421875
9 0.028546875 0.6954794921875 0.0291328125 0.662044921875 0.016619140625 0.6632177734375 0.0154462890625 0.6954794921875 0.028546875 0.6954794921875
0 0 0.5824775390625 0.00233984375 0.5819755859375 0.0143740234375 0.5824775390625 0.0140400390625 0.577630859375 0.000333984375 0.576794921875 0 0.5824775390625
0 0.05994921875 0.56215234375 0.07722265625 0.56507421875 0.07722265625 0.55719921875 0.0576630859375 0.5556748046875 0.0327685546875 0.5643115234375 0.033150390625 0.5716787109375 0.05994921875 0.56215234375
0 0.3954990234375 0.4574228515625 0.415396484375 0.463513671875 0.415193359375 0.4501142578125 0.399357421875 0.4452412109375 0.3173330078125 0.4696044921875 0.3173330078125 0.479552734375 0.3954990234375 0.4574228515625
0 0.5878544921875 0.4055654296875 0.6045380859375 0.411126953125 0.605568359375 0.39485546875 0.5876484375 0.389912109375 0.500314453125 0.4138046875 0.49928515625 0.4300771484375 0.5878544921875 0.4055654296875
0 0.87054296875 0.32846484375 0.8871865234375 0.3361083984375 0.8870966796875 0.3182626953125 0.86887890625 0.3107099609375 0.73048828125 0.3480078125 0.7310830078125 0.370296875 0.87054296875 0.32846484375
0 0.388791015625 0.56123828125 0.4068408203125 0.5642958984375 0.4065068359375 0.551591796875 0.3852783203125 0.547748046875 0.3094150390625 0.56387890625 0.309580078125 0.574275390625 0.388791015625 0.56123828125
0 0.57923046875 0.5252939453125 0.602447265625 0.5318603515625 0.602916015625 0.512630859375 0.57946484375 0.5077060546875 0.4931142578125 0.5244169921875 0.4924716796875 0.543283203125 0.57923046875 0.5252939453125
0 0.8733896484375 0.4650966796875 0.892533203125 0.4707451171875 0.8919052734375 0.4531708984375 0.8699375 0.4478359375 0.7315380859375 0.4748251953125 0.7318515625 0.490830078125 0.8733896484375 0.4650966796875
0 0.8764130859375 0.612923828125 0.894974609375 0.6165556640625 0.8941669921875 0.5967841796875 0.87278125 0.592345703125 0.7250986328125 0.6121171875 0.725501953125 0.6306787109375 0.8764130859375 0.612923828125
8 0.000478515625 0.6680556640625 0 0.7212529296875 0.0498046875 0.721572265625 0.0507490234375 0.6856943359375 0.0651025390625 0.6845361328125 0.0775859375 0.6871962890625 0.076359375 0.72031640625 0.1129990234375 0.7187412109375 0.1142734375 0.6817138671875 0.132591796875 0.67996875 0.149166015625 0.6830224609375 0.1443671875 0.719810546875 0.2183642578125 0.71679296875 0.2179892578125 0.67064453125 0.238625 0.667642578125 0.2647470703125 0.675607421875 0.2678896484375 0.6796484375 0.2630126953125 0.6796484375 0.26151171875 0.71641796875 0.3470625 0.7126669921875 0.3499873046875 0.6371123046875 0.414818359375 0.6439365234375 0.4177666015625 0.6602412109375 0.41436328125 0.7152802734375 0.5774609375 0.732080078125 0.5774609375 0.6886103515625 0.625544921875 0.6958447265625 0.6281259765625 0.7104716796875 0.632427734375 0.7182158203125 0.6436142578125 0.725099609375 0.654369140625 0.7268203125 0.6707177734375 0.72380859375 0.685345703125 0.7246689453125 0.69351953125 0.7246689453125 0.6986826171875 0.7229482421875 0.703845703125 0.71735546875 0.7016943359375 0.74230859375 0.7004033203125 0.7715634765625 0.6973916015625 0.78619140625 0.6905087890625 0.797376953125 0.6857763671875 0.9980224609375 0.7016943359375 0.9988828125 0.71503125 0.7252607421875 0.7318095703125 0.7282724609375 0.7503095703125 0.7287021484375 0.7675185546875 0.7295625 0.77784375 0.7256904296875 0.7881689453125 0.7157958984375 0.795052734375 0.7080517578125 0.807958984375 0.708912109375 0.815703125 0.7037490234375 0.82215625 0.6955751953125 0.823447265625 0.689982421875 0.820435546875 0.680947265625 0.82215625 0.67578515625 0.829900390625 0.6723427734375 0.834203125 0.668041015625 0.8350634765625 0.6611572265625 0.8286103515625 0.659005859375 0.8191455078125 0.659005859375 0.8083896484375 0.6577158203125 0.8152734375 0.6499716796875 0.823447265625 0.64480859375 0.8350634765625 0.6392158203125 0.84969140625 0.6314716796875 0.85614453125 0.62587890625 0.857865234375 0.6207158203125 0.85657421875 0.6142626953125 0.84969140625 0.6095302734375 0.845388671875 0.6030771484375 0.847109375 0.59447265625 0.8531328125 0.5845771484375 0.8531328125 0.57597265625 0.8475400390625 0.56951953125 0.838935546875 0.5673681640625 0.823162109375 0.567078125 0.8171591796875 0.5659521484375 0.81190625 0.5618251953125 0.8130322265625 0.555447265625 0.8164091796875 0.547568359375 0.8164091796875 0.540814453125 0.81153125 0.5389384765625 0.8051533203125 0.54456640625 0.8010263671875 0.5411904296875 0.80290234375 0.5366875 0.8089052734375 0.5303095703125 0.8096552734375 0.5269326171875 0.807029296875 0.5209296875 0.800275390625 0.5198046875 0.7938974609375 0.5198046875 0.78864453125 0.5205546875 0.7856435546875 0.525431640625 0.784892578125 0.5351865234375 0.783767578125 0.5415654296875 0.7781396484375 0.5415654296875 0.7710107421875 0.5374384765625 0.7672587890625 0.531435546875 0.7668837890625 0.523556640625 0.7661337890625 0.5186787109375 0.775888671875 0.5107998046875 0.781140625 0.500294921875 0.779640625 0.4890390625 0.7747626953125 0.4759072265625 0.767634765625 0.469529296875 0.761630859375 0.4684033203125 0.753001953125 0.469904296875 0.7263564453125 0.4733984375 0.72976171875 0.46698828125 0.7259560546875 0.4589755859375 0.718744140625 0.4549697265625 0.718744140625 0.4485595703125 0.7131357421875 0.4425498046875 0.7067255859375 0.440947265625 0.703119140625 0.4349375 0.7039208984375 0.4241201171875 0.7079267578125 0.4104990234375 0.7075263671875 0.402486328125 0.7047216796875 0.394072265625 0.7015166015625 0.3924697265625 0.6971103515625 0.394072265625 0.692703125 0.4048896484375 0.689498046875 0.406892578125 0.68629296875 0.4044892578125 0.6878955078125 0.3980791015625 0.69069921875 0.391267578125 0.6979111328125 0.3800498046875 0.6971103515625 0.37163671875 0.69350390625 0.359216796875 0.68709375 0.350001953125 0.6758759765625 0.343591796875 0.671068359375 0.34319140625 0.6630556640625 0.3451943359375 0.65584375 0.3540087890625 0.6514375 0.3640244140625 0.6506357421875 0.3724384765625 0.654025390625 0.3803505859375 0.6478623046875 0.394453125 0.646341796875 0.4015498046875 0.64279296875 0.413208984375 0.637216796875 0.4253759765625 0.6301201171875 0.431458984375 0.62505078125 0.4441318359375 0.62048828125 0.449201171875 0.6199814453125 0.461875 0.6164326171875 0.467451171875 0.6138974609375 0.4760693359375 0.6138974609375 0.4846875 0.607814453125 0.4791103515625 0.598689453125 0.471 0.5915927734375 0.462888671875 0.585509765625 0.456298828125 0.5804404296875 0.4557919921875 0.574357421875 0.45984765625 0.57537109375 0.4664375 0.580947265625 0.480125 0.5839892578125 0.4882353515625 0.5905791015625 0.4938115234375 0.6007177734375 0.496853515625 0.6052802734375 0.4983740234375 0.60680078125 0.50496484375 0.594634765625 0.5054716796875 0.58905859375 0.51358203125 0.585509765625 0.523720703125 0.5870302734375 0.5343662109375 0.5951416015625 0.533859375 0.6002109375 0.539943359375 0.5997041015625 0.54957421875 0.601224609375 0.5551513671875 0.6093359375 0.5592060546875 0.6073076171875 0.562248046875 0.6007177734375 0.56782421875 0.6017314453125 0.577962890625 0.612376953125 0.5881015625 0.6098427734375 0.59469140625 0.6027451171875 0.5896220703125 0.5956484375 0.5855673828125 0.58855078125 0.580498046875 0.5824677734375 0.57238671875 0.5779052734375 0.5637685546875 0.571822265625 0.551095703125 0.5647255859375 0.5480537109375 0.5566142578125 0.5546435546875 0.55965625 0.56782421875 0.5682734375 0.5774560546875 0.576384765625 0.5911435546875 0.585509765625 0.6002685546875 0.58905859375 0.609900390625 0.5936201171875 0.6215595703125 0.59311328125 0.630177734375 0.5961552734375 0.6382880859375 0.6098427734375 0.64234375 0.5981826171875 0.6484267578125 0.592099609375 0.650455078125 0.585509765625 0.6519755859375 0.585509765625 0.6621142578125 0.577755859375 0.6679052734375 0.5705390625 0.66023828125 0.5628720703125 0.6570810546875 0.5515966796875 0.6552763671875 0.52158984375 0.6551103515625 0.5188310546875 0.65258203125 0.5172216796875 0.64660546875 0.5186005859375 0.6394794921875 0.5208994140625 0.6328125 0.5284853515625 0.6279853515625 0.528255859375 0.62384765625 0.5240029296875 0.621548828125 0.5204404296875 0.6194794921875 0.5156123046875 0.617640625 0.50917578125 0.6158017578125 0.505498046875 0.61465234375 0.5022802734375 0.612353515625 0.49883203125 0.607755859375 0.4951533203125 0.60545703125 0.4930849609375 0.60545703125 0.490326171875 0.610744140625 0.4905556640625 0.6141923828125 0.491935546875 0.6210888671875 0.484119140625 0.6233876953125 0.479751953125 0.621318359375 0.4730859375 0.6171806640625 0.4687177734375 0.615572265625 0.4643505859375 0.6144228515625 0.4611318359375 0.6141923828125 0.458603515625 0.617640625 0.461361328125 0.625916015625 0.4611318359375 0.6286748046875 0.4536689453125 0.6357333984375 0.45318359375 0.63087890625 0.4522119140625 0.6260244140625 0.44978515625 0.622140625 0.4466298828125 0.6211689453125 0.4381337890625 0.6269951171875 0.4371630859375 0.6192275390625 0.4320654296875 0.6141298828125 0.4301240234375 0.6141298828125 0.427939453125 0.6167998046875 0.428181640625 0.6209267578125 0.42630078125 0.6235966796875 0.4182294921875 0.6155859375 0.4145888671875 0.6141298828125 0.410705078125 0.6138876953125 0.4058505859375 0.61704296875 0.40281640625 0.6218974609375 0.3959833984375 0.6152822265625 0.396697265625 0.6117099609375 0.3962216796875 0.6086142578125 0.394078125 0.608376953125 0.386458984375 0.6114716796875 0.3728857421875 0.6117099609375 0.346931640625 0.6095673828125 0.3388359375 0.6124248046875 0.3343115234375 0.6157578125 0.330501953125 0.61599609375 0.324787109375 0.61551953125 0.32137109375 0.6107021484375 0.31287890625 0.6062861328125 0.30625390625 0.604927734375 0.297421875 0.6054365234375 0.2862109375 0.6064560546875 0.26446875 0.609513671875 0.2585244140625 0.605267578125 0.250201171875 0.6010205078125 0.2468037109375 0.6005107421875 0.2428974609375 0.6022099609375 0.240349609375 0.6069658203125 0.2392158203125 0.614853515625 0.2356083984375 0.6146552734375 0.2320869140625 0.6069072265625 0.2296220703125 0.6044423828125 0.226099609375 0.60408984375 0.227861328125 0.6125419921875 0.2211689453125 0.6114853515625 0.2172958984375 0.611837890625 0.2141259765625 0.61747265625 0.2144775390625 0.6224033203125 0.22011328125 0.6266298828125 0.2098994140625 0.629447265625 0.2010947265625 0.6333212890625 0.1954599609375 0.6347294921875 0.190177734375 0.629447265625 0.18454296875 0.627333984375 0.178908203125 0.627333984375 0.1683427734375 0.63296875 0.1655244140625 0.6414208984375 0.16235546875 0.6414208984375 0.150380859375 0.6463515625 0.124671875 0.6414208984375 0.114810546875 0.6371953125 0.1049501953125 0.6371953125 0.0961455078125 0.637546875 0.08698828125 0.6393076171875 0.0820576171875 0.63508203125 0.07783203125 0.6336728515625 0.0626884765625 0.634025390625 0.056701171875 0.63508203125 0.052123046875 0.636490234375 0.05106640625 0.640716796875 0.047896484375 0.6414208984375 0.04226171875 0.643181640625 0.03803515625 0.6467041015625 0.03803515625 0.6533955078125 0.039796875 0.659734375 0.03768359375 0.6755830078125 0.0239482421875 0.6780478515625 0.016552734375 0.676638671875 0.0070439453125 0.6678349609375 0.0017607421875 0.665369140625 0.000478515625 0.6680556640625
8 1 0.3159638671875 0.990537109375 0.3127333984375 0.9666298828125 0.3082099609375 0.960814453125 0.314025390625 0.960814453125 0.3211328125 0.96469140625 0.3301787109375 0.9705068359375 0.3379326171875 0.979552734375 0.346978515625 0.9627529296875 0.3502099609375 0.9569375 0.359255859375 0.9549990234375 0.368947265625 0.9569375 0.376701171875 0.9601689453125 0.3825166015625 0.9569375 0.3915625 0.95823046875 0.399962890625 0.9485380859375 0.4077158203125 0.94272265625 0.4199931640625 0.9440146484375 0.44777734375 0.9446611328125 0.4535927734375 0.9446611328125 0.4710380859375 0.9382001953125 0.4826689453125 0.89878515625 0.49171484375 0.894908203125 0.503345703125 0.8923232421875 0.52466796875 0.901369140625 0.5446982421875 0.9142919921875 0.554390625 0.92075390625 0.5718369140625 0.91623046875 0.5938056640625 0.9149384765625 0.61060546875 0.91623046875 0.6235283203125 0.9252763671875 0.6358046875 0.9336767578125 0.6422666015625 0.9382001953125 0.6454970703125 0.943369140625 0.6603583984375 0.946599609375 0.669404296875 0.9562919921875 0.6752197265625 0.96469140625 0.677158203125 0.984076171875 0.677158203125 1 0.677158203125 1 0.3159638671875
7 0 0.914625 0.052142578125 0.917232421875 0.0519052734375 0.9518359375 0.0566826171875 0.951970703125 0.0604375 0.786876953125 0.0632822265625 0.743740234375 0.062333984375 0.7420810546875 0.059490234375 0.7420810546875 0.0559345703125 0.7425556640625 0.0552236328125 0.7406591796875 0.0538017578125 0.7397109375 0.0090068359375 0.7333115234375 0.0059248046875 0.7333115234375 0.004029296875 0.7371044921875 0.0002373046875 0.7366298828125 0 0.741607421875 0.0037919921875 0.7413701171875 0.00284375 0.7683896484375 0.0004736328125 0.7672041015625 0 0.772181640625 0.0021328125 0.7724189453125 0.001896484375 0.7776328125 0.0559345703125 0.78355859375 0.053564453125 0.849447265625 0.0530908203125 0.88191796875 0.0511943359375 0.8821552734375 0.0497724609375 0.8767041015625 0 0.8703046875 0 0.914625
2 1 0.186263671875 0.9340556640625 0.2013291015625 0.9185341796875 0.1921982421875 0.912142578125 0.182611328125 0.8952509765625 0.19128515625 0.86831640625 0.1775888671875 0.851880859375 0.16298046875 0.8477724609375 0.1693720703125 0.8158154296875 0.1812412109375 0.796640625 0.169828125 0.7866044921875 0.1617958984375 0.780662109375 0.168458984375 0.69537890625 0.1953603515625 0.695013671875 0.2000927734375 0.7111572265625 0.210712890625 0.7111572265625 0.214537109375 0.66825 0.2302548828125 0.643185546875 0.21538671875 0.5637431640625 0.2459736328125 0.5645927734375 0.248947265625 0.57776171875 0.2574443359375 0.5773369140625 0.266365234375 0.545900390625 0.2765615234375 0.5213798828125 0.263501953125 0.45550390625 0.2896103515625 0.45349609375 0.2932255859375 0.4675546875 0.3020625 0.4671533203125 0.3076865234375 0.4587177734375 0.3096943359375 0.4526923828125 0.3165234375 0.4209609375 0.3047236328125 0.37510546875 0.3241845703125 0.3615986328125 0.3288515625 0.363818359375 0.3335693359375 0.36742578125 0.335234375 0.3671484375 0.3460576171875 0.3582685546875 0.351052734375 0.3377568359375 0.343822265625 0.28859375 0.3639345703125 0.295935546875 0.3738310546875 0.2952978515625 0.3802158203125 0.28731640625 0.3818115234375 0.266884765625 0.37351171875 0.23651171875 0.3871396484375 0.246818359375 0.3945390625 0.246818359375 0.3985029296875 0.2272626953125 0.394009765625 0.2098212890625 0.3995595703125 0.183923828125 0.4125078125 0.190794921875 0.41779296875 0.1913232421875 0.4222861328125 0.1752041015625 0.4180576171875 0.1350361328125 0.4347060546875 0.1419072265625 0.439462890625 0.130015625 0.4381416015625 0.09592578125 0.45346875 0.100947265625 0.4574326171875 0.093283203125 0.455318359375 0.06262890625 0.4701171875 0.06262890625 0.47223046875 0.049416015625 0.475666015625 0.04756640625 0.47830859375 0.030654296875 0.48438671875 0.003435546875 0.49495703125 0 0.498392578125 0.00023046875 0.5496953125 0.00023046875 0.6293740234375 0.00023046875 0.68233984375 0.062408203125 0.6761220703125 0.140705078125 0.6676015625 0.34665234375 0.6435244140625 0.3864765625 0.639904296875 0.4199658203125 0.645787109375 0.8978681640625 0.7157802734375 0.8918828125 0.96856640625 0.9093837890625 0.96810546875 0.9103046875 0.9457685546875 0.9393203125 0.9436953125 0.941515625 0.889017578125 0.953564453125 0.875248046875 1 0.8732294921875 1 0.253373046875 1 0.186263671875
4 1 0.873693359375 0.9544609375 0.876578125 0.9426025390625 0.8910009765625 0.9403583984375 0.944525390625 0.9111923828125 0.9464482421875 0.9108720703125 0.9685625 0.9621533203125 0.971767578125 1 0.96728125 1 0.873693359375
6 1 0.9684833984375 0.9624853515625 0.9734228515625 0.9109736328125 0.96989453125 0.89298046875 0.96989453125 0.890158203125 0.971658203125 0.7028115234375 0.9910634765625 0.7021064453125 0.9998837890625 1 1 1 0.9684833984375
6 0.6852294921875 1 0.6855966796875 0.993421875 0.641861328125 0.99746484375 0.59298046875 0.99746484375 0.3632109375 0.9975712890625 0.2427509765625 0.9563486328125 0.0692060546875 0.89692578125 0.059712890625 0.8929443359375 0.05848828125 0.89386328125 0.058794921875 0.899375 0.06308203125 0.8975380859375 0.0667568359375 0.8984560546875 0.0692060546875 0.9024375 0.07257421875 0.9061123046875 0.081455078125 0.9162177734375 0.086966796875 0.92509765625 0.0872734375 0.9318349609375 0.0848232421875 0.938265625 0.078392578125 0.9462275390625 0.0710439453125 0.94837109375 0.0633876953125 0.94837109375 0.0575693359375 0.9471455078125 0.0575693359375 0.952658203125 0.0514453125 0.952658203125 0.0508330078125 0.943470703125 0.0376650390625 0.936734375 0.033072265625 0.9333662109375 0.0223544921875 0.9333662109375 0.0137802734375 0.930916015625 0.0003330078125 0.9387177734375 0 1 0.6852294921875 1