9 0.7588154296875 0.3994169921875 0.7518603515625 0.3220810546875 0.6466220703125 0.3486796875 0.64952734375 0.423109375 0.7588154296875 0.3994169921875
9 0.7712001953125 0.60002734375 0.7653505859375 0.5048974609375 0.65144140625 0.5276796875 0.6508251953125 0.61819140625 0.7712001953125 0.60002734375
9 0.7757763671875 0.815849609375 0.7733291015625 0.7155126953125 0.6528017578125 0.7317255859375 0.6534140625 0.8268623046875 0.7757763671875 0.815849609375
9 0.7411337890625 0.2218623046875 0.73491796875 0.1553994140625 0.629724609375 0.1879130859375 0.633072265625 0.25294140625 0.7411337890625 0.2218623046875
9 0.255234375 0.32592578125 0.2609384765625 0.2631708984375 0.14882421875 0.304841796875 0.141134765625 0.3633798828125 0.255234375 0.32592578125
9 0.241873046875 0.48162109375 0.2470322265625 0.41303515625 0.13140625 0.445810546875 0.123515625 0.5122724609375 0.241873046875 0.48162109375
9 0.2283505859375 0.6531357421875 0.233615234375 0.578115234375 0.112201171875 0.5995029296875 0.105291015625 0.67057421875 0.2283505859375 0.6531357421875
9 0.2118994140625 0.8373955078125 0.2184794921875 0.756453125 0.0957490234375 0.762046875 0.089498046875 0.8383828125 0.2118994140625 0.8373955078125
9 0.483470703125 0.8252783203125 0.486265625 0.7464677734375 0.3529580078125 0.7584853515625 0.3518544921875 0.832544921875 0.483470703125 0.8252783203125
9 0.4893515625 0.6809912109375 0.4906337890625 0.557291015625 0.362447265625 0.5810048828125 0.3557177734375 0.695412109375 0.4893515625 0.6809912109375
9 0.5002421875 0.4863466796875 0.49440625 0.3876875 0.3754599609375 0.4196474609375 0.3779609375 0.5113583984375 0.5002421875 0.4863466796875
9 0.4930947265625 0.2523828125 0.4928515625 0.2297998046875 0.3812490234375 0.267701171875 0.3817353515625 0.2861796875 0.4930947265625 0.2523828125
0 0.5119912109375 0.6908076171875 0.5469951171875 0.7047255859375 0.549525390625 0.6162822265625 0.514099609375 0.5981474609375 0.2816884765625 0.6365166015625 0.277849609375 0.7120029296875 0.5119912109375 0.6908076171875
0 0.5097744140625 0.8472783203125 0.5479990234375 0.844875 0.548216796875 0.817353515625 0.5123955078125 0.8088349609375 0.2701630859375 0.8204111328125 0.267791015625 0.8223779296875 0.26648046875 0.8551416015625 0.5097744140625 0.8472783203125
0 0.513365234375 0.490771484375 0.55190625 0.5126767578125 0.5496875 0.42989453125 0.5144736328125 0.405494140625 0.2911357421875 0.460548828125 0.2897490234375 0.536798828125 0.513365234375 0.490771484375
0 0.5107568359375 0.3084384765625 0.5453935546875 0.335193359375 0.5474970703125 0.2570322265625 0.510220703125 0.233876953125 0.3048310546875 0.299419921875 0.302125 0.3706669921875 0.5107568359375 0.3084384765625
2 1 0.34105859375 0.977724609375 0.2854794921875 0.9083779296875 0.148328125 0.836484375 0.02203125 0.82271484375 0.012392578125 0.809318359375 0.01490234375 0.6484794921875 0.0978330078125 0.334279296875 0.2071796875 0.3099208984375 0.189099609375 0.304396484375 0.188095703125 0.1049658203125 0.2702001953125 0.0992568359375 0.2746123046875 0.0986513671875 0.2803623046875 0.110453125 0.290953125 0.10984765625 0.296703125 0.0886650390625 0.30638671875 0.0886650390625 0.31153125 0.105611328125 0.322123046875 0.0671796875 0.6212626953125 0 0.599171875 0 1 1 1 1 0.34105859375
5 1 0.82260546875 0.9687509765625 0.80472265625 0.9447021484375 0.80533984375 0.7745078125 0.8281552734375 0.53236328125 0.848001953125 0.419 0.8513359375 0.3034140625 0.8552265625 0.2422861328125 0.8568935546875 0.13058984375 0.8580048828125 0.011669921875 0.8552265625 0.0088916015625 0.87467578125 0.00761328125 0.8975458984375 0.0783544921875 0.909685546875 0.10891796875 0.9196875 0.1242294921875 0.92778515625 0.125240234375 0.94879296875 0.1333203125 0.9548525390625 0.1327138671875 0.958892578125 0.12968359375 0.9590947265625 0.1220078125 0.9548525390625 0.11291796875 0.9629326171875 0.102818359375 0.96778125 0.0686025390625 0.9671845703125 0.0651982421875 1 1 1 1 0.82260546875