2 1 0 0.20169140625 0.00105078125 0.001474609375 0.001474609375 0.001474609375 0.76399609375 0.0007568359375 0.849546875 0 1 0.1415908203125 1 0.214279296875 1 0.2182099609375 1 0.2146591796875 0.995736328125 0.2116552734375 0.9883623046875 0.2168447265625 0.9629638671875 0.22094140625 0.9531318359375 0.225037109375 0.93046484375 0.234869140625 0.91790234375 0.260267578125 0.9004228515625 0.2741962890625 0.895234375 0.3416533203125 0.8911376953125 0.363228515625 0.8960537109375 0.4035361328125 0.9173056640625 0.4341025390625 0.953724609375 0.4367041015625 0.959251953125 0.4428818359375 0.953724609375 0.4497109375 0.95307421875 0.454587890625 0.95567578125 0.4539375 0.965755859375 0.445158203125 0.9907939453125 0.4435322265625 0.997296875 0.45783984375 0.9914443359375 0.4656435546875 0.9901435546875 0.4701962890625 0.9855908203125 0.478650390625 0.9855908203125 0.48190234375 0.9868916015625 0.483853515625 0.9901435546875 0.497439453125 0.99298828125 0.50387109375 0.998662109375 0.6578310546875 1 0.851009765625 0.9991484375 0.8643359375 0.9760341796875 0.883451171875 0.959912109375 0.9097060546875 0.9474755859375 0.9226025390625 0.94056640625 0.9281298828125 0.932275390625 0.94056640625 0.9373427734375 0.9612939453125 0.92951171875 0.976494140625 0.926748046875 1 0.930099609375 1 0
9 0 0.16595703125 0.0352236328125 0.1795048828125 0.059609375 0.107025390625 0 0.0867041015625 0 0.16595703125
9 0.1029609375 0 0.025740234375 0.0020322265625 0.0914453125 0.02303125 0.1029609375 0
9 0.365970703125 0.6900546875 0.381201171875 0.5902060546875 0.28769921875 0.5660908203125 0.2724677734375 0.6676318359375 0.365970703125 0.6900546875
9 0.5873251953125 0.7340390625 0.5925146484375 0.642048828125 0.4778798828125 0.6151591796875 0.4684453125 0.712810546875 0.5873251953125 0.7340390625
9 0.7781181640625 0.768830078125 0.779666015625 0.6718232421875 0.675951171875 0.65118359375 0.6738876953125 0.751287109375 0.7781181640625 0.768830078125
9 0.9587158203125 0.8023701171875 0.95716796875 0.7125869140625 0.8761572265625 0.69504296875 0.8761572265625 0.7884384765625 0.9587158203125 0.8023701171875
9 0.954587890625 0.631576171875 0.9530400390625 0.5588212890625 0.877705078125 0.52992578125 0.8766728515625 0.6083564453125 0.954587890625 0.631576171875
9 0.6888515625 0.47626171875 0.6847236328125 0.5598525390625 0.778634765625 0.5841044921875 0.7801826171875 0.50876953125 0.6888515625 0.47626171875
9 0.9514921875 0.47574609375 0.948912109375 0.412279296875 0.872029296875 0.384931640625 0.872029296875 0.4478828125 0.9514921875 0.47574609375
9 0.5983046875 0.5348798828125 0.6030615234375 0.455599609375 0.497353515625 0.422830078125 0.48625390625 0.5063388671875 0.5983046875 0.5348798828125
9 0.392138671875 0.4801298828125 0.4050498046875 0.39405078125 0.3184931640625 0.37253125 0.304146484375 0.4557412109375 0.392138671875 0.4801298828125
9 0.4208310546875 0.2964951171875 0.4342216796875 0.2238056640625 0.356271484375 0.19415625 0.3390556640625 0.2678017578125 0.4208310546875 0.2964951171875
9 0.4500029296875 0.140595703125 0.4614794921875 0.0803408203125 0.3902255859375 0.0554736328125 0.375400390625 0.1147724609375 0.4500029296875 0.140595703125
9 0.6242421875 0.2041865234375 0.6298486328125 0.14437890625 0.5382685546875 0.10793359375 0.5317265625 0.170544921875 0.6242421875 0.2041865234375
9 0.61069140625 0.356509765625 0.6158310546875 0.2854873046875 0.519111328125 0.253248046875 0.5102333984375 0.322400390625 0.61069140625 0.356509765625
9 0.7822392578125 0.415419921875 0.78166015625 0.3465693359375 0.6929267578125 0.3116533203125 0.6910576171875 0.3840771484375 0.7822392578125 0.415419921875
9 0.9386904296875 0.3317431640625 0.9370283203125 0.2743740234375 0.8671875 0.2469365234375 0.8680185546875 0.300564453125 0.9386904296875 0.3317431640625
9 0.9307919921875 0.2037021484375 0.92912890625 0.161298828125 0.8634462890625 0.12845703125 0.861783203125 0.17169140625 0.9307919921875 0.2037021484375
9 0.7822568359375 0.13719921875 0.782810546875 0.0851962890625 0.707572265625 0.0497900390625 0.70369921875 0.1051123046875 0.7822568359375 0.13719921875
9 0.7855732421875 0.266908203125 0.7844072265625 0.2068828125 0.69990625 0.1783271484375 0.6993232421875 0.233107421875 0.7855732421875 0.266908203125
9 1 0.30245703125 0.98954296875 0.301875 0.994205078125 0.3601513671875 1 0.362482421875 1 0.30245703125
9 0.553861328125 0 0.546732421875 0.03838671875 0.637763671875 0.0745791015625 0.6454404296875 0.0131611328125 0.60869921875 0 0.553861328125 0
9 1 0.099439453125 0.969470703125 0.0855126953125 0.9682490234375 0.1341328125 1 0.1421953125 1 0.099439453125
9 1 0.055216796875 0.9995224609375 0.0215 0.95896484375 0.00219921875 0.9601865234375 0.0332275390625 1 0.055216796875
9 0.9526484375 0.9380546875 0.953013671875 0.8953662109375 0.873474609375 0.8851494140625 0.8723798828125 0.9730810546875 0.9526484375 0.9380546875
9 0.7712783203125 0.9670537109375 0.7745888671875 0.8724765625 0.668662109375 0.861126953125 0.6662978515625 0.9594873046875 0.7712783203125 0.9670537109375
9 0.576033203125 0.9475400390625 0.5827568359375 0.8309892578125 0.461708984375 0.81258203125 0.4527578125 0.9329716796875 0.576033203125 0.9475400390625
9 0.278193359375 0.8401318359375 0.264623046875 0.8401318359375 0.257837890625 0.904900390625 0.292380859375 0.90181640625 0.3324755859375 0.8956474609375 0.347279296875 0.897498046875 0.3596162109375 0.7858505859375 0.2615390625 0.767345703125 0.257837890625 0.800654296875 0.2800439453125 0.80435546875 0.278193359375 0.8401318359375
8 0.4348271484375 1 0.4423251953125 0.99696484375 0.4454453125 0.9851787109375 0.4532255859375 0.965767578125 0.45280859375 0.956578125 0.448212890625 0.9549072265625 0.442041015625 0.956765625 0.436181640625 0.9636015625 0.4344287109375 0.956578125 0.416162109375 0.93381640625 0.400048828125 0.9167265625 0.361962890625 0.8971953125 0.341455078125 0.8923125 0.275048828125 0.89621875 0.260400390625 0.902078125 0.235986328125 0.9186796875 0.225732421875 0.93088671875 0.220849609375 0.95432421875 0.2172138671875 0.96326171875 0.2138720703125 0.9774638671875 0.212201171875 0.9879072265625 0.2147080078125 0.9941728515625 0.219302734375 1 0.4348271484375 1
8 0.501625 1 0.5010771484375 0.99722265625 0.4958720703125 0.9944833984375 0.4876533203125 0.9933876953125 0.4827216796875 0.992017578125 0.4818994140625 0.9895517578125 0.480255859375 0.9870859375 0.47505078125 0.9862646484375 0.470119140625 0.9870859375 0.46683203125 0.9914697265625 0.45888671875 0.9925654296875 0.445462890625 0.9977705078125 0.4451884765625 1 0.501625 1
8 0.6686806640625 1 0.6734111328125 0.9575751953125 0.6744248046875 0.9528447265625 0.6801689453125 0.9518310546875 0.6977392578125 0.9565615234375 0.7041591796875 0.9572373046875 0.7112548828125 0.9609541015625 0.7180126953125 0.9690634765625 0.7267978515625 0.9741318359375 0.7423408203125 0.9764970703125 0.7518017578125 0.9785244140625 0.7629521484375 0.9751455078125 0.7690341796875 0.9744697265625 0.7754541015625 0.9785244140625 0.7862666015625 0.9842685546875 0.7906591796875 0.9832548828125 0.7909970703125 0.9798759765625 0.7828876953125 0.9758212890625 0.7839013671875 0.9653466796875 0.7987685546875 0.9690634765625 0.81059375 0.9683876953125 0.8173515625 0.9666982421875 0.82343359375 0.9650087890625 0.827150390625 0.9599404296875 0.824447265625 0.9548720703125 0.819716796875 0.95048046875 0.81802734375 0.944060546875 0.81937890625 0.941357421875 0.821068359375 0.934599609375 0.816337890625 0.927166015625 0.8092421875 0.923787109375 0.8031611328125 0.920408203125 0.8041748046875 0.912298828125 0.7997822265625 0.898107421875 0.7923486328125 0.88628125 0.7909970703125 0.878171875 0.7798466796875 0.869724609375 0.7639658203125 0.865669921875 0.7494365234375 0.862291015625 0.7403134765625 0.860263671875 0.7365966796875 0.858236328125 0.7281494140625 0.856546875 0.7139580078125 0.862291015625 0.66884765625 0.87439453125 0.664326171875 0.879328125 0.65487109375 0.884671875 0.64623828125 0.8867275390625 0.6289716796875 0.8896044921875 0.6186943359375 0.8953603515625 0.6133505859375 0.9023486328125 0.6117060546875 0.9101591796875 0.6133505859375 0.91879296875 0.6211611328125 0.921669921875 0.6330830078125 0.92578125 0.6293828125 0.9286591796875 0.62239453125 0.9331806640625 0.6195166015625 0.9401689453125 0.6219833984375 0.94140234375 0.633494140625 0.943046875 0.640482421875 0.943046875 0.6511708984375 0.945513671875 0.6577490234375 0.9492138671875 0.66021484375 0.9578466796875 0.6598037109375 0.9993671875 0.6686806640625 1
8 0.9996103515625 1 1 0.931009765625 0.9905107421875 0.9285595703125 0.9733603515625 0.929259765625 0.9593603515625 0.93241015625 0.939759765625 0.9390595703125 0.9285595703125 0.93416015625 0.92716015625 0.9355595703125 0.922609375 0.9436103515625 0.908609375 0.949560546875 0.8830595703125 0.9632099609375 0.870109375 0.97266015625 0.8603095703125 0.9842099609375 0.851208984375 0.9996103515625 0.9996103515625 1
8 0.2261650390625 0 0.229892578125 0.0086982421875 0.2379697265625 0.015533203125 0.2466689453125 0.01926171875 0.2584736328125 0.0236103515625 0.2522607421875 0.03106640625 0.2479111328125 0.034794921875 0.240455078125 0.034794921875 0.2323779296875 0.036037109375 0.2230576171875 0.0391435546875 0.218708984375 0.044736328125 0.218708984375 0.05219140625 0.22430078125 0.057162109375 0.2342421875 0.0621328125 0.24418359375 0.0621328125 0.2553671875 0.0497060546875 0.2671728515625 0.055298828125 0.2777353515625 0.0627548828125 0.270900390625 0.0695888671875 0.2640654296875 0.07207421875 0.249775390625 0.0695888671875 0.2572314453125 0.0789091796875 0.26530859375 0.08263671875 0.2721435546875 0.086986328125 0.2783564453125 0.0944423828125 0.281462890625 0.1124609375 0.271521484375 0.139177734375 0.2684150390625 0.159060546875 0.271521484375 0.1652744140625 0.260958984375 0.17273046875 0.2541240234375 0.17273046875 0.2373486328125 0.169001953125 0.2317568359375 0.178943359375 0.2435615234375 0.188263671875 0.259716796875 0.19385546875 0.26530859375 0.1957197265625 0.251638671875 0.2075244140625 0.249775390625 0.214359375 0.249775390625 0.22554296875 0.251638671875 0.230513671875 0.256609375 0.2218154296875 0.2646875 0.210009765625 0.270279296875 0.208767578125 0.27711328125 0.210630859375 0.2845693359375 0.2162236328125 0.28643359375 0.21373828125 0.2839482421875 0.2013115234375 0.280841796875 0.1826708984375 0.2889189453125 0.16341015625 0.3001025390625 0.159681640625 0.31687890625 0.1509833984375 0.3175 0.13296484375 0.333033203125 0.118673828125 0.3386259765625 0.1360712890625 0.3373828125 0.1565751953125 0.3454599609375 0.1665166015625 0.3541591796875 0.1671376953125 0.3653427734375 0.158439453125 0.378390625 0.16341015625 0.382119140625 0.1770791015625 0.382119140625 0.1870205078125 0.3802548828125 0.20441796875 0.383982421875 0.209388671875 0.3920595703125 0.21498046875 0.403244140625 0.2236796875 0.4119423828125 0.2286494140625 0.4169130859375 0.220572265625 0.4063505859375 0.2013115234375 0.4007587890625 0.178322265625 0.4001376953125 0.16403125 0.410078125 0.16465234375 0.40945703125 0.1565751953125 0.4001376953125 0.137935546875 0.4020009765625 0.1230234375 0.4069716796875 0.1056259765625 0.423126953125 0.10127734375 0.4274755859375 0.0838798828125 0.4486015625 0.055298828125 0.4616494140625 0.055298828125 0.44922265625 0.0851220703125 0.4566787109375 0.108111328125 0.4666201171875 0.1335859375 0.47096875 0.1609248046875 0.4827744140625 0.1808076171875 0.5038994140625 0.2075244140625 0.515705078125 0.2162236328125 0.5194326171875 0.2267861328125 0.5175693359375 0.239212890625 0.51135546875 0.2466689453125 0.496443359375 0.260337890625 0.474697265625 0.27587109375 0.4976865234375 0.281462890625 0.51135546875 0.281462890625 0.5442861328125 0.281462890625 0.5237822265625 0.3088017578125 0.5026572265625 0.3237138671875 0.484638671875 0.33676171875 0.4778037109375 0.3454599609375 0.46040625 0.35788671875 0.443630859375 0.362857421875 0.4274755859375 0.374041015625 0.4268544921875 0.3808759765625 0.453572265625 0.3796337890625 0.485880859375 0.3647216796875 0.5119765625 0.3386259765625 0.4833955078125 0.3858466796875 0.48153125 0.3951669921875 0.505763671875 0.378390625 0.515083984375 0.372177734375 0.5386943359375 0.3653427734375 0.566654296875 0.35788671875 0.5852939453125 0.3498095703125 0.605884765625 0.38394921875 0.628818359375 0.397265625 0.6569296875 0.3980048828125 0.67764453125 0.380990234375 0.6794697265625 0.344083984375 0.6901015625 0.30445703125 0.7084658203125 0.283193359375 0.7306962890625 0.276427734375 0.7722568359375 0.2619296875 0.7886875 0.2619296875 0.8138173828125 0.2957578125 0.8350810546875 0.3150888671875 0.85827734375 0.3150888671875 0.8631103515625 0.30445703125 0.93656640625 0.339251953125 0.958796875 0.35858203125 0.972328125 0.3692138671875 0.971361328125 0.388544921875 0.9839267578125 0.400142578125 0.999390625 0.3991767578125 1 0 0.2261650390625 0