0 1 0.2756103515625 0.791482421875 0.24578515625 0.581990234375 0.221892578125 0.5805556640625 0.228587890625 0.573861328125 0.23145703125 0.5599921875 0.2295439453125 0.430158203125 0.2180751953125 0.4289599609375 0.216078125 0.4285615234375 0.2092880859375 0.4261650390625 0.2068916015625 0.1108115234375 0.1890625 0.0635029296875 0.1929990234375 0.0477314453125 0.1992255859375 0.035279296875 0.208771484375 0.025318359375 0.2191474609375 0.0232548828125 0.222505859375 0.0224619140625 0.27588671875 0.0266904296875 0.276943359375 0.029068359375 0.276150390625 0.034353515625 0.253953125 0.044923828125 0.2420615234375 0.05734375 0.2373046875 0.075578125 0.232283203125 0.09301953125 0.2309619140625 0.2386259765625 0.23571875 0.4877314453125 0.25109765625 1 0.3131689453125 1 0.2756103515625
0 0.4437734375 0 0.693158203125 0.03897265625 0.8768876953125 0.0723779296875 1 0.105783203125 1 0.0719287109375 0.91133984375 0.0503505859375 0.7868544921875 0.0256103515625 0.640984375 0 0.4437734375 0
0 1 0.5559541015625 0.6369189453125 0.5573037109375 0.3131474609375 0.543953125 0.0569755859375 0.5373232421875 0.041197265625 0.539076171875 0.016857421875 0.5455791015625 0.0005615234375 0.553259765625 0 0.6184150390625 0.0050546875 0.607181640625 0.0240107421875 0.59531640625 0.073443359375 0.59178515625 0.292076171875 0.60044140625 1 0.6085810546875 1 0.5559541015625
9 0.343146484375 1 0.33477734375 0.8034658203125 0.0815908203125 0.799353515625 0.0826484375 0.9991005859375 0.343146484375 1
9 0.866615234375 0.98153125 0.8424228515625 0.793173828125 0.64974609375 0.802677734375 0.667890625 1 0.866615234375 0.98153125
9 0.8188154296875 0.5998837890625 0.792154296875 0.4619619140625 0.6137275390625 0.456833984375 0.632697265625 0.5978330078125 0.8188154296875 0.5998837890625
9 0.32169140625 0.5925537109375 0.3190166015625 0.4420751953125 0.1050009765625 0.43873046875 0.096306640625 0.58653515625 0.32169140625 0.5925537109375
9 0.3163408203125 0.23341015625 0.313666015625 0.1551611328125 0.1223896484375 0.1457978515625 0.1170390625 0.219365234375 0.3163408203125 0.23341015625
9 0.7469873046875 0.2675 0.7288076171875 0.1967294921875 0.5716845703125 0.1785498046875 0.5840205078125 0.2522421875 0.7469873046875 0.2675
9 0.9987255859375 0.3014560546875 0.999134765625 0.2642841796875 0.99668359375 0.2393671875 0.9309189453125 0.2291552734375 0.9501171875 0.2957373046875 0.9987255859375 0.3014560546875
9 0.9996171875 0.09760546875 0.9993115234375 0.061806640625 0.862541015625 0.030291015625 0.8720263671875 0.065478515625 0.9996171875 0.09760546875
9 0.58858203125 0 0.5902431640625 0.0157734375 0.684880859375 0.03030078125 0.6798994140625 0 0.58858203125 0
8 1 0.81749609375 0.96484765625 0.8205234375 0.7188017578125 0.840892578125 0.6395634765625 0.8473603515625 0.50534375 0.8586806640625 0.39052734375 0.8597021484375 0.317302734375 0.861736328125 0.204755859375 0.8603798828125 0.0969541015625 0.861736328125 0.040001953125 0.8590234375 0 0.852244140625 0 0.9999072265625 1 0.999162109375 1 0.81749609375
2 0 0 0 0.8466533203125 0.0790341796875 0.85578515625 0.526771484375 0.8520810546875 1 0.8121328125 0.9998916015625 0 0 0
9 0.4437099609375 0.248171875 0.5681884765625 0.2561650390625 0.53849609375 0.0753662109375 0.4246767578125 0.0624248046875 0.4437099609375 0.248171875
9 0.475685546875 0.60163671875 0.61767578125 0.6035390625 0.58569921875 0.3441552734375 0.4574140625 0.335400390625 0.475685546875 0.60163671875