9 0.108912109375 0.2756962890625 0.088416015625 0.3604951171875 0.150306640625 0.3460263671875 0.1716064453125 0.253591796875 0.108912109375 0.2756962890625
9 0.11722265625 0.5097744140625 0.134470703125 0.41203515625 0.0769775390625 0.4219375 0.0597294921875 0.516162109375 0.11722265625 0.5097744140625
9 0.0959970703125 0.686330078125 0.1086376953125 0.58657421875 0.039287109375 0.590673828125 0.031087890625 0.687013671875 0.0959970703125 0.686330078125
9 0.3451171875 0.7058642578125 0.359513671875 0.5886318359375 0.1620693359375 0.588220703125 0.149728515625 0.69064453125 0.3451171875 0.7058642578125
9 0.3712890625 0.4970654296875 0.3855009765625 0.39616015625 0.1922177734375 0.408595703125 0.1751630859375 0.5041708984375 0.3712890625 0.4970654296875
9 0.399427734375 0.3173330078125 0.4155244140625 0.22075390625 0.2256494140625 0.2440771484375 0.2069560546875 0.3337578125 0.399427734375 0.3173330078125
9 0.710451171875 0.794962890625 0.7136103515625 0.69662890625 0.613697265625 0.6934697265625 0.6069833984375 0.7898291015625 0.710451171875 0.794962890625
9 0.8992041015625 0.7983515625 0.9018984375 0.6967294921875 0.797966796875 0.694419921875 0.793732421875 0.7952724609375 0.8992041015625 0.7983515625
9 0.889681640625 1 0.898859375 0.887234375 0.582736328125 0.873453125 0.5697001953125 1 0.889681640625 1
5 0.341591796875 0.819669921875 0.1312080078125 0.7962939453125 0.1131103515625 0.9403203125 0.32952734375 0.9795322265625 0.341591796875 0.819669921875
5 0.0177939453125 0.782935546875 0.0048525390625 0.9074931640625 0.07117578125 0.9301396484375 0.0841171875 0.792640625 0.0177939453125 0.782935546875
9 0.7173115234375 0.392580078125 0.7220283203125 0.2902626953125 0.61934765625 0.29715625 0.61027734375 0.3936689453125 0.7173115234375 0.392580078125
0 0.5236376953125 0.7018916015625 0.5116640625 0.700310546875 0.3849306640625 0.6951142578125 0.3808642578125 0.6971474609375 0.379283203125 0.700310546875 0.3745390625 0.761982421875 0.375216796875 0.7671787109375 0.37725 0.7692119140625 0.390126953125 0.7746337890625 0.4491025390625 0.778248046875 0.5191328125 0.7845732421875 0.5518896484375 0.793158203125 0.556181640625 0.7920283203125 0.5579892578125 0.789091796875 0.5638623046875 0.72244921875 0.5236376953125 0.7018916015625
7 0.5275341796875 1 0.5329169921875 0.9183525390625 0.53516015625 0.87798046875 0.5457021484375 0.8759619140625 0.5564677734375 0.8728212890625 0.5589345703125 0.8690087890625 0.56409375 0.8683193359375 0.56835546875 0.8627119140625 0.573962890625 0.86091796875 0.582037109375 0.8588994140625 0.5838310546875 0.8528427734375 0.5829345703125 0.8463388671875 0.5797939453125 0.8436474609375 0.56790625 0.8391611328125 0.5694765625 0.8369189453125 0.5797939453125 0.833330078125 0.58450390625 0.82884375 0.5854013671875 0.822115234375 0.5824853515625 0.817853515625 0.5726171875 0.811349609375 0.563869140625 0.805517578125 0.5564677734375 0.804171875 0.5425615234375 0.8035693359375 0.545029296875 0.7694775390625 0.5483935546875 0.767009765625 0.549962890625 0.76297265625 0.5465986328125 0.7499638671875 0.543234375 0.7425625 0.539421875 0.738525390625 0.5356083984375 0.73830078125 0.5317958984375 0.7414404296875 0.525291015625 0.7544501953125 0.523720703125 0.76028125 0.5239453125 0.763421875 0.5286552734375 0.76835546875 0.5261884765625 0.7995615234375 0.522599609375 0.8044951171875 0.521478515625 0.816158203125 0.516095703125 0.9142734375 0.511609375 1 0.5275341796875 1
8 1 0.5002978515625 0.9997861328125 0.48641015625 0.993044921875 0.475001953125 0.9754140625 0.472927734375 0.9588193359375 0.468779296875 0.9422255859375 0.45737109375 0.942744140625 0.441814453125 0.9432626953125 0.429369140625 0.953115234375 0.42158984375 0.965560546875 0.4153671875 0.9769697265625 0.4070703125 0.98163671875 0.397736328125 0.9795625 0.3795869140625 0.971265625 0.369734375 0.961412109375 0.369734375 0.95000390625 0.370771484375 0.935484375 0.3712900390625 0.921841796875 0.36723046875 0.898115234375 0.36618359375 0.8866005859375 0.3665322265625 0.8747373046875 0.3724638671875 0.863572265625 0.3745576171875 0.8384501953125 0.372115234375 0.82100390625 0.372115234375 0.8011162109375 0.3696728515625 0.7948349609375 0.3728134765625 0.7909970703125 0.3797919921875 0.7916953125 0.387119140625 0.7958818359375 0.3982841796875 0.7909970703125 0.404564453125 0.7773896484375 0.398982421875 0.7627353515625 0.3906083984375 0.7547099609375 0.3918349609375 0.7473828125 0.4026513671875 0.7442421875 0.4134677734375 0.7417998046875 0.420794921875 0.7390087890625 0.4323095703125 0.7421484375 0.450453125 0.7379619140625 0.4609208984375 0.7358681640625 0.4689462890625 0.7376123046875 0.4804599609375 0.742498046875 0.49790625 0.718421875 0.488833984375 0.6992314453125 0.4846474609375 0.6629443359375 0.4734814453125 0.645498046875 0.4720859375 0.6284013671875 0.4752265625 0.61898046875 0.4727841796875 0.614095703125 0.4731328125 0.6127001953125 0.4794130859375 0.6158408203125 0.4856943359375 0.6266572265625 0.48918359375 0.6556171875 0.486740234375 0.66538671875 0.48918359375 0.663642578125 0.4958125 0.65219921875 0.5089677734375 0.635984375 0.5265341796875 0.6260751953125 0.5206787109375 0.61976953125 0.5256328125 0.61976953125 0.5332900390625 0.626525390625 0.545451171875 0.6332822265625 0.5463515625 0.6422900390625 0.544099609375 0.649947265625 0.5368935546875 0.6571533203125 0.535091796875 0.653099609375 0.546802734375 0.6490458984375 0.5562607421875 0.6458935546875 0.5670712890625 0.645443359375 0.57878125 0.648595703125 0.5891416015625 0.6549013671875 0.59905078125 0.6657119140625 0.6112119140625 0.6769716796875 0.6134638671875 0.689583984375 0.6121123046875 0.708951171875 0.608958984375 0.7337236328125 0.611662109375 0.751740234375 0.6188681640625 0.75083984375 0.62877734375 0.7454345703125 0.6332822265625 0.735525390625 0.6328310546875 0.7229140625 0.632380859375 0.713455078125 0.638236328125 0.7130048828125 0.645443359375 0.7152568359375 0.6526494140625 0.720662109375 0.6576044921875 0.7305712890625 0.6630087890625 0.7467861328125 0.6702158203125 0.747236328125 0.6792236328125 0.7503896484375 0.6864306640625 0.7593974609375 0.688232421875 0.7741240234375 0.689515625 0.787572265625 0.695947265625 0.8027734375 0.6971162109375 0.818267578125 0.6865927734375 0.8235302734375 0.67314453125 0.8217763671875 0.664958984375 0.8162216796875 0.655603515625 0.8042353515625 0.63835546875 0.8223603515625 0.6491728515625 0.8325927734375 0.66057421875 0.832884765625 0.68776171875 0.83580859375 0.75950390625 0.834931640625 0.882291015625 0.836685546875 1 0.85821875 1 0.8545888671875 0.8843876953125 0.8556259765625 0.7573408203125 0.85614453125 0.6926845703125 0.8540703125 0.6620888671875 0.85821875 0.646013671875 0.863404296875 0.6299384765625 0.873775390625 0.6154189453125 0.8789609375 0.6123076171875 0.8898505859375 0.608677734375 0.907482421875 0.6102333984375 0.938595703125 0.60971484375 0.9728212890625 0.608677734375 0.987859375 0.604529296875 0.995119140625 0.5988251953125 1 0.587935546875 1 0.5002978515625
2 1 0.2530146484375 0.812025390625 0.2643681640625 0.705521484375 0.2692333984375 0.697953125 0.25733984375 0.651458984375 0.185435546875 0.6249677734375 0.1675947265625 0.5703642578125 0.169216796875 0.5629345703125 0.170279296875 0.55733984375 0.171677734375 0.549451171875 0.1722568359375 0.4547529296875 0.183458984375 0.230015625 0.214384765625 0.1445810546875 0.23294140625 0.1182939453125 0.2453115234375 0.1020576171875 0.2576826171875 0.092779296875 0.269279296875 0.08620703125 0.280490234375 0.0800224609375 0.2940205078125 0.0359521484375 0.4936630859375 0.028283203125 0.5378466796875 0.0198115234375 0.5608916015625 0.0086279296875 0.5869873046875 0 0.619181640625 0 0.9417919921875 0.0664228515625 0.959076171875 0.0877724609375 0.96517578125 0.261234375 0.9952490234375 0.260775390625 1 1 1 1 0.2530146484375
6 0 1 0.2592236328125 0.99978125 0.2582978515625 0.9979287109375 0.0966611328125 0.969216796875 0 0.9427666015625 0 1
9 0.119767578125 0.9373984375 0.3269404296875 0.97599609375 0.337833984375 0.8256298828125 0.134208984375 0.8003388671875 0.119767578125 0.9373984375
9 0.0060458984375 0.906376953125 0.0710634765625 0.9274404296875 0.0827666015625 0.7937783203125 0.02191015625 0.787017578125 0.0060458984375 0.906376953125