2 0.00028515625 0.6009892578125 0.014349609375 0.6030009765625 0.022822265625 0.608958984375 0.0263251953125 0.6214423828125 0.028115234375 0.6335419921875 0.0541328125 0.6338603515625 0.0622783203125 0.63859375 0.07136328125 0.646365234375 0.1443408203125 0.6466162109375 0.2052626953125 0.6476943359375 0.246333984375 0.6495341796875 0.2603212890625 0.65276171875 0.26708203125 0.636751953125 0.2771455078125 0.622400390625 0.29666015625 0.61316015625 0.3154033203125 0.6114599609375 0.31779296875 0.412294921875 0.0010244140625 0.412505859375 0.00028515625 0.6009892578125
8 1 0.5963583984375 0.854248046875 0.6074833984375 0.8081884765625 0.6032490234375 0.7863837890625 0.5800771484375 0.759255859375 0.569728515625 0.72191015625 0.5711845703125 0.6861953125 0.5845673828125 0.666912109375 0.6006162109375 0.657826171875 0.6142060546875 0.642771484375 0.6163046875 0.6272001953125 0.600125 0.6104072265625 0.5922939453125 0.5828779296875 0.5845771484375 0.56572265625 0.5668134765625 0.5387890625 0.564666015625 0.4929052734375 0.572212890625 0.4537509765625 0.5722744140625 0.42514453125 0.5869326171875 0.394380859375 0.5973359375 0.374052734375 0.610140625 0.3590107421875 0.6336669921875 0.3425859375 0.6475927734375 0.3215390625 0.6585966796875 0.3139326171875 0.653708984375 0.3156767578125 0.6182578125 0.3105869140625 0.6130283203125 0.2961181640625 0.611359375 0.26680859375 0.6307275390625 0.258677734375 0.6528779296875 0.2602919921875 0.6781640625 0.255544921875 0.6842568359375 0.2400009765625 0.6703359375 0.2373203125 0.658318359375 0.227267578125 0.6578916015625 0.2224501953125 0.6660791015625 0.2123212890625 0.6800517578125 0.1905859375 0.684259765625 0.1930703125 0.6658271484375 0.2002158203125 0.6490908203125 0.2205771484375 0.6413671875 0.21962890625 0.6309248046875 0.21476953125 0.6134013671875 0.209970703125 0.5942958984375 0.2115 0.5738271484375 0.2027919921875 0.5549326171875 0.2061640625 0.53349609375 0.22570703125 0.481349609375 0.2520205078125 0.4480634765625 0.2633310546875 0.413998046875 0.26940234375 0.3692978515625 0.2639267578125 0.3393642578125 0.25059765625 0.3139853515625 0.220578125 0.2816435546875 0.1868193359375 0.2535234375 0.1461552734375 0.251302734375 0.114111328125 0.256814453125 0.0559267578125 0.2700380859375 0.0240205078125 0.2913212890625 0.00779296875 0.3295830078125 0.0009970703125 0.36482421875 0.0038115234375 0.4358603515625 0.005939453125 0.47755859375 0.0020146484375 0.5201533203125 0.0096015625 0.5429140625 0.032693359375 0.5588310546875 0.079224609375 0.5770732421875 0.081556640625 0.582701171875 0.070640625 0.5974755859375 0.063865234375 0.61116796875 0.0477509765625 0.6100859375 0.034712890625 0.6168779296875 0.0301787109375 0.6274970703125 0.0287919921875 0.6330263671875 0.0547783203125 0.6332783203125 0.0659990234375 0.6424013671875 0.0740615234375 0.6588671875 0.0843984375 0.6633408203125 0.0954306640625 0.671869140625 0.11525 0.674095703125 0.1300859375 0.67823828125 0.1537841796875 0.6961572265625 0.210771484375 0.7341298828125 0.2422099609375 0.7406728515625 0.3283740234375 0.7512646484375 0.49301171875 0.746357421875 0.781173828125 0.7262392578125 0.791458984375 0.7139873046875 0.7986650390625 0.7062587890625 0.80290234375 0.6864462890625 0.81383203125 0.6809453125 1 0.6543291015625 1 0.5963583984375
9 0.698720703125 0.198169921875 0.694205078125 0.1317998046875 0.570021484375 0.115037109375 0.5711396484375 0.183462890625 0.698720703125 0.198169921875
9 0.704015625 0.3621953125 0.70152734375 0.2915244140625 0.5722568359375 0.2805966796875 0.5721396484375 0.3537587890625 0.704015625 0.3621953125
9 0.7073623046875 0.536904296875 0.7039384765625 0.4533515625 0.57715234375 0.4508837890625 0.5784384765625 0.5367958984375 0.7073623046875 0.536904296875
9 0.3661904296875 0.5647275390625 0.3802744140625 0.5617978515625 0.382484375 0.496234375 0.367708984375 0.504244140625 0.3661904296875 0.5647275390625
9 0.36675390625 0.416236328125 0.3810341796875 0.4054228515625 0.378744140625 0.3508671875 0.3651328125 0.3589755859375 0.36675390625 0.416236328125
9 0.3656669921875 0.2752744140625 0.38587109375 0.2569111328125 0.3853125 0.204373046875 0.3667333984375 0.222607421875 0.3656669921875 0.2752744140625
9 0.7910732421875 0.537806640625 0.87612109375 0.53643359375 0.8717001953125 0.4711474609375 0.7870986328125 0.4718349609375 0.7910732421875 0.537806640625
9 0.961009765625 0.5315888671875 0.9568359375 0.468587890625 0.9064599609375 0.46916015625 0.91046875 0.5333349609375 0.961009765625 0.5315888671875
9 0.8159423828125 0.355470703125 0.8721142578125 0.35756640625 0.8693603515625 0.313671875 0.779474609375 0.305267578125 0.7807451171875 0.3660654296875 0.8159423828125 0.355470703125
9 0.9498154296875 0.3664228515625 0.9474599609375 0.3225634765625 0.8966123046875 0.316427734375 0.898626953125 0.3605712890625 0.9498154296875 0.3664228515625
9 0.8110087890625 0.182994140625 0.856833984375 0.1902060546875 0.855169921875 0.1587255859375 0.7723623046875 0.1484814453125 0.7756103515625 0.2025048828125 0.8110087890625 0.182994140625
9 0.94307421875 0.205501953125 0.9420078125 0.1747900390625 0.88787890625 0.1648759765625 0.889087890625 0.1975732421875 0.94307421875 0.205501953125
2 0.4740625 0.734705078125 0.7892060546875 0.7178349609375 0.7998369140625 0.708330078125 0.8036123046875 0.687826171875 0.81258203125 0.682552734375 0.8806279296875 0.6717919921875 1 0.6562783203125 0.998765625 0.093748046875 0.8036689453125 0.0533515625 0.75308984375 0.0835615234375 0.4673916015625 0.0359970703125 0.3186279296875 0.2350966796875 0.31696484375 0.7027021484375 0.4740625 0.734705078125
9 0.286099609375 0.4932880859375 0.31656640625 0.49353515625 0.3171943359375 0.45862109375 0.2862744140625 0.4576787109375 0.286099609375 0.4932880859375
9 0.2091376953125 0.522275390625 0.219607421875 0.5226328125 0.2205673828125 0.49701171875 0.208892578125 0.4964853515625 0.2091376953125 0.522275390625
9 0.0728095703125 0.5035634765625 0.1081962890625 0.5035810546875 0.1085126953125 0.4757080078125 0.0726220703125 0.4751494140625 0.0728095703125 0.5035634765625
9 0.0008681640625 0.5024326171875 0.0082861328125 0.502140625 0.0094833984375 0.474255859375 0.0008701171875 0.47378515625 0.0008681640625 0.5024326171875
9 0 0.621998046875 0.04456640625 0.62421484375 0.044849609375 0.591080078125 0.000189453125 0.5893779296875 0 0.621998046875
9 0.0910732421875 0.623841796875 0.0901748046875 0.591568359375 0.0711064453125 0.5912021484375 0.070650390625 0.591181640625 0.070142578125 0.623728515625 0.0910732421875 0.623841796875
1 0.8032802734375 0.86325390625 0.816353515625 0.863134765625 0.82856640625 0.860236328125 0.842783203125 0.84972265625 0.881470703125 0.85971484375 0.8949765625 0.8734169921875 0.905732421875 0.8806396484375 0.918958984375 0.884265625 0.9390869140625 0.88234765625 0.953810546875 0.8766240234375 0.9645390625 0.8652060546875 0.96946875 0.8540146484375 0.97191796875 0.84011328125 0.9993408203125 0.8305078125 0.999876953125 0.6573740234375 0.8916015625 0.672314453125 0.814728515625 0.6839326171875 0.8049287109375 0.690064453125 0.801642578125 0.7079189453125 0.7902470703125 0.7190849609375 0.781505859375 0.7308056640625 0.773263671875 0.74464453125 0.771650390625 0.7548974609375 0.7705546875 0.777380859375 0.7626357421875 0.796732421875 0.7610966796875 0.8169970703125 0.7650537109375 0.8290927734375 0.7753369140625 0.837421875 0.7875703125 0.85273828125 0.7923984375 0.85699609375 0.8032802734375 0.86325390625
1 0 0.6813662109375 0.024421875 0.681291015625 0.0258876953125 0.6784453125 0.0273125 0.668796875 0.0258193359375 0.662177734375 0.0260458984375 0.653123046875 0.0265654296875 0.63196484375 0.022123046875 0.61008203125 0.013951171875 0.604150390625 0 0.6014501953125 0 0.6813662109375
1 0.0271083984375 0.64217578125 0.0263544921875 0.6609921875 0.028677734375 0.6697421875 0.026376953125 0.680751953125 0.0251064453125 0.6896240234375 0.0285439453125 0.6967919921875 0.0317041015625 0.70021875 0.03672265625 0.7002197265625 0.040025390625 0.6986171875 0.0419326171875 0.6953154296875 0.0484091796875 0.693498046875 0.0675166015625 0.6929189453125 0.0681943359375 0.695451171875 0.070181640625 0.6966416015625 0.0736826171875 0.6965556640625 0.0764619140625 0.69422265625 0.0781064453125 0.6920361328125 0.079001953125 0.6851845703125 0.0783955078125 0.671041015625 0.0714609375 0.6562802734375 0.0679931640625 0.6497470703125 0.06385546875 0.641517578125 0.0543310546875 0.635240234375 0.0284189453125 0.634794921875 0.0271083984375 0.64217578125
1 0.198283203125 0.6565302734375 0.198341796875 0.662736328125 0.201341796875 0.6670654296875 0.1977138671875 0.6778232421875 0.1963330078125 0.68948828125 0.1975341796875 0.6952314453125 0.20158203125 0.699267578125 0.206365234375 0.69972265625 0.2120771484375 0.7026884765625 0.2177529296875 0.704904296875 0.2246923828125 0.7051943359375 0.2297724609375 0.704958984375 0.2325458984375 0.70334765625 0.23555078125 0.699431640625 0.2625185546875 0.6965966796875 0.269896484375 0.6981044921875 0.276384765625 0.6980458984375 0.2814208984375 0.6959296875 0.288646484375 0.691912109375 0.278861328125 0.6866982421875 0.2724599609375 0.6860322265625 0.2664052734375 0.6818203125 0.264060546875 0.67540234375 0.261638671875 0.667396484375 0.2603759765625 0.65725 0.260080078125 0.6535 0.2473857421875 0.650724609375 0.213716796875 0.64928515625 0.209822265625 0.6495751953125 0.20884375 0.649509765625 0.2018427734375 0.6523896484375 0.198283203125 0.6565302734375
7 0.175720703125 0.7083154296875 0.1763974609375 0.6178798828125 0.17947265625 0.616478515625 0.1839033203125 0.6135009765625 0.1865419921875 0.608953125 0.1858232421875 0.603392578125 0.183171875 0.59776171875 0.1797587890625 0.5957724609375 0.1744638671875 0.5945908203125 0.16996484375 0.596169921875 0.1652734375 0.5994384765625 0.164125 0.6045244140625 0.1639150390625 0.60991015625 0.1663974609375 0.61459375 0.1712392578125 0.617923828125 0.17113671875 0.708291015625 0.175720703125 0.7083154296875
6 1 1 0.999662109375 0.831763671875 0.9743330078125 0.84227734375 0.9707529296875 0.8561630859375 0.9642890625 0.8708310546875 0.956412109375 0.8771455078125 0.945603515625 0.8822900390625 0.9307138671875 0.885580078125 0.9178466796875 0.8856552734375 0.9058701171875 0.8833203125 0.8949453125 0.8761064453125 0.885658203125 0.86717578125 0.8807646484375 0.8612822265625 0.842220703125 0.8519404296875 0.8310673828125 0.8604912109375 0.8171748046875 0.8640205078125 0.8044541015625 0.865111328125 0.7906845703125 0.858048828125 0.782619140625 0.849279296875 0.772876953125 0.83775 0.7646767578125 0.8303544921875 0.7612890625 0.8203857421875 0.7599716796875 0.81669921875 0.76123828125 0.7987529296875 0.7685107421875 0.777173828125 0.7707998046875 0.7466669921875 0.7804033203125 0.72805078125 0.48633984375 0.749015625 0.3267783203125 0.753298828125 0.2350068359375 0.7412626953125 0.209861328125 0.734974609375 0.158169921875 0.700759765625 0.129228515625 0.6790185546875 0.11324609375 0.6742607421875 0.0924833984375 0.6718505859375 0.0825029296875 0.6631572265625 0.0762861328125 0.66103125 0.079345703125 0.6716337890625 0.081119140625 0.68773828125 0.0785029296875 0.693140625 0.0751240234375 0.696966796875 0.0702109375 0.6972548828125 0.067294921875 0.6959462890625 0.0660908203125 0.69420703125 0.047890625 0.69474609375 0.042544921875 0.6959404296875 0.0409384765625 0.6994169921875 0.0364189453125 0.701234375 0.031150390625 0.7012412109375 0.0270009765625 0.694798828125 0.023900390625 0.690193359375 0.024669921875 0.683115234375 0 0.683548828125 0.0000107421875 0.999712890625 1 1
7 0.0528076171875 0.6189306640625 0.0547080078125 0.53515234375 0.0560263671875 0.5334580078125 0.0571318359375 0.53090234375 0.057634765625 0.528603515625 0.0573623046875 0.5260908203125 0.0543779296875 0.5248486328125 0.0510322265625 0.525470703125 0.0495048828125 0.52818359375 0.048873046875 0.531265625 0.049947265625 0.5351083984375 0.04948828125 0.6190546875 0.0528076171875 0.6189306640625