2 1 0.1297626953125 0.7368505859375 0.0802392578125 0.5762119140625 0.0601796875 0.4226279296875 0.042626953125 0.317197265625 0.0382392578125 0.1435537109375 0.03259765625 0.00125390625 0.029462890625 0 0.6485888671875 0.2725712890625 0.6579306640625 0.4774697265625 0.659810546875 0.7199638671875 0.6616904296875 1 0.65605078125 1 0.1297626953125
9 0 0.3039931640625 0.1226279296875 0.3065693359375 0.1406611328125 0.0736796875 0 0.06801171875 0 0.3039931640625
9 0.42237109375 0.3195205078125 0.4203134765625 0.087080078125 0.2399833984375 0.0747373046875 0.2290126953125 0.3078642578125 0.42237109375 0.3195205078125
9 0.695677734375 0.33863671875 0.6797275390625 0.1159462890625 0.520837890625 0.0981552734375 0.5275859375 0.3239130859375 0.695677734375 0.33863671875
9 0.92966015625 0.360189453125 0.9028515625 0.1509072265625 0.7770224609375 0.1318818359375 0.8008046875 0.3463525390625 0.92966015625 0.360189453125
9 0.9489453125 0.6505751953125 0.93343359375 0.4078642578125 0.814359375 0.398283203125 0.8248525390625 0.6528564453125 0.9489453125 0.6505751953125
9 0.71421484375 0.6519208984375 0.7079375 0.382943359375 0.528296875 0.37328515625 0.5311943359375 0.647091796875 0.71421484375 0.6519208984375
9 0.4218720703125 0.6499111328125 0.42146484375 0.367712890625 0.2268173828125 0.3575322265625 0.2170439453125 0.641359375 0.4218720703125 0.6499111328125
9 0 0.633798828125 0.10203515625 0.6387216796875 0.117916015625 0.354076171875 0 0.3514560546875 0 0.633798828125
0 0 0 0 0.0252119140625 0.0801796875 0.02369921875 0.419201171875 0.0388251953125 0.7224130859375 0.0751298828125 1 0.1265615234375 1 0 0.7788173828125 0 0 0
6 1 0.9421875 0.9255810546875 0.9540986328125 0.7242568359375 0.9760390625 0.568119140625 0.9866953125 0.4452529296875 0.989830078125 0.32972265625 0.99045703125 0.204974609375 0.98794921875 0.0921376953125 0.9823076171875 0 0.974158203125 0 1 1 1 1 0.9421875
0 0 0.3025341796875 0.1205458984375 0.303705078125 0.1293232421875 0.1977880859375 0.001169921875 0.1948623046875 0 0.3025341796875
0 0.23199609375 0.3066240234375 0.4177548828125 0.3163583984375 0.4153212890625 0.2076611328125 0.2352412109375 0.197115234375 0.23199609375 0.3066240234375
0 0.5291572265625 0.3242421875 0.6937470703125 0.335763671875 0.68633984375 0.23042578125 0.5266875 0.2172587890625 0.5291572265625 0.3242421875
0 0.8011728515625 0.3444384765625 0.9276240234375 0.354818359375 0.917244140625 0.2595078125 0.79079296875 0.245353515625 0.8011728515625 0.3444384765625
0 0.826525390625 0.6487783203125 0.9444853515625 0.6439306640625 0.938021484375 0.5413212890625 0.8208701171875 0.5364736328125 0.826525390625 0.6487783203125
0 0.533017578125 0.643478515625 0.70572265625 0.645232421875 0.700462890625 0.5260048828125 0.5295107421875 0.520744140625 0.533017578125 0.643478515625
0 0.2199814453125 0.6409248046875 0.418408203125 0.644728515625 0.416505859375 0.518572265625 0.2263203125 0.512232421875 0.2199814453125 0.6409248046875
0 0.0007568359375 0.6300185546875 0.1007119140625 0.635318359375 0.1090419921875 0.5073466796875 0 0.50507421875 0.0007568359375 0.6300185546875
3 1 0.6571865234375 0.8248369140625 0.66724609375 0.5180380859375 0.6655693359375 0.1944736328125 0.65886328125 0 0.6521572265625 0 0.9727890625 0.1517001953125 0.983259765625 0.4450322265625 0.9874482421875 0.730900390625 0.9717412109375 0.934044921875 0.951845703125 1 0.937162109375 1 0.6571865234375
9 0.4025048828125 0.763470703125 0.404654296875 0.7090390625 0.1661591796875 0.7054580078125 0.1647265625 0.759173828125 0.4025048828125 0.763470703125
9 0.6825400390625 0.759173828125 0.683255859375 0.707607421875 0.4662470703125 0.7111884765625 0.46553125 0.7620380859375 0.6825400390625 0.759173828125
9 0.870486328125 0.706853515625 0.812009765625 0.706853515625 0.7396826171875 0.71095703125 0.7401962890625 0.757123046875 0.918705078125 0.748916015625 0.918705078125 0.7063408203125 0.870486328125 0.706853515625