2 0 0.913466796875 0.02544921875 0.9137509765625 0.072029296875 0.9161650390625 0.0858984375 0.9209794921875 0.118232421875 0.9287119140625 0.1895625 0.941568359375 0.2330751953125 0.945603515625 0.2350419921875 0.869955078125 0.241056640625 0.869376953125 0.26650390625 0.8683359375 0.31865234375 0.8677734375 0.3717802734375 0.8673203125 0.38330078125 0.6376953125 0.36318359375 0.6265625 0.3673828125 0.6197265625 0.36181640625 0.6171875 0.35400390625 0.61611328125 0.3383818359375 0.6134853515625 0.319603515625 0.6021669921875 0.304298828125 0.594322265625 0.288095703125 0.5912021484375 0.282576171875 0.5918642578125 0.2692197265625 0.5980458984375 0.2336787109375 0.610765625 0.2182158203125 0.6163193359375 0.2069873046875 0.6178525390625 0.198408203125 0.61613671875 0.185966796875 0.6132412109375 0.181677734375 0.6139921875 0.16285546875 0.6280986328125 0.0936181640625 0.6985 0.073109375 0.706251953125 0.063419921875 0.7058994140625 0.057958984375 0.7067802734375 0.0290673828125 0.7184072265625 0 0.7521884765625 0 0.913466796875
9 0.571984375 0.455025390625 0.5723935546875 0.3969189453125 0.552951171875 0.4089462890625 0.5432294921875 0.414548828125 0.5415869140625 0.4724619140625 0.571984375 0.455025390625
9 0.454490234375 0.5237890625 0.45666796875 0.47264453125 0.4345712890625 0.48509375 0.4317705078125 0.5368603515625 0.454490234375 0.5237890625
9 0.4258388671875 0.6452421875 0.4481474609375 0.6358037109375 0.45000390625 0.579888671875 0.4283486328125 0.5901298828125 0.4258388671875 0.6452421875
9 0.566865234375 0.582744140625 0.5679130859375 0.517279296875 0.538251953125 0.532259765625 0.5360048828125 0.5954775390625 0.566865234375 0.582744140625
9 0.4196318359375 0.7572080078125 0.4425419921875 0.75159765625 0.4441787109375 0.6913994140625 0.421619140625 0.6981787109375 0.4196318359375 0.7572080078125
9 0.5323720703125 0.725267578125 0.563287109375 0.7170390625 0.5644619140625 0.646158203125 0.53460546875 0.6561494140625 0.5323720703125 0.725267578125
9 0.43759765625 0.86953125 0.43935546875 0.805078125 0.4173828125 0.80947265625 0.41572265625 0.87080078125 0.43759765625 0.86953125
9 0.56073828125 0.8555146484375 0.561357421875 0.7802197265625 0.52985546875 0.7865205078125 0.52892578125 0.8585107421875 0.56073828125 0.8555146484375
9 0.84404296875 0.48857421875 0.84765625 0.48984375 0.84521484375 0.43125 0.81787109375 0.42021484375 0.81953125 0.4798828125 0.84404296875 0.48857421875
9 0.8231298828125 0.6019755859375 0.85226171875 0.6099091796875 0.8505263671875 0.546439453125 0.8212705078125 0.5373896484375 0.8231298828125 0.6019755859375
9 0.82565625 0.730671875 0.8558837890625 0.734361328125 0.854244140625 0.666734375 0.824939453125 0.6605869140625 0.82565625 0.730671875
9 0.828125 0.86181640625 0.85869140625 0.86337890625 0.8572265625 0.79267578125 0.8275390625 0.78984375 0.828125 0.86181640625
9 0.957421875 0.470703125 0.9783203125 0.4787109375 0.9736328125 0.41298828125 0.95322265625 0.404296875 0.9552734375 0.44189453125 0.957421875 0.470703125
9 0.9650390625 0.57939453125 0.98564453125 0.58564453125 0.98193359375 0.51572265625 0.96123046875 0.508203125 0.9650390625 0.57939453125
9 0.9670361328125 0.6247607421875 0.970369140625 0.6951552734375 0.9920830078125 0.6975791015625 0.9893564453125 0.6233466796875 0.966833984375 0.616984375 0.9670361328125 0.6247607421875
9 0.9724609375 0.73203125 0.974609375 0.81201171875 0.998046875 0.81220703125 0.99580078125 0.73564453125 0.9724609375 0.73203125
9 1 0.856640625 0.9763671875 0.85576171875 0.9763671875 0.9095703125 1 0.90927734375 1 0.856640625
9 0.2846259765625 0.6307890625 0.2993642578125 0.6329189453125 0.300251953125 0.61517578125 0.28569140625 0.6131357421875 0.2846259765625 0.6307890625
9 0.3194296875 0.636201171875 0.319607421875 0.6190791015625 0.3046025390625 0.6171279296875 0.3041591796875 0.6348701171875 0.3194296875 0.636201171875
9 0.323306640625 0.639986328125 0.33724609375 0.6414052734375 0.338400390625 0.622775390625 0.3240166015625 0.62082421875 0.323306640625 0.639986328125
9 0.3561845703125 0.6434423828125 0.3563623046875 0.6261435546875 0.342333984375 0.624724609375 0.3420673828125 0.6425556640625 0.3561845703125 0.6434423828125
9 0.847474609375 0.3696884765625 0.867501953125 0.3772724609375 0.8673193359375 0.35031640625 0.847017578125 0.3419091796875 0.847474609375 0.3696884765625
9 0.8991650390625 0.390322265625 0.8978798828125 0.3623056640625 0.8780185546875 0.3540166015625 0.879654296875 0.3823837890625 0.8991650390625 0.390322265625
9 0.5438642578125 0.342912109375 0.5437294921875 0.3243251953125 0.53255078125 0.332001953125 0.5188125 0.341833984375 0.51854296875 0.3616337890625 0.5438642578125 0.342912109375
9 0.483109375 0.38729296875 0.5054453125 0.3704482421875 0.5055673828125 0.35323828125 0.483353515625 0.368251953125 0.483109375 0.38729296875
7 0.322744140625 1 0.324310546875 0.875326171875 0.3268173828125 0.875482421875 0.326974609375 0.8792421875 0.32932421875 0.8820625 0.380712890625 0.8881728515625 0.38165234375 0.8425810546875 0.376326171875 0.8408583984375 0.3312041015625 0.836470703125 0.32634765625 0.836470703125 0.32337109375 0.8350615234375 0.3200224609375 0.835126953125 0.318359375 0.88154296875 0.2968935546875 0.8820625 0.2896865234375 0.898669921875 0.295796875 0.9079130859375 0.289529296875 0.92123046875 0.293603515625 0.930630859375 0.296580078125 0.932041015625 0.31475390625 0.932197265625 0.3145966796875 1 0.322744140625 1
9 0.539515625 0.9999189453125 0.5387822265625 0.93304296875 0.445232421875 0.9338623046875 0.4436162109375 1 0.539515625 0.9999189453125
9 0.7503271484375 1 0.8980673828125 0.9975498046875 0.897572265625 0.934939453125 0.750822265625 0.9329599609375 0.7503271484375 1
4 0.4353037109375 1 0.436158203125 0.9713115234375 0.40316015625 0.9697724609375 0.4024755859375 0.961736328125 0.4001318359375 0.9599140625 0.37826953125 0.9589072265625 0.3785576171875 0.9571806640625 0.3772783203125 0.95596875 0.3475 0.9559765625 0.3465673828125 1 0.4353037109375 1
4 0.3438154296875 1 0.343677734375 0.96185546875 0.3351171875 0.9629599609375 0.334150390625 1 0.3438154296875 1
9 0.31152734375 0.7003935546875 0.3303193359375 0.70201953125 0.33104296875 0.6741923828125 0.3117080078125 0.6720234375 0.31152734375 0.7003935546875
9 0.21782421875 0.74023828125 0.2414052734375 0.74023828125 0.24170703125 0.716052734375 0.220998046875 0.71469140625 0.21782421875 0.74023828125
9 0.307359375 0.7567119140625 0.3294228515625 0.7578037109375 0.3298603515625 0.72896875 0.3080625 0.727521484375 0.307359375 0.7567119140625
9 0.3039833984375 0.814123046875 0.3262568359375 0.814376953125 0.32663671875 0.7859013671875 0.3047421875 0.7847626953125 0.3039833984375 0.814123046875
9 0.3194541015625 0.8641162109375 0.319794921875 0.8429716796875 0.30171875 0.8429716796875 0.3014912109375 0.864798828125 0.3194541015625 0.8641162109375
9 0.1471455078125 0.879458984375 0.1460595703125 0.9089501953125 0.1573896484375 0.9098818359375 0.172912109375 0.91143359375 0.172291015625 0.88101171875 0.1600283203125 0.880390625 0.1471455078125 0.879458984375
9 0.211328125 0.89006640625 0.2111328125 0.9177802734375 0.2321865234375 0.917583984375 0.2319912109375 0.8898701171875 0.211328125 0.89006640625
9 0.05647265625 0.786154296875 0.0733603515625 0.788451171875 0.0744404296875 0.7629169921875 0.0568779296875 0.76116015625 0.05647265625 0.786154296875
9 0.052451171875 0.8327265625 0.071458984375 0.8336884765625 0.0721806640625 0.80601953125 0.0534140625 0.805056640625 0.052451171875 0.8327265625
9 0.0701171875 0.8708984375 0.0701171875 0.8451171875 0.05166015625 0.84443359375 0.05185546875 0.87021484375 0.0701171875 0.8708984375
9 0.2288994140625 0.6566865234375 0.2287216796875 0.684744140625 0.2441708984375 0.6856318359375 0.2441708984375 0.657751953125 0.2288994140625 0.6566865234375
6 0 0.99990234375 0.10228125 0.99990234375 0.046826171875 0.96996875 0.0450556640625 0.9666240234375 0.0453505859375 0.964853515625 0.0469248046875 0.9630830078125 0.0499736328125 0.9622958984375 0.0549912109375 0.9630830078125 0.060794921875 0.964853515625 0.06207421875 0.95973828125 0.064041015625 0.9497041015625 0.064595703125 0.94557421875 0.0561474609375 0.9428447265625 0.035482421875 0.9349169921875 0.02807421875 0.930498046875 0.02197265625 0.92958984375 0.0220703125 0.93466796875 0.0251953125 0.93623046875 0.02724609375 0.9388671875 0.0283203125 0.9416015625 0.02626953125 0.944921875 0.02236328125 0.946484375 0.0119140625 0.946875 0.00380859375 0.94453125 0 0.9421875 0 0.99990234375
6 0.0718671875 0.95348828125 0.07303125 0.9561669921875 0.0741962890625 0.96105859375 0.0747783203125 0.966533203125 0.0765263671875 0.9667666015625 0.0760595703125 0.949294921875 0.068255859375 0.946033203125 0.0690712890625 0.94952734375 0.0718671875 0.95348828125
6 0.0828857421875 0.967314453125 0.0827802734375 0.9523974609375 0.079734375 0.95113671875 0.080154296875 0.9664736328125 0.0828857421875 0.967314453125
6 0.25466015625 1 0.2318740234375 0.989623046875 0.2320400390625 0.9814736328125 0.209419921875 0.9799765625 0.2097265625 1 0.25466015625 1
5 0.7691962890625 1 0.8427734375 0.99970703125 0.84912109375 0.99833984375 0.89833984375 0.99736328125 0.9095595703125 0.9958701171875 0.9376943359375 0.9942578125 0.935203125 0.939892578125 0.9318330078125 0.939453125 0.9322724609375 0.9278759765625 0.9438486328125 0.9271435546875 0.944875 0.9152744140625 0.9480986328125 0.914541015625 0.9479521484375 0.9058955078125 0.6223046875 0.890982421875 0.423251953125 0.9057216796875 0.4213818359375 0.970134765625 0.4359267578125 0.9709658203125 0.4353037109375 1 0.7691962890625 1
8 1 0.99248046875 0.9379677734375 0.994599609375 0.90976171875 0.9959833984375 0.89769140625 0.9975849609375 0.849435546875 0.998515625 0.84404296875 0.999609375 1 1 1 0.99248046875
0 0.2715419921875 0.8893798828125 0.2712421875 0.868515625 0.24137109375 0.8698662109375 0.241220703125 0.88923046875 0.2715419921875 0.8893798828125
0 0.2944072265625 0.8869296875 0.29677734375 0.8818359375 0.31259765625 0.88154296875 0.3130615234375 0.8680263671875 0.278943359375 0.8689052734375 0.278982421875 0.88678125 0.2944072265625 0.8869296875
8 0.173677734375 1 0.1737685546875 0.9901201171875 0.168638671875 0.9900380859375 0.168822265625 0.997828125 0.1608525390625 0.997828125 0.1610546875 0.99223828125 0.16154296875 0.97602734375 0.1587109375 0.975734375 0.1567578125 0.976125 0.15412109375 0.97846875 0.1523330078125 0.9818818359375 0.1503173828125 0.985638671875 0.15021484375 0.9911640625 0.1450390625 0.99096875 0.143671875 0.9892109375 0.1387890625 0.98891796875 0.1380078125 0.987453125 0.13537109375 0.98676953125 0.13419921875 0.98462109375 0.1293095703125 0.9791875 0.1288994140625 0.9660654296875 0.1318876953125 0.9353427734375 0.1896005859375 0.941591796875 0.1892734375 0.92616015625 0.1899677734375 0.945083984375 0.1888291015625 0.9585341796875 0.186908203125 0.9620263671875 0.1874326171875 0.974599609375 0.18952734375 0.97721875 0.18953125 1 0.2096875 0.9999736328125 0.209291015625 0.97437109375 0.21010546875 0.943234375 0.2336376953125 0.945755859375 0.2338876953125 0.9187685546875 0.2348466796875 0.896787109375 0.23341015625 0.88701953125 0.2354208984375 0.8832841796875 0.2354208984375 0.874666015625 0.2285263671875 0.86920703125 0.2224921875 0.86978125 0.2256533203125 0.86662109375 0.2291005859375 0.8625986328125 0.2319736328125 0.85771484375 0.2354208984375 0.855416015625 0.2446142578125 0.857427734375 0.2529462890625 0.8562783203125 0.257255859375 0.855416015625 0.2641513671875 0.860013671875 0.268748046875 0.8648974609375 0.3003505859375 0.866333984375 0.3000634765625 0.843349609375 0.305048828125 0.8364072265625 0.312072265625 0.8351064453125 0.3219580078125 0.8338056640625 0.326640625 0.833544921875 0.360720703125 0.837447265625 0.3703466796875 0.834845703125 0.3804921875 0.8288623046875 0.3911591796875 0.8145537109375 0.40260546875 0.7937421875 0.4085888671875 0.784896484375 0.4143125 0.771369140625 0.4140517578125 0.7614833984375 0.406248046875 0.7567998046875 0.39740234375 0.757060546875 0.3914189453125 0.7646044921875 0.3859560546875 0.776572265625 0.378671875 0.7890595703125 0.378931640625 0.7802138671875 0.381533203125 0.7607021484375 0.3875166015625 0.751857421875 0.3859560546875 0.7406708984375 0.395841796875 0.7318251953125 0.398703125 0.7159560546875 0.4020849609375 0.7060703125 0.407548828125 0.6922822265625 0.411970703125 0.674591796875 0.408068359375 0.66912890625 0.402865234375 0.669388671875 0.3963623046875 0.677193359375 0.390638671875 0.6891611328125 0.3901181640625 0.7039892578125 0.38517578125 0.709712890625 0.38016796875 0.7120390625 0.38864453125 0.57878515625 0.3832197265625 0.5696298828125 0.37508203125 0.565900390625 0.3713515625 0.5587802734375 0.365587890625 0.5553896484375 0.360501953125 0.55844140625 0.358466796875 0.5672568359375 0.3557548828125 0.5808193359375 0.356771484375 0.59404296875 0.358466796875 0.6048935546875 0.3523642578125 0.6133701171875 0.348294921875 0.6279501953125 0.3428701171875 0.6357490234375 0.3469384765625 0.64897265625 0.3442265625 0.65575390625 0.3401572265625 0.6645693359375 0.3377841796875 0.6893212890625 0.329646484375 0.668638671875 0.3276123046875 0.655076171875 0.3208310546875 0.6340537109375 0.31506640625 0.6286279296875 0.3120146484375 0.636765625 0.3086240234375 0.6577880859375 0.2977734375 0.6655869140625 0.290314453125 0.6655869140625 0.2741708984375 0.6776142578125 0.2804306640625 0.667072265625 0.2873486328125 0.65389453125 0.285701171875 0.629845703125 0.2801005859375 0.6087626953125 0.2721943359375 0.5916318359375 0.2721943359375 0.5774658203125 0.2652763671875 0.5675830078125 0.257041015625 0.5596767578125 0.2488046875 0.548146484375 0.2455107421875 0.54188671875 0.23595703125 0.5405693359375 0.239580078125 0.5313447265625 0.239580078125 0.5244267578125 0.2313447265625 0.518826171875 0.2303564453125 0.5102607421875 0.2260732421875 0.504990234375 0.224755859375 0.4954365234375 0.2221201171875 0.4924716796875 0.2191552734375 0.50070703125 0.2135546875 0.504990234375 0.2092724609375 0.5194853515625 0.2096015625 0.527720703125 0.20268359375 0.51816796875 0.2040009765625 0.509931640625 0.20268359375 0.49477734375 0.2013662109375 0.4802822265625 0.1918125 0.478634765625 0.1964248046875 0.4674345703125 0.1970830078125 0.4466796875 0.2082841796875 0.42987890625 0.205978515625 0.4134072265625 0.1984013671875 0.40055859375 0.2056484375 0.3669560546875 0.2056484375 0.353779296875 0.1993896484375 0.3359892578125 0.1901650390625 0.3201767578125 0.18489453125 0.3083173828125 0.175669921875 0.309634765625 0.1694111328125 0.322482421875 0.164798828125 0.32182421875 0.1565625 0.3149052734375 0.142396484375 0.3211650390625 0.1302080078125 0.3330244140625 0.1180185546875 0.3550966796875 0.118677734375 0.3682744140625 0.115712890625 0.3758515625 0.1083408203125 0.3886748046875 0.106544921875 0.40142578125 0.106365234375 0.4154326171875 0.1081611328125 0.421 0.1112138671875 0.425130859375 0.1078017578125 0.447578125 0.10959765625 0.45566015625 0.10887890625 0.4610478515625 0.1070830078125 0.472541015625 0.1016953125 0.491935546875 0.1016953125 0.506302734375 0.1031328125 0.517078125 0.0972060546875 0.527314453125 0.0946923828125 0.53629296875 0.0946923828125 0.553712890625 0.0941533203125 0.559818359375 0.0882265625 0.574365234375 0.086251953125 0.5860380859375 0.0844560546875 0.5926826171875 0.0842763671875 0.5966337890625 0.085533203125 0.6063310546875 0.0708076171875 0.6167470703125 0.065779296875 0.6232119140625 0.0620078125 0.635962890625 0.064341796875 0.6442236328125 0.0704482421875 0.6541005859375 0.0772724609375 0.65966796875 0.084994140625 0.6702626953125 0.0840966796875 0.6774462890625 0.079068359375 0.689658203125 0.08140234375 0.6980986328125 0.08212109375 0.7077958984375 0.072244140625 0.7182119140625 0.0659580078125 0.730244140625 0.0603916015625 0.7288076171875 0.057517578125 0.723060546875 0.0497958984375 0.7180322265625 0.0501220703125 0.7103466796875 0.0560732421875 0.7054453125 0.05869921875 0.69896875 0.060974609375 0.6928427734375 0.0636005859375 0.6881162109375 0.0644755859375 0.684265625 0.061849609375 0.6811142578125 0.056248046875 0.678138671875 0.0548486328125 0.6746376953125 0.052748046875 0.6720126953125 0.0469716796875 0.672712890625 0.047671875 0.667986328125 0.0509970703125 0.662560546875 0.05222265625 0.657833984375 0.0509970703125 0.6517080078125 0.04574609375 0.6447060546875 0.0420703125 0.638404296875 0.0399697265625 0.632453125 0.0376943359375 0.628251953125 0.0298173828125 0.6247509765625 0.022115234375 0.6259765625 0.015638671875 0.6317529296875 0.013712890625 0.637529296875 0.01161328125 0.64453125 0.0056611328125 0.6441806640625 0.002685546875 0.64173046875 0 0.64072265625 0 0.94169921875 0.00440625 0.9443115234375 0.0125009765625 0.9465654296875 0.0182392578125 0.9465654296875 0.0225419921875 0.9462587890625 0.0265380859375 0.9447216796875 0.0284375 0.9416015625 0.02736328125 0.9390625 0.02530859375 0.9365244140625 0.0220302734375 0.934884765625 0.0213671875 0.91629296875 0.020568359375 0.8829609375 0.02116796875 0.86599609375 0.0226484375 0.8593974609375 0.026287109375 0.855353515625 0.0295224609375 0.852927734375 0.040439453125 0.849693359375 0.0473125 0.8428193359375 0.0602509765625 0.851310546875 0.0687421875 0.8593974609375 0.0624013671875 0.8752841796875 0.0572861328125 0.8834091796875 0.052771484375 0.8906318359375 0.0500634765625 0.8954462890625 0.0305888671875 0.899982421875 0.0277998046875 0.906576171875 0.0255166015625 0.913423828125 0.0468193359375 0.9149453125 0.0558876953125 0.9147705078125 0.0724482421875 0.9167021484375 0.0865244140625 0.92139453125 0.1175751953125 0.9291474609375 0.1220341796875 0.93324609375 0.12130859375 0.963234375 0.12140625 0.97446484375 0.11935546875 0.9776875 0.11427734375 0.97778515625 0.1113330078125 0.976189453125 0.1113330078125 0.9702978515625 0.1082822265625 0.9702978515625 0.1084921875 0.975453125 0.1060888671875 0.9764267578125 0.1017890625 0.976103515625 0.0975517578125 0.9740849609375 0.0942900390625 0.9734541015625 0.092390625 0.97145703125 0.08634375 0.9700244140625 0.08341796875 0.96767578125 0.080390625 0.96669921875 0.08015625 0.969611328125 0.0767900390625 0.969294921875 0.0766796875 0.96708984375 0.0747265625 0.96689453125 0.065322265625 0.9658232421875 0.06212890625 0.9651875 0.06115234375 0.9650390625 0.05509765625 0.96337890625 0.0501171875 0.9625 0.04708984375 0.9634765625 0.04572265625 0.96494140625 0.04552734375 0.96669921875 0.04728515625 0.9697265625 0.1032421875 1 0.173677734375 1
2 0.982818359375 0.34854296875 0.980759765625 0.3480283203125 0.9785732421875 0.3482861328125 0.9779306640625 0.3507294921875 0.936513671875 0.3304072265625 0.936255859375 0.3277060546875 0.948861328125 0.3223037109375 0.9502763671875 0.319474609375 0.9500185546875 0.3117568359375 0.9428154296875 0.3109853515625 0.92648046875 0.3027529296875 0.91005859375 0.29462890625 0.9091796875 0.2916015625 0.90478515625 0.28916015625 0.90205078125 0.28955078125 0.8994140625 0.2923828125 0.89775390625 0.29541015625 0.8810546875 0.30380859375 0.868359375 0.31025390625 0.83662109375 0.29619140625 0.7987275390625 0.31416015625 0.7970673828125 0.31484375 0.7922900390625 0.31318359375 0.7918017578125 0.311328125 0.7905322265625 0.309765625 0.7869189453125 0.31015625 0.7816455078125 0.316015625 0.7784228515625 0.31552734375 0.7605517578125 0.30986328125 0.729962890625 0.296763671875 0.687109375 0.27998046875 0.683203125 0.27783203125 0.6810546875 0.275390625 0.6771484375 0.2744140625 0.672265625 0.27646484375 0.65712890625 0.28603515625 0.65380859375 0.28642578125 0.64111328125 0.28154296875 0.6375 0.27783203125 0.630859375 0.2728515625 0.62685546875 0.2740234375 0.6236328125 0.2767578125 0.62255859375 0.2806640625 0.60078125 0.29765625 0.580859375 0.29326171875 0.5505859375 0.28544921875 0.5447265625 0.2876953125 0.5255859375 0.303125 0.4671875 0.348828125 0.46826171875 0.35234375 0.47001953125 0.35322265625 0.46982421875 0.39208984375 0.44677734375 0.40986328125 0.4408203125 0.4103515625 0.43759765625 0.4126953125 0.43740234375 0.417578125 0.3716796875 0.4669921875 0.36767578125 0.467578125 0.362109375 0.4689453125 0.36259765625 0.4744140625 0.355859375 0.4798828125 0.35654296875 0.48271484375 0.35986328125 0.484375 0.3630859375 0.48486328125 0.36376953125 0.4865234375 0.37109375 0.4884765625 0.39140625 0.49365234375 0.3916015625 0.50068359375 0.38935546875 0.5576171875 0.38857421875 0.560546875 0.3869140625 0.5609375 0.3869140625 0.56650390625 0.388671875 0.56650390625 0.372783203125 0.884720703125 0.330744140625 0.8802958984375 0.2955263671875 0.8845361328125 0.2803427734375 0.88486328125 0.280599609375 0.86641015625 0.2729521484375 0.866078125 0.2731162109375 0.8873046875 0.2424521484375 0.887109375 0.2430302734375 0.867296875 0.2370458984375 0.8679619140625 0.237267578125 0.8810390625 0.232373046875 0.98140234375 0.232373046875 0.9895537109375 0.25596875 0.9997060546875 0.5432529296875 1 0.674240234375 0.9999921875 0.779630859375 1 0.8429794921875 0.9997060546875 0.8482705078125 0.997990234375 0.8983203125 0.9971318359375 0.9081865234375 0.9955595703125 0.9999921875 0.992126953125 1 0.3605146484375 0.982818359375 0.3527880859375 0.982818359375 0.34854296875
6 0.189640625 1 0.1891796875 0.9770703125 0.12912109375 0.967505859375 0.12951171875 0.9789169921875 0.13443359375 0.984388671875 0.13552734375 0.9865771484375 0.13826171875 0.9872802734375 0.13896484375 0.9886875 0.14404296875 0.989078125 0.14513671875 0.9908759765625 0.15005859375 0.9909541015625 0.15029296875 0.985248046875 0.15404296875 0.9782138671875 0.15685546875 0.975869140625 0.15865234375 0.975400390625 0.16177734375 0.975791015625 0.16115234375 0.9978271484375 0.16873046875 0.9976708984375 0.16841796875 0.99001171875 0.17380859375 0.99001171875 0.17380859375 1 0.189640625 1
6 0.0906103515625 0.962541015625 0.0926533203125 0.9661787109375 0.092564453125 0.971146484375 0.094162109375 0.9731865234375 0.0975361328125 0.9735419921875 0.101708984375 0.9759365234375 0.10579296875 0.9762919921875 0.1081015625 0.9752275390625 0.1081015625 0.97008203125 0.1116533203125 0.97008203125 0.1116533203125 0.975759765625 0.114138671875 0.9773564453125 0.1192890625 0.9775341796875 0.1212421875 0.9744287109375 0.1212421875 0.9649365234375 0.090255859375 0.9562421875 0.0906103515625 0.962541015625
3 0.028125 0.93017578125 0.0353515625 0.934375 0.05 0.94013671875 0.06455078125 0.9451171875 0.06845703125 0.9458984375 0.08310546875 0.9521484375 0.09021875 0.9559033203125 0.1210185546875 0.964755859375 0.1295068359375 0.967302734375 0.1888037109375 0.9771240234375 0.209724609375 0.979701171875 0.2322197265625 0.9811328125 0.234060546875 0.9457529296875 0.182626953125 0.94125390625 0.130236328125 0.9315791015625 0.088751953125 0.9222861328125 0.0724375 0.91700390625 0.053318359375 0.9154541015625 0.0414169921875 0.9149775390625 0.021484375 0.9138671875 0.02197265625 0.929296875 0.028125 0.93017578125
7 0.1672734375 0 0.16821875 0.000681640625 0.1933427734375 0.0204072265625 0.2917119140625 0.096423828125 0.3330380859375 0.12783984375 0.437138671875 0.207068359375 0.4397041015625 0.2107138671875 0.4391630859375 0.235498046875 0.419451171875 0.25227734375 0.4178310546875 0.2582177734375 0.4208017578125 0.262267578125 0.442404296875 0.2715830078125 0.4513154296875 0.2722578125 0.456580078125 0.2713125 0.490822265625 0.245392578125 0.5218759765625 0.2651025390625 0.5243056640625 0.266587890625 0.5284912109375 0.269287109375 0.592083984375 0.3844267578125 0.5941083984375 0.3833466796875 0.5326767578125 0.2693828125 0.5391572265625 0.2711376953125 0.54172265625 0.270328125 0.6213818359375 0.287337890625 0.6243525390625 0.284638671875 0.53745703125 0.2651982421875 0.5315166015625 0.2618232421875 0.5257109375 0.2607431640625 0.494244140625 0.24102734375 0.4927333984375 0.2364140625 0.4904765625 0.2332548828125 0.4727578125 0.2246787109375 0.46576171875 0.222986328125 0.4648583984375 0.22151953125 0.4726455078125 0.220841796875 0.4742255859375 0.2182470703125 0.467228515625 0.2107998046875 0.4649716796875 0.210912109375 0.462939453125 0.2155390625 0.4571845703125 0.216328125 0.4560556640625 0.2172314453125 0.45334765625 0.214974609375 0.4508642578125 0.2115888671875 0.44702734375 0.2102353515625 0.4416103515625 0.2060595703125 0.440369140625 0.2057216796875 0.4391279296875 0.2052705078125 0.3350693359375 0.123361328125 0.29612109375 0.0935048828125 0.2489453125 0.056361328125 0.1754033203125 0 0.1672734375 0