9 0.26009375 0.381484375 0.261162109375 0.3169423828125 0.221197265625 0.327201171875 0.2188466796875 0.3896064453125 0.26009375 0.381484375
9 0.3174375 0.3674208984375 0.3197919921875 0.3043525390625 0.2776591796875 0.314296875 0.2745185546875 0.376841796875 0.3174375 0.3674208984375
9 0.2501279296875 0.5247470703125 0.2528828125 0.4500458984375 0.2081845703125 0.458923828125 0.2017548828125 0.5317890625 0.2501279296875 0.5247470703125
9 0.3113583984375 0.51311328125 0.3138076171875 0.4365751953125 0.2660478515625 0.4448408203125 0.2623740234375 0.5213798828125 0.3113583984375 0.51311328125
9 0.2410185546875 0.6788984375 0.24406640625 0.59563671875 0.198138671875 0.6025458984375 0.19244921875 0.682353515625 0.2410185546875 0.6788984375
9 0.305373046875 0.67299609375 0.3078232421875 0.5867275390625 0.257826171875 0.5933447265625 0.2543955078125 0.6759375 0.305373046875 0.67299609375
9 0.2330302734375 0.838494140625 0.2360029296875 0.757052734375 0.1905263671875 0.7591337890625 0.186365234375 0.8408720703125 0.2330302734375 0.838494140625
9 0.298125 0.8376025390625 0.3005029296875 0.750513671875 0.2508642578125 0.753486328125 0.2484873046875 0.8370087890625 0.298125 0.8376025390625
9 0.778138671875 0.3252001953125 0.77025390625 0.2568388671875 0.6469951171875 0.256888671875 0.651974609375 0.3264453125 0.778138671875 0.3252001953125
9 0.6582138671875 0.4031923828125 0.662859375 0.478990234375 0.7955234375 0.473767578125 0.78719921875 0.40210546875 0.6582138671875 0.4031923828125
9 0.8116748046875 0.64066015625 0.8050546875 0.553130859375 0.668978515625 0.5564404296875 0.6722890625 0.643970703125 0.8116748046875 0.64066015625
9 0.82054296875 0.817314453125 0.8166689453125 0.72499609375 0.674962890625 0.73016015625 0.6768994140625 0.82215625 0.82054296875 0.817314453125
9 0.5770810546875 0.3120693359375 0.57361328125 0.26621484375 0.3913251953125 0.2887880859375 0.388353515625 0.336341796875 0.5770810546875 0.3120693359375
9 0.58261328125 0.47273828125 0.578919921875 0.41733984375 0.3933330078125 0.4394990234375 0.393794921875 0.488435546875 0.58261328125 0.47273828125
9 0.5890380859375 0.64084375 0.5854111328125 0.5610625 0.3844033203125 0.5807490234375 0.38595703125 0.6543134765625 0.5890380859375 0.64084375
9 0.5887548828125 0.8292099609375 0.58772265625 0.73839453125 0.3808076171875 0.7481982421875 0.380291015625 0.756970703125 0.3818388671875 0.8338544921875 0.5887548828125 0.8292099609375
9 0.8634306640625 0.313470703125 1 0.3220927734375 0.9976875 0.2759033203125 0.844955078125 0.264818359375 0.846802734375 0.27282421875 0.850498046875 0.319013671875 0.8634306640625 0.313470703125
9 1 0.41241015625 0.86297265625 0.4087763671875 0.869029296875 0.4638857421875 0.8865908203125 0.44995703125 1 0.457830078125 1 0.41241015625
9 0.902767578125 0.63008203125 1 0.6307001953125 0.999845703125 0.55835546875 0.8835986328125 0.55835546875 0.886072265625 0.6412119140625 0.902767578125 0.63008203125
9 1 0.7183525390625 0.894455078125 0.7199013671875 0.894970703125 0.816990234375 0.9187265625 0.809244140625 1 0.80562890625 1 0.7183525390625
5 0.878662109375 0.9047421875 0.6181552734375 0.92144921875 0.3328525390625 0.92658984375 0.2460341796875 0.925775390625 0.168072265625 0.9249755859375 0.156466796875 1 0.7679296875 0.9998056640625 0.79065234375 0.9796650390625 0.822154296875 0.9688203125 0.8784453125 0.9615908203125 0.8789619140625 0.9140791015625 0.878662109375 0.9047421875
9 0.045443359375 0.787560546875 0.0424384765625 0.83826171875 0.093140625 0.8393876953125 0.13219921875 0.84351953125 0.1340771484375 0.7792978515625 0.045443359375 0.787560546875
9 0.1531376953125 0.4809541015625 0.05620703125 0.5122548828125 0.04812890625 0.5486044921875 0.120154296875 0.53682421875 0.1447236328125 0.5445654296875 0.1528017578125 0.483310546875 0.1531376953125 0.4809541015625
9 0.1329443359375 0.3956962890625 0.1607880859375 0.4066767578125 0.1647099609375 0.3545185546875 0.0694130859375 0.3913828125 0.067060546875 0.4168740234375 0.1329443359375 0.3956962890625
9 0.063322265625 0.3397373046875 0.06359765625 0.3199150390625 0.041572265625 0.3309267578125 0.04294921875 0.3468955078125 0.063322265625 0.3397373046875
9 0.167115234375 0.2918330078125 0.167666015625 0.2629248046875 0.1357294921875 0.2758642578125 0.1351787109375 0.3033955078125 0.167115234375 0.2918330078125
9 0.3215390625 0.246458984375 0.3209951171875 0.20919140625 0.277470703125 0.21980078125 0.2763828125 0.2565244140625 0.3215390625 0.246458984375
9 0.5153798828125 0.2121591796875 0.5147412109375 0.165509765625 0.4549912109375 0.174775390625 0.4581865234375 0.218869140625 0.5153798828125 0.2121591796875
9 0.7263154296875 0.196083984375 0.7212333984375 0.1511923828125 0.657283203125 0.1537333984375 0.6560126953125 0.1943896484375 0.7263154296875 0.196083984375
1 1 0.9445625 0.9441982421875 0.95002734375 0.872421875 0.9631435546875 0.8372177734375 0.97061328125 0.8155390625 0.980267578125 0.798779296875 0.9935361328125 0.793677734375 1 1 1 1 0.9445625
7 0.1388525390625 1 0.141044921875 0.95128515625 0.160533203125 0.944220703125 0.16296875 0.9369130859375 0.17027734375 0.93520703125 0.1707646484375 0.9252197265625 0.16223828125 0.9227841796875 0.161994140625 0.92034765625 0.1712509765625 0.91620703125 0.1712509765625 0.9059755859375 0.16491796875 0.9030419921875 0.1654052734375 0.8974384765625 0.172712890625 0.8974384765625 0.1722255859375 0.8859892578125 0.1617509765625 0.880630859375 0.1317880859375 0.878681640625 0.1140048828125 0.8801435546875 0.111296875 0.8855224609375 0.1088701171875 0.9111796875 0.109216796875 0.940998046875 0.129326171875 0.94897265625 0.1300830078125 1 0.1388525390625 1
7 0.0126083984375 1 0.0119970703125 0.996728515625 0.01599609375 0.9122509765625 0.0183125 0.9021162109375 0.0180126953125 0.894611328125 0.022515625 0.8931103515625 0.023416015625 0.90391796875 0.040828125 0.904818359375 0.0420283203125 0.891609375 0.0636435546875 0.884404296875 0.066345703125 0.8696943359375 0.0576396484375 0.866091796875 0.0423291015625 0.866392578125 0.043830078125 0.8594873046875 0.06334375 0.853783203125 0.066345703125 0.837572265625 0.0636435546875 0.8339697265625 0.0483330078125 0.8321689453125 0.0486328125 0.825564453125 0.063943359375 0.817158203125 0.0648447265625 0.8015478515625 0.0486328125 0.800046875 0.0486328125 0.7904404296875 0.0249169921875 0.78651171875 0.0261181640625 0.7657978515625 0.1074736328125 0.7663984375 0.1077734375 0.73577734375 0.0288193359375 0.7342763671875 0.0321220703125 0.6862431640625 0.1486015625 0.6850419921875 0.1876279296875 0.660435546875 0.1867275390625 0.655931640625 0.1603095703125 0.633716796875 0.19123046875 0.593189453125 0.1918310546875 0.58778515625 0.1621103515625 0.542888671875 0.047732421875 0.547091796875 0.0423291015625 0.5413876953125 0.025216796875 0.542587890625 0.01651171875 0.6375224609375 0.0036025390625 0.734806640625 0.001201171875 0.8536884765625 0 1 0.0126083984375 1
0 0.57205859375 0.3525654296875 0.587353515625 0.3686259765625 0.588119140625 0.3189150390625 0.5679814453125 0.2985615234375 0.3612431640625 0.3238544921875 0.3632724609375 0.3770380859375 0.57205859375 0.3525654296875
0 0.409923828125 0.5261708984375 0.580470703125 0.5108759765625 0.595001953125 0.52540625 0.5903486328125 0.46841015625 0.5797958984375 0.45375390625 0.3578330078125 0.4757734375 0.35703125 0.5343427734375 0.409923828125 0.5261708984375
0 0.383921875 0.697482421875 0.58582421875 0.6860107421875 0.5977060546875 0.692470703125 0.5947451171875 0.6352177734375 0.5843798828125 0.622384765625 0.3519111328125 0.6401533203125 0.3563896484375 0.701306640625 0.383921875 0.697482421875
0 0.3663310546875 0.880265625 0.58582421875 0.8733828125 0.5972958984375 0.8764423828125 0.5970771484375 0.8137724609375 0.5830966796875 0.807947265625 0.3471787109375 0.817267578125 0.349505859375 0.8817958984375 0.3663310546875 0.880265625
0 0.8741591796875 0.3584716796875 1 0.3687138671875 0.999625 0.3113583984375 0.861869140625 0.304701171875 0.8470185546875 0.314431640625 0.857259765625 0.37998046875 0.8741591796875 0.3584716796875
0 1 0.454421875 0.8868359375 0.446689453125 0.86661328125 0.46096484375 0.8749404296875 0.5329345703125 0.8957578125 0.515685546875 1 0.518064453125 1 0.454421875
0 0.908505859375 0.6742587890625 1 0.6750078125 0.999037109375 0.6134697265625 0.902005859375 0.614978515625 0.8817236328125 0.62542578125 0.8863935546875 0.689625 0.908505859375 0.6742587890625
0 1 0.7901015625 0.908978515625 0.793265625 0.8931591796875 0.8018544921875 0.8945146484375 0.8154140625 0.8972265625 0.8669423828125 0.9189228515625 0.85790234375 1 0.85021875 1 0.7901015625
2 1 1 0.9999541015625 0.2143779296875 0.9648115234375 0.206345703125 0.9336884765625 0.1988154296875 0.9264091796875 0.176474609375 0.926158203125 0.1566435546875 0.92565625 0.1493642578125 0.83555078125 0.139072265625 0.8332919921875 0.141833984375 0.8149677734375 0.1772275390625 0.739662109375 0.1691953125 0.7381552734375 0.1631708984375 0.7381552734375 0.1320439453125 0.7356455078125 0.130287109375 0.637529296875 0.1307890625 0.6360234375 0.1343037109375 0.6339873046875 0.1699482421875 0.59959765625 0.169697265625 0.5499345703125 0.176474609375 0.534623046875 0.1423359375 0.5296025390625 0.13957421875 0.461869140625 0.1487314453125 0.4302412109375 0.1537509765625 0.4302412109375 0.156763671875 0.442541015625 0.18136328125 0.44304296875 0.1959228515625 0.4080986328125 0.2052099609375 0.4058388671875 0.1984326171875 0.4005673828125 0.195169921875 0.395546875 0.19667578125 0.39454296875 0.1984326171875 0.39454296875 0.209728515625 0.3885185546875 0.2052099609375 0.3819921875 0.2054609375 0.3764697265625 0.20822265625 0.373708984375 0.2114853515625 0.3386201171875 0.1775986328125 0.3310888671875 0.1763427734375 0.250767578125 0.2003134765625 0.25126953125 0.20508203125 0.2600556640625 0.214119140625 0.25704296875 0.2585498046875 0.2389697265625 0.262314453125 0.182490234375 0.234703125 0.1719482421875 0.233447265625 0.119736328125 0.25880078125 0.1140361328125 0.2628115234375 0.1145869140625 0.26666796875 0.120095703125 0.2696982421875 0.1239521484375 0.2738291015625 0.1198203125 0.3079853515625 0.1176171875 0.3090869140625 0.0707900390625 0.29448828125 0.063904296875 0.295865234375 0.02837109375 0.321173828125 0.02726953125 0.3255810546875 0.028095703125 0.330814453125 0.03470703125 0.33384375 0.0325029296875 0.3478916015625 0.0300244140625 0.35147265625 0.018455078125 0.3594609375 0.007162109375 0.3567060546875 0 0.3572578125 0 1 1 1
0 0.1263427734375 0.434130859375 0.155873046875 0.4463076171875 0.1640927734375 0.3963798828125 0.1348662109375 0.3838984375 0.126951171875 0.38359375 0.0152216796875 0.43078125 0.01491796875 0.4788828125 0.1263427734375 0.434130859375
0 0 0.605759765625 0.001767578125 0.6050185546875 0.0427421875 0.5962939453125 0.0465693359375 0.5516083984375 0.1108193359375 0.5399033203125 0.12078125 0.5399033203125 0.1451865234375 0.547375 0.1506650390625 0.531685546875 0.121279296875 0.5214755859375 0.1147392578125 0.5218271484375 0.0458955078125 0.54383203125 0.03772265625 0.5410029296875 0.026091796875 0.543517578125 0.024205078125 0.548232421875 0 0.5589208984375 0 0.605759765625
9 0.7652021484375 1 0.793130859375 0.9766611328125 0.8275302734375 0.9644013671875 0.841494140625 0.9633798828125 0.839791015625 0.9276220703125 0.657236328125 0.939201171875 0.657236328125 1 0.7652021484375 1
9 0.5688681640625 1 0.569392578125 0.941728515625 0.4631904296875 0.944103515625 0.4638310546875 1 0.5688681640625 1
9 0.451662109375 1 0.453263671875 0.9460244140625 0.3991435546875 0.945705078125 0.39818359375 1 0.451662109375 1
9 0.306810546875 1 0.3087314453125 0.943376953125 0.166546875 0.942416015625 0.1633447265625 1 0.306810546875 1
0 0.0302978515625 0.7314765625 0.103212890625 0.724818359375 0.13417578125 0.7294794921875 0.137505859375 0.6895263671875 0.104876953125 0.6855302734375 0.0332939453125 0.6875283203125 0.0302978515625 0.7314765625
0 0.049025390625 0.83441796875 0.061900390625 0.8356552734375 0.065119140625 0.8363984375 0.065119140625 0.8388740234375 0.0646240234375 0.84481640625 0.062890625 0.8490263671875 0.0594248046875 0.85373046875 0.051005859375 0.853482421875 0.0453115234375 0.8562060546875 0.039369140625 0.8596728515625 0.039369140625 0.863634765625 0.039369140625 0.868833984375 0.0450634765625 0.868833984375 0.053482421875 0.868833984375 0.057443359375 0.868833984375 0.0636337890625 0.870072265625 0.063138671875 0.8794814453125 0.0970595703125 0.8804716796875 0.12578125 0.880966796875 0.128009765625 0.8316943359375 0.0940888671875 0.8269892578125 0.0502626953125 0.827732421875 0.049025390625 0.83441796875