9 0.5161103515625 0.2325048828125 0.5587119140625 0.215869140625 0.5550751953125 0.133728515625 0.5171494140625 0.1498447265625 0.5161103515625 0.2325048828125
9 0.5576728515625 0.3948125 0.5576728515625 0.3059130859375 0.5181884765625 0.316310546875 0.5176689453125 0.4078095703125 0.5576728515625 0.3948125
9 0.5176689453125 0.581869140625 0.5561142578125 0.5808291015625 0.5540361328125 0.4856923828125 0.5192275390625 0.49037109375 0.5176689453125 0.581869140625
9 0.5207861328125 0.764451171875 0.5613095703125 0.769650390625 0.5592314453125 0.675552734375 0.5172509765625 0.67381640625 0.5207861328125 0.764451171875
9 0.75551953125 0.1679326171875 0.7941044921875 0.1791416015625 0.791615234375 0.0948623046875 0.7534443359375 0.0848984375 0.75551953125 0.1679326171875
9 0.862978515625 0.2019765625 0.8584140625 0.1197724609375 0.8016572265625 0.10490234375 0.8053076171875 0.1832939453125 0.862978515625 0.2019765625
9 0.9243828125 0.220244140625 0.91857421875 0.144267578125 0.87583984375 0.12890625 0.878744140625 0.2061279296875 0.9243828125 0.220244140625
9 0.98039453125 0.23851171875 0.9729267578125 0.1641962890625 0.9343408203125 0.15381640625 0.9380751953125 0.22688671875 0.98039453125 0.23851171875
9 1 0.24233203125 0.998650390625 0.175904296875 0.9857880859375 0.1738291015625 0.98786328125 0.240255859375 1 0.24233203125
9 0.7609130859375 0.3613427734375 0.812775390625 0.3704755859375 0.8082119140625 0.2670986328125 0.75759375 0.2575498046875 0.7609130859375 0.3613427734375
9 0.8770849609375 0.38085546875 0.873765625 0.289517578125 0.820333984375 0.2750703125 0.8248076171875 0.372966796875 0.8770849609375 0.38085546875
9 0.93392578125 0.3899892578125 0.9293623046875 0.3094462890625 0.8867412109375 0.3004921875 0.892021484375 0.385421875 0.93392578125 0.3899892578125
9 0.9940859375 0.4032744140625 0.9886923828125 0.3210712890625 0.9496923828125 0.312767578125 0.95301171875 0.396216796875 0.9940859375 0.4032744140625
9 0.7629873046875 0.5762373046875 0.810701171875 0.5770673828125 0.8082119140625 0.47119921875 0.76015234375 0.4670283203125 0.7629873046875 0.5762373046875
9 0.828126953125 0.5754072265625 0.8791591796875 0.575822265625 0.876669921875 0.479087890625 0.8256376953125 0.4757666015625 0.828126953125 0.5754072265625
9 0.8945107421875 0.57665234375 0.94180859375 0.575822265625 0.940564453125 0.4853154296875 0.8936806640625 0.4803330078125 0.8945107421875 0.57665234375
9 0.99574609375 0.5762373046875 0.993671875 0.4907119140625 0.9552236328125 0.4862236328125 0.955916015625 0.5774833984375 0.99574609375 0.5762373046875
9 0.7679658203125 0.78407421875 0.8152646484375 0.7795078125 0.8131904296875 0.6765458984375 0.7675517578125 0.6765458984375 0.7679658203125 0.78407421875
9 0.8306162109375 0.7770166015625 0.884552734375 0.7682978515625 0.884552734375 0.67280859375 0.8265595703125 0.675068359375 0.8306162109375 0.7770166015625
9 0.89533984375 0.7674677734375 0.94554296875 0.7587490234375 0.9438837890625 0.666166015625 0.8919287109375 0.66832421875 0.89533984375 0.7674677734375
9 0.9555009765625 0.7570888671875 0.9978203125 0.75169140625 0.9978203125 0.6628447265625 0.954255859375 0.6653359375 0.9555009765625 0.7570888671875
2 0.6015205078125 0.0556904296875 0.49346875 0.1116923828125 0.4897216796875 0.1279423828125 0.4634892578125 0.1410673828125 0.3448212890625 0.2023154296875 0.3529404296875 0.789677734375 0.371052734375 0.7990517578125 0.41976953125 0.8090517578125 0.531568359375 0.8190517578125 0.7226875 0.83280078125 0.7776494140625 0.83842578125 0.907560546875 0.83030078125 1 0.82905078125 0.9999970703125 0.11969140625 0.7951376953125 0.033443359375 0.7176904296875 0 0.6015205078125 0.0556904296875
7 0.5663232421875 0.734646484375 0.5636279296875 0.7493349609375 0.563328125 0.775712890625 0.565724609375 0.8188759765625 0.5744111328125 0.820375 0.5738125 0.7951962890625 0.601970703125 0.794296875 0.604666015625 0.8224736328125 0.6130537109375 0.8227734375 0.6136533203125 0.7999921875 0.61095703125 0.7544306640625 0.6034677734375 0.734646484375 0.5896884765625 0.73075 0.5729140625 0.7322490234375 0.5663232421875 0.734646484375
8 0 0.55972265625 0.0037080078125 0.5677158203125 0.0321103515625 0.5677158203125 0.048974609375 0.5641630859375 0.080927734375 0.5686044921875 0.1040048828125 0.5721572265625 0.1244189453125 0.556169921875 0.1492705078125 0.5552822265625 0.155484375 0.5588349609375 0.1892119140625 0.5348544921875 0.2238271484375 0.5348544921875 0.237140625 0.5446240234375 0.2557802734375 0.64409765625 0.2540048828125 0.7906435546875 0.27708203125 0.7906435546875 0.309921875 0.7888671875 0.3081474609375 0.7568935546875 0.2877333984375 0.62988671875 0.29305859375 0.621005859375 0.309921875 0.6201171875 0.3445380859375 0.61034765625 0.382703125 0.6014658203125 0.4075556640625 0.5890322265625 0.4297451171875 0.5863671875 0.4705732421875 0.5979130859375 0.51140234375 0.5881435546875 0.5247158203125 0.566828125 0.5167275390625 0.55705859375 0.501638671875 0.5384072265625 0.4865498046875 0.533078125 0.4483837890625 0.5339658203125 0.4235322265625 0.526861328125 0.4137685546875 0.49186328125 0.4332958984375 0.49452734375 0.4723486328125 0.495416015625 0.5105146484375 0.4838701171875 0.5424677734375 0.4634423828125 0.5486806640625 0.44123828125 0.52737890625 0.430580078125 0.5043017578125 0.4172578125 0.4821123046875 0.394166015625 0.4696865234375 0.3923896484375 0.4359580078125 0.403935546875 0.404892578125 0.4296923828125 0.3667275390625 0.4492314453125 0.3835908203125 0.4199228515625 0.3835908203125 0.403935546875 0.3578515625 0.4092646484375 0.37027734375 0.37373828125 0.40666796875 0.3559755859375 0.45459765625 0.3453173828125 0.493650390625 0.3346591796875 0.505189453125 0.316896484375 0.49986328125 0.2769296875 0.497201171875 0.2431796875 0.4989765625 0.2067646484375 0.4989765625 0.1898896484375 0.4927626953125 0.162357421875 0.49098828125 0.138376953125 0.5105146484375 0.088640625 0.558443359375 0.0397919921875 0.57264453125 0.0024892578125 0.0035517578125 0 0 0.55972265625
9 0.3277080078125 0.551654296875 0.3277080078125 0.4948046875 0.301412109375 0.49550390625 0.298287109375 0.5526689453125 0.3277080078125 0.551654296875
9 0.298287109375 0.6531708984375 0.331765625 0.654693359375 0.330751953125 0.5958134765625 0.298287109375 0.594291015625 0.298287109375 0.6531708984375
9 0.195814453125 0.488072265625 0.1970205078125 0.40359765625 0.15722265625 0.405408203125 0.1542080078125 0.48626171875 0.195814453125 0.488072265625
9 0.151193359375 0.59861328125 0.1921962890625 0.600423828125 0.1921962890625 0.535861328125 0.1554140625 0.5352578125 0.151193359375 0.59861328125
2 0.349822265625 0.7203798828125 0.3413154296875 0.1994580078125 0.2599423828125 0.201103515625 0.0223994140625 0.2274228515625 0.0223994140625 0.4605185546875 0.0240439453125 0.6209033203125 0.03144140625 0.7196015625 0.0684287109375 0.727826171875 0.135828125 0.7253583984375 0.213091796875 0.72700390625 0.350126953125 0.7350771484375 0.349822265625 0.7203798828125
6 1 0.8309736328125 0.9065576171875 0.831556640625 0.800326171875 0.8412041015625 0.7773037109375 0.8402822265625 0.6925830078125 0.83383203125 0.5325341796875 0.822390625 0.4236669921875 0.8113076171875 0.371494140625 0.801189453125 0.35044921875 0.7909609375 0.3506943359375 0.7387314453125 0.3060947265625 0.7343173828125 0.3102607421875 0.7539345703125 0.312220703125 0.789490234375 0.3099736328125 0.79015625 0.2760380859375 0.7914326171875 0.2530283203125 0.7914326171875 0.253658203125 0.7301689453125 0.2125283203125 0.727580078125 0.13618359375 0.7261806640625 0.069033203125 0.7287763671875 0.03087890625 0.720595703125 0 0.7214072265625 0 0.7406142578125 0.0003427734375 1 1 1 1 0.8309736328125