2 1 0.3826240234375 0.965083984375 0.3641044921875 0.97434375 0.35690234375 0.9305107421875 0.333033203125 0.884623046875 0.3095751953125 0.884623046875 0.30772265625 0.8975869140625 0.30134375 0.89841015625 0.2941416015625 0.888533203125 0.2910556640625 0.85787109375 0.27459375 0.85663671875 0.271095703125 0.852521484375 0.2692431640625 0.8498466796875 0.27130078125 0.8475830078125 0.2750048828125 0.816099609375 0.2887919921875 0.78441015625 0.2743876953125 0.744078125 0.2918779296875 0.7362587890625 0.2865283203125 0.729673828125 0.2910556640625 0.7136240234375 0.2873515625 0.6325478515625 0.253193359375 0.6302841796875 0.2503125 0.6249365234375 0.2488720703125 0.603330078125 0.2616298828125 0.591189453125 0.25669140625 0.577814453125 0.2459912109375 0.5716416015625 0.2503125 0.570201171875 0.255662109375 0.5481826171875 0.26944921875 0.4996201171875 0.25730859375 0.4457060546875 0.2947587890625 0.4150458984375 0.3188349609375 0.4168974609375 0.322126953125 0.4133994140625 0.3634873046875 0.3841796875 0.3807724609375 0.35413671875 0.405259765625 0.3078369140625 0.4373603515625 0.2996064453125 0.4495009765625 0.3349990234375 0.461435546875 0.3366455078125 0.4696669921875 0.330884765625 0.526666015625 0.32553515625 0.6005380859375 0.3049580078125 0.5896328125 0.309484375 0.58448828125 0.2841748046875 0.5774921875 0.2493984375 0.558560546875 0.2290263671875 0.553416015625 0.15659375 0.5785205078125 0.1273740234375 0.5733759765625 0.0963017578125 0.5912783203125 0.062349609375 0.61000390625 0.0582333984375 0.6246142578125 0.0430068359375 0.6394296875 0.0425947265625 0.6540390625 0.0164619140625 0.6661796875 0.008642578125 0.6641220703125 0 0.6676201171875 0 0.8651630859375 0.0164638671875 0.8651630859375 0.06337890625 0.8688671875 0.1043271484375 0.8733935546875 0.1724384765625 0.8791552734375 0.17511328125 0.8305927734375 0.195896484375 0.8351201171875 0.1961025390625 0.8501416015625 0.2028935546875 0.8501416015625 0.2047451171875 0.8312099609375 0.2140048828125 0.828947265625 0.2434306640625 0.830181640625 0.2555712890625 0.8258603515625 0.2603056640625 0.7972578125 0.320392578125 0.80301953125 0.319158203125 0.8519931640625 0.3055771484375 0.8524052734375 0.3072216796875 0.9174296875 0.3160703125 0.9184580078125 0.318333984375 0.9211337890625 0.3736865234375 0.9254541015625 0.3747158203125 0.9927421875 0.377390625 0.993771484375 0.3794482421875 0.878126953125 0.559505859375 0.8698955078125 0.8375048828125 0.88738671875 0.834830078125 0.966609375 0.9305146484375 0.9657861328125 0.9321611328125 0.93471484375 0.967759765625 0.9338916015625 0.9722861328125 0.907552734375 1 0.9061123046875 1 0.3826240234375
5 0.6852607421875 1 0.6877392578125 0.942505859375 0.7218916015625 0.94278125 0.7207900390625 0.9995185546875 0.83371484375 1 0.83646875 0.8887978515625 0.5619326171875 0.87286328125 0.3805283203125 0.8802744140625 0.3803115234375 0.8985224609375 0.377693359375 0.9971455078125 0.6852607421875 1
4 1 0.938 0.9320517578125 0.9368427734375 0.9322177734375 0.95965234375 0.9325478515625 0.96708984375 0.852376953125 0.9676796875 0.80944140625 0.9691572265625 0.797732421875 0.972533203125 0.7948837890625 0.974958984375 0.7950947265625 0.9865634765625 0.7835966796875 0.9866689453125 0.7778994140625 0.9896220703125 0.773890625 0.9954248046875 0.77273046875 1 1 1 1 0.938
9 0.8185068359375 0.3556884765625 0.8182119140625 0.3244345703125 0.7939365234375 0.3127392578125 0.7942314453125 0.3454677734375 0.8185068359375 0.3556884765625
9 0.8478515625 0.3681640625 0.84765625 0.33818359375 0.8248046875 0.3271484375 0.82509765625 0.359765625 0.8478515625 0.3681640625
9 0.956333984375 0.41861328125 0.96643359375 0.4218642578125 0.9657373046875 0.3935390625 0.95482421875 0.38808203125 0.956333984375 0.41861328125
9 0.9713876953125 0.4252119140625 0.989150390625 0.4322568359375 0.988654296875 0.4040751953125 0.9699990234375 0.3958388671875 0.9713876953125 0.4252119140625
9 0.93054296875 0.460830078125 0.9258837890625 0.38933984375 0.8977822265625 0.3762353515625 0.901130859375 0.449328125 0.93054296875 0.460830078125
9 0.9360791015625 0.566205078125 0.9325380859375 0.4908837890625 0.90361328125 0.4804951171875 0.9062109375 0.557822265625 0.9360791015625 0.566205078125
9 0.9395029296875 0.67776953125 0.93749609375 0.59890625 0.9073916015625 0.5905244140625 0.909162109375 0.6716298828125 0.9395029296875 0.67776953125
9 0.942880859375 0.791501953125 0.9406650390625 0.709845703125 0.910662109375 0.704390625 0.91185546875 0.78928515625 0.942880859375 0.791501953125
9 0.942701171875 0.8866796875 0.9430927734375 0.8313115234375 0.9124052734375 0.829744140625 0.9121435546875 0.885634765625 0.942701171875 0.8866796875
9 0.763458984375 0.8348662109375 0.800880859375 0.8375390625 0.8018994140625 0.7644775390625 0.763458984375 0.7593857421875 0.763458984375 0.8348662109375
9 0.8006953125 0.7093779296875 0.80080859375 0.6383154296875 0.7645986328125 0.6305078125 0.7644853515625 0.7039462890625 0.8006953125 0.7093779296875
9 0.7636181640625 0.57655859375 0.800025390625 0.5866015625 0.798875 0.518494140625 0.763931640625 0.50677734375 0.7636181640625 0.57655859375
9 0.797017578125 0.467388671875 0.7961357421875 0.403248046875 0.7614208984375 0.3896923828125 0.76208203125 0.4551552734375 0.797017578125 0.467388671875
9 0.4521669921875 0.3400625 0.45266015625 0.3206220703125 0.4298642578125 0.3364111328125 0.4286796875 0.3550625 0.4521669921875 0.3400625
9 0.4911005859375 0.312572265625 0.4907470703125 0.29456640625 0.466033203125 0.3115126953125 0.46462109375 0.330107421875 0.4911005859375 0.312572265625
9 0.5159150390625 0.425853515625 0.5179267578125 0.3602431640625 0.48465625 0.3814423828125 0.4800146484375 0.44411328125 0.5159150390625 0.425853515625
9 0.5084873046875 0.552125 0.5111171875 0.4809423828125 0.4769189453125 0.49796484375 0.4735146484375 0.565123046875 0.5084873046875 0.552125
9 0.50276171875 0.6853583984375 0.50430859375 0.6090703125 0.46902734375 0.6216044921875 0.4671708984375 0.6938701171875 0.50276171875 0.6853583984375
9 0.498892578125 0.823544921875 0.4990478515625 0.7480302734375 0.4673251953125 0.7534462890625 0.4645400390625 0.8254013671875 0.498892578125 0.823544921875
9 0.3752958984375 0.834849609375 0.3771767578125 0.7705576171875 0.3550146484375 0.7753671875 0.35271484375 0.8354765625 0.3752958984375 0.834849609375
9 0.381044921875 0.717556640625 0.3833447265625 0.6557744140625 0.3619140625 0.6640322265625 0.3589873046875 0.722783203125 0.381044921875 0.717556640625
9 0.388990234375 0.60266796875 0.3921259765625 0.5450673828125 0.3689189453125 0.556775390625 0.3659912109375 0.6119716796875 0.388990234375 0.60266796875
9 0.39697265625 0.4931640625 0.40107421875 0.43935546875 0.3791015625 0.4529296875 0.375390625 0.50458984375 0.39697265625 0.4931640625
9 0.2419921875 0.59775390625 0.24375 0.5791015625 0.2283203125 0.5763671875 0.22734375 0.59443359375 0.2419921875 0.59775390625
9 0.26123046875 0.60224609375 0.26328125 0.58310546875 0.2474609375 0.57978515625 0.24619140625 0.59892578125 0.26123046875 0.60224609375
9 0.2798828125 0.60703125 0.2818359375 0.58681640625 0.26650390625 0.58349609375 0.26455078125 0.60302734375 0.2798828125 0.60703125
9 0.2837890625 0.60732421875 0.29716796875 0.608984375 0.2974609375 0.59033203125 0.28505859375 0.58876953125 0.2837890625 0.60732421875
9 0.27255859375 0.66669921875 0.273828125 0.63828125 0.2525390625 0.6341796875 0.2509765625 0.6634765625 0.27255859375 0.66669921875
9 0.2690400390625 0.72403515625 0.26992578125 0.694306640625 0.247677734375 0.6910576171875 0.2464970703125 0.7209833984375 0.2690400390625 0.72403515625
9 0.266283203125 0.7806396484375 0.2673662109375 0.7495322265625 0.243642578125 0.7468740234375 0.2421650390625 0.7777841796875 0.266283203125 0.7806396484375
9 0.256248046875 0.830267578125 0.257298828125 0.805634765625 0.240837890625 0.80306640625 0.24037109375 0.8295673828125 0.256248046875 0.830267578125
9 0.150212890625 0.824099609375 0.1729521484375 0.825837890625 0.1753603515625 0.7925322265625 0.157302734375 0.7917294921875 0.150212890625 0.824099609375
9 0.17197265625 0.88115234375 0.17333984375 0.8509765625 0.1513671875 0.849609375 0.15009765625 0.87880859375 0.17197265625 0.88115234375
9 0.1138671875 0.876171875 0.11455078125 0.84326171875 0.0861328125 0.83955078125 0.08427734375 0.87294921875 0.1138671875 0.876171875
9 0.1138388671875 0.8161494140625 0.115828125 0.78906640625 0.090427734375 0.786005859375 0.08857421875 0.81220703125 0.1138388671875 0.8161494140625
9 0.123466796875 0.758515625 0.1257041015625 0.7199091796875 0.0971689453125 0.7156201171875 0.0956767578125 0.75646484375 0.123466796875 0.758515625
9 0.1268125 0.697943359375 0.130044921875 0.6589677734375 0.1017158203125 0.65649609375 0.099625 0.6937607421875 0.1268125 0.697943359375
9 0.1870810546875 0.6517431640625 0.189552734375 0.619802734375 0.1657880859375 0.6150498046875 0.1648369140625 0.6483212890625 0.1870810546875 0.6517431640625
9 0.1811875 0.7114423828125 0.184990234375 0.67741015625 0.160083984375 0.672466796875 0.1579921875 0.70744921875 0.1811875 0.7114423828125
9 0.1785263671875 0.7696201171875 0.1794765625 0.7380595703125 0.1579921875 0.7353974609375 0.155521484375 0.7669580078125 0.1785263671875 0.7696201171875
9 0.00012890625 0.83258984375 0.0113662109375 0.833623046875 0.0131748046875 0.8054658203125 0 0.8046904296875 0.00012890625 0.83258984375
9 0 0.7937119140625 0.014595703125 0.794228515625 0.016662109375 0.76568359375 0.0002587890625 0.7636171875 0 0.7937119140625
9 0.0002587890625 0.747212890625 0.01756640625 0.7505712890625 0.0201494140625 0.7248671875 0 0.7204755859375 0.0002587890625 0.747212890625
4 0.2763173828125 0.983724609375 0.282744140625 0.989603515625 0.3321005859375 1 0.3780400390625 0.999994140625 0.3779033203125 0.995755859375 0.372953125 0.994439453125 0.373107421875 0.927384765625 0.3166640625 0.9221552734375 0.3146650390625 0.920310546875 0.2857509765625 0.9176953125 0.2815986328125 0.9233857421875 0.27529296875 0.9247705078125 0.2739091796875 0.981212890625 0.2763173828125 0.983724609375
7 1 0.88496484375 0.9764921875 0.8845166015625 0.96514453125 0.9602177734375 0.9606650390625 1 1 1 1 0.88496484375
4 0.719921875 1 0.72119140625 0.94306640625 0.68818359375 0.9427734375 0.6859375 1 0.719921875 1
7 0.2562255859375 1 0.2622900390625 0.84694140625 0.314748046875 0.85258203125 0.3179912109375 0.8521591796875 0.3195419921875 0.80590625 0.2618662109375 0.7980087890625 0.2573544921875 0.7984326171875 0.254251953125 0.8427109375 0.2335224609375 0.8444033203125 0.2270361328125 0.8596328125 0.2315478515625 0.8710556640625 0.2270361328125 0.8820546875 0.2315478515625 0.89460546875 0.2505849609375 0.8950283203125 0.249185546875 0.9527607421875 0.2484169921875 1 0.2562255859375 1
3 0.032873046875 0.919728515625 0.1114765625 0.9371748046875 0.1685927734375 0.945255859375 0.166021484375 0.9549892578125 0.2134033203125 0.9718857421875 0.2734580078125 0.9799658203125 0.2741923828125 0.9235849609375 0.2809873046875 0.921564453125 0.2859462890625 0.9162392578125 0.305287109375 0.917763671875 0.30419921875 0.8492578125 0.257169921875 0.8457236328125 0.2566259765625 0.8212578125 0.21428125 0.821546875 0.18062109375 0.82362890625 0.1742021484375 0.8303955078125 0.172466796875 0.881232421875 0.12596484375 0.8775888671875 0.0654111328125 0.8699541015625 0.01700390625 0.866310546875 0.01370703125 0.9105546875 0.032873046875 0.919728515625
8 0.28320703125 1 0.2817216796875 0.9927109375 0.2799892578125 0.981818359375 0.2733046875 0.9805810546875 0.272314453125 0.9545869140625 0.273552734375 0.90284765625 0.277513671875 0.8518505859375 0.281474609375 0.80060546875 0.300041015625 0.80184375 0.3236533203125 0.788310546875 0.3286328125 0.776541015625 0.338138671875 0.7611513671875 0.34696484375 0.7455341796875 0.3483232421875 0.72878515625 0.34334375 0.72199609375 0.338138671875 0.7229013671875 0.3327060546875 0.7360283203125 0.3275009765625 0.73670703125 0.3200322265625 0.7335380859375 0.322294921875 0.7244853515625 0.3256904296875 0.7106787109375 0.3313486328125 0.700947265625 0.336328125 0.687140625 0.341986328125 0.66812890625 0.345833984375 0.65273828125 0.345607421875 0.63802734375 0.3431181640625 0.6330478515625 0.3367802734375 0.6348583984375 0.3250107421875 0.6556806640625 0.3254638671875 0.6407431640625 0.33225390625 0.5373095703125 0.3290849609375 0.5377626953125 0.3236533203125 0.540478515625 0.3177685546875 0.551341796875 0.306904296875 0.5619794921875 0.30916796875 0.532330078125 0.30509375 0.524634765625 0.299888671875 0.52259765625 0.2967197265625 0.528935546875 0.2930986328125 0.5529267578125 0.2908349609375 0.578048828125 0.284724609375 0.597740234375 0.2815556640625 0.6045302734375 0.2849501953125 0.6190146484375 0.2829140625 0.6262578125 0.2686552734375 0.6294267578125 0.26367578125 0.6196943359375 0.2589228515625 0.6079248046875 0.254169921875 0.597740234375 0.24805859375 0.5986455078125 0.246248046875 0.6158466796875 0.2476064453125 0.6366689453125 0.2444375 0.6461748046875 0.2356103515625 0.63802734375 0.227462890625 0.6228623046875 0.2263310546875 0.6095087890625 0.22542578125 0.5778232421875 0.2224833984375 0.566505859375 0.2119892578125 0.552357421875 0.210939453125 0.536265625 0.2004453125 0.53556640625 0.1993955078125 0.5266455078125 0.186802734375 0.5205244140625 0.187501953125 0.5095048828125 0.1805068359375 0.501984375 0.1820810546875 0.4888662109375 0.17316015625 0.4794208984375 0.1703623046875 0.461580078125 0.1675625 0.4566826171875 0.162490234375 0.4626298828125 0.156193359375 0.4781962890625 0.1528701171875 0.4902646484375 0.14709765625 0.482744140625 0.14797265625 0.4680517578125 0.1505966796875 0.4547587890625 0.148671875 0.4470634765625 0.1345048828125 0.4470634765625 0.1408017578125 0.4360439453125 0.1439501953125 0.4091083984375 0.1526953125 0.390568359375 0.1516455078125 0.3777998046875 0.1455244140625 0.3692294921875 0.148671875 0.34544140625 0.1537431640625 0.32200390625 0.1476220703125 0.3046884765625 0.1381767578125 0.2850986328125 0.131005859375 0.276353515625 0.126982421875 0.277927734375 0.1185869140625 0.291220703125 0.1115908203125 0.28457421875 0.1030205078125 0.291220703125 0.100046875 0.2856240234375 0.0868642578125 0.2980361328125 0.068607421875 0.3222236328125 0.068142578125 0.3322236328125 0.0576767578125 0.351177734375 0.0553515625 0.372341796875 0.0561650390625 0.38315625 0.0617470703125 0.3885048828125 0.05686328125 0.410482421875 0.05779296875 0.4209482421875 0.056048828125 0.4247861328125 0.051048828125 0.4464140625 0.0486064453125 0.4704853515625 0.050234375 0.47816015625 0.0422109375 0.4968818359375 0.0366298828125 0.526650390625 0.0301171875 0.5551396484375 0.0301171875 0.5720009765625 0.0154658203125 0.5780478515625 0.0091865234375 0.59583984375 0.00848828125 0.60688671875 0.0132568359375 0.620142578125 0.0176748046875 0.618630859375 0.024419921875 0.617119140625 0.0245361328125 0.6293291015625 0.0234892578125 0.6530517578125 0.0234892578125 0.6657265625 0.018140625 0.6779365234375 0.0139541015625 0.6892158203125 0.012326171875 0.6924716796875 0.016046875 0.6992158203125 0.0189541015625 0.7191005859375 0.019302734375 0.7322412109375 0.020349609375 0.7452646484375 0.0140703125 0.7593349609375 0.0068603515625 0.7645673828125 0.0030234375 0.7716611328125 0 0.7749169921875 0 0.873642578125 0.0054658203125 0.879689453125 0.0046513671875 0.9010849609375 0.001744140625 0.9200390625 0.00044140625 0.9274013671875 0 0.9358759765625 0.007216796875 0.940494140625 0.0313212890625 0.95333984375 0.073900390625 0.97369140625 0.139861328125 1 0.2162998046875 1 0.1880166015625 0.9896953125 0.147677734375 0.9716123046875 0.1495322265625 0.9092490234375 0.16066015625 0.8976572265625 0.1720205078125 0.880501953125 0.173642578125 0.845958984375 0.175498046875 0.8315849609375 0.18778515625 0.8216162109375 0.1940439453125 0.8132705078125 0.19914453125 0.804923828125 0.206794921875 0.8056201171875 0.2033173828125 0.817443359375 0.2044765625 0.8292666015625 0.2026220703125 0.84827734375 0.2095771484375 0.849900390625 0.2095771484375 0.832744140625 0.227427734375 0.831353515625 0.2329921875 0.8399306640625 0.24898828125 0.8369169921875 0.2521748046875 0.8305859375 0.2571298828125 0.823544921875 0.2576513671875 0.8037255859375 0.264431640625 0.798771484375 0.2732978515625 0.8003359375 0.26938671875 0.8462333984375 0.264431640625 0.8999541015625 0.262345703125 0.980013671875 0.2581728515625 0.982099609375 0.2562236328125 1 0.28320703125 1
0 0.8326298828125 0.475193359375 0.869056640625 0.48812890625 0.8692060546875 0.4781669921875 0.83218359375 0.46478515625 0.823857421875 0.4668671875 0.8237080078125 0.4769775390625 0.8326298828125 0.475193359375
0 0.8347109375 0.5925048828125 0.871287109375 0.6017236328125 0.8718818359375 0.5913154296875 0.836048828125 0.581056640625 0.8269794921875 0.58239453125 0.8268310546875 0.592951171875 0.8347109375 0.5925048828125
0 0.8363466796875 0.713384765625 0.873666015625 0.720224609375 0.873814453125 0.708626953125 0.8366435546875 0.7008955078125 0.8271279296875 0.7023828125 0.82757421875 0.713533203125 0.8363466796875 0.713384765625
0 0.837982421875 0.839171875 0.8764912109375 0.8424423828125 0.8766396484375 0.8296552734375 0.838130859375 0.826384765625 0.8295068359375 0.826236328125 0.8296552734375 0.8376845703125 0.837982421875 0.839171875
0 0.9635439453125 0.5224365234375 0.9921650390625 0.53281640625 0.9916611328125 0.524048828125 0.963140625 0.5130634765625 0.9635439453125 0.5224365234375
0 0.9984130859375 0.6371220703125 0.9984130859375 0.6271455078125 0.9682802734375 0.6190830078125 0.9687841796875 0.6287578125 0.9984130859375 0.6371220703125
0 0.999623046875 0.74273828125 1 0.7331640625 0.9726142578125 0.7278232421875 0.97271484375 0.7371953125 0.999623046875 0.74273828125
0 0.999623046875 0.8508740234375 1 0.8394853515625 0.975537109375 0.83817578125 0.975234375 0.8485556640625 0.999623046875 0.8508740234375
7 0.1731904296875 0 0.2739443359375 0.0830234375 0.337248046875 0.1340517578125 0.389611328125 0.1769091796875 0.38801953125 0.201955078125 0.368826171875 0.2176953125 0.3670361328125 0.22077734375 0.36673828125 0.225650390625 0.3707158203125 0.230025390625 0.391998046875 0.2392724609375 0.398759765625 0.239173828125 0.405634765625 0.2382783203125 0.4394521484375 0.211927734375 0.4694853515625 0.232966796875 0.471275390625 0.235353515625 0.4743583984375 0.2368447265625 0.4771435546875 0.2394306640625 0.5375078125 0.3542265625 0.5391982421875 0.3520390625 0.5222919921875 0.319904296875 0.4804248046875 0.2391025390625 0.48002734375 0.23751171875 0.481220703125 0.2373134765625 0.4853974609375 0.2388046875 0.490767578125 0.238904296875 0.570921875 0.25799609375 0.573607421875 0.2549130859375 0.483001953125 0.2327509765625 0.479123046875 0.23006640625 0.473654296875 0.2294697265625 0.442619140625 0.20848828125 0.4434140625 0.20192578125 0.4409287109375 0.19864453125 0.4181025390625 0.187619140625 0.4217822265625 0.186326171875 0.4228759765625 0.1845361328125 0.416212890625 0.1778740234375 0.41392578125 0.1785703125 0.4120361328125 0.1826474609375 0.406666015625 0.183044921875 0.401693359375 0.180857421875 0.39960546875 0.17767578125 0.39592578125 0.1768798828125 0.3908916015625 0.1739501953125 0.241349609375 0.0506025390625 0.178966796875 0 0.1731904296875 0