2 1 0 0.000955078125 0.0002978515625 0 0.719248046875 0.2255087890625 0.7113857421875 0.2240263671875 0.70934765625 0.221044921875 0.6891376953125 0.2206337890625 0.6708525390625 0.2233056640625 0.6586708984375 0.2312294921875 0.6430595703125 0.249197265625 0.6344736328125 0.2746416015625 0.618970703125 0.3086298828125 0.6083740234375 0.3582578125 0.6082236328125 0.3976357421875 0.610572265625 0.4287158203125 0.626353515625 0.44773046875 0.6496962890625 0.454169921875 0.6553515625 0.4620458984375 0.664568359375 0.4679267578125 0.7028994140625 0.4869189453125 0.703826171875 0.4843212890625 0.6732998046875 0.489119140625 0.6647060546875 0.495216796875 0.655392578125 0.505037109375 0.649337890625 0.5223623046875 0.6441044921875 0.536041015625 0.6364765625 0.550701171875 0.6276015625 0.5596376953125 0.6234306640625 0.5809384765625 0.6220185546875 0.6010869140625 0.62025 0.63734765625 0.621140625 0.6564189453125 0.623091796875 0.66758984375 0.6252734375 0.671294921875 0.62526953125 0.7813984375 0.6217958984375 0.7853759765625 0.6425263671875 0.7986884765625 0.652068359375 0.839533203125 0.649314453125 0.849830078125 0.6565830078125 0.8573994140625 0.6789111328125 1 0.665525390625 1 0
9 0.31422265625 0.40025390625 0.3137060546875 0.291099609375 0.2996201171875 0.2769169921875 0.275974609375 0.2682021484375 0.2551474609375 0.2683935546875 0.2385107421875 0.272541015625 0.2243076171875 0.28123046875 0.2238544921875 0.396791015625 0.31422265625 0.40025390625
9 0.3061376953125 0.1701650390625 0.3108056640625 0.0928876953125 0.302666015625 0.079021484375 0.2934345703125 0.073107421875 0.277373046875 0.0709267578125 0.2649345703125 0.072779296875 0.2579189453125 0.0757744140625 0.2522431640625 0.0816689453125 0.24834375 0.0933046875 0.2434931640625 0.1658037109375 0.3061376953125 0.1701650390625
9 0.5528359375 0.4120341796875 0.5490029296875 0.3098330078125 0.538853515625 0.2985537109375 0.523478515625 0.29211328125 0.5061806640625 0.289888671875 0.49356640625 0.2910439453125 0.4839462890625 0.2960380859375 0.4758564453125 0.3029990234375 0.476208984375 0.303576171875 0.47776953125 0.40559375 0.5528359375 0.4120341796875
9 0.761779296875 0.4272705078125 0.759361328125 0.3322197265625 0.747958984375 0.3183603515625 0.73074609375 0.312236328125 0.7141953125 0.3120400390625 0.7033525390625 0.316224609375 0.6923291015625 0.32425390625 0.6938193359375 0.423009765625 0.761779296875 0.4272705078125
9 0.9077724609375 0.4394375 0.903345703125 0.3580869140625 0.89565234375 0.3444697265625 0.8844267578125 0.3383896484375 0.872216796875 0.338396484375 0.8642099609375 0.3425078125 0.8582998046875 0.3516640625 0.8600224609375 0.433650390625 0.9077724609375 0.4394375
9 1 0.3689306640625 0.9952666015625 0.3653984375 0.9902041015625 0.3655908203125 0.984869140625 0.373693359375 0.9908896484375 0.443671875 1 0.4467685546875 1 0.3689306640625
9 0.9137666015625 0.602087890625 0.9106728515625 0.5101943359375 0.9026552734375 0.500830078125 0.892125 0.4975078125 0.8815810546875 0.49756640625 0.8713408203125 0.500888671875 0.865435546875 0.50480078125 0.8611484375 0.5120849609375 0.865771484375 0.604615234375 0.9137666015625 0.602087890625
9 0.754216796875 0.2501669921875 0.7520087890625 0.1704208984375 0.747333984375 0.1568955078125 0.7392861328125 0.145208984375 0.7245791015625 0.134755859375 0.700978515625 0.136849609375 0.69132421875 0.143908203125 0.688048828125 0.1643056640625 0.6929560546875 0.2437099609375 0.754216796875 0.2501669921875
9 0.8965234375 0.2693466796875 0.8911337890625 0.1866103515625 0.883158203125 0.171794921875 0.8732080078125 0.1618291015625 0.856396484375 0.1573564453125 0.842212890625 0.159931640625 0.833408203125 0.165125 0.82784765625 0.1791015625 0.8291943359375 0.2601689453125 0.8965234375 0.2693466796875
9 0.551669921875 0.2005361328125 0.5559453125 0.1094306640625 0.5476484375 0.089908203125 0.5336455078125 0.0818759765625 0.51157421875 0.0772060546875 0.4968408203125 0.0803779296875 0.48773046875 0.0843681640625 0.4733076171875 0.1011904296875 0.474333984375 0.1921767578125 0.551669921875 0.2005361328125
1 0.22574609375 0.70950390625 0.2318955078125 0.7164521484375 0.2376015625 0.7207451171875 0.2455224609375 0.723767578125 0.2547158203125 0.7233310546875 0.26120703125 0.7173955078125 0.2916328125 0.7300263671875 0.296658203125 0.736263671875 0.30408984375 0.7450419921875 0.3098193359375 0.7496396484375 0.3216171875 0.7538759765625 0.333462890625 0.7539091796875 0.342982421875 0.74869921875 0.3487158203125 0.7414755859375 0.41940234375 0.7347763671875 0.4248369140625 0.743171875 0.4319296875 0.747794921875 0.4453427734375 0.748544921875 0.451888671875 0.7454189453125 0.4581826171875 0.736591796875 0.4647822265625 0.718822265625 0.4649873046875 0.6948505859375 0.460150390625 0.6630986328125 0.44625390625 0.650318359375 0.42915625 0.628763671875 0.40060546875 0.6128408203125 0.3752373046875 0.6101728515625 0.3391279296875 0.6093544921875 0.308576171875 0.61016015625 0.27415234375 0.62137109375 0.250541015625 0.636708984375 0.233166015625 0.64353125 0.225345703125 0.6591181640625 0.222345703125 0.6736181640625 0.22296484375 0.6909384765625 0.2245400390625 0.7054287109375 0.22574609375 0.70950390625
1 0.4920009765625 0.7082060546875 0.497439453125 0.71473828125 0.5057861328125 0.719796875 0.51601953125 0.720986328125 0.5207724609375 0.7208134765625 0.523005859375 0.7156865234375 0.52585546875 0.7075234375 0.5837841796875 0.714857421875 0.590234375 0.7191484375 0.59717578125 0.7248603515625 0.6065732421875 0.72726953125 0.6185283203125 0.7256259765625 0.6240556640625 0.7204580078125 0.639755859375 0.7188916015625 0.67483984375 0.7128515625 0.6798525390625 0.7189921875 0.687423828125 0.7221923828125 0.698876953125 0.7226806640625 0.7077958984375 0.7185634765625 0.712869140625 0.7120576171875 0.7224638671875 0.70406640625 0.726552734375 0.6994599609375 0.72723828125 0.6881015625 0.724794921875 0.679310546875 0.7217412109375 0.6618759765625 0.716708984375 0.6508662109375 0.70256640625 0.644068359375 0.6842861328125 0.634650390625 0.663703125 0.6259970703125 0.63911328125 0.6220673828125 0.6009912109375 0.6211787109375 0.5602607421875 0.6242890625 0.5454951171875 0.6320283203125 0.523599609375 0.644845703125 0.50482421875 0.6506357421875 0.49555859375 0.6561904296875 0.48546484375 0.673509765625 0.48637109375 0.679583984375 0.4879921875 0.697556640625 0.4908173828125 0.705482421875 0.4920009765625 0.7082060546875
6 1 0.666361328125 0.8560087890625 0.6801953125 0.853275390625 0.6835556640625 0.8375810546875 0.685744140625 0.7661279296875 0.6900390625 0.75194921875 0.6907568359375 0.72815625 0.6870048828125 0.727994140625 0.7011943359375 0.71912890625 0.708630859375 0.711666015625 0.7155087890625 0.7070126953125 0.7206181640625 0.7014462890625 0.7228701171875 0.695390625 0.7242919921875 0.6871025390625 0.72360546875 0.67995703125 0.7204228515625 0.674380859375 0.71362109375 0.6426865234375 0.7199609375 0.6240283203125 0.7215927734375 0.618794921875 0.7265068359375 0.6095966796875 0.728482421875 0.598947265625 0.7268984375 0.593943359375 0.7246845703125 0.58483203125 0.7161845703125 0.52780078125 0.70909765625 0.52402734375 0.7151103515625 0.5216357421875 0.7212958984375 0.505552734375 0.72092578125 0.4944931640625 0.7139638671875 0.4893916015625 0.7070888671875 0.4885830078125 0.7058759765625 0.4662685546875 0.703568359375 0.4661943359375 0.717798828125 0.460869140625 0.7317685546875 0.45796484375 0.740783203125 0.4528828125 0.7466748046875 0.446611328125 0.7485927734375 0.4355751953125 0.7494755859375 0.4287958984375 0.747580078125 0.4237685546875 0.744986328125 0.4190498046875 0.7366455078125 0.34981640625 0.742923828125 0.3437197265625 0.7495859375 0.3343076171875 0.7550947265625 0.3208828125 0.755248046875 0.308126953125 0.7499345703125 0.3005390625 0.7426552734375 0.290701171875 0.7302861328125 0.262365234375 0.7190068359375 0.25471875 0.7237841796875 0.2467353515625 0.7248251953125 0.2354111328125 0.7208046875 0.229548828125 0.71562890625 0.2261787109375 0.711875 0.2221162109375 0.7130361328125 0 0.7203740234375 0 1 1 0.9997158203125 1 0.666361328125
8 0.7261708984375 0.678638671875 0.7282998046875 0.6857568359375 0.7341064453125 0.6869140625 0.752861328125 0.689318359375 0.7758212890625 0.6878984375 0.851509765625 0.68323046875 0.8554775390625 0.6773603515625 0.8497529296875 0.6582685546875 0.8394814453125 0.6506484375 0.79621875 0.6531728515625 0.777201171875 0.653443359375 0.7579111328125 0.65810546875 0.7381162109375 0.6546162109375 0.7296474609375 0.6519775390625 0.720220703125 0.6531748046875 0.720498046875 0.654576171875 0.72342578125 0.663123046875 0.7261708984375 0.678638671875
9 0 0.6838701171875 0.085318359375 0.677505859375 0.082931640625 0.5080595703125 0.0873076171875 0.4953310546875 0.0841494140625 0.4735625 0 0.47186328125 0 0.6838701171875
9 0.17959765625 0.709326171875 0.2205712890625 0.7081328125 0.219279296875 0.68733203125 0.21828515625 0.6704375 0.2212666015625 0.6562763671875 0.229962890625 0.640376953125 0.2431318359375 0.6349111328125 0.273693359375 0.617271484375 0.3035087890625 0.6075830078125 0.30947265625 0.6059462890625 0.3315859375 0.606443359375 0.32959765625 0.51278125 0.3343193359375 0.50483203125 0.332353515625 0.493740234375 0.1764150390625 0.488966796875 0.17959765625 0.709326171875
9 0.5924072265625 0.5015810546875 0.5887001953125 0.4992216796875 0.4621337890625 0.4968623046875 0.468201171875 0.673373046875 0.4820205078125 0.67303515625 0.49466015625 0.6544990234375 0.5044345703125 0.647927734375 0.5207822265625 0.643376953125 0.550275390625 0.6258525390625 0.5595439453125 0.6218076171875 0.588001953125 0.6190341796875 0.5846552734375 0.5189375 0.59325 0.5118603515625 0.5924072265625 0.5015810546875
9 0.770451171875 0.509185546875 0.7593466796875 0.5032939453125 0.7303388671875 0.49830859375 0.712435546875 0.49876171875 0.697251953125 0.5021611328125 0.6791220703125 0.5071455078125 0.6732294921875 0.512810546875 0.67798828125 0.6231640625 0.7822353515625 0.620671875 0.7772490234375 0.5184755859375 0.770451171875 0.509185546875