2 0.2191806640625 0.5714296875 0.2217802734375 0.55583203125 0.32548828125 0.544140625 0.551009765625 0.51510546875 0.58260546875 0.5160625 0.683736328125 0.5220400390625 0.6866630859375 0.5139912109375 0.6994677734375 0.514357421875 0.7009306640625 0.5231376953125 0.9364951171875 0.537064453125 0.9997666015625 0.540763671875 0.999984375 0.1439130859375 0.641958984375 0 0.5446083984375 0.00091796875 0.35477734375 0.117421875 0.33468359375 0.1105146484375 0.248658203125 0.17016796875 0.2530537109375 0.1833544921875 0.2406171875 0.5239169921875 0.2067216796875 0.53144921875 0.20764453125 0.5722421875 0.2191806640625 0.5714296875
5 0.20616796875 0.6674873046875 0.281615234375 0.6702841796875 0.2812626953125 0.6766279296875 0.216154296875 0.6784453125 0.2165419921875 0.70866015625 0.22855078125 0.7090478515625 0.30951171875 0.7001376953125 0.3145478515625 0.6858046875 0.3284931640625 0.6765078125 0.373041015625 0.66953515625 0.4008583984375 0.651283203125 0.425333984375 0.646931640625 0.4609951171875 0.650951171875 0.461685546875 0.712708984375 0.4735830078125 0.7228173828125 0.5206826171875 0.7295458984375 0.6666748046875 0.716119140625 0.6847265625 0.7133203125 0.6930771484375 0.7044130859375 0.7676728515625 0.7016298828125 0.8318740234375 0.702279296875 0.8394931640625 0.6911962890625 0.8699697265625 0.6932744140625 0.8828681640625 0.6833330078125 0.9986240234375 0.680830078125 1 0.541337890625 0.6996806640625 0.525908203125 0.6970419921875 0.5154873046875 0.6894658203125 0.51583203125 0.687744140625 0.5203095703125 0.6867109375 0.52444140625 0.5497197265625 0.5184345703125 0.4613466796875 0.5281328125 0.3740537109375 0.53991796875 0.2226826171875 0.5565234375 0.219802734375 0.572349609375 0.07115234375 0.5882119140625 0.0726953125 0.5989638671875 0.206763671875 0.6025390625 0.20616796875 0.6674873046875
1 0.3272353515625 0.71523046875 0.328498046875 0.7195576171875 0.3319228515625 0.720279296875 0.3387744140625 0.721 0.3452646484375 0.720279296875 0.349953125 0.71865625 0.3542802734375 0.71396875 0.414318359375 0.7114443359375 0.4491904296875 0.70837109375 0.45131640625 0.7101689453125 0.45605859375 0.711314453125 0.460310546875 0.71049609375 0.46015625 0.65107421875 0.4247490234375 0.646986328125 0.4117041015625 0.6490546875 0.4014013671875 0.6506875 0.375146484375 0.6696337890625 0.3296748046875 0.675859375 0.3152373046875 0.6847041015625 0.3136875 0.6886484375 0.31101171875 0.699353515625 0.3117158203125 0.701466796875 0.316162109375 0.71351953125 0.326787109375 0.7153232421875 0.3272353515625 0.71523046875
3 0.204447265625 0.6820419921875 0.215048828125 0.68383203125 0.2154775390625 0.6766171875 0.2804443359375 0.6747451171875 0.2804443359375 0.6699267578125 0.277216796875 0.66967578125 0.256111328125 0.6693408203125 0.235583984375 0.66884765625 0.2266171875 0.66884765625 0.217650390625 0.66884765625 0.2082763671875 0.6684404296875 0.2048115234375 0.6690517578125 0.2046083984375 0.6816865234375 0.204447265625 0.6820419921875
3 0.125291015625 0.6923818359375 0.12581640625 0.69054296875 0.12712890625 0.6842392578125 0.1258662109375 0.681869140625 0.122978515625 0.6766728515625 0.1198037109375 0.6688779296875 0.1181982421875 0.6621748046875 0.112419921875 0.6619130859375 0.106904296875 0.6608623046875 0.095083984375 0.659548828125 0.0953466796875 0.6936953125 0.125291015625 0.6923818359375
9 0.874505859375 0.402169921875 0.8715419921875 0.3552685546875 0.8445810546875 0.3479619140625 0.84609375 0.4003701171875 0.874505859375 0.402169921875
9 0.8135537109375 0.342236328125 0.78276953125 0.3364755859375 0.7840341796875 0.3903056640625 0.815578125 0.3930244140625 0.8135537109375 0.342236328125
9 0.8166005859375 0.5176904296875 0.816375 0.46412109375 0.7859892578125 0.461419921875 0.7866640625 0.518140625 0.8166005859375 0.5176904296875
9 0.8754677734375 0.5215556640625 0.8740751953125 0.470201171875 0.84813671875 0.468982421875 0.8497041015625 0.522078125 0.8754677734375 0.5215556640625
9 0.7789482421875 0.217755859375 0.7801484375 0.2657646484375 0.809640625 0.2715947265625 0.8082685546875 0.225642578125 0.7791201171875 0.217755859375 0.7789482421875 0.217755859375
9 0.5358671875 0.513310546875 0.5347099609375 0.447953125 0.4907529296875 0.45691796875 0.49277734375 0.5188046875 0.5358671875 0.513310546875
9 0.5364736328125 0.3742138671875 0.5351220703125 0.313365234375 0.490837890625 0.3262109375 0.48982421875 0.386720703125 0.5364736328125 0.3742138671875
9 0.494412109375 0.2582314453125 0.5371845703125 0.241228515625 0.5371845703125 0.185171875 0.495208984375 0.2035029296875 0.494412109375 0.2582314453125
9 0.48133984375 0.1333251953125 0.490228515625 0.1405048828125 0.5397978515625 0.11794140625 0.5394560546875 0.0659794921875 0.4980908203125 0.0871748046875 0.48133984375 0.1333251953125
9 0.7764619140625 0.1497744140625 0.8122373046875 0.159779296875 0.820423828125 0.153109375 0.8067802734375 0.113998046875 0.7752490234375 0.103689453125 0.7764619140625 0.1497744140625
9 0.8637001953125 0.1777392578125 0.8615400390625 0.1354638671875 0.8340771484375 0.1258984375 0.8362373046875 0.1700244140625 0.8637001953125 0.1777392578125
9 0.8666806640625 0.2417314453125 0.83933984375 0.2339853515625 0.84070703125 0.2809189453125 0.8691865234375 0.2870703125 0.8666806640625 0.2417314453125
9 0.422439453125 0.5206591796875 0.4246640625 0.470119140625 0.378892578125 0.4780654296875 0.37762109375 0.5270166015625 0.422439453125 0.5206591796875
9 0.380197265625 0.3645966796875 0.3789384765625 0.4380693359375 0.406365234375 0.4322822265625 0.4259912109375 0.43152734375 0.4259912109375 0.3500029296875 0.3807001953125 0.3648486328125 0.380197265625 0.3645966796875
9 0.30209375 0.4851357421875 0.254720703125 0.49381640625 0.2529853515625 0.543669921875 0.301349609375 0.53746875 0.30209375 0.4851357421875
9 0.3050517578125 0.423078125 0.3055712890625 0.373533203125 0.2640673828125 0.388318359375 0.2632890625 0.4350107421875 0.3050517578125 0.423078125
9 0.415345703125 0.260486328125 0.4293662109375 0.2642255859375 0.429990234375 0.2330673828125 0.3863681640625 0.25176171875 0.3854326171875 0.273884765625 0.415345703125 0.260486328125
9 0.307470703125 0.31305078125 0.307470703125 0.269587890625 0.2684130859375 0.2869140625 0.2657705078125 0.3312578125 0.307470703125 0.31305078125
9 0.3143916015625 0.2062548828125 0.3147373046875 0.1651416015625 0.275697265625 0.189671875 0.2746611328125 0.229056640625 0.3143916015625 0.2062548828125
9 0.4183251953125 0.186060546875 0.43662109375 0.1894716796875 0.4347607421875 0.1240400390625 0.3901064453125 0.149158203125 0.3922763671875 0.198154296875 0.4183251953125 0.186060546875
0 0.396724609375 0.5355068359375 0.4492158203125 0.5283671875 0.44858984375 0.51312109375 0.4093271484375 0.511033203125 0.3249169921875 0.524796875 0.3251416015625 0.5433955078125 0.396724609375 0.5355068359375
0 0.4471416015625 0.4367431640625 0.4478125 0.3864267578125 0.4115849609375 0.3827373046875 0.322693359375 0.4102431640625 0.32437109375 0.45049609375 0.4105791015625 0.4317119140625 0.4447939453125 0.4367431640625 0.4471416015625 0.4367431640625
0 0.3291513671875 0.3391083984375 0.4132373046875 0.305640625 0.4494716796875 0.3117255859375 0.449033203125 0.2677216796875 0.429814453125 0.2651884765625 0.41498046875 0.2614326171875 0.32866015625 0.2975029296875 0.3291513671875 0.3391083984375
0 0.41791015625 0.188041015625 0.45011328125 0.1939638671875 0.4538154296875 0.1502841796875 0.4197607421875 0.143251953125 0.3346240234375 0.1917421875 0.3324033203125 0.23505078125 0.41791015625 0.188041015625
9 0.8976416015625 0.1880869140625 0.9397705078125 0.197375 0.9414287109375 0.1771396484375 0.89432421875 0.1592265625 0.8976416015625 0.1880869140625
0 0.915935546875 0.2232548828125 0.988154296875 0.246865234375 0.988849609375 0.210755859375 0.925986328125 0.186671875 0.89649609375 0.182248046875 0.8982275390625 0.22394921875 0.915935546875 0.2232548828125
7 1 0.3614931640625 0.9944638671875 0.2466630859375 0.98694921875 0.155833984375 0.9845185546875 0.146720703125 0.977232421875 0.1495263671875 0.966900390625 0.15153515625 0.95570703125 0.14723046875 0.947458984375 0.14884765625 0.9477626953125 0.1549228515625 0.9535341796875 0.1579609375 0.9647734375 0.1588720703125 0.9722109375 0.1576455078125 0.980623046875 0.155451171875 0.9850126953125 0.1759345703125 0.9922353515625 0.3673486328125 0.993025390625 0.4554326171875 0.9772255859375 0.4684677734375 0.982755859375 0.5391728515625 0.9906552734375 0.53877734375 0.987890625 0.4716279296875 1 0.465703125 1 0.3614931640625
9 0.902986328125 0.316146484375 0.919146484375 0.3179140625 0.919146484375 0.282814453125 0.900712890625 0.2787744140625 0.902986328125 0.316146484375
0 1 0.315486328125 0.9197802734375 0.2885634765625 0.9041162109375 0.290521484375 0.90703125 0.3335654296875 0.9246435546875 0.331697265625 1 0.3501103515625 1 0.315486328125
9 0.907884765625 0.4162255859375 0.9244697265625 0.4162255859375 0.9228642578125 0.3814501953125 0.90708203125 0.380380859375 0.907884765625 0.4162255859375
0 0.9278564453125 0.4420166015625 0.99954296875 0.4544609375 1 0.4146953125 0.924880859375 0.402251953125 0.9100029296875 0.4030634765625 0.911896484375 0.4425576171875 0.9278564453125 0.4420166015625
9 0.9117705078125 0.5218779296875 0.927201171875 0.5213271484375 0.926794921875 0.487296875 0.9107548828125 0.4869765625 0.9117705078125 0.5218779296875
9 0.9764248046875 0.5256025390625 0.975890625 0.494087890625 0.9577294921875 0.494087890625 0.95853125 0.5256025390625 0.9764248046875 0.5256025390625
0 1 0.5262216796875 0.9426064453125 0.522982421875 0.910802734375 0.5215107421875 0.9116865234375 0.53476171875 1 0.5394736328125 1 0.5262216796875
6 1 0.681439453125 0.8844541015625 0.6837880859375 0.8711396484375 0.6948828125 0.8409794921875 0.6936279296875 0.832685546875 0.7033037109375 0.7616396484375 0.7030146484375 0.7242373046875 0.7047861328125 0.693798828125 0.7045966796875 0.68559765625 0.7141650390625 0.6751201171875 0.7142978515625 0.52707421875 0.7240615234375 0.51357421875 0.72900390625 0.4732109375 0.7234248046875 0.45986328125 0.71123046875 0.45595703125 0.7119140625 0.45078125 0.71044921875 0.448828125 0.708984375 0.4126728515625 0.712154296875 0.3720751953125 0.7137978515625 0.3546875 0.7142578125 0.35 0.71943359375 0.3474609375 0.7201171875 0.34091796875 0.72138671875 0.3276376953125 0.721337890625 0.3261494140625 0.716875 0.314275390625 0.71537890625 0.3091923828125 0.6988603515625 0.2270234375 0.7043662109375 0.213046875 0.709025390625 0.1893271484375 0.703095703125 0.1901748046875 0.6920830078125 0.0944521484375 0.6950478515625 0.0927578125 0.6874248046875 0.07412109375 0.6870009765625 0.0454755859375 0.6872880859375 0 0.6787080078125 0 0.6791279296875 0 0.9970439453125 1 0.99802734375 1 0.681439453125
4 0.7558134765625 0.510802734375 0.7541728515625 0.369703125 0.7415947265625 0.367515625 0.683076171875 0.3795478515625 0.685263671875 0.5146318359375 0.7558134765625 0.510802734375