9 0.569173828125 0.1629404296875 0.5692236328125 0.099037109375 0.50009765625 0.09879296875 0.4987431640625 0.1627607421875 0.569173828125 0.1629404296875
9 0.684341796875 0.163283203125 0.68391796875 0.09863671875 0.6134765625 0.0978388671875 0.612935546875 0.1614111328125 0.684341796875 0.163283203125
9 0.630005859375 0.3272001953125 0.63070703125 0.2484599609375 0.5124140625 0.2436064453125 0.5081455078125 0.3252646484375 0.630005859375 0.3272001953125
9 0.3606884765625 0.3152236328125 0.4281884765625 0.317505859375 0.43009765625 0.253599609375 0.3633486328125 0.2540595703125 0.3606884765625 0.3152236328125
9 0.6255703125 0.495306640625 0.6260625 0.4102724609375 0.509359375 0.408556640625 0.5084853515625 0.49382421875 0.6255703125 0.495306640625
9 0.419154296875 0.4907802734375 0.420537109375 0.4144873046875 0.3483369140625 0.4143154296875 0.34738671875 0.4897685546875 0.419154296875 0.4907802734375
9 0.4186240234375 0.6672783203125 0.4173095703125 0.589865234375 0.349146484375 0.5887578125 0.3484814453125 0.6660361328125 0.4186240234375 0.6672783203125
9 0.628541015625 0.6764990234375 0.6273095703125 0.582802734375 0.5043310546875 0.5820185546875 0.50454296875 0.675578125 0.628541015625 0.6764990234375
9 0.4598291015625 0.7941650390625 0.459234375 0.744033203125 0.395404296875 0.743025390625 0.395767578125 0.792 0.4598291015625 0.7941650390625
9 0.540259765625 0.82034765625 0.54534375 0.810263671875 0.558638671875 0.798248046875 0.558939453125 0.7455498046875 0.49933203125 0.74601171875 0.499607421875 0.819625 0.540259765625 0.82034765625
2 0.2722841796875 0.27690625 0.259271484375 0.688759765625 0.2594892578125 0.704865234375 0.2602705078125 0.74956640625 0.2568359375 0.81348828125 0.27342578125 0.8177822265625 0.2756591796875 0.826435546875 0.538357421875 0.836220703125 0.5399892578125 0.8223095703125 0.548650390625 0.807734375 0.5619951171875 0.7926220703125 0.5759892578125 0.7866787109375 0.617017578125 0.7789755859375 0.6633779296875 0.74655859375 0.6798193359375 0.7382255859375 0.737572265625 0.730744140625 0.80478125 0.73907421875 0.828541015625 0.750962890625 0.8455458984375 0.7700888671875 0.853169921875 0.7939384765625 0.8635419921875 0.8234189453125 0.9446533203125 0.8190517578125 0.9426513671875 0.795138671875 0.9295751953125 0.78934765625 0.922994140625 0.652626953125 0.93334375 0.6354560546875 0.9719697265625 0.624796875 0.956693359375 0.2687724609375 0.990140625 0.2278525390625 0.99085546875 0.218541015625 0.915990234375 0.1856484375 0.899791015625 0.173564453125 0.6786484375 0 0.5065234375 0.001197265625 0.2866376953125 0.161732421875 0.26143359375 0.178234375 0.229875 0.20494921875 0.2722841796875 0.27690625
1 0.0864521484375 0.79405859375 0.0901767578125 0.792755859375 0.0940732421875 0.799791015625 0.0986015625 0.8046806640625 0.10548046875 0.8075654296875 0.1118642578125 0.8076845703125 0.1187119140625 0.8056337890625 0.1234326171875 0.800876953125 0.124537109375 0.795126953125 0.22072265625 0.7899951171875 0.228267578125 0.7962255859375 0.235927734375 0.799521484375 0.2451337890625 0.80014453125 0.250947265625 0.79734765625 0.2565693359375 0.792703125 0.2580185546875 0.751775390625 0.2407236328125 0.7449287109375 0.2207333984375 0.7411865234375 0.198689453125 0.72821484375 0.1827802734375 0.7219462890625 0.1566259765625 0.71944140625 0.1268994140625 0.720474609375 0.108455078125 0.723748046875 0.091267578125 0.7314033203125 0.082037109375 0.742486328125 0.075109375 0.761046875 0.07021484375 0.775373046875 0.0708974609375 0.7842763671875 0.0745224609375 0.7891220703125 0.0812919921875 0.792873046875 0.0864521484375 0.79405859375
1 0.570095703125 0.86021875 0.576353515625 0.8701181640625 0.58414453125 0.8776943359375 0.59701171875 0.8800712890625 0.607548828125 0.879421875 0.6191630859375 0.87676953125 0.6315908203125 0.8695400390625 0.640291015625 0.860248046875 0.7735791015625 0.85180078125 0.7771630859375 0.857306640625 0.7899228515625 0.870453125 0.8008291015625 0.87457421875 0.8214267578125 0.8740126953125 0.833537109375 0.8700146484375 0.8394912109375 0.8630185546875 0.8444619140625 0.8496337890625 0.854634765625 0.8453681640625 0.8624072265625 0.8397998046875 0.8636025390625 0.8297412109375 0.850515625 0.790072265625 0.844302734375 0.7707666015625 0.8280625 0.75273828125 0.8057705078125 0.7403095703125 0.73883203125 0.7320009765625 0.6804970703125 0.7391953125 0.6655771484375 0.746298828125 0.6181064453125 0.78074609375 0.5790595703125 0.7877470703125 0.564576171875 0.7929794921875 0.550158203125 0.8076865234375 0.5414111328125 0.8231279296875 0.5414580078125 0.8315458984375 0.54129296875 0.8442451171875 0.5468857421875 0.8568720703125 0.561892578125 0.8625078125 0.570095703125 0.86021875
1 1 0.735138671875 0.9815751953125 0.7500185546875 0.965203125 0.77585546875 0.959388671875 0.7998798828125 0.9569384765625 0.8146826171875 0.9623935546875 0.8295595703125 0.991833984375 0.8453076171875 1 0.8482392578125 1 0.735138671875
8 0.1895029296875 0 0.1361025390625 0.012921875 0.1171005859375 0.0274267578125 0.1052919921875 0.0524599609375 0.1034365234375 0.08476171875 0.1106865234375 0.1469755859375 0.1048544921875 0.1893466796875 0.0922666015625 0.2152158203125 0.055052734375 0.2243857421875 0.034919921875 0.2402294921875 0.01342578125 0.2673564453125 0.0019814453125 0.3151015625 0.001525390625 0.57223828125 0.0093564453125 0.598833984375 0.034263671875 0.6443359375 0.0477900390625 0.696806640625 0.048439453125 0.7168017578125 0.01464453125 0.7230146484375 0.0002626953125 0.733189453125 0.00130078125 0.7705087890625 0.071630859375 0.76555859375 0.0851533203125 0.7347236328125 0.0929453125 0.727490234375 0.1183935546875 0.7181005859375 0.1470791015625 0.7173837890625 0.18155078125 0.7198193359375 0.189810546875 0.722966796875 0.2230048828125 0.7402763671875 0.2293701171875 0.730248046875 0.2363408203125 0.7134580078125 0.2472763671875 0.7077431640625 0.256771484375 0.70625390625 0.267193359375 0.384728515625 0.27524609375 0.374869140625 0.2969052734375 0.3924453125 0.3057197265625 0.4135 0.31941015625 0.4361396484375 0.32017578125 0.4688544921875 0.3099375 0.5427392578125 0.30444921875 0.6129677734375 0.3021162109375 0.7201298828125 0.3025029296875 0.80094921875 0.3037265625 0.830748046875 0.259919921875 0.833873046875 0.2234560546875 0.8348876953125 0.20625 0.8401630859375 0.1830224609375 0.850470703125 0.1743828125 0.864234375 0.1869365234375 0.8720341796875 0.3252421875 0.8776806640625 0.387779296875 0.8825771484375 0.403201171875 0.878380859375 0.3991796875 0.8675947265625 0.4478173828125 0.8549150390625 0.4495849609375 0.8492646484375 0.3772373046875 0.8420263671875 0.338240234375 0.8331376953125 0.3289296875 0.82284375 0.3254169921875 0.6772548828125 0.32984765625 0.5765830078125 0.335671875 0.4994423828125 0.3407939453125 0.4614599609375 0.37941015625 0.441775390625 0.45052734375 0.42922265625 0.48330859375 0.4514091796875 0.5060107421875 0.4683603515625 0.560314453125 0.4676572265625 0.5999443359375 0.425892578125 0.6282236328125 0.3764052734375 0.649453125 0.3305 0.6423330078125 0.2795595703125 0.6179599609375 0.220873046875 0.5745947265625 0.191041015625 0.566953125 0.1585498046875 0.53932421875 0.1327998046875 0.51457421875 0.1225302734375 0.5044677734375 0.09825390625 0.52030078125 0.06798828125 0.51638671875 0.0486337890625 0.4981064453125 0.02690625 0.4845859375 0 0.1895029296875 0
6 1 0.8498935546875 0.9698486328125 0.8347001953125 0.9620556640625 0.8305986328125 0.9573076171875 0.8174560546875 0.9566494140625 0.8102412109375 0.958130859375 0.798943359375 0.9594716796875 0.7934013671875 0.9447216796875 0.794373046875 0.9463154296875 0.8203017578125 0.8635517578125 0.8248720703125 0.865189453125 0.8304765625 0.86399609375 0.8415048828125 0.8563076171875 0.846044921875 0.8451298828125 0.8505107421875 0.84093359375 0.8641884765625 0.8344169921875 0.87108984375 0.8252939453125 0.87499609375 0.811328125 0.8761435546875 0.798220703125 0.875052734375 0.7875224609375 0.870748046875 0.775591796875 0.8580556640625 0.7727822265625 0.85284375 0.6403837890625 0.86210546875 0.6342041015625 0.8689033203125 0.6242734375 0.87664453125 0.61668359375 0.879251953125 0.6053203125 0.881390625 0.590236328125 0.880517578125 0.57965234375 0.8768701171875 0.5688603515625 0.863640625 0.5612958984375 0.8642587890625 0.5436904296875 0.8564541015625 0.5382998046875 0.84005078125 0.3632802734375 0.831375 0.336294921875 0.8291123046875 0.3388330078125 0.8312919921875 0.3800400390625 0.840521484375 0.45350390625 0.8469970703125 0.4499111328125 0.8545966796875 0.4025693359375 0.867837890625 0.4057666015625 0.878568359375 0.390109375 0.8835205078125 0.18423828125 0.8734970703125 0.171046875 0.8644677734375 0.18272265625 0.8475302734375 0.2206591796875 0.83337890625 0.3011005859375 0.8299599609375 0.300390625 0.827966796875 0.2747939453125 0.8280107421875 0.2725244140625 0.8176591796875 0.2556806640625 0.814107421875 0.255890625 0.796515625 0.248943359375 0.799962890625 0.2454736328125 0.80130859375 0.238146484375 0.8013837890625 0.22746875 0.7974814453125 0.2197900390625 0.7912255859375 0.1263291015625 0.795453125 0.1230966796875 0.8031640625 0.1191943359375 0.8071279296875 0.1123115234375 0.8084765625 0.106390625 0.8086455078125 0.1006787109375 0.8067509765625 0.094171875 0.8018212890625 0.0901083984375 0.794126953125 0.0852392578125 0.79565234375 0.0780009765625 0.7928310546875 0.0703115234375 0.786755859375 0.068947265625 0.77683203125 0.071697265625 0.7669580078125 0.0000166015625 0.7718798828125 0 0.7769462890625 0 0.9974970703125 1 0.9997958984375 1 0.8498935546875
2 0.000771484375 0.767138671875 0.07023828125 0.7631123046875 0.0817744140625 0.73521875 0.089361328125 0.7269287109375 0.1030732421875 0.7205166015625 0.11553515625 0.7161513671875 0.1472841796875 0.71545703125 0.18569921875 0.7188603515625 0.2220517578125 0.738357421875 0.2290556640625 0.7276337890625 0.23530078125 0.7130576171875 0.24569921875 0.7070244140625 0.2553623046875 0.704578125 0.261537109375 0.463986328125 0.000130859375 0.4648212890625 0.000771484375 0.767138671875
1 0.237126953125 0.7141513671875 0.2307568359375 0.7287109375 0.224111328125 0.740125 0.2426669921875 0.743970703125 0.25799609375 0.7502822265625 0.2574423828125 0.707001953125 0.2479697265625 0.708927734375 0.237126953125 0.7141513671875