9 0.2297783203125 0.71727734375 0.22918359375 0.6465302734375 0.2009443359375 0.65604296875 0.200052734375 0.7238173828125 0.2297783203125 0.71727734375
9 0.23483203125 0.5820263671875 0.23512890625 0.51603515625 0.20421484375 0.5320869140625 0.2039169921875 0.59540234375 0.23483203125 0.5820263671875
9 0.239587890625 0.4542060546875 0.239587890625 0.3974306640625 0.2116455078125 0.4140771484375 0.2086728515625 0.471744140625 0.239587890625 0.4542060546875
9 0.208970703125 0.343330078125 0.2098623046875 0.3225224609375 0.184298828125 0.34184375 0.1840009765625 0.361462890625 0.208970703125 0.343330078125
9 0.14951953125 0.3674072265625 0.1486279296875 0.3882158203125 0.172408203125 0.370677734375 0.172111328125 0.35076171875 0.14951953125 0.3674072265625
9 0.1011064453125 0.4845947265625 0.0990634765625 0.5366796875 0.120765625 0.5251904296875 0.1230634765625 0.4715732421875 0.1011064453125 0.4845947265625
9 0.096 0.58953125 0.09242578125 0.644935546875 0.1146376953125 0.6370205078125 0.116169921875 0.5808505859375 0.096 0.58953125
9 0.0090185546875 0.6417939453125 0.023146484375 0.643296875 0.0243486328125 0.626162109375 0.010521484375 0.6243583984375 0.0090185546875 0.6417939453125
9 0 0.6415078125 0.0047490234375 0.641771484375 0.004880859375 0.623171875 0 0.622775390625 0 0.6415078125
7 0 0.999986328125 0.0041279296875 1 0.007568359375 0.8862265625 0.0472470703125 0.8894375 0.048623046875 0.8880615234375 0.0499990234375 0.8490712890625 0.0504580078125 0.843107421875 0.0472470703125 0.84035546875 0 0.8362275390625 0 0.999986328125
9 0.1088203125 0.751537109375 0.1106748046875 0.6893984375 0.087333984375 0.6983642578125 0.0854794921875 0.7583388671875 0.1088203125 0.751537109375
9 0.1051103515625 0.870095703125 0.1058828125 0.80501953125 0.0843974609375 0.8105849609375 0.0825419921875 0.87133203125 0.1051103515625 0.870095703125
4 0.006388671875 0.9549208984375 0.0051103515625 0.9993837890625 0.1040009765625 1 0.1042568359375 0.9641201171875 0.078958984375 0.9607978515625 0.0436962890625 0.9595205078125 0.0416513671875 0.955431640625 0.008943359375 0.9551767578125 0.006388671875 0.9549208984375
8 0.02656640625 0.8419833984375 0.038255859375 0.842337890625 0.0467568359375 0.840212890625 0.0520703125 0.831357421875 0.058091796875 0.8193134765625 0.05880078125 0.8097490234375 0.070490234375 0.7973515625 0.0740322265625 0.789205078125 0.0750947265625 0.7828291015625 0.0811162109375 0.7622841796875 0.0761572265625 0.758033203125 0.0719072265625 0.7566162109375 0.0683642578125 0.758033203125 0.0644677734375 0.7640546875 0.05986328125 0.7732646484375 0.0506533203125 0.7760986328125 0.0464033203125 0.7803486328125 0.0464033203125 0.765826171875 0.0524248046875 0.7527197265625 0.0573837890625 0.7410302734375 0.0602177734375 0.734654296875 0.0623427734375 0.7321748046875 0.062697265625 0.7201318359375 0.065884765625 0.7123388671875 0.070490234375 0.705962890625 0.073677734375 0.6946279296875 0.0750947265625 0.6829384765625 0.0740322265625 0.6751455078125 0.0722607421875 0.66770703125 0.06765625 0.66983203125 0.0612802734375 0.6822294921875 0.055966796875 0.6932109375 0.0510078125 0.70525390625 0.0502998046875 0.708087890625 0.0517158203125 0.682583984375 0.053841796875 0.6701865234375 0.0499453125 0.642556640625 0.0510078125 0.624845703125 0.053841796875 0.60784375 0.0541962890625 0.5922578125 0.0541962890625 0.580568359375 0.0499453125 0.577380859375 0.047111328125 0.574546875 0.0435693359375 0.5710048828125 0.0386103515625 0.56462890625 0.0290458984375 0.5554189453125 0.027275390625 0.557189453125 0.0258583984375 0.5642744140625 0.02231640625 0.5791513671875 0.0201904296875 0.5869443359375 0.0180654296875 0.60996875 0.0159404296875 0.6163447265625 0.0123974609375 0.6280341796875 0.00991796875 0.63759765625 0.00991796875 0.646453125 0.0134599609375 0.659205078125 0.0092099609375 0.6655810546875 0.0074384765625 0.6733740234375 0.0074384765625 0.68754296875 0.0003544921875 0.6956904296875 0 1 0.004958984375 0.9999658203125 0.006021484375 0.8841357421875 0.02656640625 0.8419833984375
9 0.2281201171875 0.8539296875 0.2285400390625 0.7790087890625 0.1958017578125 0.7867744140625 0.1943330078125 0.8583369140625 0.2281201171875 0.8539296875
9 0.52631640625 0.8637919921875 0.5247080078125 0.79303515625 0.4943125 0.7897041015625 0.4936943359375 0.862873046875 0.52631640625 0.8637919921875
9 0.5242255859375 0.73486328125 0.521982421875 0.6673095703125 0.4915703125 0.6593330078125 0.4913212890625 0.7303759765625 0.5242255859375 0.73486328125
9 0.4880810546875 0.5346953125 0.488330078125 0.6015009765625 0.5194892578125 0.6109736328125 0.517994140625 0.546162109375 0.4880810546875 0.5346953125
9 0.5159482421875 0.4894619140625 0.5132578125 0.430498046875 0.484341796875 0.418533203125 0.48508984375 0.4801044921875 0.5159482421875 0.4894619140625
9 0.535681640625 0.3788466796875 0.5354228515625 0.3492451171875 0.5138701171875 0.3398974609375 0.5138701171875 0.371056640625 0.535681640625 0.3788466796875
9 0.56658203125 0.390791015625 0.564763671875 0.3630068359375 0.5452890625 0.3544384765625 0.546068359375 0.3840400390625 0.56658203125 0.390791015625
9 0.6463515625 0.4788857421875 0.641763671875 0.412357421875 0.61968359375 0.4040419921875 0.6234111328125 0.471142578125 0.6463515625 0.4788857421875
9 0.6761455078125 0.41273046875 0.6770439453125 0.43896484375 0.6835126953125 0.43878515625 0.6820751953125 0.41560546875 0.6761455078125 0.41273046875
9 0.7066201171875 0.451009765625 0.7046328125 0.425875 0.6901474609375 0.4194853515625 0.6915673828125 0.445330078125 0.7066201171875 0.451009765625
9 0.7826826171875 0.48411328125 0.780873046875 0.4612861328125 0.7647265625 0.4548828125 0.7654228515625 0.4761796875 0.7826826171875 0.48411328125
9 0.8327333984375 0.50722265625 0.8302158203125 0.484095703125 0.8203046875 0.4790615234375 0.8221923828125 0.5029755859375 0.8327333984375 0.50722265625
9 0.8498818359375 0.513673828125 0.8484658203125 0.492591796875 0.838396484375 0.4885009765625 0.8393408203125 0.5100546875 0.8498818359375 0.513673828125
9 0.9040615234375 0.5380830078125 0.90347265625 0.5180771484375 0.89405859375 0.513958984375 0.8943525390625 0.535140625 0.9040615234375 0.5380830078125
9 0.9190654296875 0.5454375 0.9168583984375 0.5241083984375 0.908033203125 0.5202841796875 0.90862109375 0.541759765625 0.9190654296875 0.5454375
9 1 0.5646630859375 0.994732421875 0.5634775390625 0.9965107421875 0.5826484375 1 0.583833984375 1 0.5646630859375
0 0.5566240234375 0.4981611328125 0.5941630859375 0.511392578125 0.59385546875 0.501853515625 0.5578544921875 0.488623046875 0.544931640625 0.4913916015625 0.544931640625 0.5009306640625 0.5566240234375 0.4981611328125
0 0.5622265625 0.61694140625 0.598703125 0.6256953125 0.598216796875 0.614265625 0.561982421875 0.6052685546875 0.5510400390625 0.607943359375 0.5510400390625 0.61694140625 0.5622265625 0.61694140625
0 0.56683203125 0.737923828125 0.6052763671875 0.744966796875 0.60454296875 0.7329345703125 0.567125 0.726625 0.5559736328125 0.7292666015625 0.556560546875 0.7399775390625 0.56683203125 0.737923828125
0 0.6090146484375 0.867197265625 0.608095703125 0.8540927734375 0.5621142578125 0.8531728515625 0.5621142578125 0.865357421875 0.6090146484375 0.867197265625
9 0.66882421875 0.813306640625 0.6634951171875 0.7345517578125 0.6383291015625 0.730111328125 0.6404013671875 0.812123046875 0.66882421875 0.813306640625
9 0.6605341796875 0.69754296875 0.6569814453125 0.6253017578125 0.63448046875 0.6187880859375 0.6368486328125 0.6942861328125 0.6605341796875 0.69754296875
9 0.6540205078125 0.5856279296875 0.649580078125 0.5166435546875 0.627078125 0.5080576171875 0.6309267578125 0.580298828125 0.6540205078125 0.5856279296875
0 0.7157373046875 0.5528564453125 0.7152685546875 0.544302734375 0.6869111328125 0.534107421875 0.6865595703125 0.534927734375 0.6865595703125 0.543248046875 0.7157373046875 0.5528564453125
0 0.7252470703125 0.656951171875 0.725140625 0.6472099609375 0.6961298828125 0.64014453125 0.6935615234375 0.640787109375 0.6933466796875 0.6498857421875 0.7252470703125 0.656951171875
9 0.7597548828125 0.76996484375 0.7580537109375 0.7146630859375 0.7396767578125 0.7117705078125 0.7413779296875 0.7680927734375 0.7597548828125 0.76996484375
0 0.7298076171875 0.7641787109375 0.72963671875 0.7537998046875 0.699689453125 0.7500556640625 0.700029296875 0.760435546875 0.7298076171875 0.7641787109375
0 0.7041943359375 0.8714775390625 0.7344453125 0.87187890625 0.7347529296875 0.861921875 0.703994140625 0.861060546875 0.7041943359375 0.8714775390625
9 0.764751953125 0.8743125 0.7630126953125 0.817140625 0.7444814453125 0.8164716796875 0.7456220703125 0.87366015625 0.764751953125 0.8743125
9 0.8241474609375 0.874986328125 0.8201201171875 0.8221396484375 0.8009345703125 0.8217353515625 0.8029541015625 0.8748486328125 0.8241474609375 0.874986328125
9 0.8758623046875 0.875423828125 0.8745478515625 0.82699609375 0.8609619140625 0.82677734375 0.8622763671875 0.8756435546875 0.8758623046875 0.875423828125
9 0.81779296875 0.7779111328125 0.8138486328125 0.7268544921875 0.7969755859375 0.724224609375 0.7989482421875 0.7763779296875 0.81779296875 0.7779111328125
9 0.8710419921875 0.785142578125 0.8697265625 0.737810546875 0.856140625 0.7347431640625 0.857017578125 0.783828125 0.8710419921875 0.785142578125
9 0.9108125 0.7893984375 0.9081181640625 0.74423046875 0.8961015625 0.7429873046875 0.8977587890625 0.7881552734375 0.9108125 0.7893984375
9 0.9456201171875 0.7949921875 0.9433408203125 0.7510673828125 0.9333955078125 0.7506533203125 0.934431640625 0.79437109375 0.9456201171875 0.7949921875
9 0.9806357421875 0.7985146484375 0.97752734375 0.7556259765625 0.96716796875 0.75458984375 0.969033203125 0.797892578125 0.9806357421875 0.7985146484375
9 0.9157177734375 0.8748046875 0.9138583984375 0.8292421875 0.9027001953125 0.828498046875 0.9043740234375 0.8755478515625 0.9157177734375 0.8748046875
9 0.9506806640625 0.875734375 0.9488203125 0.8307294921875 0.9380341796875 0.8305439453125 0.939150390625 0.875919921875 0.9506806640625 0.875734375
9 0.9843408203125 0.8748046875 0.982853515625 0.831845703125 0.9716953125 0.831845703125 0.9729970703125 0.8751767578125 0.9843408203125 0.8748046875
9 0.877408203125 0.9354306640625 0.8770361328125 0.9173916015625 0.86569140625 0.9175771484375 0.86625 0.9356171875 0.877408203125 0.9354306640625
9 0.987359375 0.9490419921875 0.98621875 0.9098115234375 0.9752705078125 0.9100400390625 0.9761826171875 0.9497255859375 0.987359375 0.9490419921875
7 0.706607421875 0.9076328125 0.693974609375 0.9996318359375 0.736091796875 1 0.748443359375 0.9079609375 0.706607421875 0.9076328125
5 0.5635478515625 1 0.5640810546875 0.9339091796875 0.23826171875 0.9255078125 0.11094921875 0.931494140625 0.1104677734375 1 0.5635478515625 1
4 1 1 0.9993193359375 0.9520576171875 0.9657236328125 0.9543349609375 0.955474609375 0.9754033203125 0.932697265625 0.9754033203125 0.9298505859375 0.9309892578125 0.8516142578125 0.935900390625 0.784830078125 0.9446513671875 0.78412890625 0.9585107421875 0.6664609375 0.961693359375 0.666 0.991169921875 0.577384765625 0.9964716796875 0.5494833984375 1 1 1
9 0.782572265625 0.9576796875 0.784576171875 0.9436552734375 0.7973984375 0.9408505859375 0.797798828125 0.93003125 0.7709521484375 0.93003125 0.7713525390625 0.9584814453125 0.782572265625 0.9576796875
9 0.834146484375 0.936623046875 0.8427041015625 0.9364091796875 0.842490234375 0.9265673828125 0.8343603515625 0.927208984375 0.834146484375 0.936623046875
8 0.83414453125 0.9999365234375 0.8258544921875 0.8356982421875 0.832072265625 0.828962890625 0.8450244140625 0.8294814453125 0.863158203125 0.824818359375 0.8735205078125 0.8201552734375 0.8740380859375 0.8097939453125 0.861603515625 0.799431640625 0.880255859375 0.7797431640625 0.894244140625 0.7595380859375 0.90926953125 0.735705078125 0.9103056640625 0.712908203125 0.905642578125 0.6984013671875 0.85538671875 0.751248046875 0.8657490234375 0.70928125 0.8647119140625 0.6994375 0.8605673828125 0.6963291015625 0.8781826171875 0.6693876953125 0.892171875 0.6424462890625 0.857458984375 0.656953125 0.8496875 0.6553994140625 0.8600498046875 0.627421875 0.8735205078125 0.5973720703125 0.8450244140625 0.6051435546875 0.8382890625 0.5994443359375 0.8310361328125 0.5880458984375 0.8336259765625 0.5782021484375 0.836216796875 0.5636953125 0.8009853515625 0.5766474609375 0.795287109375 0.55644140625 0.7854423828125 0.542970703125 0.7698994140625 0.5476337890625 0.778189453125 0.600998046875 0.770935546875 0.58908203125 0.7533203125 0.565767578125 0.739849609375 0.571984375 0.7543564453125 0.62016796875 0.7424404296875 0.61446875 0.741921875 0.6357109375 0.7206796875 0.617578125 0.7268974609375 0.6652431640625 0.71498046875 0.66265234375 0.7061728515625 0.6610986328125 0.70669140625 0.6792314453125 0.7237890625 0.7009921875 0.722234375 0.725861328125 0.7160166015625 0.7211982421875 0.70928125 0.7160166015625 0.71653515625 0.743994140625 0.7113544921875 0.751765625 0.70513671875 0.7616103515625 0.6978837890625 0.766791015625 0.6880390625 0.770935546875 0.6792314453125 0.7735263671875 0.7108359375 0.782333984375 0.728451171875 0.795287109375 0.7331142578125 0.807720703125 0.745548828125 0.81134765625 0.7579833984375 0.81290234375 0.76886328125 0.819119140625 0.7673095703125 0.82274609375 0.7600556640625 0.8274091796875 0.749693359375 0.8284453125 0.751765625 0.8299990234375 0.7642001953125 0.83414453125 0.7890693359375 0.83258984375 0.78181640625 0.8481328125 0.7807802734375 0.8543505859375 0.7755986328125 0.8647119140625 0.7693818359375 0.8657490234375 0.7595380859375 0.86678515625 0.766791015625 0.8735205078125 0.77041796875 0.8755927734375 0.7807802734375 0.873001953125 0.79166015625 0.863158203125 0.7963232421875 0.84398828125 0.79994921875 0.8382890625 0.8087568359375 0.84398828125 0.8217099609375 0.9999365234375 0.83414453125 0.9999365234375
8 0.899283203125 0.9315498046875 0.9325908203125 0.930162109375 0.933630859375 0.973876953125 0.9554892578125 0.97318359375 0.964509765625 0.95375390625 0.9752646484375 0.95201953125 0.9773466796875 0.9478564453125 0.9742236328125 0.945427734375 0.9686728515625 0.9436923828125 0.9665908203125 0.937794921875 0.96555078125 0.9270390625 0.96555078125 0.917671875 0.96138671875 0.912814453125 0.8982431640625 0.9211416015625 0.899283203125 0.9315498046875
9 0.642708984375 0.85565234375 0.6442001953125 0.9078447265625 0.6680595703125 0.9078447265625 0.6668662109375 0.8562490234375 0.642708984375 0.85565234375
2 1 0.5545439453125 0.9937099609375 0.5485673828125 0.976044921875 0.54522265625 0.9733203125 0.5300146484375 0.9653759765625 0.5309228515625 0.9556162109375 0.5297880859375 0.957431640625 0.5477197265625 0.9497138671875 0.540001953125 0.93745703125 0.538640625 0.9358681640625 0.5173037109375 0.925880859375 0.516849609375 0.926333984375 0.510720703125 0.9111259765625 0.50345703125 0.894783203125 0.4971015625 0.8909248046875 0.4923349609375 0.87480859375 0.4914267578125 0.8548330078125 0.498236328125 0.8543818359375 0.487931640625 0.8595390625 0.48334765625 0.8603984375 0.4790498046875 0.8589658203125 0.4750380859375 0.852662109375 0.4750380859375 0.820859375 0.45870703125 0.817994140625 0.4544091796875 0.8051015625 0.4555556640625 0.7913486328125 0.460712890625 0.7904892578125 0.45698828125 0.8062470703125 0.4481064453125 0.805673828125 0.4481064453125 0.7655625 0.427763671875 0.75983203125 0.4246123046875 0.7513798828125 0.4243251953125 0.7288642578125 0.4337197265625 0.7288642578125 0.4272119140625 0.7204423828125 0.4226181640625 0.7169970703125 0.4214697265625 0.7223564453125 0.416494140625 0.7246533203125 0.410751953125 0.7307783203125 0.406158203125 0.6840751953125 0.384337890625 0.6833095703125 0.382041015625 0.6928798828125 0.376681640625 0.6017724609375 0.3322763671875 0.6025380859375 0.3295966796875 0.615552734375 0.3242373046875 0.616701171875 0.3192607421875 0.616701171875 0.3139013671875 0.609810546875 0.3139013671875 0.576693359375 0.2976796875 0.5747548828125 0.29355859375 0.5713603515625 0.2928310546875 0.5684521484375 0.29307421875 0.5645732421875 0.299619140625 0.5349990234375 0.3131943359375 0.503728515625 0.2991337890625 0.4631884765625 0.31789453125 0.4552021484375 0.3127421875 0.44876171875 0.31789453125 0.44927734375 0.3220166015625 0.350326171875 0.2816962890625 0.3488916015625 0.2781083984375 0.345783203125 0.277630859375 0.3424345703125 0.277630859375 0.322826171875 0.290783203125 0.309966796875 0.2863984375 0.2997197265625 0.2774326171875 0.297158203125 0.2756396484375 0.29433984375 0.276408203125 0.2915224609375 0.279994140625 0.2904970703125 0.284861328125 0.2674921875 0.3010302734375 0.2181376953125 0.289033203125 0.213775390625 0.289578125 0.149501953125 0.3394189453125 0.1343876953125 0.3522333984375 0.138330078125 0.35321875 0.135044921875 0.3988916015625 0.1143447265625 0.41269140625 0.1113876953125 0.41269140625 0.106458984375 0.414333984375 0.104158203125 0.4209052734375 0.0749150390625 0.4422626953125 0.0407431640625 0.4675634765625 0.029900390625 0.470849609375 0.0285859375 0.4777490234375 0.023 0.4846494140625 0.0289150390625 0.4859638671875 0.0322001953125 0.489578125 0.058486328125 0.496806640625 0.058158203125 0.5017353515625 0.061115234375 0.505021484375 0.057171875 0.562521484375 0.055201171875 0.562521484375 0.0532294921875 0.56679296875 0.055857421875 0.568107421875 0.0509296875 0.638751953125 0.0276005859375 0.6269228515625 0.0282578125 0.6226513671875 0.0345 0.6206796875 0.0348291015625 0.6187080078125 0.0065712890625 0.6144365234375 0 0.6095087890625 0 0.95290234375 0.006896484375 0.953640625 0.041869140625 0.9531484375 0.0448251953125 0.95856640625 0.0793662109375 0.959447265625 0.0893603515625 0.9603291015625 0.1052333984375 0.9632685546875 0.104939453125 1 0.109642578125 1 0.1099365234375 0.9297587890625 0.2423173828125 0.923029296875 0.3170146484375 0.925228515625 0.475515625 0.9301328125 0.565216796875 0.9314189453125 0.565216796875 0.9953994140625 0.6655283203125 0.9905166015625 0.6658505859375 0.960033203125 0.6979013671875 0.9599287109375 0.7052119140625 0.90647265625 0.7494619140625 0.9072548828125 0.742728515625 0.9591044921875 0.7838486328125 0.9577666015625 0.7842236328125 0.9436953125 0.8422998046875 0.9366689453125 0.8981240234375 0.931921875 0.8975537109375 0.92071875 0.9613525390625 0.91103515625 0.9664794921875 0.9176806640625 0.9662900390625 0.92660546875 0.967048828125 0.937048828125 0.9691376953125 0.943125 0.97464453125 0.94407421875 0.978251953125 0.947681640625 0.9767333984375 0.95280859375 1 0.9512890625 1 0.5545439453125
7 0 0.1256708984375 0.0329560546875 0.1529658203125 0.09824609375 0.204576171875 0.1072626953125 0.2132822265625 0.112859375 0.2201220703125 0.1159677734375 0.226650390625 0.08767578125 0.2509013671875 0.08456640625 0.2543212890625 0.084255859375 0.2592958984375 0.0904736328125 0.2645810546875 0.1072626953125 0.270177734375 0.1190771484375 0.271732421875 0.1259169921875 0.271732421875 0.1585625 0.244994140625 0.1700654296875 0.2527666015625 0.1915185546875 0.267068359375 0.200845703125 0.2692451171875 0.2894541015625 0.286966796875 0.2916298828125 0.283857421875 0.1926494140625 0.260423828125 0.16223046875 0.2412119140625 0.161697265625 0.23934375 0.16036328125 0.235875 0.157427734375 0.231072265625 0.133146484375 0.2222666015625 0.13608203125 0.2201328125 0.13955078125 0.21933203125 0.14141796875 0.2177314453125 0.1392841796875 0.2147958984375 0.13448046875 0.211060546875 0.1320791015625 0.211060546875 0.1294111328125 0.2150625 0.126208984375 0.21586328125 0.122740234375 0.2153291015625 0.1211396484375 0.2134619140625 0.1179375 0.2107939453125 0.11366796875 0.2097265625 0.061103515625 0.16996875 0 0.12060546875 0 0.1256708984375