2 1 0.3466904296875 0.7801552734375 0.0603837890625 0.3546630859375 0.2280556640625 0.2796787109375 0.3493193359375 0.2462509765625 0.36101953125 0.20948046875 0.4228603515625 0.22563671875 0.4340029296875 0.1479794921875 0.562130859375 0.1253984375 0.5688564453125 0.107140625 0.60441015625 0.12116015625 0.60925 0.0898447265625 0.664947265625 0.058712890625 0.6812216796875 0.043892578125 0.8628388671875 0.090486328125 0.8878232421875 0.113615234375 0.907705078125 0.14999609375 0.923052734375 0.190904296875 0.9482275390625 0.2416025390625 0.965009765625 0.24898828125 0.9736181640625 0.2522734375 0.985771484375 0.254244140625 1 1 1 1 0.3466904296875
9 0.4523876953125 0.418201171875 0.6317509765625 0.4589443359375 0.634560546875 0.45379296875 0.6397119140625 0.3629404296875 0.6359658203125 0.3563837890625 0.46596875 0.3170458984375 0.46128515625 0.3236025390625 0.4486416015625 0.410240234375 0.4523876953125 0.418201171875
9 0.80606640625 0.5145498046875 0.810693359375 0.415064453125 0.677994140625 0.374572265625 0.670025390625 0.4826220703125 0.80606640625 0.5145498046875
9 0.74094921875 0.3019140625 0.74714453125 0.222615234375 0.6364560546875 0.185443359375 0.626130859375 0.2684599609375 0.74094921875 0.3019140625
9 0.8511142578125 0.3395224609375 0.8519541015625 0.265658203125 0.7877421875 0.2434150390625 0.7835458984375 0.318119140625 0.8511142578125 0.3395224609375
9 0.5771767578125 0.5584794921875 0.4906005859375 0.5389697265625 0.47840625 0.6438369140625 0.5653896484375 0.659689453125 0.5771767578125 0.5584794921875
9 0.7938564453125 0.7072060546875 0.8011201171875 0.5863125 0.6708857421875 0.5562177734375 0.6589521484375 0.684376953125 0.7938564453125 0.7072060546875
9 0.428865234375 0.872267578125 0.4361337890625 0.8922568359375 0.5619765625 0.90633984375 0.5710625 0.8936201171875 0.6028642578125 0.89407421875 0.6105869140625 0.7845859375 0.60871875 0.7816630859375 0.41870703125 0.758337890625 0.413873046875 0.764142578125 0.406603515625 0.8695419921875 0.428865234375 0.872267578125
9 0.7879384765625 0.9215712890625 0.7933828125 0.8047666015625 0.6533154296875 0.7879384765625 0.6528203125 0.7914033203125 0.645396484375 0.907712890625 0.7879384765625 0.9215712890625
9 0.5948583984375 1 0.5964970703125 0.980287109375 0.518166015625 0.97537109375 0.51619921875 1 0.5948583984375 1
9 0.70466796875 1 0.70466796875 0.9859921875 0.6400400390625 0.98490625 0.638953125 1 0.70466796875 1
1 0 1 0.2534521484375 0.9999140625 0.2507626953125 0.98601953125 0.2474326171875 0.973697265625 0.2404931640625 0.966279296875 0.1890439453125 0.9490498046875 0.1496572265625 0.925048828125 0.1150546875 0.9100546875 0.1032314453125 0.9068828125 0.04179296875 0.8997373046875 0 0.89741796875 0 1
1 0 0.896427734375 0.0398544921875 0.8984638671875 0.0768056640625 0.9025849609375 0.0912607421875 0.9041171875 0.0976015625 0.9045361328125 0.096796875 0.899578125 0.0926328125 0.894234375 0.08514453125 0.8893134765625 0.060970703125 0.879044921875 0.048134765625 0.8724130859375 0.0369033203125 0.8685078125 0.0131591796875 0.865646484375 0 0.86492578125 0 0.896427734375
9 0.2633671875 1 0.2671083984375 0.9339453125 0.2222099609375 0.9272939453125 0.2222099609375 0.9287490234375 0.2195068359375 0.9559794921875 0.241658203125 0.9639677734375 0.2496494140625 0.9732275390625 0.2530751953125 0.9862939453125 0.2548505859375 1 0.2633671875 1
9 0.2745537109375 0.85591015625 0.280546875 0.772859375 0.2425888671875 0.784560546875 0.2374521484375 0.8604765625 0.2745537109375 0.85591015625
9 0.2949609375 0.66340625 0.301697265625 0.58204296875 0.2605419921875 0.6089638671875 0.2552822265625 0.6795146484375 0.2949609375 0.66340625
9 0.2788046875 0.508681640625 0.3163447265625 0.490123046875 0.3273115234375 0.4028125 0.291037109375 0.4260107421875 0.2788046875 0.508681640625
9 0.1713076171875 0.8819921875 0.19498046875 0.884537109375 0.1982890625 0.8333740234375 0.1751259765625 0.83235546875 0.1713076171875 0.8819921875
9 0.0892890625 0.8797099609375 0.10289453125 0.8797099609375 0.1050205078125 0.850583984375 0.0914150390625 0.850583984375 0.0892890625 0.8797099609375
8 0.6420400390625 0 0.636255859375 0.0051416015625 0.6566845703125 0.0376162109375 0.696212890625 0.0675810546875 0.710876953125 0.0835205078125 0.745185546875 0.1650888671875 0.758236328125 0.2035888671875 0.7677900390625 0.26174609375 0.759388671875 0.352873046875 0.755181640625 0.4000927734375 0.7561806640625 0.48494140625 0.758529296875 0.5377802734375 0.755005859375 0.5683095703125 0.723302734375 0.55421875 0.699232421875 0.5436513671875 0.655787109375 0.4802451171875 0.6205615234375 0.414490234375 0.60434765625 0.359951171875 0.5910595703125 0.3426181640625 0.5777705078125 0.3455068359375 0.599435546875 0.4153271484375 0.63030078125 0.4705595703125 0.6628486328125 0.524654296875 0.6905673828125 0.5624169921875 0.720697265625 0.580494140625 0.7256630859375 0.59055078125 0.727181640625 0.6171171875 0.7476015625 0.6733798828125 0.7413310546875 0.7875224609375 0.7242392578125 0.926501953125 0.7203369140625 1 0.754583984375 1 0.754583984375 0.95019140625 0.7715595703125 0.7374248046875 0.7739130859375 0.667978515625 0.7843037109375 0.56308984375 0.802529296875 0.5580625 0.8333232421875 0.5404658203125 0.86348828125 0.5511494140625 0.92821875 0.5624619140625 0.9678115234375 0.576916015625 1 0.5700029296875 1 0.553423828125 0.9755263671875 0.553423828125 0.96413671875 0.550744140625 0.9071865234375 0.52461328125 0.866986328125 0.503173828125 0.8160654296875 0.509873046875 0.8160654296875 0.49379296875 0.889095703125 0.4194228515625 0.94738671875 0.4194228515625 0.981556640625 0.4174130859375 0.999646484375 0.4020029296875 1 0 0.6420400390625 0
8 0 0.86194921875 0.0408232421875 0.8658369140625 0.0567548828125 0.67882421875 0.0750771484375 0.6689921875 0.07413671875 0.6613671875 0.067736328125 0.64643359375 0.067736328125 0.6240322265625 0.0730703125 0.6037646484375 0.072537109375 0.58136328125 0.071470703125 0.5744296875 0.06026953125 0.5658955078125 0.0712294921875 0.552640625 0.0687734375 0.5360615234375 0.0595625 0.5286923828125 0.0601767578125 0.5176396484375 0.0742998046875 0.505359375 0.07245703125 0.491236328125 0.0620185546875 0.482025390625 0.0669306640625 0.46790234375 0.0681591796875 0.45869140625 0.0497373046875 0.445796875 0.042369140625 0.4292177734375 0.04359765625 0.4138662109375 0.0368427734375 0.409568359375 0 0.40833984375 0 0.86194921875