9 0.850609375 0.121234375 0.840375 0.02519140625 0.74433203125 0.0062978515625 0.7447255859375 0.0098408203125 0.75259765625 0.1058828125 0.850609375 0.121234375
9 0.963482421875 0.1384521484375 0.9521220703125 0.0482802734375 0.8662109375 0.0294658203125 0.8761513671875 0.1278017578125 0.963482421875 0.1384521484375
9 0.98699609375 0.3328994140625 0.9902236328125 0.33128515625 0.9845751953125 0.244529296875 0.855853515625 0.225564453125 0.8647314453125 0.318373046875 0.98699609375 0.3328994140625
9 0.94512109375 0.5157431640625 0.942673828125 0.4153916015625 0.8633017578125 0.408048828125 0.8647001953125 0.5136455078125 0.94512109375 0.5157431640625
9 0.8320966796875 0.502046875 0.8301591796875 0.407525390625 0.7395126953125 0.400166015625 0.7398994140625 0.4977861328125 0.8320966796875 0.502046875
9 0.66323046875 0.501552734375 0.6613251953125 0.3957783203125 0.561904296875 0.3900615234375 0.5612685546875 0.4967880859375 0.66323046875 0.501552734375
9 0.8290634765625 0.32099609375 0.82746875 0.222146484375 0.7254306640625 0.211517578125 0.727556640625 0.3087734375 0.8290634765625 0.32099609375
9 0.0954267578125 0.1365517578125 0.0806953125 0.271970703125 0.13315234375 0.2714033203125 0.1365517578125 0.2555390625 0.21077734375 0.2589384765625 0.2195126953125 0.1416513671875 0.0954267578125 0.1365517578125
9 0.3832763671875 0 0.3842861328125 0.0656181640625 0.483890625 0.07201171875 0.4835537109375 0 0.3832763671875 0
9 0.227734375 0 0.227734375 0.058560546875 0.343228515625 0.0650673828125 0.3453974609375 0 0.227734375 0
9 0.11191796875 0.47630078125 0.1176435546875 0.3690673828125 0.006767578125 0.3659443359375 0.0015615234375 0.4721357421875 0.11191796875 0.47630078125
9 0 0.7199404296875 0.055802734375 0.7207861328125 0.06594921875 0.71825 0.0777861328125 0.70514453125 0.1044189453125 0.703453125 0.1099150390625 0.5669052734375 0 0.5631005859375 0 0.7199404296875
1 0.278279296875 0.6586982421875 0.2304619140625 0.6612861328125 0.2058310546875 0.6664619140625 0.196474609375 0.6694482421875 0.13954296875 0.6971181640625 0.1281962890625 0.700501953125 0.08480078125 0.705478515625 0.0762412109375 0.710455078125 0.0715146484375 0.7174560546875 0.0695595703125 0.7224833984375 0.0706767578125 0.72611328125 0.08073046875 0.725275390625 0.1217841796875 0.725275390625 0.1728037109375 0.7277890625 0.21190234375 0.72946484375 0.2225146484375 0.726951171875 0.233685546875 0.7233203125 0.23843359375 0.724158203125 0.245416015625 0.728068359375 0.2546318359375 0.731419921875 0.3334541015625 0.73393359375 0.3831640625 0.73393359375 0.4487939453125 0.7353291015625 0.4485146484375 0.727509765625 0.4479560546875 0.7152216796875 0.4437666015625 0.70405078125 0.4233798828125 0.678357421875 0.412767578125 0.6719345703125 0.3948935546875 0.6657900390625 0.308138671875 0.6588974609375 0.278279296875 0.6586982421875
1 1 0.6343486328125 0.8759814453125 0.6353408203125 0.8749892578125 0.6365810546875 0.8749892578125 0.63955859375 0.8849130859375 0.641791015625 0.8856572265625 0.6467529296875 0.8613447265625 0.6479931640625 0.839017578125 0.653947265625 0.7802216796875 0.693888671875 0.7746318359375 0.6975185546875 0.750095703125 0.7026416015625 0.71019140625 0.71073046875 0.705068359375 0.7131572265625 0.703451171875 0.716931640625 0.703990234375 0.7360751953125 0.7088427734375 0.737423828125 0.7182802734375 0.7414677734375 0.72178515625 0.7468603515625 0.7201669921875 0.756296875 0.7180107421875 0.7692392578125 0.717470703125 0.784337890625 0.72018359375 0.794564453125 0.7821142578125 0.806056640625 0.78470703125 0.8136494140625 0.791611328125 0.8181630859375 0.800640625 0.8208193359375 0.822412109375 0.821349609375 0.83144140625 0.8176328125 0.838080078125 0.8115244140625 0.8441875 0.80196484375 0.8609169921875 0.80063671875 0.950408203125 0.795591796875 1 0.7908115234375 1 0.6343486328125
8 0 0.8347265625 0.1758759765625 0.845189453125 0.3198662109375 0.850171875 0.3760771484375 0.8494609375 0.549212890625 0.8490224609375 0.68640625 0.844638671875 0.724978515625 0.8442001953125 0.7359365234375 0.8406943359375 0.7344541015625 0.8293837890625 0.7227958984375 0.8230546875 0.7108046875 0.8190576171875 0.7044765625 0.8140615234375 0.7074736328125 0.8103974609375 0.7148017578125 0.803736328125 0.71946484375 0.80073828125 0.7221298828125 0.79707421875 0.7218037109375 0.79508984375 0.7198818359375 0.794849609375 0.7166376953125 0.78367578125 0.717478515625 0.7692197265625 0.721203125 0.7471142578125 0.71771875 0.74170703125 0.70450390625 0.736541015625 0.691935546875 0.7359765625 0.6570283203125 0.73793359375 0.6426748046875 0.73793359375 0.6335400390625 0.7405439453125 0.6390859375 0.6459365234375 0.6459521484375 0.5227216796875 0.6464580078125 0.3989853515625 0.648982421875 0.378193359375 0.66514453125 0.367587890625 0.68787109375 0.3630419921875 0.709587890625 0.366072265625 0.7212041015625 0.373142578125 0.75201171875 0.38071875 0.776759765625 0.3802138671875 0.7929208984375 0.3751630859375 0.8025166015625 0.3665771484375 0.8126171875 0.350416015625 0.808072265625 0.3387998046875 0.8075673828125 0.3266787109375 0.8141328125 0.3196083984375 0.8242333984375 0.3221337890625 0.834333984375 0.3196083984375 0.839384765625 0.306982421875 0.839384765625 0.29587109375 0.8297890625 0.2903154296875 0.8297890625 0.277689453125 0.8328193359375 0.262033203125 0.8282734375 0.2539521484375 0.81766796875 0.2478916015625 0.8126171875 0.2337509765625 0.8075673828125 0.22314453125 0.7974658203125 0.2226396484375 0.78635546875 0.2372861328125 0.771708984375 0.2393056640625 0.7636279296875 0.236275390625 0.76059765625 0.2295419921875 0.7383759765625 0.2295419921875 0.7171640625 0.2275224609375 0.709587890625 0.2249970703125 0.7090830078125 0.206310546875 0.721708984375 0.1916640625 0.72928515625 0.1694423828125 0.72928515625 0.149240234375 0.7272646484375 0.13459375 0.723224609375 0.121462890625 0.7252451171875 0.1027763671875 0.72928515625 0.092169921875 0.72069921875 0.07928125 0.7090830078125 0.0706953125 0.68938671875 0.069685546875 0.66362890625 0.07423046875 0.638376953125 0.080291015625 0.6302958984375 0.076755859375 0.6242353515625 0.0777666015625 0.6111044921875 0.085341796875 0.605548828125 0.0989775390625 0.6050439453125 0.112109375 0.6146396484375 0.1272607421875 0.610599609375 0.13281640625 0.5979736328125 0.1272607421875 0.574236328125 0.12423046875 0.548478515625 0.1282705078125 0.524236328125 0.1343310546875 0.50251953125 0.149482421875 0.4898935546875 0.1706943359375 0.492923828125 0.189689453125 0.4969638671875 0.20635546875 0.4863583984375 0.206861328125 0.482318359375 0.21140625 0.4838330078125 0.2230224609375 0.473732421875 0.2336279296875 0.449490234375 0.2583759765625 0.4272685546875 0.2684765625 0.406056640625 0.2836279296875 0.399490234375 0.291203125 0.393935546875 0.2977861328125 0.3868642578125 0.3184931640625 0.3833291015625 0.3386953125 0.3777734375 0.3558662109375 0.371712890625 0.36495703125 0.3712080078125 0.3730380859375 0.37575390625 0.3801083984375 0.38989453125 0.3851591796875 0.404541015625 0.384654296875 0.4171669921875 0.3695029296875 0.433833984375 0.350310546875 0.4449443359375 0.3371796875 0.4671669921875 0.33212890625 0.4752470703125 0.3402099609375 0.473732421875 0.3462705078125 0.4717119140625 0.3583916015625 0.477267578125 0.3669775390625 0.4909033203125 0.3679873046875 0.5030244140625 0.367482421875 0.5156513671875 0.35788671875 0.520701171875 0.350310546875 0.525751953125 0.3452607421875 0.54241796875 0.3462705078125 0.5575693359375 0.35081640625 0.5782763671875 0.355361328125 0.6030234375 0.36495703125 0.6207001953125 0.372533203125 0.627265625 0.376068359375 0.629791015625 0.3982900390625 0.626255859375 0.52520703125 0.6196904296875 0.647427734375 0.6136298828125 0.7371337890625 0.5247421875 0.7335986328125 0.449490234375 0.736123046875 0.38148046875 0.7347900390625 0.29923828125 0.7339814453125 0.254294921875 0.7326328125 0.23980078125 0.725630859375 0.2371533203125 0.72391796875 0.233572265625 0.7236064453125 0.2117724609375 0.730302734375 0.1725859375 0.7282783203125 0.128830078125 0.7260986328125 0.120681640625 0.725630859375 0.07241015625 0.726876953125 0.07058203125 0.72684375 0.0689111328125 0.72336328125 0.0697470703125 0.7196044921875 0.0728095703125 0.71403515625 0.074734375 0.7106396484375 0.0737333984375 0.6722724609375 0.0697294921875 0.59565234375 0.06839453125 0.5075732421875 0.0667265625 0.38012890625 0.0692548828125 0.3218583984375 0.084201171875 0.318869140625 0.11558984375 0.3158798828125 0.1270498046875 0.30840625 0.161427734375 0.297943359375 0.176375 0.2954521484375 0.2052724609375 0.2954521484375 0.21274609375 0.2899716796875 0.2222119140625 0.2944560546875 0.233671875 0.3049189453125 0.251607421875 0.30840625 0.2680498046875 0.306912109375 0.2800068359375 0.3019296875 0.2884775390625 0.2944560546875 0.2929609375 0.2854873046875 0.282498046875 0.276021484375 0.27203515625 0.2710390625 0.2575869140625 0.251607421875 0.245130859375 0.2421416015625 0.2331728515625 0.223693359375 0.2371591796875 0.2017705078125 0.2426396484375 0.1868232421875 0.239650390625 0.161912109375 0.224703125 0.145470703125 0.21922265625 0.1345087890625 0.2107529296875 0.1225517578125 0.2117490234375 0.1016259765625 0.219720703125 0.079703125 0.22021875 0.0707353515625 0.2182265625 0.051802734375 0.2137421875 0.0393466796875 0.20826171875 0.03685546875 0.1943115234375 0.0403427734375 0.172388671875 0.047318359375 0.1644169921875 0.0443291015625 0.1644169921875 0.0303779296875 0.1584384765625 0.0294111328125 0.152458984375 0.0338955078125 0.144986328125 0.0418671875 0.1345234375 0.04286328125 0.12455859375 0.038876953125 0.11459375 0.027916015625 0.110109375 0.017951171875 0.104130859375 0.017951171875 0.0901806640625 0.027916015625 0.0812119140625 0.0338955078125 0.067759765625 0.0353896484375 0.062279296875 0.026919921875 0.062279296875 0.021439453125 0.0592900390625 0.0099794921875 0.0498232421875 0.01296875 0.0398583984375 0.02094140625 0.021423828125 0.036884765625 0.0179365234375 0.052330078125 0.02092578125 0.0662802734375 0.021921875 0.0757470703125 0.016939453125 0.0867080078125 0.009466796875 0.0926865234375 0 0.10016015625 0 0.306912109375 0 0.3213603515625 0.0019931640625 0.32733984375 0 0.345275390625 0.0119580078125 0.3522509765625 0.0283994140625 0.349759765625 0.0348759765625 0.3422861328125 0.0418515625 0.3427841796875 0.04733203125 0.3502578125 0.0488271484375 0.3833603515625 0.0488271484375 0.5084169921875 0.0488271484375 0.5985947265625 0.0548056640625 0.71019921875 0.0543076171875 0.7246474609375 0.030890625 0.72116015625 0 0.721658203125 0 0.8347265625
9 0.7019755859375 0.7346064453125 0.7028349609375 0.7122802734375 0.77410546875 0.69596484375 0.838078125 0.6534599609375 0.8363603515625 0.586482421875 0.557076171875 0.5830654296875 0.55481640625 0.7333525390625 0.7019755859375 0.7346064453125
9 1 0.5904619140625 0.8677041015625 0.5891396484375 0.8671748046875 0.6465458984375 0.884634765625 0.64628125 0.882783203125 0.6425771484375 0.8745830078125 0.6394033203125 0.8748466796875 0.634640625 1 0.63384765625 1 0.5904619140625
2 0 0 0 0.7194599609375 0.0541884765625 0.71991015625 0.0654462890625 0.7175087890625 0.0786552734375 0.70444921875 0.0851767578125 0.7045751953125 0.1284052734375 0.6999697265625 0.13874609375 0.6968505859375 0.19475 0.669220703125 0.204125 0.6661875 0.230072265625 0.6600302734375 0.243705078125 0.6589306640625 0.3150859375 0.6580517578125 0.396072265625 0.6648681640625 0.421798828125 0.67528515625 0.444228515625 0.702771484375 0.448845703125 0.713546875 0.4499453125 0.735095703125 0.5244150390625 0.7328974609375 0.5510224609375 0.73245703125 0.7010126953125 0.7337763671875 0.7025126953125 0.7120283203125 0.7740419921875 0.6952900390625 0.8384912109375 0.65361328125 0.86209375 0.6474609375 0.88396875 0.6458984375 0.88269921875 0.6431640625 0.87410546875 0.63984375 0.874203125 0.63447265625 0.874984375 0.63427734375 0.9986328125 0.6333984375 1 0.6337890625 1 0.038134765625 0.8652392578125 0.00808203125 0.82151171875 0 0 0
6 1 0.8064638671875 0.8320087890625 0.81822265625 0.8230244140625 0.821640625 0.8001572265625 0.82125 0.7911494140625 0.820080078125 0.78372265625 0.8196669921875 0.7428564453125 0.8185224609375 0.725720703125 0.8149619140625 0.7150380859375 0.811177734375 0.709251953125 0.8096201171875 0.70517578125 0.8140625 0.711328125 0.81875 0.72216796875 0.82216796875 0.734765625 0.829296875 0.73623046875 0.84033203125 0.73623046875 0.841015625 0.7246669921875 0.84462890625 0.6336474609375 0.84677734375 0.562068359375 0.84921875 0.4167587890625 0.8498046875 0.324005859375 0.85068359375 0.222611328125 0.84736328125 0.16890234375 0.8451171875 0.134865234375 0.8431640625 0.077734375 0.8396484375 0.00263671875 0.83544921875 0 0.8340810546875 0 1 1 1 1 0.8064638671875
7 0.8470810546875 0 0.8611474609375 0.12637890625 0.866736328125 0.1999111328125 0.8657724609375 0.205306640625 0.8436123046875 0.2261171875 0.8420712890625 0.2288154296875 0.845732421875 0.3523642578125 0.848044921875 0.513630859375 0.846310546875 0.6486064453125 0.846193359375 0.65121484375 0.855751953125 0.6484716796875 0.8584501953125 0.5141015625 0.8553671875 0.3514453125 0.8511279296875 0.233005859375 0.8547890625 0.2270283203125 0.8725166015625 0.21219140625 0.875021484375 0.20814453125 0.8754072265625 0.2004365234375 0.8692412109375 0.12535546875 0.8545966796875 0 0.8470810546875 0
9 0.622765625 0.2774345703125 0.622765625 0.1750068359375 0.4899013671875 0.1597880859375 0.4916572265625 0.269240234375 0.622765625 0.2774345703125
9 0.632427734375 0.20040234375 0.630248046875 0.297787109375 0.72060546875 0.3062998046875 0.71976171875 0.2096845703125 0.632427734375 0.20040234375