9 0.0411796875 0.647041015625 0.0708115234375 0.63500390625 0.0741240234375 0.5924775390625 0.044783203125 0.605861328125 0.0411796875 0.647041015625
9 0.081076171875 0.629380859375 0.1179765625 0.612255859375 0.1220439453125 0.5662861328125 0.082115234375 0.586763671875 0.081076171875 0.629380859375
9 0.192646484375 0.5624892578125 0.197474609375 0.5098623046875 0.1588486328125 0.5315888671875 0.152572265625 0.5813203125 0.192646484375 0.5624892578125
9 0.2892119140625 0.5151728515625 0.2916259765625 0.4514404296875 0.213408203125 0.4958603515625 0.2076142578125 0.553798828125 0.2892119140625 0.5151728515625
9 0.3997783203125 0.4606142578125 0.4046064453125 0.3915703125 0.3152841796875 0.43647265625 0.3080419921875 0.504068359375 0.3997783203125 0.4606142578125
9 0.3819140625 0.6392587890625 0.387224609375 0.553798828125 0.295970703125 0.5943564453125 0.291142578125 0.6677451171875 0.3819140625 0.6392587890625
9 0.2684501953125 0.675953125 0.2752099609375 0.601115234375 0.196509765625 0.63105078125 0.1911982421875 0.698646484375 0.2684501953125 0.675953125
9 0.3698427734375 0.8251455078125 0.372740234375 0.7406513671875 0.28196875 0.7609306640625 0.279072265625 0.8362509765625 0.3698427734375 0.8251455078125
9 0.25396484375 0.8410791015625 0.2573447265625 0.7662412109375 0.182990234375 0.7797607421875 0.18009375 0.8488046875 0.25396484375 0.8410791015625
9 0.1250517578125 0.7918310546875 0.1207060546875 0.854115234375 0.159814453125 0.8507353515625 0.1631943359375 0.7870029296875 0.1250517578125 0.7918310546875
9 0.0951162109375 0.8536328125 0.0975302734375 0.7802431640625 0.0511796875 0.7894169921875 0.046833984375 0.8555634765625 0.0951162109375 0.8536328125
9 0.1742998046875 0.7049228515625 0.1791279296875 0.64070703125 0.1351904296875 0.6590546875 0.131328125 0.71844140625 0.1742998046875 0.7049228515625
9 0.1062216796875 0.71844140625 0.10815234375 0.6735390625 0.0733896484375 0.68464453125 0.070009765625 0.730029296875 0.1062216796875 0.71844140625
9 0.033314453125 0.6981630859375 0.029935546875 0.743548828125 0.061318359375 0.7377548828125 0.062767578125 0.6904384765625 0.033314453125 0.6981630859375
9 0.033314453125 0.9395751953125 0.0835283203125 0.9415068359375 0.08883984375 0.889361328125 0.0405576171875 0.8908095703125 0.033314453125 0.9395751953125
9 0.152572265625 0.9965478515625 0.1564345703125 0.9323330078125 0.1187744140625 0.9328154296875 0.114912109375 0.9936513671875 0.152572265625 0.9965478515625
9 0.2457568359375 1 0.248171875 0.9313671875 0.16657421875 0.931849609375 0.1631943359375 0.9984794921875 0.2457568359375 1
9 0.3621181640625 0.999927734375 0.3645322265625 0.9313671875 0.2660361328125 0.934263671875 0.2636220703125 0.9994453125 0.3621181640625 0.999927734375
9 0.7578720703125 0.408896484375 0.75643359375 0.34034765625 0.6816533203125 0.3000810546875 0.6816533203125 0.3700673828125 0.7578720703125 0.408896484375
9 0.8686044921875 0.469775390625 0.865728515625 0.4041025390625 0.8053291015625 0.3676708984375 0.8086845703125 0.439095703125 0.8686044921875 0.469775390625
9 0.7626650390625 0.603517578125 0.76170703125 0.518669921875 0.677818359375 0.4846357421875 0.675900390625 0.5713994140625 0.7626650390625 0.603517578125
9 0.8786708984375 0.647138671875 0.8743564453125 0.5699619140625 0.8110810546875 0.5416796875 0.8106015625 0.62269140625 0.8786708984375 0.647138671875
9 0.7602685546875 0.8153955078125 0.7602685546875 0.7195224609375 0.6763798828125 0.7003486328125 0.6782978515625 0.8000556640625 0.7602685546875 0.8153955078125
9 0.879150390625 0.836966796875 0.8753154296875 0.750681640625 0.8134775390625 0.7343828125 0.8153955078125 0.826900390625 0.879150390625 0.836966796875
9 1 0.4820830078125 0.9565224609375 0.455626953125 0.9606376953125 0.4991318359375 1 0.520884765625 1 0.4820830078125
9 1 0.6261201171875 0.96828125 0.612009765625 0.971220703125 0.6608056640625 1 0.67315234375 1 0.6261201171875
9 1 0.7819150390625 0.974748046875 0.7772119140625 0.9776875 0.83188671875 1 0.837177734375 1 0.7819150390625
9 0.743701171875 1 0.900671875 0.9988515625 0.902435546875 0.91830859375 0.74546484375 0.9077265625 0.743701171875 1
2 0 0.9992421875 0.99978125 1 1 0.4370380859375 0.9255302734375 0.387537109375 0.9281357421875 0.3823271484375 0.9170634765625 0.3732080078125 0.9044189453125 0.3709921875 0.6326923828125 0.2025419921875 0.44862890625 0.306671875 0.2689892578125 0.4136826171875 0.1472431640625 0.491447265625 0.14660546875 0.4965458984375 0.1383193359375 0.5067451171875 0.1370439453125 0.523955078125 0.000958984375 0.6097578125 0 0.9992421875
8 0.00076953125 1 0.14166796875 0.997837890625 0.144748046875 0.9655 0.1462880859375 0.95780078125 0.143978515625 0.9501015625 0.1355087890625 0.9416318359375 0.129349609375 0.93547265625 0.1316591796875 0.9254638671875 0.178625 0.9154541015625 0.2148125 0.9039052734375 0.2217412109375 0.8892763671875 0.2209716796875 0.8784970703125 0.22328125 0.856939453125 0.2302109375 0.8369208984375 0.226361328125 0.8230615234375 0.212501953125 0.8215224609375 0.196333984375 0.8045830078125 0.21558203125 0.7922646484375 0.2402197265625 0.7714765625 0.2579287109375 0.752998046875 0.2571591796875 0.739138671875 0.25176953125 0.7337490234375 0.2386806640625 0.7445283203125 0.2055732421875 0.764546875 0.1840146484375 0.77224609375 0.1609169921875 0.775326171875 0.14859765625 0.7714765625 0.151677734375 0.7591572265625 0.1855546875 0.7483779296875 0.2140419921875 0.7375986328125 0.2279013671875 0.7268203125 0.2286708984375 0.7137314453125 0.22251171875 0.7068017578125 0.204802734375 0.709111328125 0.203263671875 0.6967919921875 0.1947939453125 0.6883232421875 0.1763154296875 0.6821640625 0.1793955078125 0.675234375 0.17785546875 0.6598349609375 0.1693857421875 0.656755859375 0.1470576171875 0.64674609375 0.14166796875 0.6321181640625 0.1647666015625 0.6174892578125 0.1994130859375 0.60055078125 0.2063427734375 0.59362109375 0.2063427734375 0.5851513671875 0.1909443359375 0.5789921875 0.1994130859375 0.5743720703125 0.2063427734375 0.560513671875 0.2063427734375 0.55743359375 0.190173828125 0.545115234375 0.167076171875 0.545115234375 0.1501376953125 0.54203515625 0.1401279296875 0.5335654296875 0.1408984375 0.5281767578125 0.1570673828125 0.5173974609375 0.1686162109375 0.508927734375 0.1770849609375 0.4896796875 0.17785546875 0.4773603515625 0.188634765625 0.460421875 0.1947939453125 0.4442529296875 0.1940244140625 0.4319345703125 0.182474609375 0.4242353515625 0.182474609375 0.411916015625 0.19325390625 0.404216796875 0.2286708984375 0.3780390625 0.2425302734375 0.3580205078125 0.241759765625 0.3503212890625 0.2317509765625 0.34878125 0.2202021484375 0.34878125 0.190173828125 0.3780390625 0.196333984375 0.367259765625 0.196333984375 0.3587900390625 0.190173828125 0.35648046875 0.181705078125 0.35725 0.167076171875 0.368029296875 0.1470576171875 0.38573828125 0.1424384765625 0.3834287109375 0.1208798828125 0.38573828125 0.1324287109375 0.375728515625 0.1316591796875 0.3649501953125 0.1239599609375 0.35648046875 0.111640625 0.352630859375 0.114720703125 0.34955078125 0.13396875 0.3202939453125 0.14859765625 0.308744140625 0.1578369140625 0.2948857421875 0.203263671875 0.2802568359375 0.212501953125 0.271787109375 0.2078828125 0.2617783203125 0.189404296875 0.2663984375 0.1632265625 0.2679375 0.1732353515625 0.2617783203125 0.1909443359375 0.2502294921875 0.1994130859375 0.2471494140625 0.2024931640625 0.2402197265625 0.20018359375 0.233291015625 0.189404296875 0.2302109375 0.1655361328125 0.2325205078125 0.137048828125 0.237140625 0.160146484375 0.192484375 0.1793955078125 0.1732353515625 0.1878642578125 0.145517578125 0.1940244140625 0.1355087890625 0.2055732421875 0.1101005859375 0.2101923828125 0.0877724609375 0.2063427734375 0.078533203125 0.1986435546875 0.078533203125 0.1855546875 0.093162109375 0.174775390625 0.111640625 0.166306640625 0.1362783203125 0.145517578125 0.181705078125 0.1432080078125 0.1763154296875 0.1355087890625 0.1724658203125 0.1247294921875 0.1724658203125 0.122419921875 0.1616865234375 0.122419921875 0.152447265625 0.115490234375 0.1470576171875 0.1016318359375 0.1462880859375 0.09701171875 0.13319921875 0.085462890625 0.1285791015625 0.0769931640625 0.1201103515625 0.0793037109375 0.1093310546875 0.0900830078125 0.0877724609375 0.09701171875 0.0692939453125 0.09701171875 0.0569755859375 0.0939326171875 0.055435546875 0.0839228515625 0.055435546875 0.07468359375 0.062365234375 0.0646748046875 0.0793037109375 0.055435546875 0.10394140625 0.0515859375 0.1185703125 0.0461962890625 0.1170302734375 0.0361865234375 0.108560546875 0.033107421875 0.09701171875 0.0323369140625 0.084693359375 0.0292578125 0.07468359375 0.0238681640625 0.0731435546875 0.0169384765625 0.0793037109375 0.0169384765625 0.1185703125 0.0138583984375 0.1024013671875 0.0084697265625 0.0985517578125 0.0015400390625 0.100091796875 0 0.11087109375 0.00076953125 1
8 0.3117333984375 1 0.3194619140625 0.9925224609375 0.326546875 0.977064453125 0.3413603515625 0.955810546875 0.3600390625 0.921673828125 0.3787177734375 0.895267578125 0.3754970703125 0.88560546875 0.3619716796875 0.894623046875 0.34329296875 0.9152333984375 0.31559765625 0.950013671875 0.3007841796875 0.97448828125 0.2866142578125 0.978353515625 0.2814619140625 0.97448828125 0.27180078125 0.9654716796875 0.262783203125 0.9545224609375 0.25441015625 0.94679296875 0.2473251953125 0.944216796875 0.23830859375 0.949369140625 0.23830859375 0.96418359375 0.2305791015625 0.9796416015625 0.2119013671875 0.9841494140625 0.19322265625 0.9789970703125 0.186138671875 0.9751328125 0.177765625 0.9628955078125 0.169392578125 0.9751328125 0.1616630859375 0.972556640625 0.1532900390625 0.96869140625 0.1507138671875 0.9751328125 0.1597314453125 0.9841494140625 0.1681044921875 1 0.3117333984375 1
8 1 0.99784375 0.99784375 0.686865234375 0.996875 0.670396484375 0.99009375 0.6471455078125 0.9794375 0.62098828125 0.97265625 0.6384267578125 0.9629677734375 0.62583203125 0.9484365234375 0.60161328125 0.9406865234375 0.5919248046875 0.9435927734375 0.6568330078125 0.930998046875 0.60936328125 0.922279296875 0.5948310546875 0.926154296875 0.7023662109375 0.9058095703125 0.683958984375 0.8912783203125 0.662646484375 0.8786845703125 0.678146484375 0.86996484375 0.668458984375 0.8409013671875 0.687833984375 0.8273388671875 0.670396484375 0.814744140625 0.6413330078125 0.800212890625 0.61808203125 0.806025390625 0.5909560546875 0.805056640625 0.566736328125 0.7488671875 0.6335830078125 0.7401484375 0.60645703125 0.7323984375 0.5841748046875 0.7198037109375 0.5861123046875 0.7023662109375 0.60064453125 0.6994599609375 0.5715810546875 0.688802734375 0.5367041015625 0.665552734375 0.60742578125 0.6539267578125 0.5928935546875 0.6452080078125 0.5706123046875 0.6384267578125 0.5386416015625 0.62970703125 0.5231416015625 0.61711328125 0.62389453125 0.60355078125 0.5957998046875 0.5938623046875 0.5696435546875 0.5822373046875 0.5696435546875 0.5793310546875 0.62680078125 0.5715810546875 0.61614453125 0.558017578125 0.61420703125 0.550267578125 0.6413330078125 0.5289541015625 0.62873828125 0.5260478515625 0.6529580078125 0.5095791015625 0.6384267578125 0.495046875 0.62776953125 0.502796875 0.663615234375 0.492140625 0.6548955078125 0.4717958984375 0.6355205078125 0.4572646484375 0.6335830078125 0.4611396484375 0.6490830078125 0.478578125 0.683958984375 0.492140625 0.7091474609375 0.506671875 0.7314296875 0.5153916015625 0.7517734375 0.500859375 0.7663056640625 0.486328125 0.7604931640625 0.4659833984375 0.7488671875 0.4533896484375 0.7517734375 0.4582333984375 0.7672744140625 0.4679208984375 0.806994140625 0.4543583984375 0.8350888671875 0.444669921875 0.86221484375 0.4146376953125 0.928091796875 0.4001064453125 0.9639365234375 0.4039814453125 0.98525 0.4146376953125 0.9871875 0.431107421875 0.98040625 0.4543583984375 0.9542490234375 0.4582333984375 0.9678115234375 0.4688896484375 0.98428125 0.481484375 0.9988125 1 0.99784375