9 0.0537646484375 0.3245087890625 0.0384033203125 0.3993955078125 0.065669921875 0.397091796875 0.0787275390625 0.3218212890625 0.0537646484375 0.3245087890625
9 0.122123046875 0.39171484375 0.1328759765625 0.3145244140625 0.0906318359375 0.3206689453125 0.0775751953125 0.3967080078125 0.122123046875 0.39171484375
9 0.183564453125 0.3849296875 0.1952373046875 0.3064267578125 0.1459169921875 0.3140146484375 0.1359951171875 0.389599609375 0.183564453125 0.3849296875
9 0.0325869140625 0.4426865234375 0.0202900390625 0.519234375 0.0488798828125 0.519234375 0.05933203125 0.4402275390625 0.0325869140625 0.4426865234375
9 0.1066298828125 0.515462890625 0.1172421875 0.43384765625 0.067970703125 0.4386484375 0.0596318359375 0.5172314453125 0.1066298828125 0.515462890625
9 0.167671875 0.5122578125 0.1748017578125 0.4298740234375 0.1262158203125 0.4338349609375 0.1177666015625 0.515162109375 0.167671875 0.5122578125
9 0.247908203125 0.377111328125 0.256791015625 0.3003974609375 0.206994140625 0.3049736328125 0.1962275390625 0.3808798828125 0.247908203125 0.377111328125
9 0.1900615234375 0.427767578125 0.1821416015625 0.510984375 0.234201171875 0.5079990234375 0.2417314453125 0.424912109375 0.1900615234375 0.427767578125
9 0.3051123046875 0.5061904296875 0.3106220703125 0.4186826171875 0.2546845703125 0.4218603515625 0.24578515625 0.5089453125 0.3051123046875 0.5061904296875
9 0.3169912109375 0.3717392578125 0.325203125 0.2907119140625 0.270455078125 0.2978291015625 0.2616953125 0.376119140625 0.3169912109375 0.3717392578125
9 0.390298828125 0.3658046875 0.3970673828125 0.283619140625 0.33841015625 0.2910322265625 0.3309970703125 0.36902734375 0.390298828125 0.3658046875
9 0.379076171875 0.5011962890625 0.3838447265625 0.41404296875 0.3258310546875 0.417751953125 0.31973828125 0.503580078125 0.379076171875 0.5011962890625
9 0.4700908203125 0.27621875 0.410716796875 0.2818408203125 0.40493359375 0.3637607421875 0.4652939453125 0.3605625 0.4700908203125 0.27621875
9 0.457005859375 0.49632421875 0.459931640625 0.4087265625 0.3984423828125 0.41195703125 0.3949384765625 0.4998046875 0.457005859375 0.49632421875
9 0.5397109375 0.4948408203125 0.540978515625 0.402818359375 0.4776025390625 0.4058603515625 0.4730390625 0.49762890625 0.5397109375 0.4948408203125
9 0.6234638671875 0.4885498046875 0.62251171875 0.3968076171875 0.556294921875 0.401400390625 0.5559931640625 0.492107421875 0.6234638671875 0.4885498046875
9 0.5443515625 0.3548427734375 0.547373046875 0.2728232421875 0.483052734375 0.2749814453125 0.47916796875 0.3574326171875 0.5443515625 0.3548427734375
9 0.625248046875 0.3481953125 0.6257177734375 0.2642021484375 0.5614697265625 0.2689033203125 0.5603720703125 0.3524267578125 0.625248046875 0.3481953125
9 0.709859375 0.4866923828125 0.7089091796875 0.3929150390625 0.6395859375 0.3962392578125 0.6395859375 0.4895419921875 0.709859375 0.4866923828125
9 0.797701171875 0.4824189453125 0.7943779296875 0.3876923828125 0.7267158203125 0.392203125 0.728376953125 0.4847939453125 0.797701171875 0.4824189453125
9 0.88625 0.4775810546875 0.8814423828125 0.3849501953125 0.811568359375 0.3891171875 0.8147734375 0.481107421875 0.88625 0.4775810546875
9 0.971509765625 0.4727734375 0.965099609375 0.380783203125 0.8987509765625 0.38398828125 0.9048408203125 0.4737353515625 0.971509765625 0.4727734375
9 1 0.379365234375 0.9839775390625 0.3798916015625 0.991353515625 0.4713076171875 1 0.47078125 1 0.379365234375
9 0.70825390625 0.3423173828125 0.707357421875 0.2586064453125 0.6418837890625 0.264287109375 0.640388671875 0.3456064453125 0.70825390625 0.3423173828125
9 0.7910341796875 0.3380986328125 0.7880966796875 0.253974609375 0.723201171875 0.2585146484375 0.7256044921875 0.34210546875 0.7910341796875 0.3380986328125
9 0.8775361328125 0.335185546875 0.8705888671875 0.2500869140625 0.8073232421875 0.2533115234375 0.810548828125 0.3384111328125 0.8775361328125 0.335185546875
9 0.9532861328125 0.2449375 0.8898974609375 0.2486298828125 0.8948212890625 0.33325 0.96159375 0.329865234375 0.9532861328125 0.2449375
9 1 0.2446298828125 0.9689794921875 0.2446298828125 0.978826171875 0.329865234375 1 0.3289423828125 1 0.2446298828125
9 0.01955859375 0.56644140625 0.011283203125 0.6454267578125 0.0338505859375 0.6461787109375 0.0408115234375 0.5664697265625 0.01955859375 0.56644140625
9 0.0926435546875 0.6452373046875 0.0983564453125 0.5648369140625 0.05550390625 0.5668779296875 0.04775 0.6444208984375 0.0926435546875 0.6452373046875
9 0.15426953125 0.6452373046875 0.160390625 0.564021484375 0.11345703125 0.5664697265625 0.10651953125 0.6452373046875 0.15426953125 0.6452373046875
9 0.22079296875 0.648501953125 0.227322265625 0.5574912109375 0.1746748046875 0.560755859375 0.1689619140625 0.647685546875 0.22079296875 0.648501953125
9 0.2930302734375 0.6505419921875 0.2987431640625 0.55504296875 0.2428310546875 0.5587158203125 0.2371171875 0.650134765625 0.2930302734375 0.6505419921875
9 0.004103515625 0.69484765625 0 0.776916015625 0.0246201171875 0.78101953125 0.0283818359375 0.6972412109375 0.004103515625 0.69484765625
9 0.0817265625 0.784439453125 0.085830078125 0.695873046875 0.0413759765625 0.694505859375 0.03487890625 0.78101953125 0.0817265625 0.784439453125
9 0.144982421875 0.78833984375 0.1484892578125 0.6977255859375 0.0987978515625 0.6988955078125 0.095291015625 0.7862939453125 0.144982421875 0.78833984375
9 0.2137109375 0.7907578125 0.2161552734375 0.7003310546875 0.165646484375 0.7000595703125 0.1640166015625 0.7888564453125 0.2137109375 0.7907578125
9 0.284857421875 0.789943359375 0.2883876953125 0.7003310546875 0.2343486328125 0.7006025390625 0.2327197265625 0.7883134765625 0.284857421875 0.789943359375
9 0.3645048828125 0.7989375 0.367669921875 0.7005341796875 0.3066025390625 0.7017998046875 0.3040712890625 0.79672265625 0.3645048828125 0.7989375
9 0.4464560546875 0.80115234375 0.4483544921875 0.7017998046875 0.383490234375 0.7008505859375 0.380958984375 0.7989375 0.4464560546875 0.80115234375
9 0.46607421875 0.7036923828125 0.463498046875 0.80045703125 0.532779296875 0.80131640625 0.532779296875 0.703978515625 0.46607421875 0.7036923828125
9 0.6203828125 0.8033203125 0.6195244140625 0.698826171875 0.5502431640625 0.7022607421875 0.5513876953125 0.8036064453125 0.6203828125 0.8033203125
9 0.7110498046875 0.8010634765625 0.7089345703125 0.69836328125 0.6409716796875 0.700779296875 0.6430859375 0.801365234375 0.7110498046875 0.8010634765625
9 0.80166796875 0.79719921875 0.8004267578125 0.6961533203125 0.731904296875 0.697642578125 0.7336416015625 0.7981923828125 0.80166796875 0.79719921875
9 0.89509375 0.78984765625 0.8937578125 0.6919521484375 0.823259765625 0.6966298828125 0.8262666015625 0.79419140625 0.89509375 0.78984765625
9 0.9856396484375 0.78550390625 0.984970703125 0.68961328125 0.9158095703125 0.694291015625 0.919484375 0.789513671875 0.9856396484375 0.78550390625
9 0.3189638671875 0.5594287109375 0.31281640625 0.644076171875 0.3697998046875 0.6459677734375 0.3742919921875 0.558482421875 0.3189638671875 0.5594287109375
9 0.4497177734375 0.641001953125 0.4518466796875 0.556828125 0.395099609375 0.5596650390625 0.39131640625 0.640765625 0.4497177734375 0.641001953125
9 0.5317646484375 0.643603515625 0.5346015625 0.549734375 0.471470703125 0.549734375 0.4688701171875 0.644076171875 0.5317646484375 0.643603515625
9 0.620166015625 0.644732421875 0.620166015625 0.5477216796875 0.554740234375 0.548724609375 0.55398828125 0.64398046875 0.620166015625 0.644732421875
9 0.708490234375 0.6370546875 0.708490234375 0.5413818359375 0.641646484375 0.545208984375 0.643943359375 0.63960546875 0.708490234375 0.6370546875
9 0.7995712890625 0.6327177734375 0.79855078125 0.5375546875 0.730431640625 0.5418916015625 0.732982421875 0.6360341796875 0.7995712890625 0.6327177734375
9 0.8896337890625 0.6281572265625 0.8876796875 0.533556640625 0.820427734375 0.53634765625 0.820427734375 0.5374638671875 0.8232177734375 0.631505859375 0.8896337890625 0.6281572265625
9 0.980884765625 0.62480859375 0.976419921875 0.5307666015625 0.9094462890625 0.534115234375 0.91307421875 0.6292734375 0.980884765625 0.62480859375
9 0.0533310546875 0.938716796875 0.1575224609375 0.9540244140625 0.1585107421875 0.873041015625 0.05728125 0.862177734375 0.0533310546875 0.938716796875
9 0.179744140625 0.9550126953125 0.2859111328125 0.967357421875 0.29058203125 0.8842890625 0.1802373046875 0.87600390625 0.179744140625 0.9550126953125
9 0.797357421875 0.9856513671875 0.8046484375 0.952625 0.8042197265625 0.8960078125 0.6540986328125 0.8977236328125 0.655814453125 0.9869384765625 0.797357421875 0.9856513671875
9 0.906408203125 0.9262998046875 0.9137236328125 0.929517578125 0.9261884765625 0.9590390625 0.92839453125 0.961 0.9332880859375 0.9625966796875 0.9332978515625 0.977916015625 0.9318271484375 0.9877216796875 0.9872314453125 0.985515625 0.9822822265625 0.885947265625 0.8291591796875 0.8915234375 0.829587890625 0.9275517578125 0.906408203125 0.9262998046875
9 0.324498046875 0.894388671875 0.3979541015625 0.8972138671875 0.401990234375 0.9000390625 0.452037109375 0.90891796875 0.45244140625 0.8891416015625 0.3240947265625 0.883087890625 0.324498046875 0.894388671875
9 0.596517578125 0.895818359375 0.59599609375 0.922412109375 0.6225888671875 0.921890625 0.6225888671875 0.896861328125 0.596517578125 0.895818359375
8 1 0.2595263671875 0.984828125 0.2834462890625 0.977310546875 0.2766123046875 0.966375 0.262259765625 0.9554404296875 0.2567919921875 0.9458720703125 0.2731953125 0.9349375 0.27251171875 0.9178515625 0.25542578125 0.9076005859375 0.247224609375 0.908283203125 0.263626953125 0.91990234375 0.294380859375 0.91990234375 0.3779384765625 0.927419921875 0.391607421875 0.9308369140625 0.4045927734375 0.9205849609375 0.4114267578125 0.910333984375 0.4114267578125 0.8993994140625 0.4196279296875 0.891197265625 0.4319306640625 0.892564453125 0.4449150390625 0.88436328125 0.4551669921875 0.8788955078125 0.4626845703125 0.8836796875 0.474302734375 0.90008203125 0.490705078125 0.8987158203125 0.4975400390625 0.8987158203125 0.5125751953125 0.909650390625 0.5228271484375 0.927419921875 0.524193359375 0.9335703125 0.53239453125 0.93288671875 0.544013671875 0.9219521484375 0.5481142578125 0.908283203125 0.5481142578125 0.8966650390625 0.5569990234375 0.8973486328125 0.56656640625 0.9048662109375 0.5802353515625 0.9233193359375 0.58638671875 0.9315205078125 0.5891201171875 0.9397216796875 0.5904873046875 0.94997265625 0.5870693359375 0.9622744140625 0.58296875 0.974576171875 0.585703125 0.984828125 0.60210546875 0.98414453125 0.6137236328125 0.9814111328125 0.6308095703125 0.984828125 0.6396943359375 0.9971298828125 0.6451611328125 0.9991806640625 0.6390107421875 1 0.2595263671875
8 0 0.9209794921875 0.03447265625 0.923662109375 0.03586328125 0.8471533203125 0.0003232421875 0.8426298828125 0 0.9209794921875
6 0.26623828125 1 0.0524658203125 0.972193359375 0.0335556640625 0.969412109375 0.03447265625 0.9242705078125 0.000203125 0.9216337890625 0 1 0.26623828125 1
1 0.4202958984375 1 0.4206884765625 0.9953544921875 0.423044921875 0.9812138671875 0.4281513671875 0.9603955078125 0.442458984375 0.9350927734375 0.4505283203125 0.91649609375 0.4427529296875 0.91413671875 0.441572265625 0.9094140625 0.4282890625 0.9079384765625 0.4217958984375 0.9079384765625 0.4194345703125 0.9038056640625 0.4093984375 0.904396484375 0.3990673828125 0.9011494140625 0.3967060546875 0.89790234375 0.3075654296875 0.8922939453125 0.3040234375 0.892884765625 0.3013671875 0.8958359375 0.297234375 0.8990830078125 0.294578125 0.9038056640625 0.29251171875 0.9153173828125 0.2877890625 0.9415869140625 0.287494140625 0.9669716796875 0.285427734375 0.97021875 0.2845419921875 0.9758271484375 0.285427734375 0.9897001953125 0.2866083984375 1 0.4202958984375 1
1 0.465697265625 0.8908583984375 0.46201171875 0.8940830078125 0.4592158203125 0.900498046875 0.444810546875 0.9337197265625 0.439224609375 0.943126953125 0.428640625 0.9613544921875 0.4248193359375 0.97958203125 0.4218408203125 0.999919921875 0.64726953125 0.998060546875 0.6469521484375 0.9539287109375 0.6463974609375 0.92259375 0.5950966796875 0.9237021484375 0.5945419921875 0.8923671875 0.4730673828125 0.8899375 0.465697265625 0.8908583984375
1 0.9315224609375 0.9995283203125 0.9308447265625 0.9868759765625 0.93242578125 0.9758046875 0.9326513671875 0.9678974609375 0.9322001953125 0.96315234375 0.9282734375 0.962189453125 0.9255830078125 0.9594990234375 0.9175107421875 0.9386474609375 0.9131796875 0.9295576171875 0.908255859375 0.927203125 0.9006953125 0.927212890625 0.8297333984375 0.9285576171875 0.8263701171875 0.9262041015625 0.821662109375 0.9262041015625 0.8169541015625 0.930912109375 0.810900390625 0.941001953125 0.8048466796875 0.9581533203125 0.796775390625 0.99918359375 0.9315224609375 0.9995283203125
2 0 0.7286611328125 0.0002587890625 0.8416982421875 0.2766142578125 0.8681435546875 0.3702373046875 0.8741005859375 0.6191767578125 0.881322265625 0.8290537109375 0.8773017578125 1 0.8716728515625 0.9995283203125 0.2026396484375 0.6497333984375 0.2195263671875 0.6505380859375 0.22998046875 0.344076171875 0.258306640625 0.1658134765625 0.28077734375 0.09727734375 0.290357421875 0.0448798828125 0.3001943359375 0.0403955078125 0.326912109375 0.049140625 0.3327421875 0.03748046875 0.399166015625 0.026236328125 0.3979169921875 0.0212392578125 0.4395615234375 0.0285263671875 0.44643359375 0.0189482421875 0.5203525390625 0.0093115234375 0.5191416015625 0.0033623046875 0.563115234375 0.0098291015625 0.569064453125 0.001810546875 0.647181640625 0 0.647181640625 0 0.7286611328125
5 1 0.8733427734375 0.6236611328125 0.883833984375 0.4944052734375 0.8792685546875 0.3682685546875 0.8751728515625 0.2805302734375 0.8702587890625 0.0379091796875 0.847541015625 0.0342783203125 0.9689765625 0.195876953125 0.9891767578125 0.281572265625 1 0.2837578125 0.978919921875 0.2908994140625 0.9173037109375 0.2940029296875 0.9006259765625 0.30486328125 0.89131640625 0.397765625 0.897740234375 0.4003408203125 0.900572265625 0.4209365234375 0.903919921875 0.423087890625 0.9076162109375 0.4418515625 0.9087197265625 0.4447939453125 0.913134765625 0.451048828125 0.9146064453125 0.460982421875 0.8928994140625 0.467236328125 0.8884853515625 0.594966796875 0.890462890625 0.5961025390625 0.891314453125 0.59579296875 0.9233857421875 0.6480888671875 0.922638671875 0.6480888671875 0.9999619140625 0.795853515625 0.9998974609375 0.8055244140625 0.9540439453125 0.810166015625 0.941091796875 0.8161025390625 0.930513671875 0.820419921875 0.9265205078125 0.8227939453125 0.925548828125 0.8284072265625 0.9265205078125 0.8304580078125 0.9281396484375 0.874125 0.927263671875 0.9070732421875 0.9267685546875 0.9138857421875 0.9301123046875 0.9214423828125 0.94794921875 0.92577734375 0.9592216796875 0.9282548828125 0.961451171875 0.9329619140625 0.96330859375 0.9330859375 0.973837890625 0.9324658203125 0.9796591796875 0.9313515625 0.9875869140625 0.9320498046875 1 1 1 1 0.8733427734375
2 0.0011435546875 0 0 0.08120703125 0.2321845703125 0.0217314453125 0.3477041015625 0.0011435546875 0.0011435546875 0