5 0 0.979150390625 0.025064453125 0.98286328125 0.025296875 0.974740234375 0.0297060546875 0.9691708984375 0.0338837890625 0.96545703125 0.035740234375 0.9652255859375 0.03829296875 0.9682421875 0.03991796875 0.9731162109375 0.0450234375 0.9765966796875 0.0550029296875 0.97102734375 0.054306640625 0.9659208984375 0.0566279296875 0.9594228515625 0.0594130859375 0.956173828125 0.062197265625 0.956173828125 0.0647509765625 0.9584951171875 0.0642861328125 0.96545703125 0.0684638671875 0.9740439453125 0.0740341796875 0.969634765625 0.07473046875 0.9633681640625 0.0775146484375 0.9596552734375 0.07473046875 0.95640625 0.075658203125 0.9531572265625 0.0814609375 0.952228515625 0.086333984375 0.953853515625 0.08656640625 0.958958984375 0.08540625 0.9647607421875 0.0881904296875 0.9661533203125 0.091671875 0.9638330078125 0.093064453125 0.9610478515625 0.094689453125 0.958958984375 0.0972421875 0.958958984375 0.1004912109375 0.9666171875 0.1030439453125 0.970794921875 0.10397265625 0.9833271484375 0.107453125 0.98123828125 0.109310546875 0.968474609375 0.1102294921875 0.9125185546875 0.023349609375 0.902744140625 0 0.9028525390625 0 0.979150390625
5 0.5544462890625 1 0.5536044921875 0.952705078125 0.439515625 0.9493369140625 0.43783203125 1 0.5544462890625 1
5 0.6049013671875 0.9996162109375 0.6351923828125 1 0.6355009765625 0.952943359375 0.6049013671875 0.952015625 0.6049013671875 0.9996162109375
5 0.715298828125 1 0.7127265625 0.954779296875 0.6544287109375 0.9542080078125 0.655857421875 1 0.715298828125 1
5 0.8451005859375 1 0.8441689453125 0.9525625 0.757826171875 0.95318359375 0.76 1 0.8451005859375 1
9 0.047666015625 0.505595703125 0.057224609375 0.5048095703125 0.059712890625 0.47848828125 0.05080859375 0.480845703125 0.047666015625 0.505595703125
9 0.117794921875 0.48860546875 0.13790234375 0.4860927734375 0.14091796875 0.451072265625 0.1204755859375 0.4554287109375 0.117794921875 0.48860546875
9 0.2144775390625 0.4691689453125 0.245140625 0.4676611328125 0.2466484375 0.4338134765625 0.21648828125 0.4359921875 0.2144775390625 0.4691689453125
9 0.3397939453125 0.463138671875 0.3771826171875 0.463138671875 0.3782822265625 0.425017578125 0.341626953125 0.424650390625 0.3397939453125 0.463138671875
9 0.4798359375 0.4640224609375 0.521140625 0.466146484375 0.5213759765625 0.427203125 0.4819599609375 0.425787109375 0.4798359375 0.4640224609375
9 0.624046875 0.4732275390625 0.6575615234375 0.4765322265625 0.6582705078125 0.4441962890625 0.6249912109375 0.44065625 0.624046875 0.4732275390625
9 0.8567158203125 0.599185546875 0.88323828125 0.5897275390625 0.9173388671875 0.599470703125 0.916939453125 0.5759873046875 0.855544921875 0.558880859375 0.8567158203125 0.599185546875
9 0.957388671875 0.624609375 0.99790234375 0.6358759765625 0.9950859375 0.595578125 0.956521484375 0.5843125 0.957388671875 0.624609375
0 0.8581611328125 0.6289423828125 0.8822099609375 0.62266015625 0.9547880859375 0.642375 0.9547880859375 0.6113935546875 0.883076171875 0.5908115234375 0.857294921875 0.5999111328125 0.8581611328125 0.6289423828125
9 0.86148046875 0.694404296875 0.8937451171875 0.68680078125 0.918578125 0.6907294921875 0.9190224609375 0.6641953125 0.861275390625 0.650220703125 0.86148046875 0.694404296875
0 0.86213671875 0.6951630859375 0.863322265625 0.723419921875 0.8874296875 0.7190732421875 0.9593564453125 0.7273720703125 0.95994921875 0.6995107421875 0.893357421875 0.687654296875 0.86213671875 0.6951630859375
9 0.867701171875 0.792810546875 0.95033984375 0.796541015625 0.949783203125 0.7494345703125 0.867478515625 0.744708984375 0.867701171875 0.792810546875
0 0.86769140625 0.8205439453125 0.9647880859375 0.822931640625 0.9647880859375 0.7990556640625 0.86742578125 0.7937490234375 0.86769140625 0.8205439453125
9 0.8743681640625 0.8823046875 0.9522275390625 0.882552734375 0.9513642578125 0.8425615234375 0.8740498046875 0.84059375 0.8743681640625 0.8823046875
0 0.8703564453125 0.8849169921875 0.8721142578125 0.9215693359375 0.969205078125 0.920287109375 0.9676162109375 0.8840751953125 0.8703564453125 0.8849169921875
9 0.76476953125 0.889970703125 0.8338349609375 0.8909169921875 0.8316279296875 0.8363583984375 0.764138671875 0.8325732421875 0.76476953125 0.889970703125
9 0.7635078125 0.7840068359375 0.8287890625 0.7893681640625 0.82752734375 0.7370166015625 0.76224609375 0.7294482421875 0.7635078125 0.7840068359375
9 0.75931640625 0.681765625 0.8219541015625 0.6898623046875 0.821314453125 0.6410732421875 0.758251953125 0.632125 0.75931640625 0.681765625
9 0.756396484375 0.5841025390625 0.8172060546875 0.5942373046875 0.8151376953125 0.5483203125 0.7551552734375 0.5348759765625 0.756396484375 0.5841025390625
9 0.594357421875 0.5578916015625 0.6092763671875 0.5541025390625 0.704705078125 0.562626953125 0.704705078125 0.53066015625 0.59412109375 0.518109375 0.594357421875 0.5578916015625
0 0.5936474609375 0.5602587890625 0.5934111328125 0.591990234375 0.6083291015625 0.585359375 0.72933203125 0.5974365234375 0.729568359375 0.5661787109375 0.70494140625 0.5647587890625 0.6116435546875 0.556470703125 0.5936474609375 0.5602587890625
9 0.594759765625 0.6658720703125 0.608080078125 0.6597744140625 0.7071474609375 0.6668662109375 0.7073955078125 0.6260888671875 0.5950078125 0.6171376953125 0.594759765625 0.6658720703125
0 0.5881796875 0.6703759765625 0.5884130859375 0.7004140625 0.60797265625 0.6936611328125 0.7316162109375 0.701810546875 0.730451171875 0.66991015625 0.608205078125 0.6610625 0.5881796875 0.6703759765625
9 0.594482421875 0.7650205078125 0.6026923828125 0.76315234375 0.7082919921875 0.7659853515625 0.7077763671875 0.732759765625 0.59408203125 0.7249873046875 0.594482421875 0.7650205078125
0 0.590640625 0.767392578125 0.5926005859375 0.805220703125 0.6069150390625 0.803115234375 0.7344873046875 0.8047998046875 0.73406640625 0.7669072265625 0.602916015625 0.764380859375 0.590640625 0.767392578125
0 0.5887802734375 0.8810712890625 0.5900146484375 0.926001953125 0.6026044921875 0.9215576171875 0.7389404296875 0.921056640625 0.738537109375 0.8759296875 0.599642578125 0.87440625 0.5887802734375 0.8810712890625
9 0.594705078125 0.875146484375 0.5989013671875 0.8721845703125 0.7215947265625 0.8734189453125 0.720607421875 0.8319453125 0.594705078125 0.827748046875 0.594705078125 0.875146484375
9 0.50619921875 0.560265625 0.543115234375 0.5614091796875 0.5427880859375 0.5088125 0.505873046875 0.507669921875 0.50619921875 0.560265625
9 0.456216796875 0.55944921875 0.49378515625 0.5586328125 0.49378515625 0.5096298828125 0.4581767578125 0.508486328125 0.456216796875 0.55944921875
9 0.5026650390625 0.6661064453125 0.5410009765625 0.6661064453125 0.5411884765625 0.61075390625 0.503 0.6094326171875 0.5026650390625 0.6661064453125
9 0.452404296875 0.662962890625 0.491423828125 0.6631435546875 0.491783203125 0.60758203125 0.4529443359375 0.6072216796875 0.452404296875 0.662962890625
9 0.501712890625 0.774486328125 0.542048828125 0.7748544921875 0.54020703125 0.715732421875 0.5015283203125 0.715732421875 0.501712890625 0.774486328125
9 0.449220703125 0.7715390625 0.490109375 0.7728291015625 0.4913984375 0.7142587890625 0.449404296875 0.7137060546875 0.449220703125 0.7715390625
9 0.500673828125 0.8843203125 0.54003125 0.88519140625 0.5407275390625 0.825458984375 0.501544921875 0.82528515625 0.500673828125 0.8843203125
9 0.4498232421875 0.8801416015625 0.4870908203125 0.8804892578125 0.487787109375 0.824240234375 0.45051953125 0.8237177734375 0.4498232421875 0.8801416015625
9 0.2839990234375 0.53858984375 0.409099609375 0.53858984375 0.4095390625 0.5030341796875 0.2850966796875 0.5052294921875 0.2839990234375 0.53858984375
0 0.2675390625 0.5833623046875 0.407783203125 0.5833623046875 0.4087900390625 0.539923828125 0.268998046875 0.5400634765625 0.2675390625 0.5833623046875
9 0.2816416015625 0.6450771484375 0.400125 0.64615625 0.3999091796875 0.6107626953125 0.2822890625 0.6103310546875 0.2816416015625 0.6450771484375
0 0.2593955078125 0.6845966796875 0.3957333984375 0.685634765625 0.40590234375 0.68978515625 0.4065244140625 0.649734375 0.4005068359375 0.6470361328125 0.2616787109375 0.644130859375 0.2593955078125 0.6845966796875
0 0.25393359375 0.7937197265625 0.3922490234375 0.7972666015625 0.4021796875 0.800576171875 0.40265234375 0.7589638671875 0.3946142578125 0.7547080078125 0.254169921875 0.7518701171875 0.25393359375 0.7937197265625
9 0.270720703125 0.7504521484375 0.3960322265625 0.752580078125 0.39721484375 0.7128583984375 0.2714296875 0.711439453125 0.270720703125 0.7504521484375
9 0.2658271484375 0.8614677734375 0.3959951171875 0.866685546875 0.3968193359375 0.8194521484375 0.2680244140625 0.8158818359375 0.2658271484375 0.8614677734375
0 0.250705078125 0.9023486328125 0.398123046875 0.907513671875 0.39718359375 0.872537109375 0.390611328125 0.8673720703125 0.25234765625 0.862912109375 0.250705078125 0.9023486328125
9 0.167955078125 0.5654140625 0.2401650390625 0.561390625 0.2427802734375 0.51030078125 0.1733857421875 0.5139208984375 0.167955078125 0.5654140625
9 0.16222265625 0.6633359375 0.2323212890625 0.6616787109375 0.2349267578125 0.608630859375 0.1648271484375 0.6112353515625 0.16222265625 0.6633359375
9 0.1542412109375 0.7643837890625 0.224681640625 0.7628984375 0.2270556640625 0.7105078125 0.1578662109375 0.7105078125 0.1542412109375 0.7643837890625
9 0.1491044921875 0.86858203125 0.2200751953125 0.8740078125 0.222029296875 0.8162763671875 0.1514921875 0.812369140625 0.1491044921875 0.86858203125
9 0.054125 0.8591416015625 0.1118076171875 0.8634609375 0.1118076171875 0.825853515625 0.0551416015625 0.8255986328125 0.054125 0.8591416015625
0 0.0164912109375 0.8862119140625 0.0935234375 0.891408203125 0.1124990234375 0.892763671875 0.1123662109375 0.8644560546875 0.0964599609375 0.863169921875 0.0162646484375 0.8570712890625 0.0164912109375 0.8862119140625
9 0.0581611328125 0.757234375 0.1028017578125 0.7575283203125 0.119515625 0.759970703125 0.119287109375 0.71914453125 0.058388671875 0.7205126953125 0.0581611328125 0.757234375
0 0.0191591796875 0.78853125 0.0993544921875 0.7881455078125 0.1180087890625 0.79301171875 0.1190224609375 0.761177734375 0.102193359375 0.7587451171875 0.0193359375 0.758373046875 0.0191591796875 0.78853125
9 0.06793359375 0.653546875 0.11237890625 0.647099609375 0.124814453125 0.65377734375 0.12665625 0.6314404296875 0.06793359375 0.636736328125 0.06793359375 0.653546875
0 0.0253359375 0.6934462890625 0.10709375 0.68450390625 0.121998046875 0.6883359375 0.124126953125 0.6551220703125 0.1122041015625 0.64830859375 0.0261884765625 0.6621484375 0.0253359375 0.6934462890625
9 0.077138671875 0.5606416015625 0.1202060546875 0.5522197265625 0.1337958984375 0.5577705078125 0.1349443359375 0.53365234375 0.078669921875 0.5422666015625 0.077138671875 0.5606416015625
0 0.0333056640625 0.604666015625 0.1171435546875 0.590310546875 0.1311162109375 0.597009765625 0.1337958984375 0.5589189453125 0.1202060546875 0.5535595703125 0.0378994140625 0.5705947265625 0.0333056640625 0.604666015625
9 0 0.60012109375 0.0338876953125 0.588029296875 0.0388212890625 0.54573828125 0.007318359375 0.55605078125 0 0.60012109375
9 0 0.6865458984375 0.025044921875 0.6784892578125 0.0274970703125 0.6312021484375 0 0.637857421875 0 0.6865458984375
9 0 0.770791015625 0.01969140625 0.768662109375 0.0211103515625 0.720587890625 0 0.724845703125 0 0.770791015625
9 0 0.860412109375 0.015376953125 0.86006640625 0.0167587890625 0.8127265625 0 0.8127265625 0 0.860412109375
7 0.9515107421875 1 0.9504482421875 0.8840576171875 0.9685068359375 0.87954296875 0.9682412109375 0.872638671875 0.97992578125 0.865734375 0.9833779296875 0.8537841796875 0.9762080078125 0.84741015625 0.957619140625 0.84953515625 0.9539013671875 0.8277587890625 0.94673046875 0.8280244140625 0.9447001953125 0.7571171875 0.948890625 0.7555205078125 0.9624599609375 0.7313740234375 0.948890625 0.7174052734375 0.903791015625 0.737560546875 0.9034775390625 0.7754794921875 0.91976171875 0.7715712890625 0.9217158203125 0.8178193359375 0.92920703125 0.8262880859375 0.9347802734375 0.8960078125 0.9363740234375 1 0.9515107421875 1
7 0.8659853515625 1 0.8646162109375 0.951634765625 0.8761201171875 0.94254296875 0.8761201171875 0.9334521484375 0.8662861328125 0.9327099609375 0.8763056640625 0.9275146484375 0.8759345703125 0.9176806640625 0.8677705078125 0.9174951171875 0.8750068359375 0.9098876953125 0.8751923828125 0.90487890625 0.8635029296875 0.904693359375 0.8641357421875 0.8950703125 0.8950703125 0.8952158203125 0.900443359375 0.885484375 0.8968125 0.8795302734375 0.8634091796875 0.877787109375 0.8634091796875 0.8600693359375 0.9120625 0.857890625 0.918888671875 0.8432216796875 0.910900390625 0.836396484375 0.9200498046875 0.8151923828125 0.906107421875 0.7974736328125 0.8634091796875 0.7977646484375 0.86268359375 0.791228515625 0.8515 0.79151953125 0.853314453125 0.9020166015625 0.8480556640625 0.902474609375 0.84233984375 0.902931640625 0.8343369140625 0.9075048828125 0.832736328125 0.9143642578125 0.839595703125 0.9173359375 0.8325078125 0.923052734375 0.8345654296875 0.9356279296875 0.831822265625 0.9424873046875 0.83982421875 0.9461455078125 0.840052734375 0.9498046875 0.84668359375 0.95117578125 0.849525390625 1 0.8659853515625 1
2 1 0.5722919921875 0.883869140625 0.5119970703125 0.8842060546875 0.484712890625 0.8458525390625 0.47078515625 0.8214296875 0.4800625 0.783455078125 0.4625087890625 0.7856044921875 0.45391015625 0.6627451171875 0.4234580078125 0.551685546875 0.4030380859375 0.4524716796875 0.3976640625 0.3647099609375 0.3990966796875 0.28016015625 0.410203125 0.21137109375 0.4259658203125 0.2092216796875 0.432056640625 0.1766201171875 0.442087890625 0.1590654296875 0.4327734375 0.113208984375 0.4442373046875 0.11392578125 0.4668076171875 0.0952958984375 0.470748046875 0.06627734375 0.463224609375 0.04370703125 0.47397265625 0.0379755859375 0.50908203125 0 0.4961845703125 0 0.8959765625 0.13776953125 0.9091005859375 0.22784375 0.9150654296875 0.229037109375 0.92878515625 0.266603515625 0.9281884765625 0.605470703125 0.944294921875 1 0.9381982421875 1 0.5722919921875
7 0.5818095703125 1 0.5798173828125 0.9436474609375 0.585794921875 0.937271484375 0.585794921875 0.92770703125 0.576828125 0.92810546875 0.57782421875 0.9215302734375 0.590177734375 0.9197373046875 0.5925693359375 0.8679326171875 0.561685546875 0.8673349609375 0.5523203125 0.8796884765625 0.5577001953125 0.888654296875 0.553515625 0.89961328125 0.5598916015625 0.9065869140625 0.5547119140625 0.915353515625 0.560689453125 0.9316923828125 0.561884765625 0.961779296875 0.5708505859375 0.963771484375 0.5714482421875 1 0.5818095703125 1