9 0.470072265625 0.43963671875 0.4768359375 0.35433984375 0.3840244140625 0.3483271484375 0.3772607421875 0.4324970703125 0.470072265625 0.43963671875
9 0.4660517578125 0.5045322265625 0.3710361328125 0.5002568359375 0.3658095703125 0.5890966796875 0.4627255859375 0.5957470703125 0.4660517578125 0.5045322265625
9 0.45762109375 0.7630791015625 0.45875390625 0.667552734375 0.360583984375 0.663021484375 0.357185546875 0.75892578125 0.45762109375 0.7630791015625
9 0.2085849609375 0.7415927734375 0.2161484375 0.6400859375 0.1492734375 0.634513671875 0.1425068359375 0.7348251953125 0.2085849609375 0.7415927734375
9 0.2399775390625 0.7412783203125 0.2582734375 0.7458515625 0.26345703125 0.6543740234375 0.24394140625 0.648580078125 0.2399775390625 0.7412783203125
9 0.1166015625 0.73183203125 0.1232451171875 0.641474609375 0.1106220703125 0.642470703125 0.10400390625 0.7332978515625 0.1166015625 0.7330048828125 0.1166015625 0.73183203125
9 0.000302734375 0.724744140625 0.0193916015625 0.72716796875 0.0266630859375 0.63536328125 0 0.6332421875 0.000302734375 0.724744140625
9 0.1323740234375 0.559029296875 0.140365234375 0.4725166015625 0.12542578125 0.4791181640625 0.116044921875 0.5628505859375 0.1323740234375 0.559029296875
9 0.2192314453125 0.5634013671875 0.2273134765625 0.4788740234375 0.172421875 0.4731494140625 0.1633291015625 0.5586865234375 0.2192314453125 0.5634013671875
9 0.272650390625 0.578119140625 0.2751748046875 0.5402509765625 0.25523046875 0.53166796875 0.2516962890625 0.571302734375 0.272650390625 0.578119140625
9 0.000720703125 0.559466796875 0.0356875 0.56162890625 0.043978515625 0.48520703125 0 0.4812421875 0.000720703125 0.559466796875
9 0 0.4019326171875 0.0600927734375 0.4093212890625 0.0704365234375 0.3250927734375 0 0.3177041015625 0 0.4019326171875
9 0.152564453125 0.3980068359375 0.164876953125 0.3142294921875 0.1421259765625 0.3241328125 0.131419921875 0.4006826171875 0.152564453125 0.3985419921875 0.152564453125 0.3980068359375
9 0.2506337890625 0.3153515625 0.1912109375 0.31241015625 0.1797861328125 0.3953740234375 0.238158203125 0.400822265625 0.2506337890625 0.3153515625
9 0.2937041015625 0.340365234375 0.2776318359375 0.3307734375 0.2684677734375 0.4071796875 0.286126953125 0.4148583984375 0.2937041015625 0.340365234375
9 0.08488671875 0.2663818359375 0.0970126953125 0.209791015625 0.020615234375 0.2041318359375 0.0068720703125 0.26072265625 0.08488671875 0.2663818359375
9 0.2806416015625 0.210765625 0.202791015625 0.206208984375 0.1955751953125 0.24912109375 0.2757041015625 0.2548173828125 0.2806416015625 0.210765625
9 0.4814716796875 0.2287705078125 0.4005888671875 0.21919921875 0.3929306640625 0.289552734375 0.473814453125 0.298646484375 0.4814716796875 0.2287705078125
9 0.726302734375 0.542626953125 0.6079912109375 0.5320380859375 0.6068955078125 0.6047041015625 0.7295888671875 0.612373046875 0.726302734375 0.542626953125
9 0.7274990234375 0.6880595703125 0.604427734375 0.6847333984375 0.6049033203125 0.764087890625 0.7270244140625 0.7678896484375 0.7274990234375 0.6880595703125
9 0.93118359375 0.7690576171875 0.92873828125 0.7201513671875 0.8028037109375 0.715994140625 0.8013369140625 0.765634765625 0.93118359375 0.7690576171875
9 0.8022802734375 0.6206904296875 0.8200634765625 0.61521875 0.9281279296875 0.6271875 0.9243662109375 0.58273046875 0.800228515625 0.564947265625 0.8022802734375 0.6206904296875
9 0.7314140625 0.4652333984375 0.7304814453125 0.3915791015625 0.611609375 0.3761953125 0.6078798828125 0.45311328125 0.7314140625 0.4652333984375
9 0.729703125 0.3268955078125 0.72875390625 0.2590498046875 0.61488671875 0.244341796875 0.6139375 0.3112392578125 0.729703125 0.3268955078125
0 0.815361328125 0.3629755859375 0.9614853515625 0.3990068359375 0.964822265625 0.3529677734375 0.80601953125 0.300255859375 0.7920078125 0.306927734375 0.7920078125 0.371650390625 0.815361328125 0.3629755859375
9 0.815125 0.326669921875 0.916783203125 0.3496044921875 0.9155439453125 0.314892578125 0.7909501953125 0.2826591796875 0.7934296875 0.3322490234375 0.815125 0.326669921875
0 0.8171630859375 0.5036171875 0.95867578125 0.52858984375 0.9720869140625 0.525814453125 0.9702373046875 0.4795693359375 0.81855078125 0.4462724609375 0.791728515625 0.459220703125 0.7945029296875 0.513791015625 0.8171630859375 0.5036171875
9 0.8161328125 0.466361328125 0.9204833984375 0.4836201171875 0.9236923828125 0.4368623046875 0.795337890625 0.413025390625 0.7978583984375 0.4722099609375 0.8161328125 0.466361328125
0 0.8206552734375 0.6554453125 0.9796396484375 0.667068359375 0.977978515625 0.6185009765625 0.824806640625 0.59774609375 0.796994140625 0.6056328125 0.798240234375 0.6600107421875 0.8206552734375 0.6554453125
0 0.82153515625 0.8141611328125 0.9797216796875 0.8148984375 0.98193359375 0.8204287109375 0.98746484375 0.8204287109375 0.98377734375 0.7647509765625 0.8062568359375 0.759923828125 0.7673642578125 0.7822451171875 0.7690556640625 0.7947587890625 0.7994931640625 0.781568359375 0.798673828125 0.8185859375 0.82153515625 0.8141611328125
9 0.1055908203125 0.1345478515625 0.115125 0.091111328125 0.070982421875 0.0886396484375 0.059681640625 0.130310546875 0.1055908203125 0.1345478515625
9 0.24280078125 0.10003515625 0.23584375 0.1391220703125 0.2805615234375 0.14574609375 0.2871865234375 0.105666015625 0.24280078125 0.10003515625
9 0.46148046875 0.11879296875 0.4167822265625 0.1147666015625 0.4127548828125 0.15503515625 0.4578564453125 0.161880859375 0.46148046875 0.11879296875
9 0.683466796875 0.1614013671875 0.6360419921875 0.155822265625 0.6348466796875 0.1976669921875 0.682271484375 0.2032470703125 0.683466796875 0.1614013671875
9 0.8499169921875 0.199525390625 0.8120966796875 0.19029296875 0.8138828125 0.2293046875 0.850810546875 0.23794140625 0.8499169921875 0.199525390625
8 0.6009560546875 1 0.59255078125 0.7732578125 0.6253505859375 0.8146328125 0.649310546875 0.820623046875 0.6636865234375 0.778693359375 0.6960322265625 0.8038505859375 0.7128037109375 0.8074453125 0.7415556640625 0.801455078125 0.769109375 0.794267578125 0.7607236328125 0.7739013671875 0.7798916015625 0.752337890625 0.808642578125 0.7187939453125 0.8134345703125 0.6708740234375 0.8074453125 0.6445185546875 0.8110390625 0.6061826171875 0.78827734375 0.5774306640625 0.7810888671875 0.542689453125 0.7451494140625 0.5474814453125 0.7319716796875 0.5450849609375 0.70082421875 0.5187294921875 0.6972294921875 0.4899775390625 0.691240234375 0.4648203125 0.660091796875 0.4252861328125 0.6469140625 0.394138671875 0.6289443359375 0.3725751953125 0.614568359375 0.348615234375 0.5870146484375 0.3570009765625 0.5762333984375 0.3857529296875 0.549876953125 0.382158203125 0.5570654296875 0.4288798828125 0.5348017578125 0.441509765625 0.5174453125 0.4328310546875 0.496833984375 0.42523828125 0.465375 0.4350009765625 0.47296875 0.4849013671875 0.4881552734375 0.5217841796875 0.4588662109375 0.530462890625 0.4794775390625 0.5760234375 0.4534423828125 0.5825322265625 0.4295771484375 0.5847021484375 0.39421484375 0.5952568359375 0.3727509765625 0.589533203125 0.35343359375 0.603841796875 0.3713203125 0.636037109375 0.4113857421875 0.6846884765625 0.4042578125 0.6959453125 0.4123427734375 0.7127373046875 0.44157421875 0.740724609375 0.4341103515625 0.746322265625 0.4384638671875 0.755029296875 0.4658291015625 0.7687119140625 0.4453056640625 0.775552734375 0.4409521484375 0.7873701171875 0.469560546875 0.7873701171875 0.4676953125 0.7973203125 0.47640234375 0.80602734375 0.489462890625 0.8022958984375 0.5043896484375 0.7830166015625 0.5193154296875 0.7587607421875 0.5740458984375 0.778041015625 0.583095703125 1 0.6009560546875 1
5 0.40058984375 1 0.8916796875 0.995587890625 1 0.9906513671875 0.99810546875 0.837513671875 0.977099609375 0.838869140625 0.60714453125 0.8330205078125 0.5470703125 0.8298173828125 0.54466796875 0.8081904296875 0.28034375 0.7937724609375 0.226677734375 0.78255859375 0.100123046875 0.772947265625 0.00080078125 0.7633359375 0 0.975408203125 0.255779296875 1 0.40058984375 1
6 0.0003037109375 0.9998857421875 0.23294140625 0.9992783203125 0.0002763671875 0.9765439453125 0.0003037109375 0.9998857421875
2 0.00136328125 0.759859375 0.228298828125 0.7803046875 0.278728515625 0.7905263671875 0.54691015625 0.8067529296875 0.5499072265625 0.8289072265625 1 0.8348876953125 0.99860546875 0.2782998046875 0.993791015625 0.2532626953125 1 0.23785546875 0.9456416015625 0.2089658203125 0.884974609375 0.2359287109375 0.8711240234375 0.2274248046875 0.8695166015625 0.204119140625 0.8759453125 0.1816181640625 0.7987978515625 0.159919921875 0.7698671875 0.182421875 0.707185546875 0.1647421875 0.709595703125 0.1390263671875 0.6211982421875 0.1253642578125 0.6091435546875 0.1494736328125 0.555515625 0.1390458984375 0.558857421875 0.1169853515625 0.53078125 0.11498046875 0.5247646484375 0.133029296875 0.4819814453125 0.1243388671875 0.4853232421875 0.09960546875 0.4391982421875 0.087572265625 0.398419921875 0.09492578125 0.397751953125 0.1163173828125 0.309466796875 0.1104560546875 0.31184765625 0.0842705078125 0.2747119140625 0.0699873046875 0.2271015625 0.0799853515625 0.225197265625 0.1061708984375 0.1371181640625 0.1004580078125 0.135689453125 0.0718916015625 0.1080751953125 0.062369140625 0.078556640625 0.0652265625 0.079509765625 0.038087890625 0.046181640625 0.0357080078125 0.031240234375 0.097884765625 0.00125 0.09496875 0.00136328125 0.759859375
9 0.9989794921875 0.334115234375 0.9720576171875 0.3245 0.9744619140625 0.3855537109375 0.998017578125 0.392765625 0.9989794921875 0.334115234375
9 1 0.4498671875 0.9821689453125 0.444482421875 0.9863115234375 0.5132470703125 1 0.515732421875 1 0.4498671875