9 0.158791015625 0.229720703125 0.152384765625 0.2640419921875 0.183501953125 0.2489404296875 0.189908203125 0.2100439453125 0.158791015625 0.229720703125
9 0.1423173828125 0.3244462890625 0.1349951171875 0.3596826171875 0.1656552734375 0.34229296875 0.16931640625 0.3093447265625 0.1423173828125 0.3244462890625
9 0.1240126953125 0.4292392578125 0.1203515625 0.4681357421875 0.1473505859375 0.4525771484375 0.1532998046875 0.412765625 0.1240126953125 0.4292392578125
9 0.106166015625 0.5468447265625 0.09838671875 0.5971826171875 0.1299619140625 0.5816240234375 0.135453125 0.5312861328125 0.106166015625 0.5468447265625
9 0.08603125 0.679552734375 0.0809970703125 0.7358388671875 0.1089111328125 0.723025390625 0.115318359375 0.667197265625 0.08603125 0.679552734375
9 0.05857421875 0.827818359375 0.0503369140625 0.895544921875 0.087861328125 0.8886806640625 0.0965556640625 0.8118017578125 0.05857421875 0.827818359375
9 0.0426279296875 0.98775390625 0.0401923828125 1 0.0761220703125 0.99993359375 0.0761220703125 0.984708984375 0.0426279296875 0.98775390625
9 0.466712890625 0.2007705078125 0.4698662109375 0.16976171875 0.4162578125 0.1287666015625 0.4141552734375 0.15819921875 0.466712890625 0.2007705078125
9 0.555009765625 0.2780302734375 0.553958984375 0.241765625 0.5045546875 0.2055009765625 0.50560546875 0.23703515625 0.555009765625 0.2780302734375
9 0.62438671875 0.338998046875 0.6217587890625 0.307462890625 0.58233984375 0.2701474609375 0.5870703125 0.3106162109375 0.62438671875 0.338998046875
9 0.636474609375 0.4367548828125 0.6343720703125 0.3973369140625 0.5939033203125 0.36737890625 0.5954794921875 0.4036435546875 0.636474609375 0.4367548828125
9 0.50928515625 0.2927470703125 0.508759765625 0.3326904296875 0.5613173828125 0.3752626953125 0.5613173828125 0.334267578125 0.50928515625 0.2927470703125
9 0.47669921875 0.3037841796875 0.4745966796875 0.2601611328125 0.4162578125 0.2149609375 0.4136298828125 0.2538544921875 0.47669921875 0.3037841796875
9 0.47775 0.417833984375 0.4793271484375 0.366328125 0.4146806640625 0.3158720703125 0.412052734375 0.372634765625 0.47775 0.417833984375
9 0.5718291015625 0.4840576171875 0.570251953125 0.434126953125 0.5171689453125 0.3968115234375 0.5176943359375 0.444638671875 0.5718291015625 0.4840576171875
9 0.6538193359375 0.5497548828125 0.6506650390625 0.4987734375 0.603888671875 0.4646103515625 0.6059912109375 0.514015625 0.6538193359375 0.5497548828125
9 0.480939453125 0.5496455078125 0.4826357421875 0.4885732421875 0.412658203125 0.444890625 0.4105380859375 0.507234375 0.480939453125 0.5496455078125
9 0.5793330078125 0.61326171875 0.5797568359375 0.557279296875 0.52123046875 0.51826171875 0.5237744140625 0.5763642578125 0.5793330078125 0.61326171875
9 0.6709404296875 0.6764541015625 0.6671240234375 0.6238642578125 0.615806640625 0.583998046875 0.61623046875 0.6412529296875 0.6709404296875 0.6764541015625
9 0.4843330078125 0.701900390625 0.483484375 0.633619140625 0.4109619140625 0.592904296875 0.4088408203125 0.6645791015625 0.4843330078125 0.701900390625
9 0.5907841796875 0.7621240234375 0.5878154296875 0.6917216796875 0.528439453125 0.663306640625 0.5292880859375 0.727771484375 0.5907841796875 0.7621240234375
9 0.68154296875 0.8066552734375 0.6773017578125 0.745583984375 0.624712890625 0.718865234375 0.6268330078125 0.78078515625 0.68154296875 0.8066552734375
9 0.6823916015625 0.948732421875 0.6828154296875 0.8829951171875 0.63107421875 0.860517578125 0.6327705078125 0.9334638671875 0.6823916015625 0.948732421875
9 0.5314091796875 0.8172578125 0.530984375 0.8948701171875 0.5992666015625 0.9190439453125 0.598841796875 0.8452490234375 0.5314091796875 0.8172578125
9 0.4079931640625 0.7587314453125 0.403751953125 0.8422802734375 0.486453125 0.873240234375 0.486029296875 0.7935078125 0.4079931640625 0.7587314453125
9 0.4873017578125 1 0.4873017578125 0.9750263671875 0.407568359375 0.9508525390625 0.4029033203125 0.999201171875 0.4873017578125 1
9 0.8309287109375 1 0.82542578125 0.93391015625 0.81284765625 0.929193359375 0.8183505859375 1 0.8309287109375 1
9 0.8816328125 0.9999443359375 0.878095703125 0.9567080078125 0.844685546875 0.9429501953125 0.850974609375 0.99955078125 0.8816328125 0.9999443359375
9 0.9252626953125 1 0.9232978515625 0.975181640625 0.896962890625 0.96417578125 0.9008935546875 0.9987646484375 0.9252626953125 1
9 0.9673203125 1 0.96535546875 0.9948349609375 0.944916015625 0.9857939453125 0.9460947265625 1 0.9673203125 1
9 0.9905107421875 0.9669267578125 0.98933203125 0.9232978515625 0.9716435546875 0.913470703125 0.975181640625 0.959458984375 0.9905107421875 0.9669267578125
9 0.936662109375 0.9028583984375 0.9409853515625 0.9425576171875 0.9618173828125 0.95159765625 0.9582802734375 0.913078125 0.936662109375 0.9028583984375
9 0.9170087890625 0.930765625 0.914650390625 0.884384765625 0.8898876953125 0.87337890625 0.8934248046875 0.920939453125 0.9170087890625 0.930765625
9 0.838396484375 0.8450791015625 0.841541015625 0.8942109375 0.870234375 0.9079677734375 0.8663037109375 0.85765625 0.838396484375 0.8450791015625
9 0.8010556640625 0.8089169921875 0.809703125 0.8804541015625 0.8183505859375 0.8816328125 0.8132412109375 0.815599609375 0.8010556640625 0.8089169921875
9 0.78887109375 0.69807421875 0.795552734375 0.762142578125 0.806166015625 0.7656806640625 0.7994833984375 0.702791015625 0.78887109375 0.69807421875
9 0.85765625 0.8006630859375 0.8549052734375 0.7440625 0.82424609375 0.7255888671875 0.8297490234375 0.782189453125 0.85765625 0.8006630859375
9 0.908361328125 0.833287109375 0.9040380859375 0.779044921875 0.8765234375 0.762142578125 0.8808466796875 0.8167783203125 0.908361328125 0.833287109375
9 0.9493876953125 0.8621962890625 0.9456240234375 0.8107587890625 0.9224150390625 0.7988408203125 0.928060546875 0.848708984375 0.9493876953125 0.8621962890625
9 0.9816923828125 0.88258203125 0.9779287109375 0.837732421875 0.9584833984375 0.824873046875 0.962560546875 0.8703505859375 0.9816923828125 0.88258203125
9 1 0.852787109375 0.9901611328125 0.8471416015625 0.99423828125 0.89544140625 1 0.8982646484375 1 0.852787109375
9 0.9961201171875 0.8220498046875 0.9945517578125 0.7800224609375 0.97698828125 0.76841796875 0.97918359375 0.8085634765625 0.9961201171875 0.8220498046875
9 0.9459375 0.7417578125 0.9478193359375 0.7828447265625 0.971029296875 0.800095703125 0.9675791015625 0.7596357421875 0.9459375 0.7417578125
9 0.9101826171875 0.714158203125 0.914259765625 0.7580673828125 0.9349599609375 0.772181640625 0.9337060546875 0.7310947265625 0.9101826171875 0.714158203125
9 0.889482421875 0.7339169921875 0.88666015625 0.6859306640625 0.860314453125 0.66742578125 0.8590595703125 0.7097666015625 0.889482421875 0.7339169921875
9 0.80825 0.6219482421875 0.8095048828125 0.6693076171875 0.8433779296875 0.695025390625 0.8402412109375 0.6482939453125 0.80825 0.6219482421875
9 0.7718671875 0.592779296875 0.7803359375 0.6511162109375 0.7925673828125 0.6555068359375 0.7891181640625 0.607833984375 0.7718671875 0.592779296875
9 0.7592822265625 0.4655849609375 0.7552216796875 0.417943359375 0.7446650390625 0.4111767578125 0.7487255859375 0.4596298828125 0.7592822265625 0.4655849609375
9 0.811525390625 0.516474609375 0.809630859375 0.4728935546875 0.781478515625 0.44744921875 0.7825615234375 0.488322265625 0.811525390625 0.516474609375
9 0.8588955078125 0.560326171875 0.8570009765625 0.5227001953125 0.829390625 0.4967138671875 0.83291015625 0.536234375 0.8588955078125 0.560326171875
9 0.89598046875 0.5971396484375 0.8967919921875 0.5646572265625 0.8702646484375 0.5405654296875 0.869994140625 0.5744013671875 0.89598046875 0.5971396484375
9 0.931169921875 0.63287109375 0.9333349609375 0.5965986328125 0.904642578125 0.573048828125 0.9022060546875 0.6044482421875 0.931169921875 0.63287109375
9 0.96419921875 0.666412109375 0.9625205078125 0.635189453125 0.9410341796875 0.6187392578125 0.93969140625 0.6455966796875 0.96419921875 0.666412109375
9 0.7728359375 0.555623046875 0.7691435546875 0.5052646484375 0.758400390625 0.4988857421875 0.764107421875 0.5512587890625 0.7728359375 0.555623046875
9 0.8265517578125 0.5996025390625 0.8265517578125 0.561666015625 0.794322265625 0.5294365234375 0.7990224609375 0.5787880859375 0.8265517578125 0.5996025390625
9 0.872546875 0.641904296875 0.8705322265625 0.6016171875 0.8423310546875 0.577109375 0.8490458984375 0.6251181640625 0.872546875 0.641904296875
9 0.920890625 0.6872265625 0.9158544921875 0.6496259765625 0.8889970703125 0.62041796875 0.893025390625 0.6643974609375 0.920890625 0.6872265625
9 0.954462890625 0.7174423828125 0.9524482421875 0.6835341796875 0.929955078125 0.6610400390625 0.9333125 0.7003203125 0.954462890625 0.7174423828125
9 0.9803134765625 0.7406064453125 0.9803134765625 0.7103916015625 0.9561416015625 0.6895771484375 0.9564775390625 0.7228134765625 0.9803134765625 0.7406064453125
2 0.9995185546875 1 1 0.6328994140625 0.9817666015625 0.617462890625 0.9686455078125 0.621322265625 0.93481640625 0.586994140625 0.77550390625 0.418794921875 0.7343017578125 0.3826728515625 0.73148046875 0.3386484375 0.669958984375 0.281642578125 0.665443359375 0.27994921875 0.6575419921875 0.281642578125 0.6428671875 0.2912373046875 0.4602529296875 0.125806640625 0.378666015625 0.0479560546875 0.3705693359375 0.039859375 0.3649638671875 0.0417275390625 0.2129990234375 0.1538330078125 0 0.3338232421875 0 1 0.9995185546875 1
8 0 0.3494892578125 0.010001953125 0.371609375 0.0176953125 0.3762255859375 0.030005859375 0.380841796875 0.0438544921875 0.381611328125 0.046931640625 0.3877666015625 0.041546875 0.4154638671875 0.0338525390625 0.418541015625 0.0230810546875 0.420849609375 0.0130791015625 0.4231572265625 0.008462890625 0.4262353515625 0.0153876953125 0.432390625 0.0253896484375 0.4362373046875 0.031544921875 0.440853515625 0.03846875 0.4447001953125 0.046931640625 0.4462392578125 0.047701171875 0.448546875 0.0400078125 0.457779296875 0.0453935546875 0.461626953125 0.0523173828125 0.4631650390625 0.057703125 0.4631650390625 0.0746298828125 0.448546875 0.0784765625 0.4562412109375 0.0784765625 0.4631650390625 0.069244140625 0.4762451171875 0.0653974609375 0.480091796875 0.0653974609375 0.487015625 0.0738603515625 0.4916318359375 0.0823232421875 0.4924013671875 0.089248046875 0.4839384765625 0.09848046875 0.4847080078125 0.1123291015625 0.49086328125 0.11771484375 0.49086328125 0.11925390625 0.478552734375 0.1107900390625 0.46855078125 0.1138681640625 0.44777734375 0.11771484375 0.4077705078125 0.1361796875 0.4077705078125 0.147720703125 0.4077705078125 0.17541796875 0.3985380859375 0.185419921875 0.400076171875 0.187728515625 0.419310546875 0.19465234375 0.42854296875 0.2008076171875 0.4293125 0.21542578125 0.4077705078125 0.242353515625 0.41238671875 0.2585107421875 0.40930859375 0.246970703125 0.418541015625 0.245431640625 0.4293125 0.2608193359375 0.4431611328125 0.2708212890625 0.4439306640625 0.2808232421875 0.4339287109375 0.2862080078125 0.4231572265625 0.29159375 0.402384765625 0.2969794921875 0.3846884765625 0.3092900390625 0.3677626953125 0.3169833984375 0.341603515625 0.323138671875 0.323908203125 0.3354482421875 0.3177529296875 0.3492978515625 0.3169833984375 0.3585302734375 0.3200615234375 0.363916015625 0.3369873046875 0.363916015625 0.3539140625 0.37083984375 0.362376953125 0.380072265625 0.3669931640625 0.3885361328125 0.382380859375 0.4070009765625 0.3923828125 0.4246962890625 0.400076171875 0.4370068359375 0.40930859375 0.4662431640625 0.4254658203125 0.477783203125 0.4262353515625 0.4823994140625 0.410078125 0.44777734375 0.39161328125 0.4146943359375 0.37391796875 0.401615234375 0.3646845703125 0.3939208984375 0.3392958984375 0.39007421875 0.322369140625 0.3985380859375 0.3069814453125 0.4162333984375 0.305443359375 0.432390625 0.2969794921875 0.451625 0.3069814453125 0.4654736328125 0.3185224609375 0.479322265625 0.31313671875 0.4839384765625 0.29544140625 0.4862470703125 0.2785146484375 0.500865234375 0.294671875 0.5216376953125 0.29236328125 0.5347177734375 0.2977490234375 0.5508740234375 0.2877470703125 0.56703125 0.2931328125 0.5824189453125 0.3000576171875 0.624712890625 0.284265625 0.6751318359375 0.242009765625 0.688576171875 0.2218427734375 0.702021484375 0.23240625 0.7135458984375 0.256416015625 0.6904970703125 0.26505859375 0.6780126953125 0.267939453125 0.6751318359375 0.27754296875 0.6914580078125 0.2852265625 0.7068232421875 0.2852265625 0.7231494140625 0.2852265625 0.73179296875 0.3063544921875 0.7500390625 0.3188388671875 0.7654052734375 0.32940234375 0.763484375 0.339966796875 0.75772265625 0.3476494140625 0.7596435546875 0.3668564453125 0.77020703125 0.3774208984375 0.774048828125 0.3803017578125 0.7682861328125 0.3956669921875 0.7778896484375 0.4196767578125 0.792294921875 0.4360029296875 0.78365234375 0.4734560546875 0.7846123046875 0.5185927734375 0.7778896484375 0.547404296875 0.7884541015625 0.5810166015625 0.7769296875 0.5935009765625 0.7807705078125 0.6165498046875 0.792294921875 0.644400390625 0.8067001953125 0.6655283203125 0.8163046875 0.6780126953125 0.8287890625 0.699140625 0.844154296875 0.72458984375 0.86144140625 0.740435546875 0.8806484375 0.741396484375 0.916181640625 0.7260302734375 0.9296259765625 0.70586328125 0.95075390625 0.682814453125 0.9786044921875 0.65304296875 0.973802734375 0.6395986328125 0.999548828125 0.63223828125 0.99865625 0 0 0.001947265625 0 0.3494892578125