9 0.422578125 0.2345419921875 0.423423828125 0.176841796875 0.3171689453125 0.2089306640625 0.3165146484375 0.259970703125 0.422578125 0.2345419921875
9 0.2585966796875 0.2829619140625 0.2597451171875 0.2550390625 0.2208984375 0.2745771484375 0.21951953125 0.3020400390625 0.2585966796875 0.2829619140625
9 0.170173828125 0.3260234375 0.171765625 0.2878232421875 0.117251953125 0.3189931640625 0.1148642578125 0.354275390625 0.170173828125 0.3260234375
9 0.413162109375 0.4167578125 0.4153193359375 0.3480771484375 0.3051064453125 0.3750458984375 0.3041328125 0.431900390625 0.413162109375 0.4167578125
9 0 0.4166455078125 0.0177421875 0.40655078125 0.020037109375 0.3710654296875 0 0.3817724609375 0 0.4166455078125
9 0.0268876953125 0.3054609375 0.028619140625 0.280765625 0.0154638671875 0.2887275390625 0.0131552734375 0.314115234375 0.0268876953125 0.3054609375
9 0.07796875 0.2707099609375 0.07891796875 0.2468076171875 0.0645 0.2557236328125 0.063361328125 0.280005859375 0.07796875 0.2707099609375
9 0.408728515625 0.093625 0.3865869140625 0.0628837890625 0.3689072265625 0.0663232421875 0.366244140625 0.1068095703125 0.408728515625 0.093625
9 0.2901943359375 0.14070703125 0.291671875 0.1137568359375 0.27230078125 0.1222568359375 0.2702998046875 0.1529326171875 0.2901943359375 0.14070703125
9 0.2056728515625 0.1907041015625 0.20801171875 0.1618564453125 0.1916396484375 0.1724599609375 0.1894560546875 0.20037109375 0.2056728515625 0.1907041015625
9 0.137490234375 0.232041015625 0.1384541015625 0.2034150390625 0.122626953125 0.21401171875 0.1224892578125 0.21580078125 0.1212509765625 0.2419501953125 0.137490234375 0.232041015625
9 0.241888671875 0.455291015625 0.245267578125 0.40990625 0.2030224609375 0.4248740234375 0.200125 0.473396484375 0.241888671875 0.455291015625
9 0.153794921875 0.48896484375 0.157111328125 0.4355478515625 0.102646484375 0.4568447265625 0.1010751953125 0.5048505859375 0.153794921875 0.48896484375
9 0.139275390625 0.6676650390625 0.1416328125 0.5939560546875 0.0899931640625 0.6027412109375 0.089564453125 0.676021484375 0.139275390625 0.6676650390625
9 0.2271904296875 0.65775390625 0.2326875 0.5758291015625 0.1792919921875 0.585513671875 0.1782451171875 0.6642978515625 0.2271904296875 0.65775390625
9 0.40570703125 0.6243408203125 0.40748828125 0.5424912109375 0.2921904296875 0.5579111328125 0.29091796875 0.632740234375 0.40570703125 0.6243408203125
9 0.404837890625 0.787048828125 0.4050205078125 0.7449052734375 0.28533984375 0.7470947265625 0.285154296875 0.750013671875 0.2857021484375 0.7908798828125 0.404837890625 0.787048828125
9 0.2304189453125 0.7894267578125 0.228638671875 0.7601796875 0.17980859375 0.7606884765625 0.1800625 0.7886640625 0.2304189453125 0.7894267578125
9 0.136150390625 0.7859375 0.1367861328125 0.752005859375 0.076345703125 0.753490234375 0.076345703125 0.7836044921875 0.136150390625 0.7859375
9 0.0487646484375 0.809892578125 0.0501904296875 0.754283203125 0.0145439453125 0.755994140625 0.0139736328125 0.8090361328125 0.0487646484375 0.809892578125
9 0.6251552734375 0.7839169921875 0.62462109375 0.7352724609375 0.4912509765625 0.7387470703125 0.490181640625 0.7823134765625 0.6251552734375 0.7839169921875
9 1 0.71053125 0.8965166015625 0.7222255859375 0.9004150390625 0.9171201171875 1 0.9171201171875 1 0.71053125
9 0.624447265625 0.623478515625 0.6220263671875 0.5058505859375 0.4506669921875 0.516984375 0.44824609375 0.6321923828125 0.624447265625 0.623478515625
9 1 0.4801806640625 0.886958984375 0.4886767578125 0.886958984375 0.4954736328125 0.8917158203125 0.6103359375 1 0.6025205078125 1 0.4801806640625
9 1 0.36897265625 0.9994716796875 0.26566015625 0.8749072265625 0.2754013671875 0.88258203125 0.376056640625 1 0.36897265625
9 1 0.163375 0.99991796875 0.0777216796875 0.8565283203125 0.086287109375 0.8558935546875 0.0888251953125 0.8631904296875 0.1719404296875 1 0.163375
9 0.6209970703125 0.39700390625 0.6209970703125 0.2947705078125 0.4582900390625 0.31266796875 0.4550361328125 0.410833984375 0.6209970703125 0.39700390625
9 0.62216796875 0.1960537109375 0.62216796875 0.1045341796875 0.4701943359375 0.1280439453125 0.4634775390625 0.2141064453125 0.62216796875 0.1960537109375
8 0.7682666015625 0.7777119140625 0.7027939453125 0.7784765625 0.6941298828125 0.776947265625 0.6711962890625 0.77949609375 0.61437109375 0.785611328125 0.53694921875 0.7825537109375 0.510193359375 0.7800048828125 0.46840234375 0.782298828125 0.462287109375 0.777966796875 0.445978515625 0.7777119140625 0.4347666015625 0.7830634765625 0.373099609375 0.7848466796875 0.2662861328125 0.79147265625 0.263228515625 0.7886689453125 0.2127744140625 0.7891787109375 0.1642783203125 0.7853564453125 0.12248828125 0.7853564453125 0.07227734375 0.78408203125 0.0643779296875 0.7863759765625 0.0615751953125 0.8086103515625 0.0462861328125 0.8086103515625 0.0406796875 0.8055517578125 0.0078076171875 0.8032587890625 0 0.8032587890625 0.0001630859375 0.849380859375 0.030232421875 0.85091015625 0.0337998046875 0.857025390625 0.0659072265625 0.85957421875 0.0819609375 0.8649248046875 0.0827255859375 0.8832978515625 0.2124287109375 0.8985869140625 0.215486328125 0.9092900390625 0.2677841796875 0.9092900390625 0.2680390625 0.91769921875 0.4130146484375 0.93630078125 0.5158857421875 0.9472578125 0.63979296875 0.9551572265625 0.7254619140625 0.9599990234375 0.82104296875 0.9633115234375 0.9999375 0.9599990234375 0.9991728515625 0.765083984375 0.996857421875 0.76548046875 0.867154296875 0.773125 0.7682666015625 0.7777119140625
1 0.3304091796875 1 0.3188359375 0.982724609375 0.3063193359375 0.9595791015625 0.3030126953125 0.9522578125 0.276560546875 0.9376142578125 0.2665546875 0.9320986328125 0.2675673828125 0.9186962890625 0.2675673828125 0.9100810546875 0.214396484375 0.910037109375 0.2115625 0.899880859375 0.0786572265625 0.8835849609375 0 0.8840576171875 0 1 0.3304091796875 1
0 0.3875166015625 0.410279296875 0.3439248046875 0.41725 0.2948095703125 0.4255478515625 0.260455078125 0.4347265625 0.2291875 0.4455146484375 0.1721181640625 0.466591796875 0.1282470703125 0.48292578125 0.082650390625 0.4990244140625 0.0481298828125 0.5116376953125 0.0484619140625 0.534740234375 0.078193359375 0.526384765625 0.13528125 0.5078154296875 0.2039892578125 0.48314453125 0.2703193359375 0.460259765625 0.340087890625 0.4488525390625 0.4138359375 0.4385068359375 0.4156923828125 0.4082646484375 0.3875166015625 0.410279296875
0 0 0.55154296875 0.03166796875 0.5418671875 0.0319609375 0.521341796875 0.0214052734375 0.521634765625 0 0.5310185546875 0 0.55154296875
0 0 0.695478515625 0.0212392578125 0.692775390625 0.021625 0.671150390625 0 0.67230859375 0 0.695478515625
0 0.0901689453125 0.68582421875 0.1466767578125 0.679259765625 0.2009150390625 0.6728876953125 0.26676953125 0.6663232421875 0.3450068359375 0.660337890625 0.4066103515625 0.65473828125 0.408154296875 0.6176669921875 0.3208818359375 0.62596875 0.262962890625 0.63311328125 0.1977021484375 0.6402568359375 0.1438369140625 0.6497177734375 0.0864814453125 0.65879296875 0.036685546875 0.6659365234375 0.03823046875 0.692388671875 0.0901689453125 0.68582421875
0 0 0.422802734375 0.0459990234375 0.397654296875 0.0464287109375 0.3806728515625 0.0361923828125 0.3811025390625 0 0.4006630859375 0 0.422802734375
0 0.13360546875 0.3535517578125 0.2282919921875 0.3084228515625 0.3093115234375 0.2728837890625 0.3633642578125 0.2568154296875 0.4243701171875 0.24158203125 0.425205078125 0.21528515625 0.361349609375 0.227388671875 0.3056328125 0.2438740234375 0.2247666015625 0.279517578125 0.15859765625 0.3158271484375 0.0735224609375 0.3612294921875 0.0649541015625 0.366490234375 0.066802734375 0.385765625 0.13360546875 0.3535517578125
3 1 0.91451953125 0.7781513671875 0.922330078125 0.58073046875 0.9187802734375 0.5132666015625 0.9138095703125 0.425208984375 0.90812890625 0.3698173828125 0.9024482421875 0.3421220703125 0.8996083984375 0.276078125 0.8932177734375 0.2298955078125 0.8861796875 0.220775390625 0.8731083984375 0.220470703125 0.8731083984375 0.082759765625 0.8649013671875 0.0646494140625 0.859646484375 0.0353310546875 0.85765625 0.030806640625 0.8509609375 0 0.8489697265625 0 0.87115234375 0.2125673828125 0.898337890625 0.2177353515625 0.9086728515625 0.248134765625 0.909888671875 0.268310546875 0.9178095703125 0.266951171875 0.932001953125 0.303537109375 0.9521552734375 0.318169921875 0.9800263671875 0.3310166015625 1 1 1 1 0.9597802734375 1 0.91451953125
8 0.999779296875 0.764744140625 0.999779296875 0.09157421875 0.9984326171875 0.0821708984375 0.989525390625 0.079697265625 0.9806171875 0.07722265625 0.9776484375 0.084150390625 0.9786376953125 0.09305859375 0.9717099609375 0.103451171875 0.966265625 0.114337890625 0.9548837890625 0.1267685546875 0.9519150390625 0.142109375 0.946470703125 0.1559658203125 0.94102734375 0.1732861328125 0.94102734375 0.1881328125 0.94251171875 0.19901953125 0.9474609375 0.2089169921875 0.9548837890625 0.2217841796875 0.9533994140625 0.22920703125 0.94102734375 0.2178251953125 0.934099609375 0.19901953125 0.926181640625 0.1970400390625 0.92370703125 0.2019892578125 0.92370703125 0.2123818359375 0.92370703125 0.2217841796875 0.9326142578125 0.2366298828125 0.919748046875 0.2405888671875 0.914798828125 0.2445478515625 0.9113349609375 0.2549404296875 0.9083662109375 0.2668173828125 0.9034169921875 0.282158203125 0.90490234375 0.298984375 0.89846875 0.29403515625 0.888076171875 0.2940234375 0.8836220703125 0.3039208984375 0.8811484375 0.3182724609375 0.8811484375 0.34153125 0.8821376953125 0.3608310546875 0.8757041015625 0.3568720703125 0.8712509765625 0.3341083984375 0.8653125 0.323220703125 0.8593740234375 0.3271796875 0.8554150390625 0.3326240234375 0.8554150390625 0.3499443359375 0.85739453125 0.374193359375 0.865806640625 0.382111328125 0.8742197265625 0.3999267578125 0.880158203125 0.416751953125 0.8885712890625 0.4306083984375 0.886591796875 0.4385263671875 0.8757041015625 0.42862890625 0.8663017578125 0.39547265625 0.8623427734375 0.3885439453125 0.8554150390625 0.3905234375 0.8663017578125 0.4325966796875 0.8687763671875 0.446453125 0.889560546875 0.4766396484375 0.8826328125 0.49049609375 0.8796630859375 0.507322265625 0.8677861328125 0.4776298828125 0.857888671875 0.4553603515625 0.8539296875 0.443978515625 0.8479912109375 0.4449677734375 0.8489814453125 0.4538759765625 0.8568994140625 0.482083984375 0.864322265625 0.5068271484375 0.85887890625 0.5097958984375 0.8524453125 0.4969296875 0.8450224609375 0.4805986328125 0.8385888671875 0.478619140625 0.834134765625 0.485052734375 0.832650390625 0.494455078125 0.8356201171875 0.5043525390625 0.8450224609375 0.5235751953125 0.86036328125 0.5522783203125 0.85887890625 0.5567314453125 0.85887890625 0.5616806640625 0.8633330078125 0.5760322265625 0.8509609375 0.558216796875 0.84601171875 0.5562373046875 0.842052734375 0.5567314453125 0.845517578125 0.575537109375 0.8623427734375 0.5923623046875 0.87768359375 0.60325 0.878673828125 0.6161162109375 0.8717451171875 0.6116630859375 0.869271484375 0.60325 0.862837890625 0.6037451171875 0.8623427734375 0.61265234375 0.8712509765625 0.6314580078125 0.8860966796875 0.65867578125 0.9029228515625 0.665109375 0.9336044921875 0.6660986328125 0.943501953125 0.6740166015625 0.9524091796875 0.697275390625 0.960822265625 0.7071728515625 0.9677509765625 0.7160810546875 0.963296875 0.7269677734375 0.9459765625 0.731421875 0.93805859375 0.733896484375 0.9360791015625 0.741814453125 0.9400380859375 0.7531962890625 0.952904296875 0.7635888671875 0.999779296875 0.764744140625
2 0.603826171875 0 0.49330859375 0.0345986328125 0.43000390625 0.0449716796875 0.4084091796875 0.0288828125 0.349974609375 0.0553447265625 0.3556904296875 0.06254296875 0.351033203125 0.10860546875 0.2998017578125 0.0834130859375 0.2568232421875 0.1119921875 0.2578818359375 0.115802734375 0.2631748046875 0.1187666015625 0.2578818359375 0.1551787109375 0.2156259765625 0.1357021484375 0.1781513671875 0.1606826171875 0.1811162109375 0.1666103515625 0.1842919921875 0.1683037109375 0.1792099609375 0.1968564453125 0.144166015625 0.1824619140625 0.1111376953125 0.203419921875 0.112408203125 0.209982421875 0.1164306640625 0.2101943359375 0.111984375 0.232421875 0.085943359375 0.2222607421875 0.0537353515625 0.2457587890625 0.0558525390625 0.251474609375 0.0569111328125 0.2673525390625 0.0336220703125 0.259095703125 0.00588671875 0.2789951171875 0.0092744140625 0.2849228515625 0.005251953125 0.318009765625 0 0.321732421875 0 0.8020263671875 0.005220703125 0.8021650390625 0.0420673828125 0.804658203125 0.046916015625 0.80756640625 0.0607685546875 0.807705078125 0.063400390625 0.7858212890625 0.071849609375 0.78305078125 0.1199287109375 0.784435546875 0.1648095703125 0.7842978515625 0.2120625 0.788453125 0.26331640625 0.7876220703125 0.2671943359375 0.7903916015625 0.374171875 0.7837431640625 0.434216796875 0.7819423828125 0.4457138671875 0.776818359375 0.462890625 0.7766796875 0.46884765625 0.781111328125 0.5109619140625 0.7791728515625 0.533408203125 0.781111328125 0.612806640625 0.784435546875 0.6301220703125 0.7824970703125 0.69366015625 0.7758486328125 0.70141796875 0.7775107421875 0.76613671875 0.776818359375 0.8504921875 0.7726630859375 0.958021484375 0.7671220703125 0.9996015625 0.764970703125 1 0.0818203125 1 0 0.603826171875 0
9 0.0689951171875 0.32562890625 0.0450126953125 0.34168359375 0.040541015625 0.394724609375 0.08342578125 0.371150390625 0.0915546875 0.3676962890625 0.09704296875 0.3233935546875 0.0754990234375 0.3189228515625 0.0689951171875 0.32562890625
9 0.0624912109375 0.425123046875 0.0381025390625 0.43609765625 0.0307861328125 0.5355068359375 0.0511103515625 0.5275810546875 0.0519228515625 0.51376171875 0.0797666015625 0.5042109375 0.0824091796875 0.4391455078125 0.0633046875 0.432439453125 0.0624912109375 0.425123046875
9 0.05009375 0.5736279296875 0.023265625 0.580740234375 0.019607421875 0.6856025390625 0.0423701171875 0.6821474609375 0.0454189453125 0.6734091796875 0.067166015625 0.6685322265625 0.0676396484375 0.586248046875 0.0511103515625 0.5813505859375 0.05009375 0.5736279296875