9 0 0.33662109375 0.0559482421875 0.3220556640625 0.059146484375 0.2296865234375 0 0.245029296875 0 0.33662109375
9 0.1487421875 0.2982412109375 0.14923828125 0.2056767578125 0.0770595703125 0.2266943359375 0.073390625 0.315578125 0.1487421875 0.2982412109375
9 0.2515458984375 0.276376953125 0.2515458984375 0.1784931640625 0.172015625 0.1972060546875 0.16913671875 0.2929306640625 0.2515458984375 0.276376953125
9 0.3638662109375 0.2558330078125 0.35949609375 0.153611328125 0.2720712890625 0.1749736328125 0.271740234375 0.2724033203125 0.3638662109375 0.2558330078125
9 0.483357421875 0.23089453125 0.475322265625 0.1261396484375 0.38081640625 0.14709375 0.3843525390625 0.248927734375 0.483357421875 0.23089453125
9 0.61053515625 0.2067763671875 0.6003046875 0.1007529296875 0.4973525390625 0.122251953125 0.50351953125 0.2260029296875 0.61053515625 0.2067763671875
9 0.7385810546875 0.18746484375 0.72183203125 0.080126953125 0.619162109375 0.0971552734375 0.631236328125 0.204578125 0.7385810546875 0.18746484375
9 0.8756201171875 0.165974609375 0.8526015625 0.0600830078125 0.7473876953125 0.0758095703125 0.7667236328125 0.1829775390625 0.8756201171875 0.165974609375
9 1 0.1504765625 0.998765625 0.123591796875 0.97709765625 0.044541015625 0.8755751953125 0.0581845703125 0.897244140625 0.162916015625 1 0.1504765625
9 1 0.27715234375 0.9213662109375 0.2845712890625 0.941443359375 0.4194375 1 0.4115810546875 1 0.27715234375
9 0.9115302734375 0.4231669921875 0.89512890625 0.2837509765625 0.7835966796875 0.296462890625 0.7975380859375 0.4371083984375 0.9115302734375 0.4231669921875
9 0.7720283203125 0.4358359375 0.760134765625 0.30422265625 0.644333984375 0.3211201171875 0.65480078125 0.450908203125 0.7720283203125 0.4358359375
9 0.63255859375 0.4522431640625 0.6243330078125 0.3264736328125 0.5108935546875 0.343666015625 0.5176796875 0.4662998046875 0.63255859375 0.4522431640625
9 0.4971376953125 0.4704462890625 0.49073828125 0.3492255859375 0.38917578125 0.365703125 0.3927529296875 0.4833154296875 0.4971376953125 0.4704462890625
9 0.3693876953125 0.4890283203125 0.36781640625 0.36514453125 0.2676943359375 0.3843427734375 0.2696884765625 0.4984990234375 0.3693876953125 0.4890283203125
9 0.2527666015625 0.503 0.2527666015625 0.3875078125 0.1590556640625 0.4032109375 0.1590556640625 0.5136376953125 0.2527666015625 0.503
9 0.1426640625 0.5183037109375 0.1465908203125 0.403125 0.0634794921875 0.4181767578125 0.059552734375 0.5281201171875 0.1426640625 0.5183037109375
9 0 0.5410048828125 0.0513330078125 0.532970703125 0.052537109375 0.4184619140625 0 0.427625 0 0.5410048828125
9 0 0.7519091796875 0.0610234375 0.752970703125 0.0599619140625 0.6357001953125 0 0.63676171875 0 0.7519091796875
9 0.1603408203125 0.7513623046875 0.157923828125 0.6308408203125 0.067119140625 0.6343701171875 0.0680517578125 0.7527607421875 0.1603408203125 0.7513623046875
9 0.27156640625 0.7516416015625 0.26951171875 0.6233515625 0.1669619140625 0.6292841796875 0.167732421875 0.7516416015625 0.27156640625 0.7516416015625
9 0.38873046875 0.744091796875 0.3885927734375 0.61458984375 0.276921875 0.6227490234375 0.279044921875 0.75130859375 0.38873046875 0.744091796875
9 0.399453125 0.7422333984375 0.508501953125 0.73754296875 0.5030302734375 0.60504296875 0.3990625 0.6116875 0.399453125 0.7422333984375
9 0.6503203125 0.73428515625 0.642087890625 0.58885546875 0.525744140625 0.6003798828125 0.52848828125 0.741419921875 0.6503203125 0.73428515625
9 0.797662109375 0.7232998046875 0.787251953125 0.5735830078125 0.662322265625 0.5879599609375 0.6692626953125 0.7347021484375 0.797662109375 0.7232998046875
9 0.94580859375 0.709005859375 0.933640625 0.556908203125 0.80634765625 0.5709482421875 0.814771484375 0.720705078125 0.94580859375 0.709005859375
9 1 0.550314453125 0.951474609375 0.554822265625 0.962326171875 0.7071103515625 1 0.702427734375 1 0.550314453125
9 0 0.9311533203125 0.06627734375 0.9356533203125 0.0634130859375 0.8595576171875 0 0.856693359375 0 0.9311533203125
9 0.1657744140625 0.945021484375 0.1640146484375 0.8651259765625 0.070041015625 0.86090234375 0.0725048828125 0.93657421875 0.1657744140625 0.945021484375
9 0.272697265625 0.9508271484375 0.2720400390625 0.867375 0.1692041015625 0.8650751953125 0.1708466796875 0.9452421875 0.272697265625 0.9508271484375
9 0.393953125 0.956494140625 0.39430078125 0.8683681640625 0.28179296875 0.867671875 0.2824892578125 0.9516171875 0.393953125 0.956494140625
9 0.5230263671875 0.95733984375 0.5233681640625 0.8672578125 0.402458984375 0.8699970703125 0.40314453125 0.9587099609375 0.5230263671875 0.95733984375
9 0.659375 0.9537255859375 0.657552734375 0.863744140625 0.5373359375 0.8670224609375 0.5391572265625 0.956275390625 0.659375 0.9537255859375
9 0.8002470703125 0.9474052734375 0.7983837890625 0.855384765625 0.678421875 0.861345703125 0.6791669921875 0.9533662109375 0.8002470703125 0.9474052734375
9 0.945630859375 0.9369560546875 0.9440537109375 0.84428515625 0.8214140625 0.85335546875 0.823779296875 0.946025390625 0.945630859375 0.9369560546875
9 0.9655625 0.934888671875 1 0.932296875 0.999259765625 0.8376845703125 0.9651298828125 0.8402763671875 0.9655625 0.934888671875
2 0.7163525390625 0 0.35899609375 0.077044921875 0 0.1737607421875 0 0.9389345703125 0.4885390625 0.9688603515625 0.762634765625 0.960859375 1 0.939642578125 1 0 0.7163525390625 0
3 1 0.94289453125 0.8672431640625 0.955419921875 0.6711220703125 0.96903515625 0.4866357421875 0.9727958984375 0 0.94343359375 0 1 1 1 1 0.94289453125