9 0.3558330078125 0.055623046875 0.3680244140625 0.0015234375 0.2643984375 0.0015234375 0.2537314453125 0.057146484375 0.3558330078125 0.055623046875
9 0.313482421875 0.1811923828125 0.329955078125 0.120451171875 0.231123046875 0.118392578125 0.215166015625 0.180677734375 0.313482421875 0.1811923828125
9 0.4910712890625 0.18170703125 0.5003369140625 0.12199609375 0.3906953125 0.1209658203125 0.37937109375 0.178103515625 0.4910712890625 0.18170703125
9 0.2728173828125 0.3340732421875 0.29186328125 0.260978515625 0.188482421875 0.25878515625 0.1662646484375 0.329955078125 0.2728173828125 0.3340732421875
9 0.467267578125 0.3363603515625 0.4763583984375 0.262421875 0.3612080078125 0.256966796875 0.34726953125 0.3321181640625 0.467267578125 0.3363603515625
9 0.5172021484375 0.051875 0.5249453125 0.0007744140625 0.42196875 0 0.4165498046875 0.049552734375 0.5172021484375 0.051875
9 0.58843359375 0 0.5830146484375 0.049552734375 0.6921845703125 0.053423828125 0.6960556640625 0 0.58843359375 0
9 0.572333984375 0.11272265625 0.563615234375 0.1787373046875 0.68007421875 0.186833984375 0.6869248046875 0.1145908203125 0.572333984375 0.11272265625
9 0.54866796875 0.2553388671875 0.5387041015625 0.3375458984375 0.67135546875 0.3475107421875 0.6738466796875 0.26405859375 0.54866796875 0.2553388671875
9 0.5281162109375 0.43033984375 0.51815234375 0.5243798828125 0.65391796875 0.5330986328125 0.6601455078125 0.440927734375 0.5281162109375 0.43033984375
9 0.234388671875 0.51521875 0.2554326171875 0.41144921875 0.1473515625 0.4049443359375 0.12263671875 0.5079619140625 0.234388671875 0.51521875
9 0.43321875 0.52465234375 0.4520859375 0.4208828125 0.327998046875 0.4143515625 0.3076796875 0.5159443359375 0.43321875 0.52465234375
9 0.19486328125 0.715732421875 0.2133857421875 0.5986669921875 0.10298828125 0.5912578125 0.081501953125 0.7009140625 0.19486328125 0.715732421875
9 0.4075087890625 0.738701171875 0.4208447265625 0.6157080078125 0.287478515625 0.603853515625 0.2704375 0.72610546875 0.4075087890625 0.738701171875
9 0.6402451171875 0.75569921875 0.6478779296875 0.62688671875 0.507533203125 0.6194130859375 0.4949375 0.7468515625 0.6402451171875 0.75569921875
9 0.166306640625 0.935314453125 0.184650390625 0.8088603515625 0.0639521484375 0.7935478515625 0.0470556640625 0.9127529296875 0.166306640625 0.935314453125
9 0.3809580078125 0.9643212890625 0.3909189453125 0.8322802734375 0.259412109375 0.819669921875 0.2449482421875 0.9482060546875 0.3809580078125 0.9643212890625
9 0.6250791015625 0.9870107421875 0.6308896484375 0.851701171875 0.4847890625 0.84091015625 0.4724912109375 0.975279296875 0.6250791015625 0.9870107421875
9 1 0.074888671875 0.9993525390625 0.0251728515625 0.965369140625 0.0232841796875 0.965369140625 0.0704833984375 1 0.074888671875
9 1 0.146630859375 0.9848779296875 0.146630859375 0.9873955078125 0.1963466796875 1 0.1976044921875 1 0.146630859375
2 0.190044921875 0 0.147015625 0.0977119140625 0.0609580078125 0.3245107421875 0.0143427734375 0.48855859375 0 0.5468271484375 0 0.9922587890625 0.043029296875 1 0.650638671875 1 1 1 0.999625 0.894005859375 1 0 0.190044921875 0
2 0.0008134765625 0.4019736328125 0.066724609375 0.2156337890625 0.06021484375 0.203427734375 0.079744140625 0.1554189453125 0.04475390625 0.090322265625 0.0008134765625 0.0829990234375 0.0008134765625 0.4019736328125
8 0.2206767578125 0 0.0011435546875 0.0011435546875 0 0.145212890625 0.0091474609375 0.150357421875 0.0343017578125 0.156646484375 0.04344921875 0.1772275390625 0.0480234375 0.1852314453125 0.055455078125 0.1909482421875 0.061744140625 0.1898056640625 0.0720341796875 0.17208203125 0.074892578125 0.132634765625 0.085755859375 0.138923828125 0.09147265625 0.1377802734375 0.0926162109375 0.129205078125 0.08518359375 0.1160556640625 0.069748046875 0.097189453125 0.089185546875 0.105193359375 0.1023349609375 0.1057646484375 0.11091015625 0.1023349609375 0.1120537109375 0.0897568359375 0.1091953125 0.07546484375 0.106908203125 0.0600283203125 0.112625 0.0485947265625 0.121201171875 0.0485947265625 0.1320634765625 0.0577421875 0.1394951171875 0.0623154296875 0.1474990234375 0.06574609375 0.15264453125 0.06574609375 0.156646484375 0.0640302734375 0.154931640625 0.0543115234375 0.1520732421875 0.041734375 0.153216796875 0.0291572265625 0.1612197265625 0.021724609375 0.1812294921875 0.020009765625 0.1995244140625 0.029728515625 0.2058125 0.039447265625 0.2172470703125 0.0485947265625 0.230396484375 0.0588857421875 0.228109375 0.0726064453125 0.23954296875 0.089185546875 0.232111328125 0.1063369140625 0.22982421875 0.1160556640625 0.2372568359375 0.119486328125 0.243544921875 0.1183427734375 0.248119140625 0.112625 0.249833984375 0.1023349609375 0.2526923828125 0.0937587890625 0.2589814453125 0.0920439453125 0.2646982421875 0.085755859375 0.2629833984375 0.0686044921875 0.25555078125 0.04344921875 0.2532646484375 0.02744140625 0.2532646484375 0 0.2206767578125 0
8 0.5267578125 0 0.5248251953125 0.014498046875 0.5325576171875 0.02223046875 0.5451220703125 0.028029296875 0.5576875 0.041560546875 0.5944150390625 0.0579921875 0.6118125 0.0599248046875 0.6901015625 0.0463935546875 0.720064453125 0.0608916015625 0.7297294921875 0.0744228515625 0.720064453125 0.0821552734375 0.69880078125 0.0869873046875 0.6920341796875 0.0889208984375 0.697833984375 0.1005185546875 0.7103984375 0.1082509765625 0.7239296875 0.1092177734375 0.73939453125 0.104384765625 0.76645703125 0.104384765625 0.7935205078125 0.10728515625 0.77515625 0.1159833984375 0.7645244140625 0.12081640625 0.7558251953125 0.135314453125 0.7625908203125 0.14787890625 0.7838544921875 0.156578125 0.8060849609375 0.1507783203125 0.8215498046875 0.1440126953125 0.838947265625 0.1459462890625 0.8428134765625 0.1575439453125 0.8341142578125 0.17494140625 0.8341142578125 0.183640625 0.8408798828125 0.18847265625 0.8553779296875 0.1855732421875 0.8640771484375 0.182673828125 0.8563447265625 0.191373046875 0.86504296875 0.204904296875 0.8737421875 0.20587109375 0.8911396484375 0.211669921875 0.895005859375 0.224234375 0.8988720703125 0.254197265625 0.901771484375 0.276427734375 0.8969384765625 0.283193359375 0.8872734375 0.283193359375 0.8766416015625 0.288025390625 0.8737421875 0.294791015625 0.874708984375 0.303490234375 0.8843740234375 0.3141220703125 0.895005859375 0.3141220703125 0.895005859375 0.3334521484375 0.9066044921875 0.3498837890625 0.91626953125 0.34505078125 0.9201357421875 0.32475390625 0.9336669921875 0.3334521484375 0.94333203125 0.332486328125 0.944298828125 0.32475390625 0.9346337890625 0.308322265625 0.92980078125 0.2938251953125 0.935599609375 0.2754609375 0.9481650390625 0.2638623046875 0.9529970703125 0.254197265625 0.964595703125 0.2551640625 0.986826171875 0.260962890625 0.998423828125 0.2628955078125 1 0 0.5267578125 0
6 0.041228515625 1 0 0.992580078125 0 1 0.041228515625 1