1 0.373681640625 0.6856181640625 0.3322509765625 0.6877841796875 0.3043134765625 0.699169921875 0.278501953125 0.7152470703125 0.24308984375 0.7249775390625 0.2434482421875 0.750423828125 0.28004296875 0.7470556640625 0.31857421875 0.74066796875 0.3207666015625 0.7223515625 0.332890625 0.6953544921875 0.3301826171875 0.726283203125 0.3411015625 0.74238671875 0.385369140625 0.73541796875 0.3861474609375 0.6889755859375 0.373681640625 0.6856181640625
5 0.1921962890625 0.6281806640625 0.189892578125 0.68490234375 0.2131884765625 0.6967099609375 0.144896484375 0.70869140625 0.14543359375 0.73053515625 0.2050224609375 0.73132421875 0.2442607421875 0.7204462890625 0.2824873046875 0.7103466796875 0.319671875 0.6865107421875 0.3473515625 0.6813046875 0.3853984375 0.6791953125 0.387138671875 0.6460126953125 0.435744140625 0.6415029296875 0.501078125 0.642212890625 0.524802734375 0.653970703125 0.5248291015625 0.69371484375 0.5692412109375 0.69623828125 0.58416796875 0.7054169921875 0.5870703125 0.743 0.6362919921875 0.7281787109375 0.7550634765625 0.713580078125 0.9060341796875 0.703078125 0.944794921875 0.6950234375 0.9446982421875 0.6627333984375 0.896013671875 0.6678564453125 0.8889892578125 0.612373046875 0.8921083984375 0.600259765625 0.9663447265625 0.5999228515625 0.9660869140625 0.5747080078125 0.6112431640625 0.554310546875 0.618248046875 0.54351171875 0.6717216796875 0.5382275390625 0.666251953125 0.4020693359375 0.599306640625 0.4098271484375 0.607150390625 0.540490234375 0.6053076171875 0.5536943359375 0.4938037109375 0.5480341796875 0.4290888671875 0.55336328125 0.146484375 0.5926982421875 0.1499443359375 0.62952734375 0.1921962890625 0.6281806640625
6 1 0.7616748046875 0.9176396484375 0.7576396484375 0.9100341796875 0.7297578125 0.9242099609375 0.7053466796875 0.7849912109375 0.7238359375 0.6246123046875 0.73666796875 0.535421875 0.763103515625 0.43419140625 0.764435546875 0.310490234375 0.75701171875 0.310052734375 0.74934765625 0.2384482421875 0.7502216796875 0.23823046875 0.7350185546875 0.2205771484375 0.7280673828125 0.1217294921875 0.7418583984375 0.1012861328125 0.728205078125 0 0.7191904296875 0 1 1 1 1 0.7616748046875
8 1 0.4528544921875 0.987927734375 0.4593251953125 0.9863310546875 0.44157421875 1 0.429021484375 0.9865888671875 0.43236328125 0.991146484375 0.41828125 0.982052734375 0.4067314453125 0.98057421875 0.449908203125 0.9643232421875 0.4302158203125 0.9595546875 0.4393916015625 0.983904296875 0.464193359375 0.9897001953125 0.491896484375 0.979033203125 0.4828173828125 0.96665625 0.466501953125 0.9523681640625 0.4651201171875 0.985248046875 0.50252734375 0.944146484375 0.484181640625 0.99413671875 0.514884765625 0.972 0.5243271484375 0.9724482421875 0.5608310546875 0.97606640625 0.570875 0.9683349609375 0.58988671875 0.992302734375 0.6012578125 1 0.6963642578125 0.994505859375 0.5920380859375 0.995609375 0.57523828125 0.9956943359375 0.555537109375 0.9966220703125 0.54351171875 0.99457421875 0.524283203125 1 0.51555078125 1 0.5019697265625 0.999955078125 0.4907841796875 0.987759765625 0.480875 0.985884765625 0.4651201171875 1 0.4668369140625 1 0.4528544921875
0 1 0.3603388671875 0.8158056640625 0.32001171875 0.821125 0.3581767578125 0.834978515625 0.353734375 1 0.3938349609375 1 0.3603388671875
0 1 0.4580390625 0.8248193359375 0.4349462890625 0.8314482421875 0.4725732421875 1 0.4906171875 1 0.4580390625
0 1 0.264537109375 0.804537109375 0.2118388671875 0.8103095703125 0.25159375 0.8275869140625 0.245103515625 1 0.2991015625 1 0.264537109375
0 0.363296875 0.1891416015625 0.3276474609375 0.184349609375 0.2506669921875 0.228306640625 0.2516201171875 0.2621044921875 0.327283203125 0.22084765625 0.36756640625 0.22876171875 0.363296875 0.1891416015625
0 0.3340205078125 0.3346923828125 0.362666015625 0.3405263671875 0.3634111328125 0.311109375 0.32116796875 0.304814453125 0.250150390625 0.3312802734375 0.2509775390625 0.36839453125 0.3340205078125 0.3346923828125
0 0.32283203125 0.4621796875 0.3660322265625 0.464626953125 0.365298828125 0.4253447265625 0.312033203125 0.4245556640625 0.2480224609375 0.450140625 0.2464970703125 0.48721875 0.32283203125 0.4621796875
0 0.375025390625 0.561330078125 0.372220703125 0.5481953125 0.3329111328125 0.5478876953125 0.2509013671875 0.558142578125 0.25185546875 0.5763447265625 0.375025390625 0.561330078125
9 0.2276904296875 0.2412998046875 0.22755859375 0.2071025390625 0.1908056640625 0.2253603515625 0.188181640625 0.2658232421875 0.2276904296875 0.2412998046875
9 0.2259912109375 0.346521484375 0.2251201171875 0.30709765625 0.1952216796875 0.321185546875 0.187048828125 0.3215146484375 0.1872197265625 0.3621845703125 0.2259912109375 0.346521484375
9 0.2215458984375 0.4579013671875 0.22090625 0.415296875 0.1862978515625 0.4266826171875 0.1849482421875 0.4709658203125 0.2215458984375 0.4579013671875
9 0.224130859375 0.5703349609375 0.2246884765625 0.52381640625 0.1862978515625 0.5326025390625 0.1855146484375 0.57726953125 0.224130859375 0.5703349609375
9 0.3475986328125 0.5462529296875 0.3450654296875 0.510955078125 0.3053720703125 0.51862890625 0.3053837890625 0.551921875 0.3475986328125 0.5462529296875
9 0.4480947265625 0.147423828125 0.444265625 0.1079560546875 0.403544921875 0.126076171875 0.4023798828125 0.168060546875 0.4480947265625 0.147423828125
9 0.452787109375 0.274349609375 0.449609375 0.222517578125 0.4109072265625 0.238130859375 0.4101181640625 0.2899609375 0.452787109375 0.274349609375
9 0.455345703125 0.4075830078125 0.4523994140625 0.3473427734375 0.41015625 0.3643330078125 0.4104970703125 0.4195986328125 0.455345703125 0.4075830078125
9 0.4587822265625 0.544859375 0.4542861328125 0.4867705078125 0.4154150390625 0.4987978515625 0.4199599609375 0.551373046875 0.4587822265625 0.544859375
9 0.717498046875 0.1868994140625 0.7112236328125 0.1453046875 0.682091796875 0.135216796875 0.6879951171875 0.178806640625 0.717498046875 0.1868994140625
9 0.771857421875 0.2044267578125 0.7653427734375 0.16443359375 0.740685546875 0.1554990234375 0.74629296875 0.19493359375 0.771857421875 0.2044267578125
9 0.7273017578125 0.301671875 0.7196044921875 0.255892578125 0.6926083984375 0.2471455078125 0.6964375 0.2910029296875 0.7273017578125 0.301671875
9 0.783802734375 0.314556640625 0.7787763671875 0.2717763671875 0.751953125 0.265173828125 0.7545439453125 0.305712890625 0.783802734375 0.314556640625
9 0.7369697265625 0.4184345703125 0.729005859375 0.3720126953125 0.7001201171875 0.3658349609375 0.7039169921875 0.4143671875 0.7369697265625 0.4184345703125
9 0.7948447265625 0.429916015625 0.7902470703125 0.3848271484375 0.763220703125 0.379357421875 0.7650576171875 0.4243408203125 0.7948447265625 0.429916015625
9 0.73891015625 0.5440546875 0.7352333984375 0.49722265625 0.709134765625 0.489783203125 0.7104814453125 0.5409150390625 0.73891015625 0.5440546875
9 0.7943046875 0.546751953125 0.793205078125 0.501814453125 0.766537109375 0.4968583984375 0.767998046875 0.5467900390625 0.7943046875 0.546751953125
7 0.5100458984375 0.7642978515625 0.5097021484375 0.6316669921875 0.51440625 0.6263818359375 0.5323466796875 0.62026953125 0.53119921875 0.6124697265625 0.51166796875 0.608705078125 0.5158203125 0.5741767578125 0.5469189453125 0.5779091796875 0.54660546875 0.55949609375 0.50789453125 0.5609716796875 0.509232421875 0.595626953125 0.454486328125 0.6041748046875 0.4540693359375 0.6097119140625 0.4883369140625 0.6163115234375 0.488783203125 0.62534375 0.5058671875 0.62308984375 0.5048076171875 0.763220703125 0.5100458984375 0.7642978515625
7 0.118208984375 0.2698515625 0.138787109375 0.2805390625 0.1624912109375 0.2715478515625 0.1586474609375 0.2470751953125 0.143767578125 0.2335390625 0.115791015625 0.239533203125 0.118208984375 0.2698515625
4 0.3836708984375 0.7536962890625 0.4703291015625 0.7550576171875 0.5221767578125 0.744109375 0.5225927734375 0.656802734375 0.5146025390625 0.6437333984375 0.3891025390625 0.6488447265625 0.387869140625 0.6856298828125 0.3836708984375 0.7536962890625
4 0.000466796875 0.6336767578125 0.1295234375 0.6365556640625 0.133326171875 0.69543359375 0.206759765625 0.7080341796875 0.2069970703125 0.68305078125 0.187923828125 0.6832294921875 0.1881083984375 0.632423828125 0.147244140625 0.632072265625 0.1423759765625 0.609486328125 0.0001787109375 0.623498046875 0.000466796875 0.6336767578125
2 0.165046875 0.5901103515625 0.2499951171875 0.5767705078125 0.2482783203125 0.5656083984375 0.2264873046875 0.5710751953125 0.1853564453125 0.577328125 0.1818818359375 0.5250283203125 0.2276142578125 0.5195791015625 0.2267666015625 0.462412109375 0.179904296875 0.4759130859375 0.180291015625 0.42601953125 0.22390234375 0.40971875 0.2251669921875 0.3499013671875 0.1843203125 0.368326171875 0.1838095703125 0.3192021484375 0.2257451171875 0.3021123046875 0.228423828125 0.24326953125 0.188287109375 0.26791796875 0.18724609375 0.2250205078125 0.2264990234375 0.2017421875 0.2255283203125 0.1610302734375 0.1592548828125 0.213341796875 0.1688828125 0.2225849609375 0.165046875 0.5901103515625
2 0.2280546875 0.348625 0.226 0.432466796875 0.226583984375 0.4605341796875 0.225947265625 0.5275400390625 0.2267724609375 0.567994140625 0.24857421875 0.5671455078125 0.248193359375 0.5566318359375 0.3038232421875 0.5497861328125 0.3005712890625 0.5137607421875 0.3477861328125 0.5040009765625 0.35087890625 0.5450908203125 0.3727431640625 0.5460830078125 0.3674814453125 0.47398828125 0.334619140625 0.470490234375 0.2732822265625 0.483912109375 0.2481435546875 0.4904111328125 0.24355078125 0.449224609375 0.247732421875 0.4382001953125 0.3017392578125 0.425189453125 0.3007802734375 0.4001591796875 0.3426123046875 0.383482421875 0.3455234375 0.4212216796875 0.3687109375 0.419728515625 0.3646787109375 0.3488486328125 0.333935546875 0.3450771484375 0.271908203125 0.3694853515625 0.2510830078125 0.3767158203125 0.2432431640625 0.3292783203125 0.29747265625 0.309958984375 0.299001953125 0.2921416015625 0.34741015625 0.26750390625 0.350224609375 0.301833984375 0.36629296875 0.305052734375 0.3600751953125 0.2324970703125 0.33076953125 0.229923828125 0.2498564453125 0.26907421875 0.245904296875 0.22498828125 0.3002255859375 0.198091796875 0.2989873046875 0.1865654296875 0.3412509765625 0.161763671875 0.3455 0.18141796875 0.364890625 0.1863681640625 0.3683857421875 0.087166015625 0.2649248046875 0.156564453125 0.239421875 0.152681640625 0.228365234375 0.160005859375 0.2311357421875 0.24304296875 0.2280546875 0.348625
9 0.32308984375 0.42002734375 0.3441884765625 0.4196640625 0.346568359375 0.3850087890625 0.306490234375 0.4033955078125 0.305099609375 0.42698828125 0.32308984375 0.42002734375
9 0.32944921875 0.2983037109375 0.3455966796875 0.2977109375 0.3451328125 0.2728359375 0.304236328125 0.291466796875 0.30337109375 0.308306640625 0.32944921875 0.2983037109375
2 0.368763671875 0.2257802734375 0.3615419921875 0.23337109375 0.3689638671875 0.3105986328125 0.3696943359375 0.35229296875 0.3704013671875 0.4268642578125 0.36966796875 0.4722392578125 0.3765341796875 0.5566669921875 0.4157900390625 0.553791015625 0.4105498046875 0.489490234375 0.46008203125 0.47898828125 0.4622822265625 0.546634765625 0.5092353515625 0.5457392578125 0.6067919921875 0.549322265625 0.59932421875 0.4100244140625 0.6708203125 0.3956015625 0.677390625 0.541232421875 0.6242080078125 0.546646484375 0.62369140625 0.553814453125 0.7067666015625 0.55674609375 0.7046806640625 0.4892177734375 0.6964990234375 0.3578037109375 0.5011484375 0.3509404296875 0.4558388671875 0.3481171875 0.4570244140625 0.411546875 0.411984375 0.4215859375 0.4077119140625 0.359705078125 0.4544189453125 0.3445673828125 0.4557275390625 0.272234375 0.40870703125 0.2933623046875 0.406162109375 0.23181640625 0.4519296875 0.218197265625 0.451029296875 0.14929296875 0.4034013671875 0.174169921875 0.4020546875 0.12275390625 0.4443681640625 0.1014326171875 0.4459619140625 0.0371845703125 0.3718447265625 0.0826318359375 0.3663193359375 0.1885048828125 0.368763671875 0.2257802734375
2 0.741861328125 0.151751953125 0.767974609375 0.161326171875 0.7764755859375 0.2073935546875 0.7408466796875 0.1951689453125 0.741345703125 0.15237109375 0.7370673828125 0.1035634765625 0.6795615234375 0.083703125 0.6840107421875 0.1311640625 0.716494140625 0.14418359375 0.7227998046875 0.1925185546875 0.6882626953125 0.1809365234375 0.6961533203125 0.24366796875 0.7239619140625 0.249951171875 0.7304736328125 0.299638671875 0.7541103515625 0.3084765625 0.7519267578125 0.2605029296875 0.78089453125 0.2635048828125 0.7849619140625 0.31678125 0.8143701171875 0.322697265625 0.799490234375 0.129259765625 0.7821005859375 0.118138671875 0.73886328125 0.1047958984375 0.741861328125 0.151751953125
2 0.456029296875 0.3475859375 0.701009765625 0.3542177734375 0.704912109375 0.36636328125 0.73520703125 0.3686171875 0.739361328125 0.4216298828125 0.700935546875 0.4166416015625 0.7048857421875 0.48276171875 0.742099609375 0.4918525390625 0.742947265625 0.5473740234375 0.7112265625 0.5450087890625 0.71313671875 0.5598125 0.8315947265625 0.5621337890625 0.829552734375 0.54510546875 0.7680244140625 0.5476552734375 0.767396484375 0.494041015625 0.79809375 0.49354296875 0.802439453125 0.544369140625 0.8309462890625 0.5447509765625 0.8228779296875 0.4314501953125 0.825650390625 0.4314716796875 0.8140478515625 0.3237236328125 0.6950087890625 0.2939287109375 0.678505859375 0.0819423828125 0.4833955078125 0.017365234375 0.4484677734375 0.0338037109375 0.4535615234375 0.222998046875 0.4566103515625 0.2687978515625 0.456029296875 0.3475859375