9 0.240830078125 0.14250390625 0.2456943359375 0.0835615234375 0.130556640625 0.125150390625 0.1278828125 0.1830615234375 0.240830078125 0.14250390625
9 0.2265859375 0.2929365234375 0.232357421875 0.2315126953125 0.11625 0.265171875 0.109064453125 0.324435546875 0.2265859375 0.2929365234375
9 0.2150361328125 0.4677978515625 0.219017578125 0.393599609375 0.0980869140625 0.417501953125 0.089626953125 0.487716796875 0.2150361328125 0.4677978515625
9 0.1956611328125 0.653384765625 0.2032265625 0.572482421875 0.082296875 0.579509765625 0.0779326171875 0.6548037109375 0.1956611328125 0.653384765625
9 0.74423046875 0.2177060546875 0.739498046875 0.14194140625 0.629796875 0.1638955078125 0.634529296875 0.240951171875 0.74423046875 0.2177060546875
9 0.7539541015625 0.418619140625 0.7517578125 0.3263173828125 0.6345009765625 0.3433955078125 0.63711328125 0.4340029296875 0.7539541015625 0.418619140625
9 0.7590390625 0.6364560546875 0.7582666015625 0.5349169921875 0.634052734375 0.5476923828125 0.6363427734375 0.644177734375 0.7590390625 0.6364560546875
9 0.939009765625 0.204126953125 0.9349931640625 0.1635732421875 0.920947265625 0.1539482421875 0.9233095703125 0.184763671875 0.939009765625 0.204126953125
9 0.9620771484375 0.2551005859375 0.9570185546875 0.21629296875 0.948306640625 0.1997021484375 0.948306640625 0.2266982421875 0.9620771484375 0.2551005859375
9 0.9556357421875 0.3536474609375 0.9457978515625 0.3005595703125 0.9391220703125 0.28860546875 0.9415810546875 0.333255859375 0.9556357421875 0.3536474609375
9 0.9770673828125 0.3895087890625 0.9777705078125 0.380015625 0.970041015625 0.3409912109375 0.9626904296875 0.3265205078125 0.963716796875 0.37228125 0.9770673828125 0.3895087890625
9 0.970330078125 0.512033203125 0.9625517578125 0.4425576171875 0.9513154296875 0.4385224609375 0.954484375 0.499060546875 0.970330078125 0.512033203125
9 0.987904296875 0.5333662109375 0.9815654296875 0.4725390625 0.9729228515625 0.4699443359375 0.9758037109375 0.525005859375 0.987904296875 0.5333662109375
9 0.9703671875 0.641484375 0.9697724609375 0.6027880859375 0.959013671875 0.5948544921875 0.9599560546875 0.63433984375 0.9703671875 0.641484375
9 0.988810546875 0.65190234375 0.9894052734375 0.6206474609375 0.980779296875 0.614396484375 0.9786962890625 0.6504140625 0.988810546875 0.65190234375
9 0.4840341796875 0.126216796875 0.4787626953125 0.051302734375 0.3653671875 0.082541015625 0.371734375 0.1510126953125 0.4840341796875 0.126216796875
9 0.4850888671875 0.2248720703125 0.47981640625 0.198494140625 0.3548193359375 0.230216796875 0.35328125 0.2602197265625 0.4850888671875 0.2248720703125
9 0.4766953125 0.41275390625 0.4748876953125 0.3759697265625 0.3495390625 0.3976787109375 0.3471279296875 0.43868359375 0.4766953125 0.41275390625
9 0.4664501953125 0.6181513671875 0.4676552734375 0.5681005859375 0.3369921875 0.5758701171875 0.33869140625 0.6277998046875 0.4664501953125 0.6181513671875
0 0.4932548828125 0.12529296875 0.534255859375 0.1563408203125 0.537025390625 0.0787216796875 0.50101171875 0.0476748046875 0.2982236328125 0.11032421875 0.286966796875 0.11376171875 0.2827099609375 0.1846162109375 0.4932548828125 0.12529296875
0 0.2727373046875 0.347060546875 0.490484375 0.299380859375 0.537580078125 0.3237744140625 0.537025390625 0.2433837890625 0.4999033203125 0.2200986328125 0.27657421875 0.2682607421875 0.2727373046875 0.347060546875
0 0.258298828125 0.5286689453125 0.4942421875 0.5011064453125 0.5342587890625 0.517748046875 0.537896484375 0.4296494140625 0.4983994140625 0.4093681640625 0.2659189453125 0.4472275390625 0.258298828125 0.5286689453125
0 0.2484052734375 0.6691943359375 0.49216796875 0.658353515625 0.5309892578125 0.658353515625 0.53234375 0.63034765625 0.49623046875 0.6190556640625 0.254685546875 0.632875 0.2484052734375 0.6691943359375
2 0.3906826171875 0 0.32125 0.0272099609375 0.2960107421875 0.0058408203125 0.0824501953125 0.091966796875 0.0786416015625 0.1005361328125 0.091982421875 0.1170888671875 0.0695703125 0.1224287109375 0.0685029296875 0.1309716796875 0.0855791015625 0.143787109375 0.0242109375 0.66987109375 0.2212294921875 0.6728271484375 0.5333095703125 0.6598154296875 0.8777451171875 0.634333984375 0.9466259765625 0.6328837890625 1 0.664806640625 1 0.1977646484375 0.90838671875 0 0.3906826171875 0
5 0 0.9168642578125 0.122744140625 0.90248828125 0.147271484375 0.9053759765625 0.3419052734375 0.90794921875 0.339876953125 0.918603515625 0.3246669921875 0.922662109375 0.3241591796875 0.93280859375 0.354140625 0.9374306640625 0.5257626953125 0.927375 0.655142578125 0.9249921875 0.6559365234375 0.795529296875 0.7170546875 0.78917578125 0.7178486328125 0.7597880859375 0.7218173828125 0.733578125 0.7726162109375 0.724841796875 0.8623095703125 0.733578125 0.859927734375 0.7764677734375 0.9012021484375 0.79155859375 0.899615234375 0.86939453125 0.9210458984375 0.88369140625 0.920251953125 0.9170498046875 0.932158203125 0.9170498046875 0.9385087890625 0.904341796875 0.9980390625 0.9003701171875 1 0.6688701171875 0.9453359375 0.6354208984375 0.878876953125 0.6384609375 0.555 0.661646484375 0.2331103515625 0.6785546875 0 0.67263671875 0 0.9168642578125
7 1 0.73728125 0.9912939453125 0.7366484375 0.9922421875 0.6658369140625 0.9848671875 0.6613056640625 0.9859560546875 0.7117861328125 0.873001953125 0.7158388671875 0.87615234375 0.7392548828125 0.981005859375 0.7320498046875 0.9832568359375 0.73700390625 0.9715556640625 0.737904296875 0.9715556640625 0.7577177734375 0.984337890625 0.75791015625 0.9814921875 0.8575693359375 0.97110546875 0.9862060546875 0.97740625 0.9884580078125 0.9862353515625 0.8610498046875 0.9913564453125 0.7579013671875 1 0.754998046875 1 0.73728125
6 1 0.90178515625 0.98496875 0.90415625 0.97955078125 0.9892060546875 0.9687138671875 0.98615625 0.9748095703125 0.904833984375 0.94026953125 0.9068671875 0.9328203125 0.9197431640625 0.91758203125 0.9190654296875 0.9165654296875 0.9482060546875 0.8769462890625 0.9675205078125 0.8454541015625 0.980396484375 0.7869765625 0.9812802734375 0.6664609375 0.9735654296875 0.6396796875 0.983716796875 0.5536552734375 0.9804677734375 0.5585244140625 0.9451435546875 0.5569013671875 0.9333681640625 0.35672265625 0.9408076171875 0.32115234375 0.937470703125 0.3205966796875 0.9235673828125 0.3383818359375 0.91578125 0.3283779296875 0.911888671875 0.17555859375 0.9087177734375 0.136208984375 0.9066982421875 0.1205693359375 0.906193359375 0.0002041015625 0.918984375 0 1 1 1 1 0.90178515625