2 0 0.708533203125 0.4128349609375 0.7128193359375 0.821384765625 0.704248046875 0.99933984375 0.695193359375 1 0.1355400390625 0.670494140625 0.1160029296875 0.482447265625 0.113560546875 0.207583984375 0.1147822265625 0 0.1282138671875 0 0.708533203125
9 0.1394697265625 0.3853779296875 0.15231640625 0.1624091796875 0.000458984375 0.1715849609375 0 0.3895068359375 0.1394697265625 0.3853779296875
9 0.4261982421875 0.379234375 0.4250244140625 0.1538076171875 0.2471484375 0.1590908203125 0.2383427734375 0.382169921875 0.4261982421875 0.379234375
9 0.7078525390625 0.3806279296875 0.68743359375 0.158638671875 0.5225126953125 0.1554970703125 0.5345546875 0.378533203125 0.7078525390625 0.3806279296875
9 0.9609326171875 0.3848310546875 0.926572265625 0.1723720703125 0.789705078125 0.16263671875 0.8160478515625 0.3825400390625 0.9609326171875 0.3848310546875
9 0.84271484375 0.690193359375 0.985279296875 0.68159375 0.9644599609375 0.43629296875 0.8264208984375 0.437650390625 0.84271484375 0.690193359375
9 0.7255166015625 0.6945615234375 0.7134248046875 0.4357939453125 0.5484912109375 0.434826171875 0.5562294921875 0.6974638671875 0.7255166015625 0.6945615234375
9 0.4297890625 0.70198828125 0.429166015625 0.430412109375 0.23544921875 0.4310341796875 0.2323349609375 0.703857421875 0.4297890625 0.70198828125
9 0 0.69931640625 0.123798828125 0.7000537109375 0.1326416015625 0.4310849609375 0 0.4310849609375 0 0.69931640625
0 0 0 0 0.1265 0.22361328125 0.11046484375 0.6558505859375 0.10957421875 1 0.1305732421875 1 0 0.818904296875 0 0.4449169921875 0 0.2031142578125 0 0 0
0 0 0.3885244140625 0.137259765625 0.3856884765625 0.142931640625 0.2779228515625 0 0.284162109375 0 0.3885244140625
0 0.245673828125 0.38091796875 0.4231044921875 0.379056640625 0.4212431640625 0.272349609375 0.2512568359375 0.276072265625 0.245673828125 0.38091796875
0 0.5361630859375 0.3766591796875 0.705916015625 0.3792216796875 0.6950263671875 0.2748076171875 0.5297568359375 0.2741669921875 0.5361630859375 0.3766591796875
0 0.8185126953125 0.3822265625 0.95779296875 0.3847705078125 0.9444375 0.282376953125 0.803884765625 0.27792578125 0.8185126953125 0.3822265625
0 0.8433134765625 0.6865634765625 0.982037109375 0.6802939453125 0.9726318359375 0.57213671875 0.836259765625 0.575271484375 0.8433134765625 0.6865634765625
0 0.5574794921875 0.6936640625 0.723130859375 0.689681640625 0.7199453125 0.575796875 0.552701171875 0.5773896484375 0.5574794921875 0.6936640625
0 0.228900390625 0.7015634765625 0.425099609375 0.6985908203125 0.4260908203125 0.5777001953125 0.23286328125 0.5777001953125 0.228900390625 0.7015634765625
0 0 0.7002373046875 0.1228681640625 0.7002373046875 0.1283046875 0.577369140625 0.0010869140625 0.5795439453125 0 0.7002373046875
3 1 0.695443359375 0.735056640625 0.7072783203125 0.4813515625 0.7134775390625 0.202884765625 0.714041015625 0 0.7095322265625 0 0.976373046875 0.2912373046875 0.9880224609375 0.5773779296875 1 1 1 1 0.695443359375
6 0.570001953125 1 0.5690927734375 0.9986640625 0.4421630859375 0.99548046875 0.2496845703125 0.98683984375 0 0.9772900390625 0 1 0.570001953125 1