9 0.585056640625 0.6262373046875 0.5790146484375 0.4983662109375 0.373470703125 0.43240234375 0.3671357421875 0.5673154296875 0.585056640625 0.6262373046875
9 0.3008349609375 0.568244140625 0.3024521484375 0.4819833984375 0.2350615234375 0.556921875 0.2253564453125 0.64911328125 0.3008349609375 0.568244140625
9 0.14925390625 0.5732197265625 0.15617578125 0.479341796875 0.1092421875 0.55853125 0.099501953125 0.63941015625 0.14925390625 0.5732197265625
9 0.5798671875 0.7606923828125 0.367880859375 0.71896875 0.357787109375 0.881828125 0.5805400390625 0.916822265625 0.5798671875 0.7606923828125
9 0.2886708984375 0.873533203125 0.285091796875 0.765080078125 0.2024658203125 0.813015625 0.208142578125 0.9252861328125 0.2886708984375 0.873533203125
9 0.1099365234375 0.87898046875 0.066673828125 0.9186787109375 0.0549677734375 1 0.085505859375 0.999095703125 0.1012841796875 0.9919697265625 0.1099365234375 0.87898046875
9 0.12404296875 0.7749716796875 0.132623046875 0.6714375 0.0874208984375 0.72830859375 0.08033203125 0.8192734375 0.12404296875 0.7749716796875
9 0.31447265625 0.326544921875 0.317490234375 0.269203125 0.2589423828125 0.3531025390625 0.2486806640625 0.419498046875 0.31447265625 0.326544921875
9 0.5676982421875 0.3845888671875 0.5611796875 0.30044140625 0.3828115234375 0.2322939453125 0.379935546875 0.31722265625 0.5676982421875 0.3845888671875
9 0.82849609375 0.451962890625 0.8563193359375 0.4488720703125 0.895888671875 0.460619140625 0.91691015625 0.47051171875 0.9261845703125 0.472984375 0.9208310546875 0.44841796875 0.8036123046875 0.4020029296875 0.8134462890625 0.4625791015625 0.82849609375 0.451962890625
9 0.871103515625 0.6776435546875 0.905650390625 0.675517578125 0.958267578125 0.6914619140625 0.953064453125 0.6361904296875 0.8391376953125 0.5993837890625 0.8503759765625 0.6824267578125 0.871103515625 0.6776435546875
9 0.89808984375 0.94363671875 0.9342939453125 0.9397431640625 0.988404296875 0.942857421875 0.98217578125 0.8692822265625 0.8677255859375 0.8517646484375 0.8743427734375 0.9494755859375 0.89808984375 0.94363671875
0 0.84881640625 0.9658134765625 0.8601513671875 0.9626865234375 0.90762109375 0.9512939453125 0.9600283203125 0.9486357421875 1 0.951673828125 0.9993115234375 0.9191376953125 0.9301455078125 0.9120625 0.8905888671875 0.91808984375 0.846921875 0.931708984375 0.84881640625 0.9658134765625
0 1 0.68236328125 0.988111328125 0.675677734375 0.9185830078125 0.6538388671875 0.8757958984375 0.6511640625 0.843259765625 0.6609697265625 0.820109375 0.6724443359375 0.825107421875 0.70879296875 0.8423681640625 0.698853515625 0.8664365234375 0.6859287109375 0.89540625 0.6837001953125 0.92259375 0.689048828125 0.960478515625 0.70108203125 1 0.7131162109375 1 0.68236328125
0 0.809126953125 0.473353515625 0.8368056640625 0.4606865234375 0.8654228515625 0.459748046875 0.8841884765625 0.4681923828125 0.92641015625 0.488833984375 0.9994072265625 0.5212041015625 0.9994072265625 0.493525390625 0.943298828125 0.4658466796875 0.87808984375 0.4334765625 0.847595703125 0.4273779296875 0.8156953125 0.435353515625 0.78648046875 0.4522119140625 0.79130078125 0.48555078125 0.809126953125 0.473353515625
8 0.4731728515625 1 0.49875 0.96959765625 0.524326171875 0.9405322265625 0.50805078125 0.912630859375 0.5650166015625 0.8370625 0.5964130859375 0.7721767578125 0.606287109375 0.760328125 0.6210986328125 0.7316923828125 0.6240615234375 0.7178681640625 0.616162109375 0.6951572265625 0.6033251953125 0.69120703125 0.5845634765625 0.707005859375 0.565802734375 0.744529296875 0.5480283203125 0.7356416015625 0.5604873046875 0.7035029296875 0.5662744140625 0.67622265625 0.5671005859375 0.654728515625 0.5530478515625 0.6472890625 0.5315537109375 0.70267578125 0.5414736328125 0.666302734375 0.5406474609375 0.6423291015625 0.5340341796875 0.63571484375 0.523287109375 0.6365419921875 0.5175 0.6472890625 0.50675390625 0.672916015625 0.4860869140625 0.705982421875 0.4745126953125 0.695236328125 0.4579794921875 0.7035029296875 0.469552734375 0.67622265625 0.4778193359375 0.6464619140625 0.4802998046875 0.6274482421875 0.4745126953125 0.6167021484375 0.4596328125 0.6233154296875 0.44640625 0.670435546875 0.447232421875 0.6423291015625 0.440619140625 0.62496875 0.4232587890625 0.63158203125 0.424912109375 0.6621689453125 0.414166015625 0.7125966796875 0.4166455078125 0.6720888671875 0.4133388671875 0.6390224609375 0.4042451171875 0.6291015625 0.3901923828125 0.650595703125 0.391845703125 0.6274482421875 0.3852314453125 0.60678125 0.369525390625 0.6084345703125 0.3612578125 0.628275390625 0.3598125 0.68319921875 0.354482421875 0.7071875 0.3376015625 0.75605078125 0.33937890625 0.726732421875 0.332271484375 0.6938603515625 0.311837890625 0.6867529296875 0.303841796875 0.690306640625 0.3002880859375 0.706298828125 0.2798544921875 0.7018564453125 0.2643369140625 0.7314091796875 0.2643369140625 0.7239560546875 0.2568837890625 0.688677734375 0.24893359375 0.6752626953125 0.2444619140625 0.668802734375 0.237505859375 0.6653251953125 0.2285615234375 0.668802734375 0.217630859375 0.673771484375 0.2131591796875 0.68221875 0.2032216796875 0.6951376953125 0.1987490234375 0.709546875 0.1858310546875 0.7080556640625 0.1823525390625 0.6976220703125 0.1922900390625 0.683212890625 0.20421484375 0.6668154296875 0.21335546875 0.6497392578125 0.2230283203125 0.63469140625 0.227328125 0.6228681640625 0.227328125 0.6158818359375 0.2192666015625 0.6169560546875 0.207443359375 0.623943359375 0.1891708984375 0.6497392578125 0.19293359375 0.6325419921875 0.1923955078125 0.6164189453125 0.1886337890625 0.6029833984375 0.179498046875 0.600833984375 0.16982421875 0.6056708984375 0.1687490234375 0.6196435546875 0.162837890625 0.6690859375 0.1574638671875 0.695419921875 0.1505751953125 0.7011728515625 0.1487607421875 0.6812177734375 0.151935546875 0.6585400390625 0.1579423828125 0.635048828125 0.1570048828125 0.6266123046875 0.149037109375 0.6280185546875 0.149037109375 0.62098828125 0.152318359375 0.5961484375 0.1565361328125 0.5830263671875 0.1565361328125 0.5563115234375 0.16075390625 0.5366279296875 0.1551298828125 0.5328779296875 0.147162109375 0.5366279296875 0.1424755859375 0.5525625 0.1401328125 0.5792763671875 0.1354453125 0.5984921875 0.1307587890625 0.62098828125 0.1281708984375 0.6452080078125 0.1263037109375 0.6607626953125 0.1207744140625 0.691193359375 0.1094345703125 0.702533203125 0.1117021484375 0.7212451171875 0.1082998046875 0.7218115234375 0.0975263671875 0.7269150390625 0.0912900390625 0.7416572265625 0.0874580078125 0.7160107421875 0.08480859375 0.6846494140625 0.0777412109375 0.6819990234375 0.0719990234375 0.6899501953125 0.07420703125 0.708060546875 0.0702314453125 0.702759765625 0.0636064453125 0.70629296875 0.06228125 0.71203515625 0.0693837890625 0.7673994140625 0.0718916015625 0.787880859375 0.0735634765625 0.808361328125 0.0664580078125 0.802927734375 0.0576806640625 0.779939453125 0.0535009765625 0.7623837890625 0.0505751953125 0.7302001953125 0.0443056640625 0.7276923828125 0.038453125 0.7347978515625 0.045833984375 0.7868115234375 0.040376953125 0.786265625 0.0316474609375 0.7917216796875 0.023462890625 0.7868115234375 0.0141865234375 0.793904296875 0.0054560546875 0.7928134765625 0.0010908203125 0.8004521484375 0.00709375 0.8239150390625 0.0279638671875 0.8638271484375 0.020060546875 0.8692978515625 0.0212763671875 0.880240234375 0.0340419921875 0.88753515625 0.0528876953125 0.904556640625 0.0656533203125 0.92948046875 0.071732421875 0.9525810546875 0.0978720703125 0.986623046875 0.1100302734375 0.9999970703125 0.4731728515625 1
8 1 0.6765400390625 0.9961728515625 0.6719443359375 0.988513671875 0.6612216796875 0.9788125 0.65560546875 0.964005859375 0.6576474609375 0.954814453125 0.6632646484375 0.9333701171875 0.6612216796875 0.9349013671875 0.6571376953125 0.92928515625 0.6479462890625 0.916009765625 0.643861328125 0.9073291015625 0.651009765625 0.9037548828125 0.6428408203125 0.8950751953125 0.637734375 0.8833310546875 0.6372236328125 0.876693359375 0.64845703125 0.8726083984375 0.6433515625 0.860865234375 0.6418193359375 0.855248046875 0.6464150390625 0.853716796875 0.6540732421875 0.857291015625 0.6775615234375 0.8654599609375 0.679603515625 0.90783984375 0.6790927734375 0.9502197265625 0.6908369140625 0.960431640625 0.70002734375 0.999236328125 0.7127919921875 1 0.6898154296875 1 0.6765400390625
2 1 0.35695703125 0.9887041015625 0.352916015625 0.9604169921875 0.3751416015625 0.9371630859375 0.3616064453125 0.9303828125 0.331849609375 0.9371630859375 0.320171875 0.8799091796875 0.2904150390625 0.849775390625 0.31565234375 0.81643359375 0.2997783203125 0.8086611328125 0.2686904296875 0.8153232421875 0.2623984375 0.818283203125 0.25499609375 0.7472431640625 0.22184375 0.7193701171875 0.251626953125 0.6681044921875 0.2275166015625 0.6634609375 0.197078125 0.672748046875 0.1836640625 0.5912333984375 0.1465185546875 0.5623427734375 0.180052734375 0.344849609375 0.08937109375 0.3401064453125 0.08280859375 0.320390625 0.0778798828125 0.0759208984375 0.503228515625 0.0647431640625 0.523232421875 0.065404296875 0.5281875 0.102400390625 0.5394189453125 0.102400390625 0.5453642578125 0.105703125 0.551970703125 0.105373046875 0.559568359375 0.0990966796875 0.5665048828125 0.097775390625 0.57278125 0.1020703125 0.57575390625 0.0905146484375 0.6458330078125 0.086029296875 0.653580078125 0.0835830078125 0.660103515625 0.0884755859375 0.6678505859375 0.0823603515625 0.7261552734375 0.0774677734375 0.7330859375 0.0737978515625 0.740017578125 0.07665234375 0.7440947265625 0.0714306640625 0.802388671875 0.06912109375 0.8244599609375 0.062208984375 0.83329296875 0.06144140625 0.8386689453125 0.066048828125 0.8413564453125 0.058775390625 0.9184873046875 0.0522998046875 0.9219736328125 0.0508056640625 0.927453125 0.056783203125 0.928947265625 0.0503349609375 1 1 0.999 1 0.35695703125
8 0.8180546875 0 0.809482421875 0.0189814453125 0.821728515625 0.0165322265625 0.8339755859375 0.009796875 0.8376494140625 0.01959375 0.8425478515625 0.0202060546875 0.845609375 0.0318408203125 0.85785546875 0.0275546875 0.8609169921875 0.031228515625 0.8584677734375 0.048373046875 0.865203125 0.0563330078125 0.8731640625 0.0563330078125 0.884185546875 0.0563330078125 0.9068408203125 0.0600068359375 0.8991572265625 0.0812724609375 0.9127021484375 0.07740234375 0.918474609375 0.0722529296875 0.93255859375 0.0838876953125 0.943580078125 0.0796015625 0.9490908203125 0.0765400390625 0.963173828125 0.088173828125 0.97970703125 0.078376953125 1 0.0875615234375 1 0.0845 1 0 0.8180546875 0