9 0.018609375 0.399951171875 0.12644921875 0.38564453125 0.161001953125 0.1824853515625 0.05262109375 0.207220703125 0.018609375 0.399951171875
9 0 0.6485556640625 0.107947265625 0.6499365234375 0.1259697265625 0.4282802734375 0.01167578125 0.4352626953125 0 0.6485556640625
9 0.3355166015625 0.4004541015625 0.1953916015625 0.4122919921875 0.180787109375 0.64967578125 0.3264384765625 0.6475625 0.3355166015625 0.4004541015625
9 0.4202041015625 0.647376953125 0.588966796875 0.6433125 0.5940498046875 0.386685546875 0.43138671875 0.3943076171875 0.4202041015625 0.647376953125
9 0.20072265625 0.37669921875 0.3333994140625 0.3599892578125 0.3605615234375 0.1552890625 0.2299736328125 0.1761767578125 0.20072265625 0.37669921875
0 0 0.1946044921875 0.2180390625 0.1427509765625 0.409892578125 0.1052666015625 0.66423828125 0.0759033203125 0.6573642578125 0 0.5192548828125 0.00303125 0.1949169921875 0.06800390625 0 0.1229814453125 0 0.1946044921875
9 0.786921875 0.18430859375 0.7855361328125 0.1252548828125 0.7234130859375 0.1288583984375 0.7261865234375 0.1879130859375 0.786921875 0.18430859375
9 0.735234375 0.5415966796875 0.79563671875 0.5381572265625 0.794873046875 0.48465234375 0.7344697265625 0.4869453125 0.735234375 0.5415966796875
9 0.4149638671875 0.3530107421875 0.5854296875 0.33830078125 0.5965546875 0.105125 0.435201171875 0.126796875 0.4149638671875 0.3530107421875
4 0.10844921875 0.688357421875 0.1199677734375 0.703328125 0.1199677734375 0.96778125 0.3088828125 0.9977216796875 0.52601953125 0.99944921875 0.605501953125 0.9948427734375 0.5997421875 0.719080078125 0.610109375 0.7167763671875 0.60895703125 0.7110185546875 0.5496337890625 0.686259765625 0.1107529296875 0.683380859375 0.10844921875 0.688357421875
2 0.116978515625 0 0 0.0379873046875 0 0.917375 0.6852802734375 1 1 1 1 0 0.116978515625 0
6 0.6792998046875 1 0 0.91803125 0 1 0.6792998046875 1
0 0.00196484375 0.6488095703125 0.1052646484375 0.6510380859375 0.115421875 0.5512353515625 0.0108828125 0.5539599609375 0.00196484375 0.6488095703125
0 0.188470703125 0.6481328125 0.32540234375 0.6479072265625 0.3285556640625 0.5396904296875 0.195677734375 0.543517578125 0.188470703125 0.6481328125
0 0.4200810546875 0.6471181640625 0.5892861328125 0.6425458984375 0.592392578125 0.5260625 0.4251357421875 0.5347490234375 0.4200810546875 0.6471181640625
0 0.2010576171875 0.375291015625 0.3329921875 0.35953125 0.344931640625 0.2682275390625 0.2180048828125 0.2833681640625 0.2010576171875 0.375291015625
0 0.01791796875 0.39949609375 0.1256591796875 0.3854765625 0.1413935546875 0.2993095703125 0.033994140625 0.3150380859375 0.01791796875 0.39949609375