9 0 0.5936083984375 0.03866796875 0.589080078125 0.055447265625 0.389830078125 0 0.4029619140625 0 0.5936083984375
9 0.2369404296875 0.5547880859375 0.2431328125 0.34798046875 0.1267255859375 0.3772890625 0.1139296875 0.5774912109375 0.2369404296875 0.5547880859375
9 0 0.8401162109375 0.0282958984375 0.8387685546875 0.03797265625 0.626314453125 0 0.6288935546875 0 0.8401162109375
9 0.2324912109375 0.83065234375 0.2371748046875 0.6061123046875 0.11798828125 0.6216845703125 0.1116689453125 0.8324833984375 0.2324912109375 0.83065234375
9 0.4903984375 0.8192021484375 0.4791259765625 0.55977734375 0.3280751953125 0.58575 0.328802734375 0.8281796875 0.4903984375 0.8192021484375
9 0.7722080078125 0.800353515625 0.751775390625 0.5280859375 0.59036328125 0.557318359375 0.6054970703125 0.8126220703125 0.7722080078125 0.800353515625
3 0 1 0.828744140625 0.9966171875 0.8280390625 0.8604599609375 0.3660009765625 0.87855078125 0.149447265625 0.881794921875 0 0.8856552734375 0 1
0 0 0.3734013671875 0.4862470703125 0.250462890625 0.76973828125 0.182572265625 0.7541416015625 0.0733955078125 0 0.2762744140625 0 0.3734013671875
9 0.743080078125 0.4649951171875 0.7168671875 0.226798828125 0.5481923828125 0.267828125 0.561869140625 0.49234765625 0.743080078125 0.4649951171875
9 0.5158603515625 0.5010615234375 0.495775390625 0.29387109375 0.32135546875 0.325583984375 0.325583984375 0.5327734375 0.5158603515625 0.5010615234375
2 0.7477734375 0 0.77366015625 0.2012373046875 0.7990732421875 0.51419140625 0.8227080078125 0.7794697265625 0.83046875 0.85072265625 0.830705078125 1 0.99876171875 1 1 0 0.7477734375 0
2 0 0.88312109375 0.0926044921875 0.88134375 0.106998046875 0.622041015625 0.1182861328125 0.46489453125 0.12359765625 0.3763564453125 0.2446484375 0.3462802734375 0.239421875 0.5471962890625 0.320982421875 0.5333828125 0.3179384765625 0.32366015625 0.497716796875 0.291251953125 0.5184736328125 0.50066796875 0.5589462890625 0.494953125 0.5430732421875 0.24208984375 0 0.375171875 0.0001982421875 0.4017421875 0.05760546875 0.3886318359375 0.0400791015625 0.590880859375 0 0.595595703125 0 0.628626953125 0.03911328125 0.62641015625 0.02951953125 0.840359375 0 0.8415244140625 0 0.88312109375
2 0.2929853515625 0.8777275390625 0.56525390625 0.8682236328125 0.8262236328125 0.855677734375 0.76751171875 0.1910732421875 0.546072265625 0.2379990234375 0.549228515625 0.2654599609375 0.71839453125 0.2237724609375 0.74600390625 0.4683408203125 0.56575 0.496705078125 0.2402744140625 0.54919921875 0.240720703125 0.55677734375 0.113083984375 0.5799111328125 0.1107548828125 0.61976171875 0.238947265625 0.6043984375 0.235388671875 0.829876953125 0.32611328125 0.828728515625 0.3251845703125 0.5831279296875 0.4815341796875 0.558330078125 0.4906640625 0.74226171875 0.4933681640625 0.818439453125 0.6018466796875 0.8131484375 0.5869462890625 0.5539599609375 0.7540654296875 0.5254677734375 0.779486328125 0.803271484375 0.626080078125 0.8142294921875 0.4937451171875 0.820310546875 0.3247744140625 0.83253515625 0.236595703125 0.8337265625 0.096015625 0.83773046875 0.09412890625 0.8816826171875 0.2929853515625 0.8777275390625
0 0 0.5957255859375 0.0400830078125 0.5889580078125 0.0448212890625 0.5047021484375 0 0.5120205078125 0 0.5957255859375
0 0.109796875 0.5750849609375 0.2367021484375 0.55410546875 0.241244140625 0.46125 0.1141962890625 0.49015234375 0.109796875 0.5750849609375
0 0.32739453125 0.5317041015625 0.5198134765625 0.5035908203125 0.51102734375 0.4078310546875 0.326076171875 0.4434111328125 0.32739453125 0.5317041015625
0 0.3291513671875 0.826837890625 0.4890615234375 0.8202490234375 0.4829111328125 0.7007685546875 0.3282724609375 0.715263671875 0.3291513671875 0.826837890625
0 0.1086162109375 0.834744140625 0.23294140625 0.8325478515625 0.2382138671875 0.7271240234375 0.110373046875 0.73810546875 0.1086162109375 0.834744140625
0 0.00119921875 0.839626953125 0.0294287109375 0.8376796875 0.0318623046875 0.743267578125 0 0.7461328125 0.00119921875 0.839626953125
0 0.599064453125 0.80601953125 0.7732626953125 0.7882060546875 0.765740234375 0.6627177734375 0.592333984375 0.6888447265625 0.599064453125 0.80601953125
4 0.8095556640625 0.996666015625 0.79839453125 0.8464072265625 0.76694140625 0.8271171875 0.2352822265625 0.8575751953125 0.23223828125 0.8748349609375 0.2742958984375 0.880740234375 0.2758671875 1 0.8095556640625 0.996666015625