9 0.143333984375 0.2965380859375 0.14783984375 0.227017578125 0.065015625 0.222296875 0.060509765625 0.2894580078125 0.143333984375 0.2965380859375
9 0.1345224609375 0.4373193359375 0.139087890625 0.360193359375 0.05511328125 0.355791015625 0.0507109375 0.3564423828125 0.0464716796875 0.4309599609375 0.1345224609375 0.4373193359375
9 0.12651953125 0.595947265625 0.1295068359375 0.5106953125 0.0447978515625 0.5041796875 0.0390966796875 0.5041796875 0.034208984375 0.5902451171875 0.12651953125 0.595947265625
9 0.121361328125 0.7645498046875 0.12326171875 0.6722392578125 0.029322265625 0.66898046875 0.027421875 0.759119140625 0.121361328125 0.7645498046875
9 0.36413671875 0.3221328125 0.390697265625 0.3239853515625 0.3910068359375 0.26159765625 0.320279296875 0.25233203125 0.2813642578125 0.2483173828125 0.2798203125 0.3122490234375 0.36413671875 0.3221328125
9 0.396875 0.464513671875 0.3965654296875 0.3922421875 0.3168818359375 0.38266796875 0.278275390625 0.3792705078125 0.2767314453125 0.455556640625 0.396875 0.464513671875
9 0.3539443359375 0.6109091796875 0.4011982421875 0.6133798828125 0.399345703125 0.535240234375 0.3307802734375 0.529990234375 0.27549609375 0.525666015625 0.2745693359375 0.6087470703125 0.3539443359375 0.6109091796875
9 0.3958408203125 0.769951171875 0.3955068359375 0.68770703125 0.331650390625 0.685701171875 0.2711376953125 0.6843642578125 0.2711376953125 0.7669423828125 0.3958408203125 0.769951171875
0 0.483427734375 0.5045654296875 0.5932236328125 0.523125 0.6292021484375 0.529568359375 0.6396728515625 0.5309111328125 0.6361826171875 0.4798974609375 0.5583193359375 0.465935546875 0.4842099609375 0.450546875 0.459158203125 0.4615068359375 0.461115234375 0.515525390625 0.483427734375 0.5045654296875
0 0.4587666015625 0.3734326171875 0.4802958984375 0.3601240234375 0.6286513671875 0.3969189453125 0.630216796875 0.352294921875 0.47873046875 0.3198056640625 0.4548525390625 0.32841796875 0.4587666015625 0.3734326171875
9 0.4869501953125 0.6533125 0.592638671875 0.6642724609375 0.592248046875 0.58402734375 0.4983017578125 0.5687607421875 0.4693359375 0.5656298828125 0.47129296875 0.658009765625 0.4869501953125 0.6533125
9 0.60281640625 0.8110625 0.5957705078125 0.722205078125 0.4932138671875 0.714767578125 0.47129296875 0.716333984375 0.4748154296875 0.8153681640625 0.60281640625 0.8110625
9 0.4830361328125 0.5026083984375 0.5898994140625 0.519439453125 0.5844189453125 0.45250390625 0.5159169921875 0.4372373046875 0.464638671875 0.429017578125 0.4669873046875 0.510828125 0.4830361328125 0.5026083984375
9 0.479904296875 0.3589501953125 0.5734580078125 0.380087890625 0.5703271484375 0.327634765625 0.4802958984375 0.3045400390625 0.4634638671875 0.3041484375 0.4654208984375 0.367953125 0.479904296875 0.3589501953125
0 0.4892822265625 0.758666015625 0.46503125 0.7642373046875 0.466669921875 0.8192939453125 0.4896103515625 0.816671875 0.6528134765625 0.8206044921875 0.6495361328125 0.764892578125 0.573056640625 0.76269921875 0.4892822265625 0.758666015625
9 0.709802734375 0.4093623046875 0.702904296875 0.35036328125 0.656068359375 0.3309384765625 0.639912109375 0.3245849609375 0.6442685546875 0.3848544921875 0.709802734375 0.4093623046875
9 0.719416015625 0.5310244140625 0.714236328125 0.4665654296875 0.66742578125 0.451025390625 0.6499677734375 0.4454619140625 0.6524619140625 0.5116484375 0.719416015625 0.5310244140625
9 0.72916015625 0.6556025390625 0.72434765625 0.5896064453125 0.68424609375 0.5804404296875 0.658810546875 0.5733369140625 0.660873046875 0.643916015625 0.72916015625 0.6556025390625
0 0.4615751953125 0.6087841796875 0.4645986328125 0.6637978515625 0.4860595703125 0.6580546875 0.64687109375 0.6737734375 0.6447548828125 0.6187587890625 0.4875712890625 0.60273828125 0.4615751953125 0.6087841796875
9 0.69590625 0.7860234375 0.6948837890625 0.770083984375 0.696212890625 0.768142578125 0.7019345703125 0.76579296875 0.707962890625 0.765486328125 0.70959765625 0.76058203125 0.718486328125 0.75925390625 0.726251953125 0.7590498046875 0.7259453125 0.7467880859375 0.7136845703125 0.747912109375 0.7143994140625 0.714296875 0.689162109375 0.711333984375 0.6654482421875 0.70985546875 0.667009765625 0.785728515625 0.69590625 0.7860234375
0 0.744052734375 0.457103515625 0.7720322265625 0.4505966796875 0.828966796875 0.4870341796875 0.82733984375 0.4535244140625 0.7850458984375 0.4206650390625 0.770080078125 0.409603515625 0.739498046875 0.4151337890625 0.744052734375 0.457103515625
9 0.768779296875 0.4499453125 0.7658505859375 0.4206650390625 0.7469814453125 0.41253125 0.74893359375 0.453849609375 0.768779296875 0.4499453125
9 0.77797265625 0.57037890625 0.7770810546875 0.5393857421875 0.776412109375 0.5186484375 0.7543369140625 0.506830078125 0.755005859375 0.517087890625 0.7567890625 0.5719404296875 0.77797265625 0.57037890625
9 0.7893291015625 0.693115234375 0.7886201171875 0.6344892578125 0.7623798828125 0.6288154296875 0.7645078125 0.6968984375 0.7893291015625 0.693115234375
9 0.7959794921875 0.7885517578125 0.7957734375 0.7485263671875 0.7687451171875 0.7472880859375 0.7695703125 0.7897900390625 0.7959794921875 0.7885517578125
0 0.750904296875 0.5319599609375 0.7539970703125 0.5764189453125 0.78337890625 0.5697177734375 0.840671875 0.5974482421875 0.83962890625 0.5579541015625 0.815966796875 0.54490625 0.8096669921875 0.5413671875 0.78131640625 0.5262900390625 0.750904296875 0.5319599609375
0 0.7611630859375 0.6983564453125 0.7919580078125 0.6934853515625 0.848849609375 0.7089697265625 0.8497197265625 0.672259765625 0.7903916015625 0.6485986328125 0.7602939453125 0.6536435546875 0.7611630859375 0.6983564453125
0 0.79769921875 0.81996875 0.8547646484375 0.8210126953125 0.853720703125 0.7813447265625 0.798220703125 0.7754296875 0.76673046875 0.7766474609375 0.7677744140625 0.8229267578125 0.79769921875 0.81996875
7 0.713791015625 0.713533203125 0.7150791015625 0.714435546875 0.714693359375 0.7472958984375 0.7288681640625 0.7463935546875 0.72822265625 0.75966796875 0.71943359375 0.759765625 0.71328125 0.76103515625 0.71005859375 0.7611328125 0.7083984375 0.7662109375 0.701953125 0.7662109375 0.69716796875 0.76865234375 0.69541015625 0.77099609375 0.69619140625 0.78359375 0.69912109375 0.7865234375 0.70751953125 0.78642578125 0.7095703125 0.78642578125 0.70888671875 0.7927734375 0.7009765625 0.79384765625 0.6978515625 0.795703125 0.697265625 0.7986328125 0.6970703125 0.80126953125 0.69814453125 0.80869140625 0.70263671875 0.81142578125 0.7080078125 0.8126953125 0.70908203125 0.81337890625 0.70966796875 0.81455078125 0.70966796875 0.8197265625 0.70537109375 0.82080078125 0.70146484375 0.820703125 0.69931640625 0.82177734375 0.6974609375 0.82470703125 0.6974609375 0.82744140625 0.6974609375 0.83115234375 0.6990234375 0.83447265625 0.70185546875 0.83642578125 0.706640625 0.83720703125 0.7109375 0.83837890625 0.7107421875 0.85 0.71201171875 0.85068359375 0.72548828125 0.85087890625 0.73095703125 0.85029296875 0.71796875 0.87646484375 0.718359375 0.88232421875 0.72841796875 0.89892578125 0.7294921875 0.90029296875 0.732703125 0.9060107421875 0.7372265625 0.9066279296875 0.7372265625 0.9596689453125 0.7328662109375 0.962919921875 0.727318359375 0.9667900390625 0.7279638671875 0.9833056640625 0.737640625 0.9836923828125 0.73802734375 0.9999501953125 0.7492529296875 0.9996923828125 0.7438974609375 0.891904296875 0.751998046875 0.8768095703125 0.750525390625 0.8690771484375 0.74279296875 0.857111328125 0.748337890625 0.85260546875 0.7525009765625 0.8469931640625 0.7611904296875 0.844640625 0.760103515625 0.7885244140625 0.7582939453125 0.755578125 0.7450791015625 0.756302734375 0.744716796875 0.74652734375 0.7490615234375 0.7448984375 0.7597421875 0.7429072265625 0.7633623046875 0.740373046875 0.7610087890625 0.6981953125 0.7588369140625 0.663982421875 0.7456220703125 0.667421875 0.740734375 0.667421875 0.7405947265625 0.662244140625 0.712115234375 0.6725537109375 0.713791015625 0.713533203125
7 0.80406640625 1 0.803556640625 0.8674140625 0.8058994140625 0.8672099609375 0.8060009765625 0.8650712890625 0.80284375 0.8651728515625 0.80284375 0.8251474609375 0.803353515625 0.81109375 0.80284375 0.80406640625 0.800603515625 0.799380859375 0.796529296875 0.799279296875 0.792353515625 0.8029453125 0.792150390625 0.8073251953125 0.7924560546875 0.8116025390625 0.7875673828125 0.8139453125 0.7812529296875 0.8159814453125 0.7798271484375 0.8193427734375 0.7798271484375 0.8237216796875 0.780947265625 0.8286103515625 0.7834931640625 0.8319716796875 0.7870576171875 0.833703125 0.7897060546875 0.833703125 0.793474609375 0.8321748046875 0.7947978515625 0.828203125 0.7974462890625 0.8277958984375 0.7972421875 0.8648671875 0.7877705078125 0.865478515625 0.787974609375 0.868330078125 0.7945947265625 0.868228515625 0.7945947265625 0.8694501953125 0.794900390625 0.9100869140625 0.796630859375 1 0.80406640625 1
8 0.268703125 1 0.26669140625 0.8712734375 0.258646484375 0.7984658203125 0.259048828125 0.7723193359375 0.261060546875 0.761861328125 0.2678984375 0.7550234375 0.274333984375 0.7473798828125 0.2819775390625 0.745369140625 0.286 0.75421875 0.28640234375 0.762263671875 0.2880107421875 0.7743310546875 0.290826171875 0.7819736328125 0.2956533203125 0.7896162109375 0.3036982421875 0.796455078125 0.3121455078125 0.8008798828125 0.3222021484375 0.8008798828125 0.3306494140625 0.8004775390625 0.3370849609375 0.7992705078125 0.3399013671875 0.794443359375 0.3399013671875 0.78680078125 0.3459345703125 0.78559375 0.3511640625 0.779962890625 0.3563935546875 0.78519140625 0.36725390625 0.7972587890625 0.376908203125 0.80168359375 0.38535546875 0.8020859375 0.393400390625 0.7984658203125 0.3986298828125 0.794845703125 0.408283203125 0.7916279296875 0.419546875 0.795650390625 0.4328212890625 0.7972587890625 0.443279296875 0.796455078125 0.4541396484375 0.7880078125 0.4549443359375 0.7811689453125 0.4456923828125 0.778755859375 0.428396484375 0.7743310546875 0.4388544921875 0.771515625 0.4499482421875 0.760900390625 0.4598759765625 0.7577236328125 0.4713935546875 0.7565322265625 0.474966796875 0.75097265625 0.4753642578125 0.7473984375 0.47337890625 0.74025 0.4694072265625 0.7327041015625 0.4702021484375 0.72476171875 0.4717900390625 0.7096708984375 0.47814453125 0.6973603515625 0.479732421875 0.6882255859375 0.4793359375 0.6782978515625 0.478541015625 0.662412109375 0.476158203125 0.6504990234375 0.474966796875 0.6350107421875 0.47099609375 0.6111826171875 0.4666279296875 0.597283203125 0.4666279296875 0.5909287109375 0.4642451171875 0.5861640625 0.4574931640625 0.5810009765625 0.45193359375 0.579412109375 0.446771484375 0.57305859375 0.4499482421875 0.5567763671875 0.448283203125 0.546017578125 0.4389951171875 0.5415751953125 0.43737890625 0.5326904296875 0.4474755859375 0.5234013671875 0.4698896484375 0.507650390625 0.4749384765625 0.4947275390625 0.470091796875 0.4906884765625 0.4644375 0.4927080078125 0.454341796875 0.5056318359375 0.4442451171875 0.5145166015625 0.4337451171875 0.5229970703125 0.4192060546875 0.5322861328125 0.4058779296875 0.534708984375 0.39658984375 0.53107421875 0.381646484375 0.52057421875 0.3776083984375 0.5201708984375 0.36751171875 0.52986328125 0.355486328125 0.524669921875 0.36185546875 0.5151162109375 0.36105859375 0.5019794921875 0.3650400390625 0.4780947265625 0.366234375 0.4701328125 0.3515048828125 0.4689384765625 0.3483203125 0.4617734375 0.35309765625 0.4534140625 0.3574765625 0.4450537109375 0.3562822265625 0.4406748046875 0.3495146484375 0.4410732421875 0.341552734375 0.4450537109375 0.333193359375 0.446248046875 0.328416015625 0.4366943359375 0.3216494140625 0.4355 0.312904296875 0.4282060546875 0.3051630859375 0.41516796875 0.2949775390625 0.4013154296875 0.28805078125 0.393982421875 0.29049609375 0.3821669921875 0.2949775390625 0.3699443359375 0.2929404296875 0.3613876953125 0.28519921875 0.3512021484375 0.2721611328125 0.350794921875 0.261568359375 0.354869140625 0.253419921875 0.360166015625 0.2497529296875 0.3715732421875 0.248564453125 0.3859052734375 0.246763671875 0.3881572265625 0.246763671875 0.39266015625 0.2427109375 0.40571875 0.23640625 0.39266015625 0.2310029296875 0.3818525390625 0.22469921875 0.3863564453125 0.2260498046875 0.39761328125 0.22965234375 0.407970703125 0.2377578125 0.4268828125 0.2359560546875 0.4475966796875 0.227400390625 0.443994140625 0.2197451171875 0.4345380859375 0.211189453125 0.43003515625 0.2083134765625 0.435984375 0.2083134765625 0.4387490234375 0.2115400390625 0.450271484375 0.2115400390625 0.46271484375 0.204166015625 0.476080078125 0.179279296875 0.4848359375 0.1802001953125 0.477462890625 0.19080078125 0.46133203125 0.19033984375 0.4424365234375 0.1797392578125 0.4346015625 0.1663740234375 0.43321875 0.1525478515625 0.4350625 0.1451748046875 0.4405927734375 0.1424091796875 0.449810546875 0.1492861328125 0.470017578125 0.1551171875 0.4834306640625 0.1504521484375 0.48926171875 0.146953125 0.500341796875 0.147537109375 0.52191796875 0.137623046875 0.5341640625 0.128923828125 0.5480400390625 0.141501953125 0.5619658203125 0.1330478515625 0.5788212890625 0.1330478515625 0.5890888671875 0.1317646484375 0.59935546875 0.1240634765625 0.6147568359375 0.1155078125 0.607056640625 0.103529296875 0.595078125 0.09240625 0.583099609375 0.082994140625 0.5672705078125 0.07016015625 0.562564453125 0.055615234375 0.574970703125 0.036791015625 0.5775380859375 0.02566796875 0.586521484375 0.02566796875 0.5925107421875 0.0312294921875 0.6040615234375 0.034650390625 0.6198857421875 0.0410078125 0.6335556640625 0.050544921875 0.6465888671875 0.057220703125 0.6612119140625 0.04259765625 0.6653447265625 0.040087890625 0.6796044921875 0.0480302734375 0.68527734375 0.056349609375 0.6958662109375 0.0620224609375 0.7060771484375 0.0669130859375 0.71606640625 0.06881640625 0.7233603515625 0.066279296875 0.7360458984375 0.05866796875 0.7455595703125 0.057015625 0.752609375 0.063017578125 0.752609375 0.080421875 0.7502080078125 0.1104306640625 0.755009765625 0.125935546875 0.75561328125 0.1277646484375 0.7563974609375 0.142396484375 0.7561357421875 0.14997265625 0.7605771484375 0.136125 0.7686767578125 0.125935546875 0.7741640625 0.1126103515625 0.777560546875 0.1078759765625 0.7758349609375 0.0982548828125 0.779625 0.0889248046875 0.78283203125 0.0906748046875 0.7851640625 0.1053056640625 0.7858369140625 0.110931640625 0.7858369140625 0.1207763671875 0.7853095703125 0.13097265625 0.784078125 0.1404658203125 0.7805625 0.148728515625 0.7754638671875 0.1554091796875 0.7712451171875 0.1661328125 0.764564453125 0.1680673828125 0.7696630859375 0.16208984375 0.7816171875 0.148904296875 0.793396484375 0.142576171875 0.8007802734375 0.146619140625 0.8006044921875 0.16046875 0.790080078125 0.166341796875 0.7823076171875 0.172560546875 0.771080078125 0.1775693359375 0.7596796875 0.1834423828125 0.7548427734375 0.1992060546875 0.7561435546875 0.209884765625 0.7619912109375 0.215732421875 0.7637705078125 0.222978515625 0.7646611328125 0.2351826171875 0.765423828125 0.2434453125 0.7693642578125 0.2411572265625 0.8040693359375 0.241919921875 0.8228837890625 0.2437001953125 0.834580078125 0.2456064453125 0.8600048828125 0.2439541015625 0.861912109375 0.24319140625 0.86534375 0.24458984375 0.8732255859375 0.2467509765625 0.87487890625 0.247767578125 0.89267578125 0.248658203125 0.908185546875 0.2481494140625 0.955603515625 0.2466240234375 0.99920703125 0.268703125 1
5 0.60556640625 1 0.6325595703125 0.996119140625 0.6260869140625 0.967861328125 0.6278232421875 0.9546015625 0.631927734375 0.9366044921875 0.634927734375 0.9348681640625 0.6401162109375 0.928939453125 0.652662109375 0.92789453125 0.6563212890625 0.9280244140625 0.6573671875 0.93168359375 0.65566796875 0.9370419921875 0.6598505859375 0.9400478515625 0.663248046875 0.9447529296875 0.6641630859375 0.9464521484375 0.6671689453125 0.952986328125 0.6688681640625 0.956123046875 0.6714814453125 0.9565146484375 0.675140625 0.9610888671875 0.683244140625 0.972458984375 0.6871640625 0.9718056640625 0.691869140625 0.9731123046875 0.6926533203125 0.9765107421875 0.690431640625 0.9789931640625 0.6865107421875 0.981345703125 0.682982421875 0.981607421875 0.6807607421875 0.9780791015625 0.677232421875 0.9733740234375 0.672134765625 0.969583984375 0.6713505859375 0.9822607421875 0.673703125 0.9870966796875 0.675283203125 0.9890947265625 0.6759013671875 0.9888876953125 0.7004169921875 0.9852099609375 0.697630859375 0.9691865234375 0.69693359375 0.95776171875 0.6956796875 0.955392578125 0.69442578125 0.9492626953125 0.69423828125 0.93876953125 0.69560546875 0.9302734375 0.7017578125 0.919921875 0.70087890625 0.918359375 0.699609375 0.9138671875 0.69990234375 0.9109375 0.701953125 0.9076171875 0.7068359375 0.90673828125 0.71025390625 0.90810546875 0.71171875 0.91142578125 0.7125 0.91708984375 0.71435546875 0.91953125 0.7203125 0.923828125 0.72275390625 0.9322265625 0.7224609375 0.9416015625 0.72099609375 0.943359375 0.7177734375 0.94560546875 0.71552734375 0.9484375 0.714453125 0.9552734375 0.71494140625 0.97880859375 0.7134765625 0.98427734375 0.7173720703125 0.984142578125 0.747365234375 0.9804931640625 0.806189453125 0.9672109375 0.8262490234375 0.9650419921875 0.8604052734375 0.9517587890625 0.858779296875 0.856880859375 0.8679951171875 0.85715234375 0.86880859375 0.8473935546875 0.8468515625 0.84278515625 0.830044921875 0.8411591796875 0.7083603515625 0.839466796875 0.6588369140625 0.8390107421875 0.500685546875 0.8384560546875 0.2205654296875 0.8330263671875 0.2087490234375 0.8369658203125 0.207107421875 0.80742578125 0 0.7974501953125 0 1 0.454744140625 1 0.46751171875 0.9834462890625 0.494287109375 0.982880859375 0.4947392578125 0.97905078125 0.4956435546875 0.9628935546875 0.49812890625 0.957919921875 0.503326171875 0.950912109375 0.505359375 0.9463916015625 0.5073935546875 0.9426611328125 0.5123642578125 0.9410791015625 0.5167705078125 0.9418701171875 0.518578125 0.944130859375 0.5234912109375 0.9431025390625 0.5259140625 0.9468876953125 0.525611328125 0.950673828125 0.524248046875 0.95355078125 0.5251572265625 0.9553681640625 0.5286396484375 0.958396484375 0.53363671875 0.9608193359375 0.535 0.957033203125 0.5393916015625 0.9527939453125 0.540451171875 0.9497646484375 0.540451171875 0.94325390625 0.5416630859375 0.93931640625 0.5445400390625 0.9381044921875 0.548931640625 0.939013671875 0.5504453125 0.9414365234375 0.5516572265625 0.945525390625 0.5524140625 0.948705078125 0.5543828125 0.9500673828125 0.5601376953125 0.9530966796875 0.5604404296875 0.95809375 0.5610458984375 0.966119140625 0.55892578125 0.970359375 0.5602890625 0.9779306640625 0.562408203125 0.9830791015625 0.5693740234375 0.9901962890625 0.5686171875 0.9927705078125 0.565740234375 0.9954970703125 0.562408203125 0.9954970703125 0.5615 0.99428515625 0.5604404296875 0.9898935546875 0.5571083984375 0.986865234375 0.5578662109375 1 0.60556640625 1
2 0 0.795966796875 0.2087529296875 0.8050712890625 0.2093291015625 0.83448046875 0.2176904296875 0.832173828125 0.4513935546875 0.8361787109375 0.6566181640625 0.8384619140625 0.76104296875 0.8396552734375 0.84020703125 0.84054296875 0.858833984375 0.84519921875 0.8586826171875 0.83998046875 0.88198828125 0.8330869140625 0.8803466796875 0.807484375 0.8576982421875 0.8091259765625 0.8570419921875 0.7864765625 0.8559580078125 0.760890625 0.861044921875 0.752646484375 0.8744326171875 0.75121875 0.8760693359375 0.728927734375 0.853501953125 0.729142578125 0.850443359375 0.6613447265625 0.8667734375 0.661595703125 0.8697880859375 0.6337080078125 0.8466748046875 0.6352158203125 0.843408203125 0.582455078125 0.8466748046875 0.5769287109375 0.8509453125 0.574416015625 0.86124609375 0.5714013671875 0.8617490234375 0.5374833984375 0.839388671875 0.53848828125 0.837126953125 0.506330078125 0.839388671875 0.500048828125 0.846171875 0.4852265625 0.845669921875 0.4420126953125 0.8431572265625 0.43698828125 0.8155205078125 0.392267578125 0.770630859375 0.3558515625 0.7415732421875 0.33331640625 0.7012607421875 0.3149951171875 0.62834765625 0.2812939453125 0.61344140625 0.2767568359375 0.526158203125 0.2518505859375 0.4555361328125 0.2316142578125 0.4390166015625 0.229548828125 0.2435771484375 0.2025673828125 0.23638671875 0.192380859375 0.222005859375 0.1857900390625 0.0002705078125 0.1606845703125 0 0.795966796875
6 0.9950126953125 1 0.9945625 0.9592890625 0.99981640625 0.95538671875 1 0.938875 0.9976875 0.9386376953125 0.995484375 0.936875 0.992546875 0.9287958984375 0.991224609375 0.9224794921875 0.9918125 0.9092587890625 0.953033203125 0.911462890625 0.8602880859375 0.913107421875 0.8612021484375 0.952037109375 0.825419921875 0.9662080078125 0.807720703125 0.9679501953125 0.7484375 0.98076171875 0.72421875 0.9837890625 0.712109375 0.98486328125 0.700390625 0.9857421875 0.6326171875 0.996484375 0.6064453125 1 0.9950126953125 1
7 0.9921904296875 0.908078125 0.9921904296875 0.9156103515625 0.9921904296875 0.9243984375 0.9945966796875 0.9319306640625 0.996583984375 0.9362197265625 0.999931640625 0.938521484375 0.999931640625 0.896046875 0.99919921875 0.8961513671875 0.9938642578125 0.902115234375 0.9921904296875 0.908078125
7 1 0.9558876953125 0.99491015625 0.959654296875 0.9953291015625 1 1 1 1 0.9558876953125
9 0.1244091796875 0.1589501953125 0.128201171875 0.1172119140625 0.082775390625 0.1152890625 0.081072265625 0.153529296875 0.1244091796875 0.1589501953125
9 0.350306640625 0.2044326171875 0.347609375 0.163947265625 0.3031044921875 0.1562998046875 0.3035537109375 0.1972353515625 0.350306640625 0.2044326171875
9 0.5172236328125 0.2374970703125 0.5146806640625 0.20384765625 0.47993359375 0.19053125 0.48076953125 0.228166015625 0.5172236328125 0.2374970703125
9 0.6471025390625 0.27756640625 0.6435166015625 0.249578125 0.61944140625 0.2418935546875 0.623197265625 0.27062890625 0.6471025390625 0.27756640625
9 0.7292978515625 0.31683203125 0.728294921875 0.3069951171875 0.7180625 0.2989658203125 0.718865234375 0.313419921875 0.7292978515625 0.31683203125