2 1 0.324576171875 0.7612138671875 0.2409892578125 0.398392578125 0.143291015625 0 0.048849609375 0 0.749021484375 0.064078125 0.7522783203125 0.1259541015625 0.77507421875 0.1270400390625 0.81958203125 0.220396484375 0.8380361328125 0.2163623046875 0.8919189453125 0.2638173828125 0.887970703125 0.261646484375 0.92487890625 0.3398056640625 0.9639580078125 0.336548828125 1 0.7025947265625 1 1 0.9466748046875 1 0.324576171875
9 0.36291796875 0.3950166015625 0.366193359375 0.170322265625 0.214212890625 0.1369130859375 0.19980078125 0.372744140625 0.36291796875 0.3950166015625
9 0.5965859375 0.435935546875 0.5868984375 0.22684765625 0.4641904296875 0.19536328125 0.4658046875 0.414138671875 0.5965859375 0.435935546875
9 0.7841083984375 0.469486328125 0.772697265625 0.2787578125 0.669181640625 0.248599609375 0.67977734375 0.453185546875 0.7841083984375 0.469486328125
9 0.9267685546875 0.4952890625 0.9092958984375 0.32208984375 0.832572265625 0.29930078125 0.8530830078125 0.484654296875 0.9267685546875 0.4952890625
9 1 0.350197265625 0.96626953125 0.3426005859375 0.9845009765625 0.5044052734375 1 0.50668359375 1 0.350197265625
9 0.857640625 0.7239423828125 0.929806640625 0.7239423828125 0.9222099609375 0.5385888671875 0.8515634765625 0.5256748046875 0.857640625 0.7239423828125
9 0.68444140625 0.722423828125 0.7862333984375 0.7247021484375 0.78015625 0.5135205078125 0.6798828125 0.499087890625 0.68444140625 0.722423828125
9 0.46314453125 0.7154990234375 0.597486328125 0.71846875 0.597486328125 0.4787314453125 0.46462890625 0.46017578125 0.46314453125 0.7154990234375
9 0.367224609375 0.7161416015625 0.372609375 0.4426083984375 0.1959970703125 0.4167626953125 0.1863046875 0.7075263671875 0.367224609375 0.7161416015625
0 1 0.16878515625 0.9007431640625 0.128677734375 0.596595703125 0.003341796875 0.297765625 0 0.2248251953125 0.000681640625 0 0 0 0.04837109375 0.072298828125 0.06461328125 0.344859375 0.126177734375 0.60098828125 0.1895712890625 0.8467255859375 0.2639375 1 0.3194072265625 1 0.16878515625
4 0.3363056640625 1 0.3389228515625 0.9643525390625 0.2613271484375 0.926724609375 0.2628203125 0.889087890625 0.2152275390625 0.892572265625 0.2195390625 0.8389765625 0.1261728515625 0.8211103515625 0.124396484375 0.7757900390625 0.0664501953125 0.7534541015625 0.0023095703125 0.750458984375 0.0011044921875 1 0.3363056640625 1
6 1 0.9466748046875 0.70649609375 1 1 1 1 0.9466748046875
0 0.201638671875 0.37107421875 0.3611650390625 0.39386328125 0.3611650390625 0.2918056640625 0.207087890625 0.2655478515625 0.201638671875 0.37107421875
0 0.4681240234375 0.414033203125 0.593669921875 0.4327314453125 0.5889951171875 0.336568359375 0.465453125 0.3131962890625 0.4681240234375 0.414033203125
0 0.6819580078125 0.4518359375 0.7813466796875 0.4655966796875 0.7782890625 0.37844140625 0.6781357421875 0.3608564453125 0.6819580078125 0.4518359375
0 0.852142578125 0.482578125 0.92391015625 0.4908271484375 0.9156611328125 0.41328515625 0.8438935546875 0.401736328125 0.852142578125 0.482578125
0 0.8579619140625 0.721052734375 0.9316318359375 0.721705078125 0.9288603515625 0.6417880859375 0.8546171875 0.63436328125 0.8579619140625 0.721052734375
0 0.6851103515625 0.7192294921875 0.7854208984375 0.721958984375 0.7854208984375 0.6277900390625 0.68374609375 0.620966796875 0.6851103515625 0.7192294921875
0 0.4620947265625 0.716064453125 0.5977900390625 0.7178974609375 0.59870703125 0.61154296875 0.4639287109375 0.6005400390625 0.4620947265625 0.716064453125