9 0.02749609375 0.218111328125 0.0081748046875 0.4574013671875 0.13748046875 0.471521484375 0.1519716796875 0.471892578125 0.1638623046875 0.242634765625 0.0371572265625 0.2140234375 0.02749609375 0.218111328125
9 0.2287822265625 0.2651015625 0.217580078125 0.4792880859375 0.31771484375 0.4891318359375 0.330953125 0.4887919921875 0.336044921875 0.287166015625 0.23591015625 0.2613681640625 0.2287822265625 0.2651015625
9 0.061908203125 0.173853515625 0.1560439453125 0.198447265625 0.1687646484375 0 0.0788701171875 0.00084765625 0.061908203125 0.173853515625
9 0.2403935546875 0.2203212890625 0.337951171875 0.24926171875 0.3449521484375 0.060681640625 0.250662109375 0.0196044921875 0.2403935546875 0.2203212890625
9 0.4758369140625 0.2909677734375 0.476640625 0.122576171875 0.4047021484375 0.09323828125 0.40068359375 0.2664521484375 0.4758369140625 0.2909677734375
9 0.5836181640625 0.3198310546875 0.5831357421875 0.173443359375 0.529025390625 0.1517021484375 0.5256435546875 0.3053369140625 0.5836181640625 0.3198310546875
9 0.6657919921875 0.3500595703125 0.6622158203125 0.2123955078125 0.6168046875 0.195947265625 0.615017578125 0.338974609375 0.6657919921875 0.3500595703125
9 0.69749609375 0.233890625 0.698255859375 0.368681640625 0.726732421875 0.374376953125 0.7274921875 0.244142578125 0.69749609375 0.233890625
9 0.399859375 0.4955615234375 0.4691611328125 0.499412109375 0.4724609375 0.3245078125 0.407009765625 0.3085576171875 0.399859375 0.4955615234375
9 0.576455078125 0.517220703125 0.5778994140625 0.358779296875 0.5311865234375 0.3472216796875 0.5307041015625 0.5109599609375 0.576455078125 0.517220703125
9 0.6598896484375 0.5243740234375 0.661224609375 0.3785107421875 0.6174990234375 0.370166015625 0.6151630859375 0.5197001953125 0.6598896484375 0.5243740234375
9 0.7328798828125 0.5307998046875 0.7328798828125 0.402111328125 0.697720703125 0.395966796875 0.6987451171875 0.52738671875 0.7328798828125 0.5307998046875
9 0.7909716796875 0.535390625 0.789798828125 0.422841796875 0.7600986328125 0.4169794921875 0.761271484375 0.53421875 0.7909716796875 0.535390625
9 0.8758271484375 0.5573857421875 0.8726474609375 0.3202587890625 0.849025390625 0.3175322265625 0.8517509765625 0.5582939453125 0.8758271484375 0.5573857421875
9 0.8408486328125 0.6396083984375 0.8472080078125 0.6405166015625 0.8508427734375 0.6482392578125 0.8508427734375 0.655052734375 0.8671962890625 0.6545986328125 0.8703759765625 0.5828251953125 0.8526591796875 0.5837333984375 0.83448828125 0.585095703125 0.833580078125 0.6382451171875 0.8408486328125 0.6396083984375
9 0.952244140625 0.6554501953125 0.9540322265625 0.5774970703125 0.924353515625 0.5771396484375 0.92542578125 0.6550927734375 0.952244140625 0.6554501953125
1 0.86321484375 0.692478515625 0.862654296875 0.6902353515625 0.8592900390625 0.68687109375 0.8534033203125 0.67958203125 0.8447119140625 0.6714521484375 0.8391044921875 0.6658447265625 0.8343388671875 0.658275390625 0.827890625 0.6487431640625 0.8172373046875 0.6394912109375 0.8074326171875 0.6371337890625 0.7912548828125 0.6358564453125 0.775501953125 0.6362822265625 0.7610263671875 0.6367080078125 0.747615234375 0.6358564453125 0.73426953125 0.633908203125 0.7232998046875 0.634841796875 0.715130859375 0.6369423828125 0.7071953125 0.64091015625 0.6976259765625 0.64651171875 0.688056640625 0.65398046875 0.6791875 0.65958203125 0.6719521484375 0.6586484375 0.6663505859375 0.660515625 0.662849609375 0.665650390625 0.65584765625 0.6672841796875 0.647912109375 0.6682177734375 0.6439443359375 0.67078515625 0.64091015625 0.6761533203125 0.6392763671875 0.6826884765625 0.6399765625 0.6882900390625 0.6411435546875 0.6957587890625 0.6394033203125 0.7010654296875 0.637669921875 0.7104755859375 0.6379169921875 0.7186474609375 0.6428701171875 0.7250859375 0.64930859375 0.7268193359375 0.6554990234375 0.726076171875 0.663671875 0.721619140625 0.6914072265625 0.728552734375 0.71319921875 0.7332578125 0.7198857421875 0.73697265625 0.72618359375 0.7315234375 0.744236328125 0.7223701171875 0.7677275390625 0.7157548828125 0.78516796875 0.7098251953125 0.8203046875 0.7021005859375 0.826732421875 0.7008427734375 0.8416826171875 0.6973505859375 0.8606923828125 0.6969638671875 0.86321484375 0.692478515625
1 0.8845703125 0.69931640625 0.880859375 0.69697265625 0.8791015625 0.69638671875 0.8765625 0.69619140625 0.8619140625 0.69736328125 0.84130859375 0.69775390625 0.833203125 0.69970703125 0.82626953125 0.701171875 0.81357421875 0.70390625 0.80166015625 0.70654296875 0.78525390625 0.71044921875 0.76728515625 0.71630859375 0.752130859375 0.7208720703125 0.7441904296875 0.72318359375 0.732732421875 0.7292138671875 0.7254951171875 0.733837890625 0.7218408203125 0.73822265625 0.719865234375 0.7426376953125 0.716412109375 0.7415615234375 0.6904130859375 0.7527763671875 0.6780087890625 0.7639921875 0.6657744140625 0.78336328125 0.6460625 0.8131005859375 0.6167607421875 0.8706865234375 0.6004013671875 0.91148046875 0.580171875 0.9882001953125 0.5824619140625 0.999994140625 1 1 0.9996142578125 0.7149765625 0.9776318359375 0.712439453125 0.94325 0.7107490234375 0.9207041015625 0.708494140625 0.91027734375 0.708494140625 0.89130859375 0.70703125 0.88740234375 0.701953125 0.8845703125 0.69931640625
6 0.5813876953125 1 0.5792939453125 0.9881728515625 0.584412109375 0.9686298828125 0.5877783203125 0.9570810546875 0.59110546875 0.9419248046875 0.5944736328125 0.9304306640625 0.597896484375 0.91703515625 0.6006337890625 0.9085283203125 0.609140625 0.8872138671875 0.61632421875 0.8692314453125 0.62723828125 0.84740234375 0.6372998046875 0.8276201171875 0.6463388671875 0.81056640625 0.6565712890625 0.7945361328125 0.6778876953125 0.762474609375 0.6905078125 0.7512197265625 0.701251953125 0.74576171875 0.7153671875 0.740748046875 0.7191962890625 0.741705078125 0.71967578125 0.737396484375 0.7131328125 0.7338857421875 0.6638330078125 0.7227158203125 0.65580078125 0.726646484375 0.6493232421875 0.72788671875 0.6421552734375 0.725681640625 0.6370556640625 0.71865234375 0.6370556640625 0.71093359375 0.6378828125 0.705419921875 0.6320966796875 0.70759765625 0.61790234375 0.712732421875 0.6012919921875 0.7142421875 0.5744140625 0.720583984375 0.5584072265625 0.7275302734375 0.5433076171875 0.72873828125 0.5390791015625 0.72783203125 0.180873046875 0.767685546875 0 0.77529296875 0 1 0.5813876953125 1
2 0 0 0 0.77470703125 0.18134765625 0.7669921875 0.3970703125 0.74296875 0.5398037109375 0.7269638671875 0.542900390625 0.7281259765625 0.5581904296875 0.7265771484375 0.57444921875 0.719609375 0.600771484375 0.71322265625 0.617388671875 0.71192578125 0.6371298828125 0.704681640625 0.640015625 0.695302734375 0.6382978515625 0.686712890625 0.639546875 0.6759365234375 0.6420458984375 0.670939453125 0.644232421875 0.6685966796875 0.64923046875 0.6668779296875 0.661412109375 0.66516015625 0.6645361328125 0.661099609375 0.6670341796875 0.6595380859375 0.6726572265625 0.6581328125 0.6796416015625 0.6588583984375 0.6926787109375 0.6493056640625 0.697326171875 0.64569140625 0.7150107421875 0.635880859375 0.7232724609375 0.6339443359375 0.733919921875 0.6334013671875 0.748966796875 0.6356083984375 0.762208984375 0.6361103515625 0.7915 0.6351572265625 0.807720703125 0.636416015625 0.8176494140625 0.63893359375 0.828697265625 0.6480224609375 0.8400048828125 0.665814453125 0.8534228515625 0.67814453125 0.8635771484375 0.6899912109375 0.8644228515625 0.692771484375 0.8969326171875 0.6927177734375 1 0.698888671875 1 0.54669921875 0.9987294921875 0.3730498046875 0.91369140625 0.3134609375 0.904380859375 0.175041015625 0.8838974609375 0.1582822265625 0.8634140625 0.1582822265625 0.8646552734375 0.2917353515625 0.8109169921875 0.266095703125 0.702673828125 0.2043076171875 0.5377451171875 0.1172392578125 0.300669921875 0.007787109375 0.2747685546875 0 0 0
0 0.276802734375 0 0.3004609375 0.0063876953125 0.5458291015625 0.119134765625 0.7040234375 0.20326171875 0.8109658203125 0.264470703125 0.8637646484375 0.2903994140625 0.861369140625 0.1787978515625 0.58835546875 0 0.276802734375 0
4 0.766138671875 0.6351328125 0.7801591796875 0.6346806640625 0.7898076171875 0.63437890625 0.8078984375 0.6354345703125 0.817697265625 0.6378466796875 0.8289296875 0.6470595703125 0.840595703125 0.6652529296875 0.8542666015625 0.6781552734375 0.86398046875 0.689453125 0.8649306640625 0.6925146484375 0.898517578125 0.692408203125 0.9399921875 0.6943662109375 0.997599609375 0.697833984375 0.9963720703125 0.5732958984375 0.899345703125 0.566892578125 0.8431982421875 0.5713251953125 0.7600625 0.572349609375 0.7594267578125 0.634919921875 0.766138671875 0.6351328125
0 0.0065185546875 0.4599140625 0.1383369140625 0.476572265625 0.1463037109375 0.370828125 0.0188310546875 0.3534462890625 0.0065185546875 0.4599140625
0 0.21873046875 0.48091796875 0.3186806640625 0.489609375 0.3230263671875 0.4034208984375 0.2252490234375 0.3903837890625 0.21873046875 0.48091796875
0 0.6156337890625 0.5207529296875 0.6569169921875 0.5207529296875 0.65908984375 0.4620869140625 0.6192548828125 0.4591904296875 0.6156337890625 0.5207529296875
0 0.6156337890625 0.33751171875 0.6648837890625 0.3483759765625 0.66418359375 0.2904521484375 0.617806640625 0.2766728515625 0.6156337890625 0.33751171875
0 0.6978837890625 0.52841796875 0.73184765625 0.5316357421875 0.7332783203125 0.4765771484375 0.6985986328125 0.47121484375 0.6978837890625 0.52841796875
0 0.7608076171875 0.534138671875 0.7904814453125 0.5352109375 0.7904814453125 0.485873046875 0.7622373046875 0.4822978515625 0.7608076171875 0.534138671875
0 0.6986552734375 0.3669052734375 0.727666015625 0.3720244140625 0.7286904296875 0.3133193359375 0.6983134765625 0.3037626953125 0.6986552734375 0.3669052734375