9 0.2021865234375 0.5736083984375 0.198525390625 0.4340712890625 0.0191201171875 0.38566015625 0.0166796875 0.54025 0.2021865234375 0.5736083984375
9 0.198607421875 0.2991748046875 0.201134765625 0.1839521484375 0.0323427734375 0.1167392578125 0.0242578125 0.23853125 0.198607421875 0.2991748046875
9 0.1984150390625 0 0.039990234375 0.0005126953125 0.195337890625 0.072291015625 0.1984150390625 0
9 0.52090234375 0.0704423828125 0.5179365234375 0.04189453125 0.4953212890625 0.031884765625 0.4975458984375 0.058578125 0.52090234375 0.0704423828125
9 0.6107197265625 0.1335859375 0.6092451171875 0.1061611328125 0.5906669921875 0.096724609375 0.5918466796875 0.1212001953125 0.6107197265625 0.1335859375
9 0.68598828125 0.186314453125 0.682421875 0.1602470703125 0.667330078125 0.152837890625 0.6711708984375 0.178357421875 0.68598828125 0.186314453125
9 0.7489814453125 0.233189453125 0.7456875 0.208716796875 0.7320390625 0.202833984375 0.7346279296875 0.2237763671875 0.7489814453125 0.233189453125
9 0.8009580078125 0.274564453125 0.798771484375 0.251611328125 0.7860927734375 0.2437412109375 0.7893720703125 0.2660380859375 0.8009580078125 0.274564453125
9 0.8464970703125 0.310484375 0.8447109375 0.2877783203125 0.8334853515625 0.280634765625 0.83578125 0.3025751953125 0.8464970703125 0.310484375
9 0.885947265625 0.34248046875 0.8821552734375 0.318068359375 0.8733857421875 0.3142763671875 0.8769404296875 0.337740234375 0.885947265625 0.34248046875
9 0.443814453125 0.1554228515625 0.504861328125 0.1824375 0.503107421875 0.1505107421875 0.4055732421875 0.099638671875 0.40873046875 0.1599833984375 0.443814453125 0.1554228515625
9 0.6402880859375 0.264630859375 0.6396572265625 0.2346669921875 0.5658505859375 0.185462890625 0.564904296875 0.218896484375 0.6402880859375 0.264630859375
9 0.703634765625 0.284859375 0.7091396484375 0.3455224609375 0.7438515625 0.3638876953125 0.733958984375 0.2971083984375 0.6975361328125 0.2724072265625 0.6967734375 0.2805390625 0.703634765625 0.284859375
9 0.817552734375 0.3841064453125 0.8116328125 0.337974609375 0.780794921875 0.3241591796875 0.7884423828125 0.3853408203125 0.817552734375 0.3841064453125
9 0.2158759765625 0.8747470703125 0.2063193359375 0.722958984375 0.0691474609375 0.7145263671875 0.071958984375 0.873060546875 0.2158759765625 0.8747470703125
9 0.5092734375 0.615521484375 0.55640625 0.62391015625 0.54841796875 0.527248046875 0.444166015625 0.5056787109375 0.45095703125 0.619515625 0.5092734375 0.615521484375
9 0.6947451171875 0.64958203125 0.68770703125 0.568640625 0.6272939453125 0.5516318359375 0.635798828125 0.640197265625 0.6947451171875 0.64958203125
9 0.7524794921875 0.6705576171875 0.7835625 0.674505859375 0.777724609375 0.5956982421875 0.74296484375 0.5880029296875 0.74959765625 0.6405419921875 0.7524794921875 0.6705576171875
9 0.76951953125 0.5135791015625 0.7604599609375 0.43826953125 0.72450390625 0.423546875 0.7335634765625 0.5002724609375 0.76951953125 0.5135791015625
9 0.843958984375 0.526044921875 0.83753125 0.4748232421875 0.8064501953125 0.464 0.814220703125 0.5286611328125 0.843958984375 0.526044921875
9 0.944267578125 0.461677734375 0.9426337890625 0.429658203125 0.9151875 0.410380859375 0.9178017578125 0.4450146484375 0.944267578125 0.461677734375
9 0.9620458984375 0.5772275390625 0.957353515625 0.537859375 0.9331064453125 0.5253447265625 0.9367568359375 0.566798828125 0.9620458984375 0.5772275390625
9 0.8648662109375 0.6828955078125 0.858521484375 0.6145478515625 0.8265107421875 0.6084921875 0.8331435546875 0.6852021484375 0.8648662109375 0.6828955078125
9 0.9537333984375 0.6964169921875 0.979748046875 0.697357421875 0.9728525390625 0.6431357421875 0.9484052734375 0.64094140625 0.954046875 0.693283203125 0.9537333984375 0.6964169921875
9 0.4623720703125 0.36715625 0.522947265625 0.3854951171875 0.520353515625 0.3280693359375 0.4253232421875 0.283240234375 0.4284716796875 0.3723427734375 0.4623720703125 0.36715625
9 0.6265712890625 0.40973828125 0.634302734375 0.4042158203125 0.634302734375 0.377341796875 0.5930712890625 0.36151171875 0.5978564453125 0.4163642578125 0.6265712890625 0.40973828125
9 0.5723154296875 0.8638876953125 0.5650966796875 0.7459755859375 0.4580126953125 0.74196484375 0.4672373046875 0.8670966796875 0.5723154296875 0.8638876953125
9 0.7173896484375 0.8487333984375 0.7070556640625 0.753392578125 0.6490517578125 0.7517265625 0.6573857421875 0.855734375 0.7173896484375 0.8487333984375
9 0.80234375 0.7873125 0.8021162109375 0.75497265625 0.7602109375 0.7552001953125 0.7604384765625 0.7870849609375 0.80234375 0.7873125
9 0.8762626953125 0.785150390625 0.8748896484375 0.7575703125 0.8401748046875 0.757158203125 0.8408603515625 0.7859736328125 0.8762626953125 0.785150390625
9 0.9356728515625 0.7845791015625 0.9340224609375 0.7587685546875 0.9072685546875 0.759357421875 0.90868359375 0.785404296875 0.9356728515625 0.7845791015625
9 0.9926982421875 0.7832880859375 0.99056640625 0.758244140625 0.960994140625 0.75864453125 0.962458984375 0.7836884765625 0.9926982421875 0.7832880859375
1 0.3987724609375 1 0.364921875 0.9895009765625 0.3063037109375 0.9734013671875 0.2660595703125 0.9650224609375 0.2035322265625 0.9573662109375 0.1147216796875 0.95027734375 0.0473984375 0.949228515625 0.0002099609375 0.9494384765625 0 1 0.3987724609375 1
1 1 0.840080078125 0.9957783203125 0.82909765625 0.9925478515625 0.823498046875 0.988671875 0.8209140625 0.9798427734375 0.8202685546875 0.9566162109375 0.82120703125 0.9234072265625 0.8242958984375 0.864455078125 0.8309892578125 0.7934228515625 0.8394609375 0.7675771484375 0.84323046875 0.774845703125 0.827345703125 0.7743076171875 0.8233076171875 0.7721533203125 0.824115234375 0.764345703125 0.8426923828125 0.7597685546875 0.8443076171875 0.7177685546875 0.848345703125 0.6851923828125 0.8550771484375 0.6643486328125 0.864521484375 0.6446318359375 0.8818994140625 0.608875 0.9220009765625 0.5811376953125 0.954416015625 0.56417578125 0.9672802734375 0.53969921875 0.9898388671875 0.529841796875 1 1 0.999439453125 1 0.840080078125
3 0.1944443359375 0.9552236328125 0.2151259765625 0.95762109375 0.2513779296875 0.9626259765625 0.268037109375 0.9647705078125 0.29999609375 0.9711201171875 0.3213017578125 0.976619140625 0.3484384765625 0.98381640625 0.3989853515625 0.9996328125 0.52821484375 1 0.5358076171875 0.9917900390625 0.5584248046875 0.9714169921875 0.5808408203125 0.953318359375 0.61881640625 0.9096416015625 0.5390498046875 0.920125 0.45821484375 0.9300283203125 0.39135546875 0.937203125 0.3118544921875 0.9449892578125 0.2075869140625 0.951853515625 0.1878984375 0.9522294921875 0.172611328125 0.9538212890625 0.1944443359375 0.9552236328125
8 0 0.948837890625 0.0400576171875 0.947765625 0.107296875 0.948837890625 0.1551044921875 0.9520439453125 0.1717451171875 0.95270703125 0.25986328125 0.947869140625 0.4036767578125 0.9350361328125 0.48776171875 0.9245693359375 0.5461171875 0.917623046875 0.60734375 0.9105888671875 0.61971875 0.9083759765625 0.6230322265625 0.9050322265625 0.644462890625 0.87951953125 0.637830078125 0.788181640625 0.5280830078125 0.785201171875 0.4245927734375 0.78307421875 0.3590517578125 0.7796552734375 0.2815419921875 0.778515625 0.10701171875 0.767318359375 0.1113876953125 0.7629423828125 0.1213330078125 0.7454384765625 0.128095703125 0.727138671875 0.1296875 0.71361328125 0.1272998046875 0.7008828125 0.1352568359375 0.690142578125 0.14679296875 0.6857666015625 0.149578125 0.670251953125 0.143212890625 0.6547373046875 0.1384384765625 0.6380283203125 0.143212890625 0.625298828125 0.15673828125 0.6109775390625 0.1611142578125 0.6066015625 0.1623076171875 0.597849609375 0.158330078125 0.587904296875 0.1599208984375 0.585517578125 0.173048828125 0.5747763671875 0.19651953125 0.5425537109375 0.2108408203125 0.51470703125 0.220388671875 0.49441796875 0.2331181640625 0.4765166015625 0.250224609375 0.46458203125 0.2609658203125 0.4502607421875 0.2736953125 0.4303701171875 0.2792646484375 0.4172421875 0.2856298828125 0.406103515625 0.284833984375 0.398943359375 0.27648046875 0.396158203125 0.262556640625 0.4144580078125 0.267330078125 0.4025234375 0.2653408203125 0.3965556640625 0.2617607421875 0.39496484375 0.2538046875 0.39775 0.247837890625 0.41008203125 0.2422685546875 0.4240048828125 0.2235712890625 0.44469140625 0.2132275390625 0.458615234375 0.20925 0.45503515625 0.2096474609375 0.44469140625 0.210044921875 0.4339501953125 0.2144208984375 0.4204248046875 0.2191953125 0.4021259765625 0.230333984375 0.368708984375 0.2339140625 0.3535927734375 0.2335166015625 0.3468291015625 0.227548828125 0.3436474609375 0.2195927734375 0.3627421875 0.21123828125 0.3882021484375 0.2024873046875 0.4120712890625 0.1985087890625 0.4255966796875 0.1941328125 0.4204248046875 0.1949287109375 0.413662109375 0.19890625 0.39973828125 0.2032822265625 0.3866103515625 0.2144208984375 0.366322265625 0.2207861328125 0.351603515625 0.219990234375 0.3444423828125 0.2156142578125 0.3368837890625 0.208056640625 0.3380771484375 0.204078125 0.3432490234375 0.2024873046875 0.35041015625 0.19651953125 0.3583662109375 0.1909501953125 0.369107421875 0.1798115234375 0.37984765625 0.1662861328125 0.3929755859375 0.1535556640625 0.4076953125 0.147986328125 0.41485546875 0.14201953125 0.411275390625 0.140826171875 0.4033193359375 0.14440625 0.3905888671875 0.1547490234375 0.3834287109375 0.155544921875 0.3770634765625 0.15673828125 0.3631396484375 0.1674794921875 0.3348955078125 0.1686728515625 0.3273369140625 0.17145703125 0.318982421875 0.1674794921875 0.3181865234375 0.1638994140625 0.321369140625 0.160318359375 0.3297236328125 0.1571357421875 0.339271484375 0.1508154296875 0.3545947265625 0.147673828125 0.3644130859375 0.14217578125 0.371482421875 0.1402119140625 0.3679482421875 0.1402119140625 0.35734375 0.1406044921875 0.344775390625 0.1402119140625 0.330244140625 0.1362841796875 0.32631640625 0.1323564453125 0.3298515625 0.1311787109375 0.3428115234375 0.130392578125 0.3549873046875 0.12646484375 0.3742314453125 0.117431640625 0.38837109375 0.11271875 0.3966181640625 0.10761328125 0.39701171875 0.1048642578125 0.3907275390625 0.10761328125 0.3813017578125 0.1087919921875 0.3742314453125 0.107220703125 0.3683408203125 0.1060419921875 0.3597001953125 0.10761328125 0.3459541015625 0.108005859375 0.331421875 0.1060419921875 0.3243525390625 0.1001513671875 0.32631640625 0.098580078125 0.3380986328125 0.0966162109375 0.3703046875 0.0938671875 0.3703046875 0.09033203125 0.365591796875 0.0907255859375 0.35812890625 0.0915107421875 0.3467392578125 0.0915107421875 0.331029296875 0.0915107421875 0.3196396484375 0.0911181640625 0.3106064453125 0.0867978515625 0.307857421875 0.084048828125 0.3109990234375 0.0820849609375 0.316498046875 0.0832626953125 0.3290654296875 0.0789423828125 0.344775390625 0.075408203125 0.3848359375 0.0730517578125 0.39269140625 0.0703017578125 0.403294921875 0.0640185546875 0.4135068359375 0.0557705078125 0.425681640625 0.0514501953125 0.434322265625 0.04987890625 0.452388671875 0.0463447265625 0.4547451171875 0.0447734375 0.4453193359375 0.0432021484375 0.432751953125 0.040845703125 0.4186123046875 0.03966796875 0.4091865234375 0.0341689453125 0.4048662109375 0.0282783203125 0.4056513671875 0.02670703125 0.411150390625 0.02670703125 0.421361328125 0.0282783203125 0.4394287109375 0.0302421875 0.4527822265625 0.034955078125 0.4633857421875 0.0329912109375 0.4798818359375 0.0318125 0.486951171875 0.02670703125 0.48734375 0.023171875 0.48223828125 0.023171875 0.461421875 0.0196376953125 0.4571015625 0.014138671875 0.4571015625 0.0102119140625 0.4571015625 0.0109970703125 0.4457119140625 0.0113896484375 0.4268603515625 0.009033203125 0.4190048828125 0.00510546875 0.416255859375 0.00078515625 0.42096875 0 0.948837890625
7 0.646279296875 0.87709375 0.658126953125 0.867697265625 0.64734765625 0.739658203125 0.6216943359375 0.4944091796875 0.6131103515625 0.43521484375 0.6160166015625 0.4284345703125 0.628607421875 0.424560546875 0.6447509765625 0.419072265625 0.659943359375 0.4219169921875 0.6706845703125 0.4210576171875 0.67884765625 0.41246484375 0.68357421875 0.40215234375 0.68400390625 0.3952783203125 0.68099609375 0.389263671875 0.67369140625 0.383248046875 0.659279296875 0.3806513671875 0.6512080078125 0.3816201171875 0.6428134765625 0.3867861328125 0.636033203125 0.392919921875 0.636033203125 0.400345703125 0.6350654296875 0.40454296875 0.6269931640625 0.411 0.6040703125 0.4155205078125 0.6014091796875 0.419302734375 0.622068359375 0.6136513671875 0.646279296875 0.87709375
8 1 0.4357998046875 0.99434375 0.4399267578125 0.9897822265625 0.44123046875 0.9889130859375 0.4386240234375 0.9917373046875 0.426240234375 0.9926064453125 0.41646484375 0.992388671875 0.412119140625 0.99043359375 0.4101640625 0.9869580078125 0.4153779296875 0.9841337890625 0.420375 0.9832646484375 0.421244140625 0.9821787109375 0.415595703125 0.9834814453125 0.38583203125 0.9804404296875 0.3814873046875 0.9769638671875 0.3808359375 0.9747919921875 0.3823564453125 0.9737060546875 0.385615234375 0.97457421875 0.3919150390625 0.9758779296875 0.398650390625 0.975443359375 0.4029951171875 0.9728369140625 0.4012568359375 0.970447265625 0.3899599609375 0.968708984375 0.390177734375 0.96675390625 0.3919150390625 0.966970703125 0.3988671875 0.9721845703125 0.4284130859375 0.9682744140625 0.427109375 0.964798828125 0.4173330078125 0.964146484375 0.3993017578125 0.961974609375 0.39039453125 0.9587158203125 0.385615234375 0.9543701171875 0.3897431640625 0.9543701171875 0.39148046875 0.953501953125 0.402560546875 0.953935546875 0.409294921875 0.9552392578125 0.4162470703125 0.959150390625 0.4273271484375 0.959583984375 0.430802734375 0.9526328125 0.422330078125 0.9456806640625 0.4199404296875 0.9430732421875 0.4197236328125 0.943291015625 0.4229814453125 0.9435078125 0.4292822265625 0.9437255859375 0.4366689453125 0.945029296875 0.4442724609375 0.929169921875 0.4342783203125 0.9098349609375 0.4273271484375 0.903099609375 0.429716796875 0.9022314453125 0.4340615234375 0.904837890625 0.4405791015625 0.90679296875 0.4470966796875 0.912224609375 0.455134765625 0.91591796875 0.4668662109375 0.917873046875 0.4762080078125 0.9135283203125 0.4866357421875 0.9091826171875 0.4892421875 0.899189453125 0.4825078125 0.890716796875 0.48533203125 0.8905 0.4905458984375 0.8931064453125 0.4959775390625 0.897451171875 0.5016259765625 0.903751953125 0.5100986328125 0.900927734375 0.5179189453125 0.8920205078125 0.51813671875 0.883982421875 0.5137919921875 0.869861328125 0.5122705078125 0.8544365234375 0.5100986328125 0.8463984375 0.51813671875 0.8481357421875 0.524654296875 0.850091796875 0.532474609375 0.857912109375 0.54290234375 0.873771484375 0.5605 0.8789853515625 0.572013671875 0.8807236328125 0.581138671875 0.8770302734375 0.588958984375 0.8809404296875 0.61872265625 0.876595703125 0.62437109375 0.867037109375 0.624587890625 0.8639951171875 0.6278466796875 0.86833984375 0.6315400390625 0.872033203125 0.6326259765625 0.8787685546875 0.633060546875 0.8757265625 0.6384921875 0.8705126953125 0.6406640625 0.86833984375 0.643271484375 0.87073046875 0.6458779296875 0.87746484375 0.6458779296875 0.8844169921875 0.6437060546875 0.908748046875 0.6739033203125 0.907662109375 0.6869384765625 0.910486328125 0.6928037109375 0.9211318359375 0.7017109375 0.9265625 0.702580078125 0.93394921875 0.7017109375 0.9467666015625 0.6973662109375 0.958498046875 0.7004072265625 0.9773984375 0.70562109375 0.9878271484375 0.7084453125 0.9934755859375 0.71409375 0.9967333984375 0.7208291015625 0.9976025390625 0.7820927734375 0.84169921875 0.7845888671875 0.6528173828125 0.790134765625 0.658841796875 0.867064453125 0.6800966796875 0.85574609375 0.6841083984375 0.854001953125 0.719861328125 0.846998046875 0.758310546875 0.8439765625 0.763841796875 0.8416826171875 0.7718232421875 0.8235830078125 0.7744384765625 0.822494140625 0.7754189453125 0.826525390625 0.7687724609375 0.842216796875 0.9183076171875 0.8235869140625 0.9639296875 0.8192421875 0.987609375 0.8192421875 0.9934755859375 0.82206640625 1 0.837056640625 1 0.4357998046875
0 0.431478515625 0.1614453125 0.44172265625 0.1606259765625 0.4544248046875 0.1626748046875 0.512662109375 0.1913232421875 0.7056318359375 0.307146484375 0.7027919921875 0.2839560546875 0.68196875 0.2716513671875 0.5726455078125 0.203501953125 0.46180078125 0.1389091796875 0.451017578125 0.13724609375 0.438712890625 0.136298828125 0.4240419921875 0.1386650390625 0.386875 0.1508916015625 0.388724609375 0.174146484375 0.431478515625 0.1614453125
0 0.8203583984375 0.384931640625 0.8254814453125 0.3859072265625 0.83304296875 0.38956640625 0.9174453125 0.4446962890625 0.951896484375 0.4682646484375 0.9553466796875 0.4528955078125 0.8835234375 0.4033408203125 0.8477685546875 0.3807587890625 0.8289501953125 0.3688408203125 0.822677734375 0.3672724609375 0.8079365234375 0.368212890625 0.7738759765625 0.3750625 0.776357421875 0.394205078125 0.8203583984375 0.384931640625
0 0.4537841796875 0.3706298828125 0.4628125 0.3696796875 0.4706533203125 0.3708681640625 0.4880703125 0.3744033203125 0.5319423828125 0.3896083984375 0.6007666015625 0.41969921875 0.6046044921875 0.3966728515625 0.546341796875 0.3726005859375 0.4919169921875 0.35062109375 0.4797060546875 0.3474814453125 0.4657509765625 0.345388671875 0.4510986328125 0.3464345703125 0.4266767578125 0.3502724609375 0.4038173828125 0.3569541015625 0.4055625 0.384623046875 0.4537841796875 0.3706298828125
0 0.733646484375 0.456365234375 0.730287109375 0.45378125 0.66258203125 0.4235458984375 0.64604296875 0.419927734375 0.621751953125 0.427939453125 0.6171005859375 0.4294892578125 0.62071875 0.431298828125 0.73261328125 0.4775546875 0.733646484375 0.456365234375
0 0.8437919921875 0.5279404296875 0.860515625 0.5325009765625 0.9737763671875 0.5859599609375 0.9728359375 0.565251953125 0.9083564453125 0.5407783203125 0.8565849609375 0.513951171875 0.8415234375 0.51159765625 0.82693359375 0.512068359375 0.799666015625 0.519447265625 0.801587890625 0.537380859375 0.8437919921875 0.5279404296875
0 0.8684814453125 0.6832392578125 0.881486328125 0.6838740234375 0.8967119140625 0.686728515625 0.9748994140625 0.7001337890625 0.9682060546875 0.6850732421875 0.9257021484375 0.6773759765625 0.8718203125 0.6659970703125 0.85642578125 0.6673359375 0.81931640625 0.67340625 0.8196328125 0.6911689453125 0.8684814453125 0.6832392578125
0 0.47889453125 0.621767578125 0.5523203125 0.6308095703125 0.6221025390625 0.64243359375 0.620259765625 0.611404296875 0.5136572265625 0.59112890625 0.4697412109375 0.59075390625 0.418228515625 0.60015625 0.421908203125 0.633271484375 0.47889453125 0.621767578125
0 0.758037109375 0.6680869140625 0.757640625 0.6415380859375 0.6357919921875 0.616177734375 0.638169921875 0.6451044921875 0.758037109375 0.6680869140625
2 0.0818955078125 0.9478203125 0.171029296875 0.9517353515625 0.3066611328125 0.94230859375 0.6186689453125 0.9078505859375 0.6440595703125 0.8792890625 0.63664453125 0.7869521484375 0.626068359375 0.66580859375 0.6010703125 0.4191943359375 0.603791015625 0.414970703125 0.6262431640625 0.4098310546875 0.634900390625 0.40252734375 0.63544140625 0.3919775390625 0.645720703125 0.3833203125 0.6503193359375 0.380615234375 0.6598154296875 0.379611328125 0.673912109375 0.3826640625 0.681615234375 0.388767578125 0.6846669921875 0.3948720703125 0.684521484375 0.402865234375 0.67987109375 0.412748046875 0.6708603515625 0.4214677734375 0.6616806640625 0.4228154296875 0.6451796875 0.4195693359375 0.6167958984375 0.4288798828125 0.613755859375 0.4350224609375 0.6200439453125 0.47890234375 0.6264716796875 0.53228515625 0.629546875 0.5663818359375 0.6531630859375 0.78871484375 0.8055 0.7835087890625 0.9972197265625 0.7813720703125 0.998421875 0.7220478515625 0.9990546875 0.4935380859375 1 0.4540068359375 0.9319716796875 0.399501953125 0.803197265625 0.298279296875 0.57658203125 0.1342353515625 0.3945986328125 0.0171171875 0.3395244140625 0 0 0.0008232421875 0.000216796875 0.9476953125 0.0818955078125 0.9478203125