2 0.652078125 0 0.47466796875 0.0673564453125 0.4683291015625 0.0404140625 0.4556494140625 0.032490234375 0.437423828125 0.0309052734375 0.425537109375 0.032490234375 0.4207822265625 0.0586396484375 0.4152353515625 0.0594326171875 0.4073115234375 0.0538857421875 0.396216796875 0.05230078125 0.3867080078125 0.0562626953125 0.374029296875 0.066564453125 0.3518408203125 0.1030166015625 0.344708984375 0.13312890625 0.2908232421875 0.152939453125 0.23773046875 0.1061865234375 0.2163349609375 0.089544921875 0.200486328125 0.086375 0.1838447265625 0.0935068359375 0.1727509765625 0.100638671875 0.10934765625 0.22936328125 0.0293203125 0.2654658203125 0.0237734375 0.2654658203125 0.0134716796875 0.268634765625 0 0.2821064453125 0.0009462890625 0.6942275390625 0.218578125 0.7241943359375 0.35419140625 0.728576171875 0.356919921875 0.3498251953125 0.3290869140625 0.34109375 0.3219921875 0.34273046875 0.3132607421875 0.3367275390625 0.307802734375 0.324720703125 0.30889453125 0.3159892578125 0.3187177734375 0.3072568359375 0.3356357421875 0.30889453125 0.353099609375 0.3258125 0.3700185546875 0.338365234375 0.3667744140625 0.4913134765625 0.365384765625 0.727818359375 0.380916015625 0.727162109375 0.381560546875 0.6920126953125 0.392544921875 0.6891220703125 0.5561533203125 0.6879658203125 0.6405595703125 0.6827626953125 0.74230859375 0.6949033203125 0.74346484375 0.71802734375 0.80678515625 0.71824609375 0.86637890625 0.7094482421875 0.8935654296875 0.7103671875 0.9764912109375 0.71163671875 1 0.7318857421875 1 0.1333037109375 0.767607421875 0 0.652078125 0
7 0.36328125 0.65966796875 0.36868359375 0.340478515625 0.354984375 0.329599609375 0.3424931640625 0.31751171875 0.33362890625 0.30985546875 0.318720703125 0.3090498046875 0.3106611328125 0.31751171875 0.3095703125 0.32470703125 0.313482421875 0.335240234375 0.32177734375 0.3408203125 0.3320166015625 0.3408818359375 0.359375 0.34814453125 0.35673828125 0.5451435546875 0.3571533203125 0.7710517578125 0.3588896484375 0.8280087890625 0.35986328125 0.8359375 0.3671875 0.83642578125 0.3660673828125 0.812115234375 0.36328125 0.65966796875
9 0.1156376953125 0.25134375 0.1223271484375 0.2508662109375 0.1199375 0.317763671875 0.1811015625 0.29673828125 0.184923828125 0.2145498046875 0.205470703125 0.2011708984375 0.20881640625 0.178234375 0.1705888671875 0.1127705078125 0.1165927734375 0.2288857421875 0.1156376953125 0.25134375
9 0.211984375 0.2826455078125 0.3458994140625 0.2302197265625 0.344759765625 0.1789326171875 0.2125537109375 0.238197265625 0.211984375 0.2826455078125
9 0.02485546875 0.3634384765625 0.097763671875 0.33140234375 0.0961064453125 0.2955009765625 0.0237509765625 0.331955078125 0.02485546875 0.3634384765625
9 0.0508154296875 0.38663671875 0.046396484375 0.4529169921875 0.11378125 0.4341376953125 0.11654296875 0.361228515625 0.0508154296875 0.38663671875
9 0.1569794921875 0.352154296875 0.1565595703125 0.426447265625 0.1758671875 0.4235087890625 0.1758671875 0.3466982421875 0.1569794921875 0.352154296875
9 0.2635908203125 0.400423828125 0.2635908203125 0.3164775390625 0.19265625 0.339142578125 0.1909775390625 0.416373046875 0.2635908203125 0.400423828125
9 0.38153515625 0.369783203125 0.3802763671875 0.284158203125 0.27912109375 0.3080830078125 0.2824794921875 0.39076953125 0.38153515625 0.369783203125
9 0.4806357421875 0.1745830078125 0.623205078125 0.125921875 0.61936328125 0.0695771484375 0.4806357421875 0.1199453125 0.4806357421875 0.1745830078125
9 0.678 0.10786328125 0.670294921875 0.0532900390625 0.6336982421875 0.0635625 0.6407607421875 0.1168525390625 0.678 0.10786328125
9 1 0.1719091796875 0.8342099609375 0.0995263671875 0.8311943359375 0.132701171875 1 0.197845703125 1 0.1719091796875
9 1 0.33762109375 0.9994658203125 0.2257509765625 0.8922841796875 0.2136923828125 0.8976435546875 0.3248935546875 1 0.33762109375
9 1 0.5332265625 0.9981259765625 0.4146572265625 0.8996533203125 0.410638671875 0.90233203125 0.5298779296875 1 0.5332265625
9 1 0.612943359375 0.903671875 0.6176318359375 0.9063515625 0.710076171875 0.976689453125 0.71074609375 1 0.7308427734375 1 0.612943359375
9 0.637818359375 0.6824609375 0.6342041015625 0.6204306640625 0.5601298828125 0.6204306640625 0.55952734375 0.684267578125 0.637818359375 0.6824609375
9 0.5398681640625 0.6874814453125 0.537109375 0.624021484375 0.39961328125 0.625861328125 0.39961328125 0.6893212890625 0.5398681640625 0.6874814453125
9 0.261443359375 0.7161572265625 0.2624365234375 0.623494140625 0.189298828125 0.6238251953125 0.1883056640625 0.70821484375 0.261443359375 0.7161572265625
9 0.3805830078125 0.727740234375 0.37958984375 0.6238251953125 0.2799765625 0.625810546875 0.2799765625 0.719466796875 0.3805830078125 0.727740234375
9 0.378927734375 0.509650390625 0.288912109375 0.5185849609375 0.289904296875 0.5513486328125 0.3785966796875 0.5447294921875 0.378927734375 0.509650390625
9 0.25884765625 0.5551005859375 0.2592216796875 0.4690673828125 0.198998046875 0.479541015625 0.1978759765625 0.5595888671875 0.25884765625 0.5551005859375
9 0.53736328125 0.5354560546875 0.53736328125 0.41462890625 0.4012734375 0.438158203125 0.3993662109375 0.55008203125 0.53736328125 0.5354560546875
9 0.6333896484375 0.5284609375 0.63275390625 0.4057255859375 0.5640732421875 0.4120849609375 0.564708984375 0.53100390625 0.6333896484375 0.5284609375
9 0.170818359375 0.562939453125 0.170818359375 0.485748046875 0.1526220703125 0.488095703125 0.151447265625 0.5647001953125 0.170818359375 0.562939453125
9 0.04662109375 0.5018486328125 0.0459990234375 0.5335517578125 0.0569814453125 0.53272265625 0.058224609375 0.5008134765625 0.04662109375 0.5018486328125
9 0.0837109375 0.5289931640625 0.084125 0.4968759765625 0.0708642578125 0.498326171875 0.069828125 0.4991552734375 0.06962109375 0.531064453125 0.0837109375 0.5289931640625
9 0.11251171875 0.5244345703125 0.11209765625 0.4898310546875 0.095935546875 0.493353515625 0.095728515625 0.525677734375 0.11251171875 0.5244345703125
9 0.559369140625 0.21419921875 0.5613046875 0.3238798828125 0.6361455078125 0.30775 0.633564453125 0.19484375 0.559369140625 0.21419921875
9 0.4135595703125 0.360009765625 0.538078125 0.332912109375 0.5348525390625 0.2232314453125 0.41678515625 0.2600068359375 0.4135595703125 0.360009765625
9 0 0.572537109375 0.0271611328125 0.569677734375 0.0282333984375 0.50963671875 0 0.5146396484375 0 0.572537109375
9 0 0.5046328125 0.025732421875 0.4978427734375 0.0268037109375 0.40563671875 0 0.4117119140625 0 0.5046328125
9 0 0.377044921875 0.022515625 0.3670380859375 0.022158203125 0.33666015625 0 0.3477392578125 0 0.377044921875
8 0.354830078125 0.729517578125 0.21573046875 0.7255009765625 0.000376953125 0.6950048828125 0 0.75927734375 0.00439453125 0.76171875 0.25048828125 0.802734375 0.3574521484375 0.8171953125 0.3552041015625 0.7407587890625 0.354830078125 0.729517578125
8 1 0.7325751953125 0.9893623046875 0.7231455078125 0.9763447265625 0.71240625 0.8709072265625 0.7103642578125 0.7491494140625 0.7198349609375 0.67431640625 0.7236328125 0.3660654296875 0.729048828125 0.3687626953125 0.8176748046875 0.38427734375 0.8212890625 0.58935546875 0.845703125 0.731830078125 0.8580625 0.8668505859375 0.8788349609375 0.9443359375 0.87744140625 0.98876953125 0.8759765625 1 0.87158203125 1 0.7325751953125
8 0.673849609375 0 0.624119140625 0.006630859375 0.6100283203125 0.010775390625 0.6050556640625 0.0174052734375 0.6033974609375 0.0331533203125 0.61334375 0.0704521484375 0.6033974609375 0.108578125 0.5602978515625 0.128470703125 0.5312880859375 0.1566513671875 0.493990234375 0.19809375 0.489017578125 0.214669921875 0.4857021484375 0.236220703125 0.4906748046875 0.241193359375 0.53708984375 0.2345625 0.5536669921875 0.241193359375 0.5710732421875 0.268544921875 0.5735595703125 0.2992119140625 0.55946875 0.318275390625 0.538748046875 0.3191044921875 0.5238291015625 0.3298798828125 0.511396484375 0.32905078125 0.50062109375 0.31993359375 0.4790712890625 0.3075009765625 0.461666015625 0.30169921875 0.4450888671875 0.30252734375 0.44674609375 0.31993359375 0.4583505859375 0.34728515625 0.4417734375 0.3696640625 0.41397265625 0.3626953125 0.41272265625 0.366447265625 0.4183505859375 0.3745771484375 0.4359716796875 0.3820966796875 0.4608369140625 0.38375390625 0.4840439453125 0.389556640625 0.4964765625 0.4053046875 0.489017578125 0.4160791015625 0.487359375 0.430169921875 0.493162109375 0.43680078125 0.5155400390625 0.4343134765625 0.5511806640625 0.4359716796875 0.5578115234375 0.4492333984375 0.5578115234375 0.46415234375 0.56361328125 0.4774140625 0.5685859375 0.4906748046875 0.552837890625 0.4973056640625 0.541234375 0.511396484375 0.5553251953125 0.52797265625 0.5868212890625 0.5354326171875 0.6257763671875 0.5321171875 0.67136328125 0.5138828125 0.701201171875 0.4832158203125 0.718607421875 0.4475751953125 0.737669921875 0.41525 0.7467880859375 0.39204296875 0.7583916015625 0.3729794921875 0.77496875 0.3696640625 0.8421044921875 0.353916015625 0.8918349609375 0.3323662109375 0.87940234375 0.3638623046875 0.8470771484375 0.4053046875 0.8329873046875 0.416908203125 0.8147529296875 0.4318271484375 0.808951171875 0.4542060546875 0.7907158203125 0.4740986328125 0.7832568359375 0.4906748046875 0.750931640625 0.5055947265625 0.7310400390625 0.511396484375 0.7252373046875 0.5238291015625 0.736841796875 0.5404052734375 0.7542470703125 0.5503515625 0.759220703125 0.566099609375 0.778283203125 0.5785322265625 0.8014912109375 0.5685859375 0.8122666015625 0.552837890625 0.8288427734375 0.5221708984375 0.8387890625 0.529630859375 0.84790625 0.529630859375 0.858681640625 0.5171982421875 0.858681640625 0.4956484375 0.8669697265625 0.4591787109375 0.8744296875 0.448404296875 0.886033203125 0.453376953125 0.8943212890625 0.46415234375 0.9034384765625 0.4674677734375 0.9108984375 0.44674609375 0.921673828125 0.421052734375 0.9390791015625 0.407791015625 0.9573134765625 0.4094482421875 0.9747197265625 0.4053046875 0.9995849609375 0.3820966796875 1 0 0.76253515625 0 0.673849609375 0
4 0.529203125 0.7251953125 0.7415888671875 0.7195224609375 0.74040625 0.6970615234375 0.641107421875 0.6844521484375 0.5382626953125 0.6895751953125 0.3932548828125 0.69036328125 0.3822216796875 0.6923330078125 0.3821484375 0.7280732421875 0.529203125 0.7251953125
6 1 0.8784365234375 0.9309921875 0.8792705078125 0.863419921875 0.8809384765625 0.7407890625 0.8625859375 0.643185546875 0.8525751953125 0.370931640625 0.820443359375 0.3700869140625 0.8364970703125 0.356990234375 0.8352294921875 0.356990234375 0.8195986328125 0.26769921875 0.80772265625 0.210458984375 0.7973154296875 0.082916015625 0.776416015625 0.0264814453125 0.7677333984375 0.000216796875 0.7627412109375 0.00048828125 1 1 0.99951171875 1 0.8784365234375