9 0.993095703125 0.38497265625 0.9925380859375 0.346224609375 0.9579716796875 0.3410673828125 0.9588076171875 0.3813486328125 0.993095703125 0.38497265625
9 0.849345703125 0.3756044921875 0.849345703125 0.332712890625 0.80716015625 0.3314775390625 0.8082197265625 0.374544921875 0.849345703125 0.3756044921875
9 0.6963564453125 0.3729716796875 0.6975234375 0.3346630859375 0.653380859375 0.3366083984375 0.6529921875 0.3753056640625 0.6963564453125 0.3729716796875
9 0.5486484375 0.3879033203125 0.5517998046875 0.34816796875 0.5172421875 0.3524453125 0.5158916015625 0.3916181640625 0.5486484375 0.3879033203125
9 0.42772265625 0.3718466796875 0.404111328125 0.3814892578125 0.4029990234375 0.41721484375 0.426486328125 0.409921875 0.4288349609375 0.372958984375 0.42772265625 0.3718466796875
9 0.2089326171875 0.4325458984375 0.2066328125 0.46100390625 0.22413671875 0.45759375 0.22632421875 0.4273515625 0.2089326171875 0.4325458984375
9 0.1474970703125 0.4534599609375 0.144849609375 0.4803125 0.1603564453125 0.474828125 0.162814453125 0.44665234375 0.1474970703125 0.4534599609375
9 0.27565234375 0.4086708984375 0.27408203125 0.442416015625 0.29487890625 0.430056640625 0.2974296875 0.39925390625 0.27565234375 0.4086708984375
9 0.0823330078125 0.4774755859375 0.0791396484375 0.5019111328125 0.0903857421875 0.4999677734375 0.0937177734375 0.47344921875 0.0823330078125 0.4774755859375
9 0.028546875 0.496599609375 0.0270322265625 0.5201357421875 0.0364697265625 0.5153583984375 0.03868359375 0.49287109375 0.028546875 0.496599609375
9 0.4118017578125 0.502654296875 0.415166015625 0.453623046875 0.36212890625 0.46612109375 0.358603515625 0.5119482421875 0.4118017578125 0.502654296875
9 0.4030654296875 0.6058779296875 0.4061943359375 0.5538232421875 0.3493037109375 0.562357421875 0.34418359375 0.6144111328125 0.4030654296875 0.6058779296875
9 0.3449150390625 0.663828125 0.3409345703125 0.716361328125 0.3969169921875 0.712646484375 0.4001005859375 0.6571953125 0.3449150390625 0.663828125
9 0.3305908203125 0.7657822265625 0.3285615234375 0.8198349609375 0.390177734375 0.8213115234375 0.3938681640625 0.7639375 0.3305908203125 0.7657822265625
9 0.235146484375 0.7679287109375 0.2314453125 0.8219248046875 0.2678056640625 0.819748046875 0.2699833984375 0.76509765625 0.235146484375 0.7679287109375
9 0.2456083984375 0.6692763671875 0.2417607421875 0.72442578125 0.2746787109375 0.7207919921875 0.2789541015625 0.6669248046875 0.2456083984375 0.6692763671875
9 0.2546005859375 0.5764892578125 0.2507978515625 0.62658203125 0.2832021484375 0.625259765625 0.2870048828125 0.5707021484375 0.2546005859375 0.5764892578125
9 0.1930615234375 0.5793759765625 0.18958203125 0.6302021484375 0.212193359375 0.6315546875 0.2172177734375 0.5795693359375 0.1930615234375 0.5793759765625
9 0.21495703125 0.54165234375 0.2197119140625 0.5000478515625 0.1929658203125 0.5063876953125 0.190390625 0.5394736328125 0.21495703125 0.54165234375
9 0.265326171875 0.48765234375 0.259419921875 0.5351416015625 0.2913154296875 0.531125 0.2976943359375 0.4779658203125 0.265326171875 0.48765234375
9 0.1797900390625 0.7609794921875 0.173685546875 0.818365234375 0.1987158203125 0.8189765625 0.201462890625 0.762810546875 0.1797900390625 0.7609794921875
9 0.20459375 0.7267216796875 0.2092841796875 0.6700712890625 0.18438671875 0.6700712890625 0.1822216796875 0.7241962890625 0.20459375 0.7267216796875
9 0.1596416015625 0.8187265625 0.16659765625 0.7609912109375 0.1415556640625 0.7606435546875 0.1363388671875 0.8197705078125 0.1596416015625 0.8187265625
9 0.1511435546875 0.67317578125 0.1464033203125 0.72337109375 0.16843359375 0.7244873046875 0.173173828125 0.6709453125 0.1511435546875 0.67317578125
9 0.162978515625 0.581017578125 0.1567646484375 0.632142578125 0.17625390625 0.6298828125 0.182185546875 0.580169921875 0.162978515625 0.581017578125
9 0.1001708984375 0.7640654296875 0.0985283203125 0.813095703125 0.1238642578125 0.81567578125 0.124333984375 0.7635966796875 0.1001708984375 0.7640654296875
9 0.1300390625 0.726732421875 0.134646484375 0.681423828125 0.1085361328125 0.6839833984375 0.105720703125 0.7285244140625 0.1300390625 0.726732421875
9 0.14262109375 0.5997978515625 0.1160029296875 0.601056640625 0.1129453125 0.644041015625 0.1375849609375 0.6433212890625 0.14262109375 0.5997978515625
9 0.1499560546875 0.560314453125 0.1527294921875 0.517107421875 0.12708203125 0.5205732421875 0.1224609375 0.5644736328125 0.1499560546875 0.560314453125
9 0.0646123046875 0.5488828125 0.061392578125 0.5808671875 0.08135546875 0.5755009765625 0.08221484375 0.54458984375 0.0646123046875 0.5488828125
9 0.0266513671875 0.5645771484375 0.0112412109375 0.5700166015625 0.00924609375 0.57128515625 0.0070712890625 0.5930419921875 0.00743359375 0.5953984375 0.0271953125 0.5928603515625 0.0297333984375 0.565302734375 0.0266513671875 0.5645771484375
9 0.01777734375 0.6214326171875 0.0053330078125 0.62575 0.00228515625 0.62905078125 0 0.6620654296875 0.0015234375 0.6643515625 0.0154912109375 0.6633349609375 0.01828515625 0.6607958984375 0.0228564453125 0.6224482421875 0.01777734375 0.6214326171875
9 0.0668828125 0.6871943359375 0.0479375 0.6880556640625 0.0433447265625 0.69092578125 0.0430576171875 0.6949443359375 0.0419091796875 0.7328349609375 0.044205078125 0.7351318359375 0.0620029296875 0.7351318359375 0.06630859375 0.7339833984375 0.0688916015625 0.6897783203125 0.0668828125 0.6871943359375
9 0.04185546875 0.7672666015625 0.0403427734375 0.81088671875 0.0579921875 0.810634765625 0.0592529296875 0.7677705078125 0.04185546875 0.7672666015625
9 0 0.7351591796875 0.0092626953125 0.7361650390625 0.0140947265625 0.6916650390625 0 0.6908603515625 0 0.7351591796875
9 0.5661416015625 0.472744140625 0.5701259765625 0.4298076171875 0.463005859375 0.4457431640625 0.463005859375 0.4815966796875 0.5661416015625 0.472744140625
9 0.451939453125 0.54887890625 0.450611328125 0.58650390625 0.5519775390625 0.58517578125 0.563486328125 0.5882744140625 0.56569921875 0.5382548828125 0.451939453125 0.54887890625
9 0.559501953125 0.7042470703125 0.5590595703125 0.6498017578125 0.4492841796875 0.6559990234375 0.4488408203125 0.702033203125 0.559501953125 0.7042470703125
9 0.5341640625 0.816654296875 0.5369296875 0.822185546875 0.540880859375 0.8241611328125 0.5543134765625 0.8257421875 0.555103515625 0.7676630859375 0.450404296875 0.7672685546875 0.4440830078125 0.769638671875 0.44329296875 0.8146787109375 0.5341640625 0.816654296875
9 0.61932421875 0.478068359375 0.71195703125 0.4741650390625 0.713376953125 0.4713251953125 0.713376953125 0.4170234375 0.7123115234375 0.415958984375 0.6225185546875 0.41986328125 0.620744140625 0.4219921875 0.6179052734375 0.4762939453125 0.61932421875 0.478068359375
9 0.614224609375 0.5897490234375 0.7087412109375 0.5887080078125 0.71082421875 0.5861044921875 0.711865234375 0.5277802734375 0.71082421875 0.524916015625 0.6178701171875 0.5269990234375 0.615005859375 0.52908203125 0.6139638671875 0.5879267578125 0.614224609375 0.5897490234375
9 0.6115283203125 0.703169921875 0.705609375 0.703169921875 0.7077001953125 0.7010791015625 0.7094423828125 0.6432373046875 0.7070029296875 0.6397529296875 0.6150126953125 0.64044921875 0.6115283203125 0.6432373046875 0.610482421875 0.697943359375 0.6115283203125 0.703169921875
9 0.610306640625 0.8230048828125 0.7022666015625 0.8239970703125 0.7049130859375 0.82201171875 0.7068974609375 0.761146484375 0.7052431640625 0.758169921875 0.611298828125 0.7578388671875 0.6086533203125 0.760154296875 0.608322265625 0.8213505859375 0.610306640625 0.8230048828125
9 0.767875 0.4203046875 0.7668359375 0.4592705078125 0.8671064453125 0.4603095703125 0.8816533203125 0.4566728515625 0.9003564453125 0.4582314453125 0.9013955078125 0.4244609375 0.767875 0.4203046875
9 0.76527734375 0.5283681640625 0.7647578125 0.580841796875 0.9039931640625 0.582400390625 0.9055517578125 0.532005859375 0.76527734375 0.5283681640625
9 0.7647578125 0.6442255859375 0.76527734375 0.6909833984375 0.9086689453125 0.6920224609375 0.9097080078125 0.6452646484375 0.7647578125 0.6442255859375
9 0.76527734375 0.76371875 0.76216015625 0.8219072265625 0.9076298828125 0.8234658203125 0.9097080078125 0.76371875 0.76527734375 0.76371875
9 1 0.7593115234375 0.965201171875 0.7608056640625 0.965798828125 0.821765625 1 0.822064453125 1 0.7593115234375
9 1 0.6427607421875 0.96312109375 0.6427607421875 0.9645791015625 0.7080576171875 1 0.7080576171875 1 0.6427607421875
9 1 0.5949755859375 0.997978515625 0.5312158203125 0.9588212890625 0.52913671875 0.96020703125 0.592896484375 1 0.5949755859375
9 0.992701171875 0.481123046875 0.9884892578125 0.426693359375 0.954470703125 0.4250732421875 0.95673828125 0.4798271484375 0.992701171875 0.481123046875
0 0.55735546875 0.45816796875 0.5474365234375 0.45816796875 0.4528271484375 0.4787685546875 0.453208984375 0.5165361328125 0.5516328125 0.502802734375 0.5562109375 0.502802734375 0.5687998046875 0.51005078125 0.5699443359375 0.4596943359375 0.55735546875 0.45816796875
0 0.42327734375 0.6264501953125 0.5459248046875 0.6165390625 0.5612041015625 0.623146484375 0.5645068359375 0.621908203125 0.5669853515625 0.58019921875 0.550466796875 0.5740048828125 0.421625 0.5843291015625 0.419560546875 0.6252119140625 0.42327734375 0.6264501953125
0 0.544458984375 0.7343564453125 0.56128125 0.737267578125 0.561927734375 0.6942412109375 0.544134765625 0.6900361328125 0.415056640625 0.69553515625 0.4147333984375 0.696505859375 0.413115234375 0.737267578125 0.544458984375 0.7343564453125
0 0.5360859375 0.85733203125 0.55094921875 0.8620615234375 0.5539892578125 0.8603720703125 0.55533984375 0.8127421875 0.5404775390625 0.807337890625 0.4090732421875 0.80632421875 0.40637109375 0.8097021484375 0.407384765625 0.8515888671875 0.5360859375 0.85733203125
0 0.914638671875 0.4974091796875 0.917310546875 0.4935478515625 0.91480078125 0.4569072265625 0.9125009765625 0.453951171875 0.8941064453125 0.45198046875 0.8697998046875 0.4542802734375 0.76403125 0.4529658203125 0.762716796875 0.455921875 0.7628916015625 0.496220703125 0.914638671875 0.4974091796875
0 0.7623681640625 0.6142158203125 0.7666123046875 0.611900390625 0.907048828125 0.6165302734375 0.9163076171875 0.6165302734375 0.920166015625 0.613830078125 0.9205517578125 0.5698466796875 0.9163076171875 0.5675322265625 0.761982421875 0.5683037109375 0.760439453125 0.613830078125 0.7623681640625 0.6142158203125
0 0.7658408203125 0.7330458984375 0.9190087890625 0.7342041015625 0.9228671875 0.7334326171875 0.9224814453125 0.6867490234375 0.9155361328125 0.68443359375 0.7623681640625 0.6848193359375 0.7600537109375 0.6909921875 0.75928125 0.73458984375 0.7658408203125 0.7330458984375
0 0.7623681640625 0.8576640625 0.9220947265625 0.855349609375 0.92441015625 0.8514912109375 0.923638671875 0.8113662109375 0.9182373046875 0.8082802734375 0.7600537109375 0.8094375 0.7581240234375 0.8125244140625 0.758509765625 0.858435546875 0.7623681640625 0.8576640625
5 1 0.8847216796875 0.949369140625 0.885173828125 0.947109375 0.9877958984375 1 0.983275390625 1 0.8847216796875
5 0.5489384765625 0.88263671875 0.541376953125 0.8796123046875 0.412837890625 0.876587890625 0.4098134765625 0.97538671875 0.5444013671875 0.9895 0.550955078125 0.8866689453125 0.5489384765625 0.88263671875
5 0.3940068359375 0.877205078125 0.317228515625 0.8767451171875 0.3121708984375 0.878583984375 0.3084931640625 0.948005859375 0.3107919921875 0.9535234375 0.3930869140625 0.9613388671875 0.3976845703125 0.95812109375 0.3999833984375 0.878583984375 0.3940068359375 0.877205078125
5 0.2592333984375 0.8606943359375 0.14011328125 0.8509296875 0.1347431640625 0.85434765625 0.1318134765625 0.932458984375 0.289501953125 0.9617509765625 0.2919423828125 0.863134765625 0.2592333984375 0.8606943359375
5 0.0943583984375 0.855466796875 0.0917880859375 0.858037109375 0.0910537109375 0.901361328125 0.0917880859375 0.903564453125 0.1178564453125 0.906134765625 0.1200595703125 0.857669921875 0.0943583984375 0.855466796875
5 0.029294921875 0.8504140625 0.0281572265625 0.896205078125 0.05432421875 0.8959208984375 0.05716796875 0.8498447265625 0.029294921875 0.8504140625
9 0.0512822265625 0.6141787109375 0.047275390625 0.618986328125 0.0432685546875 0.6546435546875 0.0681083984375 0.6542431640625 0.0717138671875 0.65063671875 0.0745185546875 0.6129775390625 0.0512822265625 0.6141787109375
7 0.0491474609375 0.9338095703125 0.0449453125 0.933443359375 0.045310546875 0.92193359375 0.05133984375 0.919923828125 0.055359375 0.918279296875 0.05700390625 0.913345703125 0.0562734375 0.9063515625 0.054994140625 0.9019658203125 0.0507919921875 0.895388671875 0.045310546875 0.89337890625 0.0383681640625 0.89337890625 0.03453125 0.8995908203125 0.03288671875 0.907447265625 0.0363583984375 0.9176787109375 0.0400126953125 0.9220634765625 0.0400126953125 0.93119921875 0.0376376953125 0.9321123046875 0.035810546875 0.9366806640625 0.0347138671875 0.9686083984375 0.0356279296875 0.9720791015625 0.0387333984375 0.9729931640625 0.0449453125 0.9729931640625 0.0471376953125 0.97226171875 0.04779296875 0.9701689453125 0.0496826171875 0.935876953125 0.0491474609375 0.9338095703125
8 0.0207763671875 0.9167236328125 0.0226171875 0.9167236328125 0.025509765625 0.915408203125 0.0276142578125 0.8768076171875 0.028666015625 0.8615546875 0.03076953125 0.858662109375 0.0381337890625 0.85182421875 0.0483896484375 0.8423564453125 0.0644326171875 0.82368359375 0.0757412109375 0.811060546875 0.0770556640625 0.801330078125 0.0728486328125 0.799751953125 0.0673251953125 0.8008037109375 0.0620654296875 0.8055380859375 0.05733203125 0.812375 0.0499677734375 0.823947265625 0.045234375 0.833677734375 0.038396484375 0.8397265625 0.03076953125 0.84708984375 0.030455078125 0.8426962890625 0.031146484375 0.8388896484375 0.0332236328125 0.8336982421875 0.0359921875 0.8257392578125 0.0387607421875 0.8188173828125 0.045681640625 0.8077431640625 0.0501806640625 0.7935537109375 0.0497412109375 0.783875 0.0455458984375 0.7706904296875 0.0336357421875 0.7689794921875 0.02899609375 0.7704296875 0.025806640625 0.775359375 0.02145703125 0.7831875 0.0165283203125 0.7946220703125 0.0121787109375 0.7940419921875 0.0075390625 0.7978251953125 0.0014501953125 0.808263671875 0 0.8166728515625 0.0008701171875 0.823341796875 0.0052197265625 0.83262109375 0.0101484375 0.841029296875 0.01623828125 0.853068359375 0.019427734375 0.8635078125 0.0200078125 0.8753955078125 0.0205869140625 0.9139609375 0.0207763671875 0.9167236328125
8 0.164607421875 0.817666015625 0.1737373046875 0.810779296875 0.1919970703125 0.7852685546875 0.2046181640625 0.7597587890625 0.204349609375 0.7539326171875 0.20273828125 0.748025390625 0.202201171875 0.73298828125 0.2110625 0.7007646484375 0.21428515625 0.67444921875 0.211537109375 0.657490234375 0.2109111328125 0.648087890625 0.2109111328125 0.6399404296875 0.2077763671875 0.631478515625 0.1971220703125 0.6277177734375 0.1855263671875 0.6308515625 0.174244140625 0.6352392578125 0.1588876953125 0.6386865234375 0.1497998046875 0.6418203125 0.1407119140625 0.6484013671875 0.1347568359375 0.655609375 0.1236943359375 0.671810546875 0.113578125 0.6883642578125 0.1034619140625 0.7049189453125 0.0984033203125 0.7251513671875 0.0941572265625 0.7453212890625 0.095744140625 0.7638359375 0.108439453125 0.782349609375 0.1295986328125 0.798748046875 0.1412353515625 0.807740234375 0.1518154296875 0.8183193359375 0.14815234375 0.88799609375 0.1457080078125 0.9478681640625 0.147541015625 0.9542822265625 0.150595703125 0.956115234375 0.1539560546875 0.9567265625 0.1570888671875 0.953541015625 0.1595048828125 0.8882890625 0.164607421875 0.817666015625
2 1 0.325234375 0.9936123046875 0.3214306640625 0.86194140625 0.302791015625 0.7657275390625 0.298607421875 0.636013671875 0.3100185546875 0.5930126953125 0.3170732421875 0.5237900390625 0.3308134765625 0.5087607421875 0.3292578125 0.4994267578125 0.3240732421875 0.4867236328125 0.3248505859375 0.4812783203125 0.3271845703125 0.4794638671875 0.3292578125 0.4797236328125 0.339369140625 0.47401953125 0.34533203125 0.461833984375 0.350779296875 0.45016796875 0.353630859375 0.4416123046875 0.35051953125 0.43616796875 0.349482421875 0.39287890625 0.3619267578125 0.388990234375 0.364779296875 0.38717578125 0.3691865234375 0.3876943359375 0.373853515625 0.3309130859375 0.390705078125 0.3265048828125 0.3909638671875 0.301357421875 0.3813720703125 0.2974677734375 0.3818896484375 0.268333984375 0.3979638671875 0.26651953125 0.401853515625 0.26651953125 0.404705078125 0.2701494140625 0.40859375 0.271705078125 0.41066796875 0.26859375 0.4127421875 0.2527783203125 0.41481640625 0.2328154296875 0.4072978515625 0.2265517578125 0.4056328125 0.2185927734375 0.411033203125 0.2171708984375 0.3996630859375 0.211486328125 0.39568359375 0.2001162109375 0.3936943359375 0.193009765625 0.396251953125 0.190451171875 0.3979580078125 0.187892578125 0.4275205078125 0.184197265625 0.4323525390625 0.17623828125 0.4297939453125 0.1685634765625 0.4269521484375 0.16259375 0.4280888671875 0.139853515625 0.44372265625 0.1390009765625 0.4477021484375 0.1415595703125 0.454240234375 0.120240234375 0.45992578125 0.112849609375 0.4576513671875 0.1000576171875 0.4539560546875 0.0923828125 0.454240234375 0.0699267578125 0.4687373046875 0.068505859375 0.4724326171875 0.073337890625 0.476412109375 0.070779296875 0.4795390625 0.0631044921875 0.480107421875 0.046333984375 0.47328515625 0.042638671875 0.47328515625 0.028994140625 0.480107421875 0.0235927734375 0.4815283203125 0.0034111328125 0.4718642578125 0 0.4726728515625 0 0.8917783203125 0.001009765625 0.8979228515625 0.0060576171875 0.9022978515625 0.00875 0.9043173828125 0.0154814453125 0.9056640625 0.0296162109375 0.9056640625 0.0622890625 0.9127431640625 0.0813916015625 0.9168955078125 0.101046875 0.9193876953125 0.1176572265625 0.9235400390625 0.1290078125 0.9279697265625 0.13952734375 0.933783203125 0.144234375 0.9376591796875 0.1456181640625 0.94541015625 0.1616875 0.95104296875 0.214181640625 0.96093359375 0.2955712890625 0.9742470703125 0.4150146484375 0.9898427734375 0.521904296875 0.9947880859375 0.52342578125 0.995548828125 0.52837109375 0.9997333984375 1 1 1 0.325234375
6 0.5258134765625 1 0.52441796875 0.99803515625 0.5212919921875 0.995951171875 0.5021435546875 0.9945185546875 0.43441015625 0.991392578125 0.41495703125 0.9903505859375 0.3542578125 0.982794921875 0.27123828125 0.971072265625 0.1717763671875 0.953849609375 0.158521484375 0.9505810546875 0.15616015625 0.9503994140625 0.156341796875 0.954212890625 0.161970703125 0.9587529296875 0.1659658203125 0.9642001953125 0.1665107421875 0.9701923828125 0.164513671875 0.9745498046875 0.156705078125 0.9749130859375 0.1300126953125 0.9683759765625 0.10749609375 0.962021484375 0.0796494140625 0.9578447265625 0.0636708984375 0.95403125 0.0496884765625 0.948765625 0.0275361328125 0.9440439453125 0 0.93678125 0 1 0.5258134765625 1
7 0.35523046875 1 0.3571142578125 0.942619140625 0.35946875 0.89325 0.3618232421875 0.8646806640625 0.3608818359375 0.8434892578125 0.35852734375 0.8422333984375 0.3553876953125 0.84317578125 0.353189453125 0.846794921875 0.3506787109375 0.84977734375 0.342986328125 0.851974609375 0.3368642578125 0.85307421875 0.3359228515625 0.8555849609375 0.335765625 0.8596669921875 0.33655078125 0.86327734375 0.3404755859375 0.86500390625 0.3363935546875 0.8659453125 0.335765625 0.8706552734375 0.3367080078125 0.8726953125 0.338591796875 0.8736376953125 0.3443994140625 0.8755205078125 0.3448701171875 0.8770908203125 0.3406318359375 0.877248046875 0.3371787109375 0.8780322265625 0.335765625 0.8796025390625 0.335294921875 0.8817998046875 0.335609375 0.8839970703125 0.3439287109375 0.88886328125 0.3478525390625 0.8905908203125 0.352248046875 0.891689453125 0.350521484375 0.94278125 0.3494228515625 1 0.35523046875 1