9 0.1600439453125 0.0761650390625 0.313337890625 0.110873046875 0.329728515625 0.0009638671875 0.179326171875 0 0.1600439453125 0.0761650390625
9 0.0732724609375 0.2130703125 0.0530263671875 0.3952880859375 0.101232421875 0.38371875 0.12437109375 0.179326171875 0.0732724609375 0.2130703125
9 0.2844150390625 0.4001083984375 0.2998408203125 0.205357421875 0.1407607421875 0.17161328125 0.116658203125 0.3769697265625 0.2844150390625 0.4001083984375
9 0.12919140625 0.0009638671875 0.104125 0.0221748046875 0.0925556640625 0.1185869140625 0.1436533203125 0.075201171875 0.1494384765625 0.002892578125 0.12919140625 0.0009638671875
9 0.4776845703125 0.4162431640625 0.4846083984375 0.246630859375 0.345283203125 0.2189384765625 0.332302734375 0.3989365234375 0.4776845703125 0.4162431640625
9 0.48201171875 0.41883984375 0.606625 0.4387431640625 0.6109521484375 0.274322265625 0.4897998046875 0.2492265625 0.48201171875 0.41883984375
9 0.3548017578125 0.1228828125 0.4897998046875 0.1531708984375 0.4993193359375 0.051056640625 0.369513671875 0.012115234375 0.3548017578125 0.1228828125
9 0.505376953125 0.0553837890625 0.4949921875 0.1531708984375 0.6144140625 0.186919921875 0.61960546875 0.0917294921875 0.505376953125 0.0553837890625
9 0.650787109375 0.2020390625 0.7456689453125 0.22525390625 0.751806640625 0.13744140625 0.6528486328125 0.105830078125 0.650787109375 0.2020390625
9 0.751119140625 0.226779296875 0.83976953125 0.2563291015625 0.842517578125 0.170427734375 0.7545556640625 0.1395029296875 0.751119140625 0.226779296875
9 0.865287109375 0.2671982421875 0.9398544921875 0.2873935546875 0.9390771484375 0.2089423828125 0.8660634765625 0.182533203125 0.865287109375 0.2671982421875
9 1 0.233798828125 0.9414072265625 0.2120498046875 0.9421845703125 0.2866162109375 1 0.308365234375 1 0.233798828125
9 0.9417177734375 0.4933115234375 0.9391513671875 0.354748046875 0.8679453125 0.33614453125 0.8660205078125 0.47983984375 0.9417177734375 0.4933115234375
9 1 0.3746337890625 0.942359375 0.35923828125 0.944283203125 0.493953125 1 0.501650390625 1 0.3746337890625
9 0.7460986328125 0.4596953125 0.747548828125 0.306705078125 0.646763671875 0.284228515625 0.6416884765625 0.44446875 0.7460986328125 0.4596953125
9 0.75044921875 0.462595703125 0.84180859375 0.474921875 0.84180859375 0.3306328125 0.751173828125 0.308880859375 0.75044921875 0.462595703125
9 0.002720703125 0.2230732421875 0.080251953125 0.1367001953125 0.087052734375 0.0496474609375 0.002720703125 0.1496220703125 0.002720703125 0.2230732421875
9 0 0.4298232421875 0.042166015625 0.408060546875 0.0598486328125 0.231234375 0.0020400390625 0.282921875 0 0.4298232421875
5 1 0.5599130859375 0.6890908203125 0.53735546875 0.1011845703125 0.4863369140625 0 0.5059208984375 0.000841796875 0.747845703125 0.0797177734375 0.7706015625 0.1379599609375 0.7695400390625 0.1419140625 0.721931640625 0.1806962890625 0.7044580078125 0.2514404296875 0.7078671875 0.269765625 0.726619140625 0.267634765625 0.77562890625 0.3170556640625 0.7695400390625 0.318625 0.7195185546875 1 0.69781640625 1 0.5599130859375
2 1 0.181046875 0.567443359375 0.00121484375 0.06196875 0 0.00121484375 0.070474609375 0 0.5030439453125 0.098421875 0.47995703125 1 0.5608828125 1 0.181046875
8 0.152611328125 0.825349609375 0.175970703125 0.834693359375 0.2616201171875 0.841701171875 0.3145673828125 0.839365234375 1 0.784765625 0.9989697265625 0.65512890625 0.9745546875 0.6571630859375 0.90029296875 0.6561455078125 0.894189453125 0.66021484375 0.894189453125 0.6703876953125 0.8972412109375 0.6836123046875 0.902328125 0.694802734375 0.899275390625 0.7049755859375 0.687681640625 0.709044921875 0.32191015625 0.7224169921875 0.32107421875 0.770912109375 0.32107421875 0.785962890625 0.32107421875 0.804357421875 0.32107421875 0.8135546875 0.2993349609375 0.8168994140625 0.2767587890625 0.8135546875 0.2650537109375 0.8077021484375 0.2650771484375 0.7901181640625 0.2658896484375 0.752517578125 0.2683974609375 0.72826953125 0.2491669921875 0.7090380859375 0.1810791015625 0.70714453125 0.14439453125 0.7243154296875 0.138931640625 0.771146484375 0.138150390625 0.78909765625 0.1432685546875 0.813669921875 0.152611328125 0.825349609375
6 0.2673388671875 0.805869140625 0.2788994140625 0.81116796875 0.30009375 0.815021484375 0.3198427734375 0.81261328125 0.3198427734375 0.7726328125 0.2678203125 0.777931640625 0.2673388671875 0.805869140625
6 0.9997109375 0.9997109375 1 0.78576953125 0.7347841796875 0.8085625 0.3037431640625 0.8414677734375 0.2636142578125 0.8433193359375 0.2018779296875 0.838998046875 0.17656640625 0.8371455078125 0.1531064453125 0.827267578125 0.143228515625 0.8161552734375 0.1364375 0.7957822265625 0.1345849609375 0.7741748046875 0.07976953125 0.773146484375 0.0008349609375 0.7521640625 0.0008349609375 1 0.9997109375 0.9997109375