8 0.194240234375 1 0.201654296875 0.98009765625 0.22463671875 0.9489599609375 0.2276025390625 0.9400634765625 0.2127744140625 0.925236328125 0.2431708984375 0.9244951171875 0.24984375 0.92301171875 0.255033203125 0.9022529296875 0.2646708984375 0.8866845703125 0.2735673828125 0.8792705078125 0.2876533203125 0.8725986328125 0.2987744140625 0.85925390625 0.2921015625 0.853322265625 0.2750498046875 0.8577705078125 0.26022265625 0.8577705078125 0.26689453125 0.839236328125 0.2639296875 0.8281162109375 0.240947265625 0.82366796875 0.2179638671875 0.8029091796875 0.2042265625 0.7885146484375 0.219794921875 0.765619140625 0.2243740234375 0.75005078125 0.228953125 0.7363134765625 0.211552734375 0.7115859375 0.209720703125 0.6987646484375 0.2335322265625 0.685943359375 0.2317001953125 0.671291015625 0.195068359375 0.6786171875 0.1794990234375 0.6657958984375 0.1959833984375 0.6474794921875 0.1785830078125 0.63191015625 0.151109375 0.61542578125 0.141951171875 0.59894140625 0.12271875 0.58245703125 0.0943291015625 0.573298828125 0.05128515625 0.589783203125 0.027474609375 0.5723828125 0 0.5604775390625 0 1 0.194240234375 1
8 1 0 0.16099609375 0.001341796875 0.187828125 0.030857421875 0.17575390625 0.0523232421875 0.1797783203125 0.0684228515625 0.206611328125 0.112697265625 0.1931953125 0.14087109375 0.171728515625 0.159654296875 0.159654296875 0.1811201171875 0.1824619140625 0.206611328125 0.142212890625 0.203927734375 0.09659765625 0.23746875 0.09928125 0.2522265625 0.2025869140625 0.2830849609375 0.241494140625 0.316625 0.2763759765625 0.3233330078125 0.3555322265625 0.285767578125 0.33406640625 0.366265625 0.3394326171875 0.3783408203125 0.3771787109375 0.380240234375 0.38146484375 0.3857509765625 0.372892578125 0.4151416015625 0.3416650390625 0.4224892578125 0.341052734375 0.4310615234375 0.3526865234375 0.4408583984375 0.3771787109375 0.4506552734375 0.3747294921875 0.4622890625 0.38146484375 0.4653505859375 0.4065693359375 0.4494306640625 0.414529296875 0.4653505859375 0.3979970703125 0.4849443359375 0.404732421875 0.4947412109375 0.4249384765625 0.47943359375 0.441470703125 0.4873935546875 0.4469814453125 0.480658203125 0.434123046875 0.4665751953125 0.436572265625 0.45983984375 0.4506552734375 0.465962890625 0.4543291015625 0.4580029296875 0.441470703125 0.4506552734375 0.44024609375 0.4065693359375 0.45983984375 0.3808525390625 0.4720859375 0.382689453125 0.470861328125 0.4004462890625 0.480658203125 0.4035078125 0.4898427734375 0.394935546875 0.5265810546875 0.40105859375 0.51993359375 0.4255234375 0.5239990234375 0.4313955078125 0.5321298828125 0.4322998046875 0.540712890625 0.403388671875 0.5714306640625 0.4088095703125 0.5894990234375 0.411068359375 0.57628125 0.422828125 0.5791318359375 0.4332802734375 0.59528515625 0.4456328125 0.6076376953125 0.4432568359375 0.619990234375 0.4318544921875 0.6190400390625 0.4019248046875 0.6619443359375 0.3182783203125 0.693525390625 0.3158017578125 0.7034326171875 0.341189453125 0.69414453125 0.3517158203125 0.69909765625 0.3610048828125 0.711482421875 0.3641005859375 0.7356318359375 0.3938232421875 0.7956962890625 0.42044921875 0.80869921875 0.4192109375 0.8136533203125 0.4105419921875 0.7517314453125 0.3802001953125 0.7319169921875 0.3548125 0.7201513671875 0.3021787109375 0.730677734375 0.29165234375 0.7529697265625 0.280505859375 0.77278515625 0.2873173828125 0.8155107421875 0.294748046875 0.83346875 0.3046552734375 0.838201171875 0.2455400390625 0.8593896484375 0.210017578125 0.8774619140625 0.178234375 0.8813994140625 0.161857421875 0.8717841796875 0.1362158203125 0.9054375 0.1418251953125 0.91745703125 0.19150390625 0.931078125 0.213138671875 0.9543154296875 0.2251572265625 0.97594921875 0.1706708984375 0.98876953125 0.1891005859375 0.9895712890625 0.2251572265625 0.9751484375 0.23557421875 0.9358857421875 0.2748359375 0.952712890625 0.2916630859375 1 0.2347724609375 1 0
9 0.82188671875 0.999767578125 0.8208017578125 0.9750927734375 0.73728515625 0.9515009765625 0.7348447265625 1 0.82188671875 0.999767578125
9 0.5176201171875 0.2465185546875 0.5217177734375 0.219544921875 0.4954267578125 0.2332021484375 0.4913291015625 0.2615419921875 0.5176201171875 0.2465185546875
9 0.499544921875 0.3418564453125 0.5034130859375 0.3097236328125 0.479015625 0.3248974609375 0.4733623046875 0.3561376953125 0.499544921875 0.3418564453125
9 0.4545537109375 0.4692265625 0.4797529296875 0.4535966796875 0.48708984375 0.4156376953125 0.4599765625 0.4328623046875 0.4545537109375 0.4692265625
9 0.4613779296875 0.5802841796875 0.4662998046875 0.536244140625 0.440134765625 0.5510107421875 0.4346943359375 0.595568359375 0.4613779296875 0.5802841796875
9 0.4407255859375 0.72319140625 0.4494072265625 0.669435546875 0.420025390625 0.683458984375 0.41334765625 0.73587890625 0.4407255859375 0.72319140625
9 0.4225166015625 0.87983203125 0.42867578125 0.82101171875 0.3988037109375 0.8302509765625 0.393568359375 0.8890703125 0.4225166015625 0.87983203125
9 0.4082919921875 1 0.409009765625 0.9833955078125 0.3800517578125 0.9888994140625 0.3778974609375 1 0.4082919921875 1
9 0.799 0.2021455078125 0.797802734375 0.1683046875 0.74898828125 0.12817578125 0.7459931640625 0.1611181640625 0.799 0.2021455078125
9 0.7461435546875 0.2515283203125 0.8029765625 0.2965439453125 0.8032578125 0.2577177734375 0.75092578125 0.2155146484375 0.7461435546875 0.2515283203125
9 0.8850791015625 0.2762841796875 0.882119140625 0.24104296875 0.8377314453125 0.2031103515625 0.836923828125 0.2351240234375 0.8850791015625 0.2762841796875
9 0.913998046875 0.30058984375 0.9590009765625 0.3394775390625 0.9582666015625 0.31257421875 0.915220703125 0.2739306640625 0.913998046875 0.30058984375
9 0.9704326171875 0.4365732421875 0.966541015625 0.398875 0.92616796875 0.3667705078125 0.92811328125 0.4020361328125 0.9704326171875 0.4365732421875
9 0.840638671875 0.328787109375 0.89285546875 0.3728076171875 0.8916416015625 0.3333408203125 0.84094140625 0.2929638671875 0.840638671875 0.328787109375
9 0.7468642578125 0.3713671875 0.8099873046875 0.4159072265625 0.8070380859375 0.3654677734375 0.7495185546875 0.3200419921875 0.7468642578125 0.3713671875
9 0.8507880859375 0.444587890625 0.902865234375 0.4850595703125 0.8998896484375 0.4359580078125 0.8513828125 0.396974609375 0.8507880859375 0.444587890625
9 0.98462109375 0.5458125 0.9804931640625 0.5004072265625 0.9369931640625 0.468337890625 0.9369931640625 0.514060546875 0.98462109375 0.5458125
9 0.9924267578125 0.61894921875 0.949501953125 0.5893896484375 0.950529296875 0.636685546875 0.99551171875 0.667015625 0.9924267578125 0.61894921875
9 0.9121767578125 0.6127578125 0.9091748046875 0.55898828125 0.854859375 0.523505859375 0.855951171875 0.5770029296875 0.9121767578125 0.6127578125
9 0.7429951171875 0.50155078125 0.8153115234375 0.5478173828125 0.8145341796875 0.491052734375 0.74610546875 0.4440087890625 0.7429951171875 0.50155078125
9 0.81719140625 0.7010693359375 0.815189453125 0.6319970703125 0.7447822265625 0.59629296875 0.7424462890625 0.6596923828125 0.81719140625 0.7010693359375
9 0.9185771484375 0.757861328125 0.916052734375 0.6939111328125 0.8607978515625 0.6638994140625 0.8627607421875 0.726447265625 0.9185771484375 0.757861328125
9 1 0.742759765625 0.958505859375 0.7210751953125 0.95987890625 0.7787177734375 1 0.800951171875 1 0.742759765625
9 0.8192275390625 0.8744189453125 0.8192275390625 0.7949267578125 0.7426181640625 0.7627998046875 0.737263671875 0.84229296875 0.8192275390625 0.8744189453125
9 0.9304775390625 0.9180595703125 0.92866015625 0.8465771484375 0.866568359375 0.8190146484375 0.8659619140625 0.8920107421875 0.9304775390625 0.9180595703125
9 1 0.879078125 0.965310546875 0.864294921875 0.9685126953125 0.931802734375 1 0.9443681640625 1 0.879078125
2 1 0.267669921875 0.976546875 0.2856787109375 0.7088759765625 0.03847265625 0.695779296875 0.0360166015625 0.2919921875 0.3642216796875 0.1543623046875 1 1 1 1 0.267669921875