2 1 0.0995029296875 0.5638505859375 0.05159375 0.2745546875 0.05159375 0 0.0534365234375 0.0013115234375 0.65041015625 0.2977216796875 0.66869921875 0.6668212890625 0.68184765625 0.8715634765625 0.68184765625 1 0.68271875 1 0.0995029296875
9 0.199111328125 0.3225244140625 0.2202158203125 0.0922158203125 0.05230078125 0.0917568359375 0.0160576171875 0.3193125 0.199111328125 0.3225244140625
9 0.5028984375 0.3267001953125 0.5023740234375 0.0985869140625 0.3225048828125 0.090720703125 0.3072978515625 0.3246025390625 0.5028984375 0.3267001953125
9 0.79208203125 0.3417939453125 0.7743544921875 0.118421875 0.6034580078125 0.104240234375 0.6140947265625 0.3339931640625 0.79208203125 0.3417939453125
9 1 0.1438427734375 0.8769140625 0.129986328125 0.901328125 0.3543291015625 1 0.36290625 1 0.1438427734375
9 1 0.4142880859375 0.9124541015625 0.405787109375 0.921521484375 0.669322265625 1 0.6744228515625 1 0.4142880859375
9 0.7964521484375 0.6711181640625 0.794265625 0.396404296875 0.6113662109375 0.3840166015625 0.608451171875 0.666017578125 0.7964521484375 0.6711181640625
9 0.4941337890625 0.66943359375 0.50080078125 0.3792275390625 0.3066767578125 0.3725615234375 0.2862841796875 0.658060546875 0.4941337890625 0.66943359375
9 0.000443359375 0.509791015625 0 0.639564453125 0.1687490234375 0.64709375 0.1926669921875 0.3755888671875 0.0203740234375 0.3742607421875 0.000443359375 0.509791015625
0 0 0.0537763671875 0.2980849609375 0.0505107421875 0.55704296875 0.0505107421875 0.73153515625 0.0682314453125 0.9998134765625 0.102068359375 1 0 0.9267021484375 0.001162109375 0 0.0006044921875 0 0.0537763671875
0 0.0221298828125 0.3179736328125 0.199169921875 0.3214677734375 0.2067412109375 0.2137294921875 0.0390185546875 0.2143115234375 0.0221298828125 0.3179736328125
0 0.3086904296875 0.321876953125 0.500498046875 0.3242744140625 0.4998984375 0.2163828125 0.3146845703125 0.2127861328125 0.3086904296875 0.321876953125
0 0.6160361328125 0.3299365234375 0.78965625 0.3380126953125 0.7798505859375 0.23533984375 0.6108447265625 0.2261103515625 0.6160361328125 0.3299365234375
0 1 0.2558916015625 0.891494140625 0.24626171875 0.899748046875 0.3542587890625 1 0.3618251953125 1 0.2558916015625
0 1 0.560623046875 0.9183212890625 0.55718359375 0.9224482421875 0.666556640625 1 0.666556640625 1 0.560623046875
0 0.6107275390625 0.6645546875 0.794291015625 0.6700751953125 0.796361328125 0.5444794921875 0.610037109375 0.5410283203125 0.6107275390625 0.6645546875
0 0.2894619140625 0.653931640625 0.4901845703125 0.661326171875 0.49441015625 0.5345546875 0.3000263671875 0.5282158203125 0.2894619140625 0.653931640625
0 0 0.6366611328125 0.1713720703125 0.6443203125 0.1809453125 0.521775390625 0 0.5160302734375 0 0.6366611328125
3 1 0.6836591796875 0.9125986328125 0.687408203125 0.5799228515625 0.6849091796875 0.2874619140625 0.67366015625 0 0.6549130859375 0 0.9723701171875 0.1749775390625 0.9936181640625 0.2737138671875 1 1 1 1 0.6836591796875