2 1 0.0424873046875 0.795767578125 0.0989755859375 0.7779521484375 0.0702734375 0.7532080078125 0.0554267578125 0.698771484375 0.0544365234375 0.64532421875 0.0682939453125 0.6096923828125 0.086109375 0.58296875 0.1148125 0.565482421875 0.157849609375 0.37814453125 0.20555078125 0.2827412109375 0.103208984375 0.244580078125 0.1058115234375 0.1444111328125 0.2533115234375 0.1420439453125 0.286455078125 0 0.3338037109375 0 0.72035546875 0.013689453125 0.7212998046875 0.0207705078125 0.7085537109375 0.1841015625 0.7161064453125 0.18303125 0.746796875 0.194615234375 0.75451953125 0.207744140625 0.8595498046875 0.35898046875 0.8719267578125 0.744470703125 0.8920234375 1 0.88531640625 1 0.0424873046875
1 0 0.948935546875 0.0216201171875 0.95130078125 0.037498046875 0.9516376953125 0.0520244140625 0.94859765625 0.0611455078125 0.928666015625 0.108541015625 0.92755859375 0.1143037109375 0.94516796875 0.1187861328125 0.949650390625 0.1466416015625 0.9493310546875 0.1565673828125 0.9438876953125 0.167453125 0.923396484375 0.2132939453125 0.921646484375 0.21208203125 0.894076171875 0.2066279296875 0.86680859375 0.19299609375 0.7559033203125 0.181001953125 0.7477255859375 0.1818203125 0.7180126953125 0.0223525390625 0.7109248046875 0.0155380859375 0.72319140625 0 0.722646484375 0 0.948935546875
6 0.699791015625 1 0.4000693359375 0.974912109375 0.1667421875 0.9382197265625 0.1579482421875 0.9460322265625 0.1477509765625 0.9517236328125 0.11810546875 0.9514873046875 0.113125 0.94626953125 0.1071962890625 0.92966796875 0.0630849609375 0.931328125 0.0535986328125 0.9505380859375 0.037234375 0.9538583984375 0.022767578125 0.95362109375 0 0.950775390625 0 1 0.699791015625 1
8 1 0.88843359375 0.7477275390625 0.896853515625 0.3673359375 0.87551953125 0.20751953125 0.8617421875 0.213853515625 0.89605859375 0.21444140625 0.9227001953125 0.1682626953125 0.9250009765625 0.162423828125 0.93685546875 0.167939453125 0.9365419921875 0.2365859375 0.9458759765625 0.445619140625 0.9718525390625 0.742103515625 0.9863037109375 1 0.987728515625 1 0.88843359375
9 1 0.5035888671875 0.762009765625 0.5283466796875 0.763498046875 0.6598125 1 0.65038671875 1 0.5035888671875
9 0.7397998046875 0.66493359375 0.7393076171875 0.5314541015625 0.528005859375 0.5501708984375 0.5265283203125 0.6742919921875 0.7397998046875 0.66493359375
9 0.5029091796875 0.675138671875 0.5037705078125 0.557162109375 0.3461806640625 0.570509765625 0.342736328125 0.679875 0.5029091796875 0.675138671875
9 0.3158955078125 0.6799580078125 0.3188818359375 0.5739130859375 0.2628720703125 0.5780205078125 0.257271484375 0.6829453125 0.3158955078125 0.6799580078125
9 0.0376875 0.5367841796875 0.043197265625 0.459369140625 0.01439453125 0.4671669921875 0.008375 0.5404482421875 0.0376875 0.5367841796875
9 0.0320048828125 0.5980703125 0.0014169921875 0.5986220703125 0 0.6816298828125 0.0294638671875 0.6827626953125 0.0320048828125 0.5980703125
9 0.08823046875 0.630248046875 0.0895703125 0.5887158203125 0.065646484375 0.5900556640625 0.064115234375 0.630439453125 0.08823046875 0.630248046875
9 0.13892578125 0.62763671875 0.140111328125 0.5833701171875 0.1130380859375 0.5867294921875 0.1118525390625 0.628625 0.13892578125 0.62763671875
9 0.1947607421875 0.6253251953125 0.1960126953125 0.577119140625 0.1664052734375 0.581298828125 0.1649130859375 0.626630859375 0.1947607421875 0.6253251953125
9 0.121087890625 0.5198515625 0.127984375 0.4333837890625 0.076705078125 0.4435849609375 0.0705126953125 0.526173828125 0.121087890625 0.5198515625
9 0.201423828125 0.5061953125 0.2070556640625 0.4135458984375 0.14784765625 0.4277333984375 0.14169921875 0.5155634765625 0.201423828125 0.5061953125
9 0.3208955078125 0.495583984375 0.3277314453125 0.3972265625 0.2722861328125 0.40937890625 0.2684892578125 0.5020400390625 0.3208955078125 0.495583984375
9 0.5075703125 0.4734404296875 0.5115087890625 0.3601123046875 0.352673828125 0.3929296875 0.350048828125 0.494443359375 0.5075703125 0.4734404296875
9 0.7365029296875 0.443265625 0.7355283203125 0.320515625 0.536302734375 0.3570478515625 0.53240625 0.4720048828125 0.7365029296875 0.443265625
9 1 0.273982421875 0.76505859375 0.3168525390625 0.765560546875 0.4401845703125 1 0.412109375 1 0.273982421875
9 1 0.1279150390625 0.796794921875 0.1651064453125 0.8024306640625 0.23441796875 1 0.20398828125 1 0.1279150390625
9 0.70418359375 0.1261220703125 0.70332421875 0.06030859375 0.6529462890625 0.0722578125 0.6529462890625 0.139259765625 0.70418359375 0.1261220703125
9 0.1156767578125 0.392181640625 0.11903515625 0.340314453125 0.084705078125 0.350388671875 0.0787353515625 0.4022568359375 0.1156767578125 0.392181640625
9 0 0.4249794921875 0.07176171875 0.4038544921875 0.075490234375 0.351974609375 0 0.37869140625 0 0.4249794921875
9 0.7054541015625 0.25358984375 0.7046748046875 0.227490234375 0.6649423828125 0.236060546875 0.6653310546875 0.2606015625 0.7054541015625 0.25358984375
9 0.4042841796875 0.31891015625 0.406994140625 0.25521875 0.3315576171875 0.271931640625 0.327041015625 0.338333984375 0.4042841796875 0.31891015625
9 0.5737568359375 0.2822880859375 0.5765107421875 0.216650390625 0.42228515625 0.250158203125 0.4176943359375 0.3144189453125 0.5737568359375 0.2822880859375
9 0.2716826171875 0.3495654296875 0.278927734375 0.250853515625 0.318322265625 0.234552734375 0.3182470703125 0.2001064453125 0.246177734375 0.12353515625 0.151630859375 0.2564345703125 0.1480634765625 0.2898828125 0.1698017578125 0.2857197265625 0.1584814453125 0.3799033203125 0.2716826171875 0.3495654296875