9 0.5937734375 0.3805791015625 0.5952421875 0.3189111328125 0.557654296875 0.3280146484375 0.5532490234375 0.3885078125 0.5937734375 0.3805791015625
9 0.651037109375 0.3679521484375 0.653091796875 0.3048154296875 0.6122744140625 0.313625 0.6093369140625 0.3764677734375 0.651037109375 0.3679521484375
9 0.584140625 0.5259892578125 0.5865537109375 0.448748046875 0.5409111328125 0.457525390625 0.5345478515625 0.53301171875 0.584140625 0.5259892578125
9 0.644783203125 0.514080078125 0.6467548828125 0.43464453125 0.5983046875 0.443658203125 0.5949248046875 0.5225302734375 0.644783203125 0.514080078125
9 0.573890625 0.6781806640625 0.57742578125 0.5962802734375 0.5308779296875 0.6018779296875 0.5255751953125 0.6814208984375 0.573890625 0.6781806640625
9 0.638703125 0.6725830078125 0.6413544921875 0.58655859375 0.59156640625 0.5930390625 0.58655859375 0.677001953125 0.638703125 0.6725830078125
9 0.56623046875 0.8390341796875 0.5691767578125 0.7574287109375 0.5235126953125 0.7583125 0.520861328125 0.8396240234375 0.56623046875 0.8390341796875
9 0.6316328125 0.8378564453125 0.6336953125 0.7500634765625 0.5853798828125 0.7533046875 0.582138671875 0.8390341796875 0.6316328125 0.8378564453125
9 0.910998046875 0.313763671875 0.90576171875 0.2647724609375 0.7236376953125 0.287958984375 0.7292470703125 0.3332099609375 0.910998046875 0.313763671875
9 0.910654296875 0.4706123046875 0.9162861328125 0.4706123046875 0.9146767578125 0.4074619140625 0.7228125 0.430791015625 0.7244208984375 0.487908203125 0.910654296875 0.4706123046875
9 0.91789453125 0.642365234375 0.9223193359375 0.6459853515625 0.91990625 0.5691591796875 0.7244208984375 0.5852490234375 0.7228125 0.5916845703125 0.7248232421875 0.6548349609375 0.91789453125 0.642365234375
9 0.92078125 0.8253076171875 0.9202890625 0.7485341796875 0.7170380859375 0.758869140625 0.7170380859375 0.832197265625 0.92078125 0.8253076171875
9 0.3811650390625 0.7889814453125 0.3807421875 0.7982880859375 0.39935546875 0.806326171875 0.400625 0.8405927734375 0.4277001953125 0.83932421875 0.4628125 0.8427080078125 0.4657744140625 0.782212890625 0.3811650390625 0.7889814453125
9 0.3897880859375 0.5141416015625 0.388841796875 0.54917578125 0.4532275390625 0.535603515625 0.4828955078125 0.545703125 0.4869990234375 0.482580078125 0.3897880859375 0.5141416015625
9 0.4938359375 0.35675 0.405970703125 0.3966142578125 0.403123046875 0.421021484375 0.468615234375 0.3978349609375 0.495462890625 0.4084111328125 0.4999375 0.3579697265625 0.4938359375 0.35675
9 0.4714287109375 0.2767392578125 0.469775390625 0.3031943359375 0.5005703125 0.2918271484375 0.5007763671875 0.2633359375 0.4714287109375 0.2767392578125
9 0.37648046875 0.335357421875 0.37614453125 0.348953125 0.397125 0.340896484375 0.397125 0.3210908203125 0.37648046875 0.335357421875
9 0.6099765625 0.22058984375 0.6089443359375 0.257412109375 0.65574609375 0.2463994140625 0.65608984375 0.20716796875 0.6099765625 0.22058984375
9 0.7894892578125 0.1774033203125 0.7927802734375 0.2195849609375 0.849919921875 0.21001171875 0.8490224609375 0.1651376953125 0.7894892578125 0.1774033203125
9 1 0.263962890625 0.97971875 0.2630810546875 0.9853037109375 0.327455078125 1 0.3268671875 1 0.263962890625
9 1 0.404955078125 0.9917080078125 0.4043798828125 0.996015625 0.478478515625 1 0.47933984375 1 0.404955078125
9 0.31865234375 0.4379970703125 0.31233984375 0.49691796875 0.350517578125 0.470763671875 0.351720703125 0.4379970703125 0.3604384765625 0.4340888671875 0.3631435546875 0.4061318359375 0.31865234375 0.4379970703125
9 0.30453515625 0.5481630859375 0.295833984375 0.6132470703125 0.3337705078125 0.5958447265625 0.3351630859375 0.5589521484375 0.345603515625 0.5547763671875 0.349083984375 0.5234521484375 0.30453515625 0.5481630859375
9 0.2922490234375 0.664021484375 0.2899765625 0.6682822265625 0.284865234375 0.7333212890625 0.2888408203125 0.7341728515625 0.32008203125 0.722244140625 0.3220703125 0.69355859375 0.3311591796875 0.6901513671875 0.335134765625 0.6481171875 0.2922490234375 0.664021484375
9 0.2748916015625 0.8556767578125 0.303470703125 0.8544658203125 0.306376953125 0.7931904296875 0.3134013671875 0.786408203125 0.3230888671875 0.784228515625 0.3230888671875 0.778658203125 0.2802197265625 0.787134765625 0.2748916015625 0.8556767578125
0 0.46816796875 0.3844599609375 0.4630859375 0.3844599609375 0.3572548828125 0.4290048828125 0.350080078125 0.4382724609375 0.3494814453125 0.47594140625 0.4571064453125 0.4340869140625 0.46368359375 0.4337880859375 0.4920849609375 0.4469423828125 0.4974658203125 0.39641796875 0.46816796875 0.3844599609375
0 0.4554833984375 0.5222578125 0.446451171875 0.522580078125 0.3829033203125 0.5435478515625 0.37612890625 0.542580078125 0.368064453125 0.5412900390625 0.361935546875 0.544193359375 0.3587099609375 0.54838671875 0.33612890625 0.5593544921875 0.3332255859375 0.6051611328125 0.375806640625 0.5970966796875 0.3787099609375 0.5522578125 0.4522578125 0.5390322265625 0.48387109375 0.5467744140625 0.4854833984375 0.531935546875 0.4554833984375 0.5222578125
0 0.36347265625 0.7368583984375 0.438810546875 0.7266142578125 0.4715234375 0.7332236328125 0.475818359375 0.682998046875 0.3677685546875 0.6820068359375 0.323490234375 0.6929111328125 0.31985546875 0.741484375 0.36347265625 0.7368583984375
0 0.9200908203125 0.88059765625 0.9299638671875 0.8796572265625 0.93043359375 0.815716796875 0.9186806640625 0.8081943359375 0.678623046875 0.8188505859375 0.6809921875 0.8840263671875 0.9200908203125 0.88059765625
0 0.9186962890625 0.6934365234375 0.9296640625 0.6946552734375 0.9296640625 0.633720703125 0.9183916015625 0.6224482421875 0.685515625 0.638595703125 0.686734375 0.709583984375 0.9186962890625 0.6934365234375
0 0.91132421875 0.5253125 0.9264296875 0.537396484375 0.923744140625 0.4692568359375 0.914009765625 0.457205078125 0.9062900390625 0.4558623046875 0.690458984375 0.4753310546875 0.69213671875 0.5410888671875 0.91132421875 0.5253125
0 0.9044619140625 0.3619892578125 0.9197861328125 0.3783349609375 0.916720703125 0.3139736328125 0.9044619140625 0.299330078125 0.8959482421875 0.29830859375 0.6946923828125 0.3235087890625 0.69639453125 0.3851455078125 0.9044619140625 0.3619892578125
0 0.27121875 0.495970703125 0.2606728515625 0.498607421875 0.2329912109375 0.5262890625 0.2326611328125 0.5355166015625 0.235626953125 0.5767109375 0.26495703125 0.5368349609375 0.2863779296875 0.542107421875 0.291650390625 0.5005849609375 0.27121875 0.495970703125
0 0.25045703125 0.608017578125 0.2260703125 0.6353701171875 0.222775390625 0.64459765625 0.2234345703125 0.677552734375 0.2484794921875 0.6511884765625 0.27220703125 0.65547265625 0.27846875 0.611642578125 0.25045703125 0.608017578125
0 0.240498046875 0.72503515625 0.2360712890625 0.725919921875 0.2142353515625 0.7512978515625 0.213349609375 0.782873046875 0.237251953125 0.76634765625 0.260859375 0.7734296875 0.26794140625 0.728576171875 0.240498046875 0.72503515625
0 0.2342607421875 0.8417197265625 0.2047099609375 0.850537109375 0.1999443359375 0.8545888671875 0.1989912109375 0.86340625 0.2016123046875 0.86721875 0.2020888671875 0.8922421875 0.223298828125 0.8877138671875 0.254755859375 0.891765625 0.2590458984375 0.846962890625 0.2342607421875 0.8417197265625
5 0.91198828125 1 0.9090224609375 0.9349736328125 0.71476171875 0.9371982421875 0.7117958984375 1 0.91198828125 1
5 0.6481640625 1 0.6496669921875 0.93718359375 0.651169921875 0.9321748046875 0.5174296875 0.9261640625 0.4938876953125 0.9351796875 0.4888779296875 1 0.6481640625 1
7 0.47427734375 1 0.475548828125 0.9612822265625 0.4763115234375 0.9483125 0.4900439453125 0.9450068359375 0.4964013671875 0.941701171875 0.505556640625 0.93280078125 0.5050478515625 0.9261884765625 0.498181640625 0.9228828125 0.4971640625 0.9200849609375 0.5037763671875 0.919068359375 0.505556640625 0.914236328125 0.5047939453125 0.90584375 0.498181640625 0.90330078125 0.498435546875 0.9010126953125 0.5063193359375 0.899486328125 0.5065732421875 0.894654296875 0.5053017578125 0.8877880859375 0.49665625 0.8834658203125 0.48190625 0.874564453125 0.4724970703125 0.8722763671875 0.468427734375 0.8740556640625 0.46461328125 0.87787109375 0.4516435546875 0.879650390625 0.44477734375 0.8862626953125 0.443251953125 0.894400390625 0.4424892578125 0.924408203125 0.442234375 0.940416015625 0.44426953125 0.9419423828125 0.455458984375 0.9432138671875 0.4628330078125 0.947537109375 0.4638505859375 0.9633037109375 0.4641044921875 1 0.47427734375 1
7 0.342349609375 1 0.3507392578125 0.906796875 0.368119140625 0.90681640625 0.3726142578125 0.9050185546875 0.375611328125 0.88913671875 0.3893955078125 0.8879375 0.3965869140625 0.8816455078125 0.3980849609375 0.874154296875 0.3971865234375 0.869958984375 0.3947890625 0.8675615234375 0.3768095703125 0.86636328125 0.3768095703125 0.86216796875 0.3789072265625 0.855875 0.3917919921875 0.8546767578125 0.3965869140625 0.85078125 0.398984375 0.8447880859375 0.3980849609375 0.837595703125 0.3944892578125 0.834599609375 0.3813046875 0.8313037109375 0.3810048828125 0.8280068359375 0.39358984375 0.825609375 0.3986845703125 0.8202158203125 0.3995908203125 0.81446875 0.399017578125 0.808736328125 0.3967236328125 0.8041494140625 0.3819033203125 0.8025361328125 0.3798056640625 0.792048828125 0.356732421875 0.788453125 0.3594296875 0.7637939453125 0.4361416015625 0.76619140625 0.440935546875 0.763494140625 0.4412353515625 0.73922265625 0.438837890625 0.7368251953125 0.3606279296875 0.73592578125 0.36871875 0.683486328125 0.4810888671875 0.68618359375 0.518845703125 0.6597138671875 0.51824609375 0.6552197265625 0.491876953125 0.630048828125 0.523939453125 0.5901943359375 0.5242392578125 0.5865986328125 0.4975703125 0.545845703125 0.492931640625 0.5431484375 0.381759765625 0.548841796875 0.3748681640625 0.540751953125 0.3646796875 0.540751953125 0.360484375 0.5434482421875 0.359884765625 0.5470439453125 0.34909765625 0.6626982421875 0.3377109375 0.7858115234375 0.3233271484375 0.7837138671875 0.312240234375 0.7879091796875 0.3050478515625 0.79480078125 0.2999541015625 0.8905732421875 0.3047490234375 0.8956669921875 0.3260244140625 0.8998623046875 0.329919921875 0.9028583984375 0.325724609375 1 0.342349609375 1
8 0.0736708984375 1 0.075568359375 0.9497451171875 0.0799951171875 0.91946484375 0.0844208984375 0.8878466796875 0.0882158203125 0.8878466796875 0.0945390625 0.8922734375 0.1052890625 0.8992294921875 0.12304296875 0.9113984375 0.1197255859375 0.97515625 0.12116015625 0.9763037109375 0.1224501953125 0.97658984375 0.1244580078125 0.9763037109375 0.1267373046875 0.9758056640625 0.13112109375 0.9122490234375 0.1467099609375 0.917251953125 0.1580927734375 0.9153544921875 0.1647265625 0.91065625 0.17477734375 0.9037919921875 0.1843369140625 0.8998701171875 0.19365234375 0.894232421875 0.197576171875 0.8907890625 0.2002158203125 0.88928125 0.20153515625 0.883625 0.20078125 0.8677890625 0.1980927734375 0.86440625 0.199505859375 0.8524013671875 0.19562109375 0.847810546875 0.190677734375 0.841455078125 0.1865244140625 0.8341337890625 0.1837109375 0.824083984375 0.1796904296875 0.815240234375 0.1752685546875 0.8080048828125 0.176876953125 0.8027783203125 0.176876953125 0.79554296875 0.1748662109375 0.789111328125 0.1684345703125 0.7826787109375 0.1595908203125 0.7718251953125 0.1551689453125 0.76458984375 0.149541015625 0.7545400390625 0.147939453125 0.7437451171875 0.140380859375 0.7325859375 0.1335419921875 0.718908203125 0.1241826171875 0.708830078125 0.1151845703125 0.689751953125 0.1126640625 0.6854326171875 0.1054658203125 0.677513671875 0.0993466796875 0.6753544921875 0.0928671875 0.67859375 0.0871083984375 0.68615234375 0.0813486328125 0.6983916015625 0.0773896484375 0.7027109375 0.071990234375 0.7045107421875 0.06587109375 0.7048701171875 0.0583115234375 0.704150390625 0.0442734375 0.710375 0.0334755859375 0.72009375 0.02663671875 0.735931640625 0.0244765625 0.7449306640625 0.02663671875 0.7564482421875 0.0223173828125 0.75896875 0.0154775390625 0.7560888671875 0.0046796875 0.760767578125 0.0003603515625 0.7625673828125 0 0.770486328125 0 0.77660546875 0 0.8487626953125 0.0046796875 0.856681640625 0.0165576171875 0.8635205078125 0.0237568359375 0.8660400390625 0.025916015625 0.8717998046875 0.02699609375 0.8789990234375 0.0363544921875 0.883677734375 0.0496728515625 0.88223828125 0.0557919921875 0.87971875 0.069189453125 0.8750673828125 0.0752548828125 0.881806640625 0.0736826171875 0.892814453125 0.06986328125 0.9172119140625 0.06671875 0.9491103515625 0.06626953125 1 0.0736708984375 1
2 1 0.130646484375 0.9703837890625 0.1310390625 0.9694013671875 0.134970703125 0.968025390625 0.16858203125 0.929302734375 0.1703505859375 0.8921376953125 0.1754619140625 0.8821123046875 0.17605078125 0.879361328125 0.1711376953125 0.865798828125 0.1416533203125 0.8606875 0.1394912109375 0.8543984375 0.1394912109375 0.7657412109375 0.15325 0.7643662109375 0.1552158203125 0.7647587890625 0.1591474609375 0.776552734375 0.1794326171875 0.776552734375 0.1967294921875 0.76888671875 0.197515625 0.756306640625 0.2014462890625 0.7400693359375 0.2061640625 0.7379072265625 0.1963359375 0.7333857421875 0.195353515625 0.7290615234375 0.1961396484375 0.7278818359375 0.197908203125 0.727685546875 0.2102919921875 0.723951171875 0.207146484375 0.7204130859375 0.20557421875 0.714123046875 0.204984375 0.710978515625 0.20734375 0.708619140625 0.2102919921875 0.7058681640625 0.2097021484375 0.6713662109375 0.17726953125 0.666255859375 0.17589453125 0.5992783203125 0.1967294921875 0.586109375 0.1998740234375 0.584537109375 0.2024296875 0.584537109375 0.2057705078125 0.5937744140625 0.213830078125 0.5922021484375 0.2558798828125 0.5872880859375 0.2586318359375 0.579623046875 0.2617763671875 0.572939453125 0.263349609375 0.5147314453125 0.2328828125 0.5100146484375 0.2320966796875 0.503189453125 0.2340625 0.45169140625 0.260990234375 0.448939453125 0.2629560546875 0.4485458984375 0.265314453125 0.4501181640625 0.26806640625 0.456408203125 0.2700322265625 0.45798046875 0.2733740234375 0.45424609375 0.30879296875 0.45051171875 0.3095791015625 0.4121826171875 0.2966064453125 0.4009794921875 0.293658203125 0.39626171875 0.2956240234375 0.362650390625 0.3233388671875 0.3607353515625 0.3269423828125 0.3612548828125 0.3295400390625 0.363591796875 0.331357421875 0.367228515625 0.3336240234375 0.367228515625 0.337779296875 0.365669921875 0.34816796875 0.3628134765625 0.3525830078125 0.3524248046875 0.35881640625 0.33866015625 0.356478515625 0.33112890625 0.3572578125 0.32801171875 0.3598544921875 0.314248046875 0.384267578125 0.313728515625 0.3899814453125 0.2856796875 0.4138740234375 0.2810048828125 0.42148828125 0.250619140625 0.474728515625 0.250359375 0.4799228515625 0.25087890625 0.5066728515625 0.233998046875 0.5222744140625 0.23166015625 0.525130859375 0.2341787109375 0.5770771484375 0.2377822265625 0.583646484375 0.2373583984375 0.6190380859375 0.2252783203125 0.6345087890625 0.2218876953125 0.6444697265625 0.2218876953125 0.6785927734375 0.2227353515625 0.6845263671875 0.2259140625 0.686857421875 0.2223115234375 0.7262763671875 0.2140458984375 0.7433115234375 0.2115029296875 0.7492451171875 0.2110791015625 0.7850615234375 0.2119267578125 0.78951171875 0.21510546875 0.7943857421875 0.212986328125 0.8184609375 0.21171484375 0.847283203125 0.204580078125 0.84974609375 0.19919921875 0.853537109375 0.1971201171875 0.86380859375 0.19948828125 0.8694130859375 0.2005947265625 0.890853515625 0.2021201171875 0.8977177734375 0.208984375 0.902294921875 0.219662109375 0.9045830078125 0.2150859375 0.9080146484375 0.2158486328125 0.915642578125 0.219662109375 0.922125 0.2246201171875 0.9263203125 0.2212490234375 0.976326171875 0.210982421875 0.9823447265625 0.2053193359375 0.9901328125 0.2056728515625 0.9979208984375 0.209212890625 1 1 1 1 0.130646484375
5 0.463560546875 1 0.462490234375 0.948515625 0.4542841796875 0.943513671875 0.4435751953125 0.9429501953125 0.4413212890625 0.9409775390625 0.441884765625 0.9147685546875 0.35110546875 0.9140166015625 0.3442548828125 1 0.463560546875 1
6 0.0648271484375 1 0.0662158203125 0.9512236328125 0.0167158203125 0.93976953125 0 0.9381337890625 0 1 0.0648271484375 1
6 0.210767578125 1 0.201388671875 0.9827705078125 0.17294921875 0.9854921875 0.1678203125 0.9710537109375 0.1577822265625 0.9697529296875 0.15683203125 0.99682421875 0.1530322265625 0.99682421875 0.153666015625 0.969119140625 0.13275390625 0.963970703125 0.1276181640625 0.977251953125 0.118939453125 0.9776064453125 0.1187626953125 0.963439453125 0.0762578125 0.9529912109375 0.0750966796875 1 0.210767578125 1
7 0.157392578125 0.970072265625 0.158408203125 0.946962890625 0.1595791015625 0.946595703125 0.1632509765625 0.946673828125 0.168953125 0.946126953125 0.170671875 0.93761328125 0.16825 0.9325361328125 0.1530185546875 0.930349609375 0.1506748046875 0.931287109375 0.1504404296875 0.945033203125 0.154736328125 0.9469072265625 0.1535654296875 0.9963701171875 0.15646484375 0.99630859375 0.157392578125 0.970072265625
0 0.3840498046875 0.8337802734375 0.390259765625 0.8337802734375 0.3974248046875 0.836884765625 0.3967080078125 0.8473935546875 0.39288671875 0.855037109375 0.37616796875 0.85623046875 0.3723466796875 0.85957421875 0.371869140625 0.8676953125 0.3955146484375 0.868650390625 0.3950361328125 0.87963671875 0.4265634765625 0.8793984375 0.4604775390625 0.88130859375 0.465015625 0.8311533203125 0.431578125 0.8270927734375 0.38452734375 0.8287646484375 0.3840498046875 0.8337802734375