6 1 0.915603515625 0.778349609375 0.9208154296875 0.4127861328125 0.90226953125 0.2222724609375 0.880541015625 0 0.8460888671875 0 1 1 1 1 0.915603515625
8 0 0 0 0.1450439453125 0.0487255859375 0.1291796875 0.11784765625 0.135978515625 0.2356962890625 0.14277734375 0.3127509765625 0.1382451171875 0.355810546875 0.1507099609375 0.37620703125 0.1699736328125 0.3753251953125 0.219494140625 0.2584521484375 0.248 0.18338671875 0.2565517578125 0.173884765625 0.2698544921875 0.2261455078125 0.276505859375 0.257501953125 0.2869580078125 0.3506201171875 0.265103515625 0.48934765625 0.223294921875 0.5235546875 0.2318466796875 0.58816796875 0.2917080078125 0.5948193359375 0.3050107421875 0.4722451171875 0.3221142578125 0.359171875 0.359171875 0.32496484375 0.3962294921875 0.4114326171875 0.4057314453125 0.4579921875 0.3582216796875 0.5207041015625 0.3430185546875 0.593869140625 0.3316162109375 0.6147734375 0.3449189453125 0.61090625 0.440814453125 0.61446875 0.5040419921875 0.6067294921875 0.8005966796875 0.59883203125 0.83003515625 0.4861357421875 0.8228095703125 0.414486328125 0.82512109375 0.295841796875 0.8204990234375 0 0.7842890625 0 0.83981640625 0.22214453125 0.876451171875 0.4046630859375 0.897845703125 0.6990751953125 0.9126298828125 0.780271484375 0.9169033203125 1 0.9094306640625 1 0.808779296875 0.8332880859375 0.8304599609375 0.6815244140625 0.8332880859375 0.6983203125 0.3617802734375 0.73533984375 0.334857421875 0.7622626953125 0.31634765625 0.806013671875 0.323078125 0.8396669921875 0.3474775390625 0.901927734375 0.4509638671875 0.923802734375 0.4518046875 0.9246435546875 0.4290888671875 0.84219140625 0.317189453125 0.8808935546875 0.30541015625 0.9254853515625 0.304568359375 0.956615234375 0.3180302734375 0.997 0.36009765625 1 0.356732421875 1 0.334015625 0.9953173828125 0.3096171875 0.9389462890625 0.2818525390625 0.93810546875 0.2700732421875 0.9776484375 0.2742802734375 1 0.2667080078125 1 0 0 0
2 1 0.1302041015625 0.7321806640625 0.1098271484375 0.5344921875 0.106166015625 0.2882958984375 0.035693359375 0.2280283203125 0.0563369140625 0 0.076009765625 0 0.7084638671875 0.20565625 0.71433984375 0.344998046875 0.7924052734375 0.4734287109375 0.817587890625 0.708107421875 0.827220703125 0.83339453125 0.8258935546875 1 0.8017255859375 1 0.1302041015625
0 0.191623046875 0.504455078125 0.1906171875 0.4360546875 0.02062109375 0.4395751953125 0.021626953125 0.5079765625 0.191623046875 0.504455078125
9 0.332197265625 0.7493271484375 0.332197265625 0.635107421875 0.300400390625 0.6359443359375 0.2987265625 0.745142578125 0.332197265625 0.7493271484375
9 0.4782802734375 0.752984375 0.4782802734375 0.6385244140625 0.3867119140625 0.63893359375 0.3879384765625 0.7533935546875 0.4782802734375 0.752984375
9 0.81072265625 0.7411767578125 0.80975 0.6327236328125 0.6774658203125 0.6390458984375 0.6774658203125 0.7470126953125 0.81072265625 0.7411767578125
9 0.684470703125 0.4119775390625 0.683474609375 0.5245615234375 0.8119990234375 0.5235654296875 0.8124970703125 0.4104833984375 0.683474609375 0.4119775390625 0.684470703125 0.4119775390625
9 0.80046875 0.1988095703125 0.6932158203125 0.1942314453125 0.672943359375 0.255705078125 0.668365234375 0.315216796875 0.804392578125 0.316525390625 0.80046875 0.1988095703125
9 0.47441015625 0.314052734375 0.4714892578125 0.1938505859375 0.3806552734375 0.19621875 0.3806552734375 0.3161025390625 0.47441015625 0.314052734375
9 0.328005859375 0.30999609375 0.326369140625 0.2013876953125 0.2941689453125 0.2079375 0.295259765625 0.3159990234375 0.328005859375 0.30999609375
9 0.3295859375 0.531025390625 0.3295859375 0.41624609375 0.2991630859375 0.4167080078125 0.2991630859375 0.4203955078125 0.3000849609375 0.530564453125 0.3295859375 0.531025390625
9 0.479837890625 0.5309951171875 0.477943359375 0.4121015625 0.3846279296875 0.413048828125 0.38320703125 0.41399609375 0.38320703125 0.5319423828125 0.479837890625 0.5309951171875
0 0.19507421875 0.31285546875 0.1913935546875 0.2361748046875 0.022697265625 0.2410830078125 0.021470703125 0.3165361328125 0.19507421875 0.31285546875
3 0 0.7820458984375 0.29998046875 0.81823046875 0.4062783203125 0.82352734375 0.474748046875 0.8212568359375 0.34337109375 0.794443359375 0.20652734375 0.7174501953125 0 0.71128515625 0 0.7820458984375