9 0.2670771484375 0.4480712890625 0.268494140625 0.3797109375 0.182736328125 0.3822021484375 0.18173046875 0.4513037109375 0.2670771484375 0.4480712890625
9 0.4309873046875 0.4445751953125 0.430998046875 0.3743046875 0.339091796875 0.3764111328125 0.3392529296875 0.447154296875 0.4309873046875 0.4445751953125
9 0.2668095703125 0.5812255859375 0.2653671875 0.5085830078125 0.1797783203125 0.5089501953125 0.1795048828125 0.5814189453125 0.2668095703125 0.5812255859375
9 0.4323642578125 0.5769541015625 0.4313154296875 0.5047919921875 0.337373046875 0.5073427734375 0.3394375 0.5803359375 0.4323642578125 0.5769541015625
9 0.2687294921875 0.7167431640625 0.268390625 0.641990234375 0.18215625 0.643318359375 0.1822333984375 0.7176298828125 0.2687294921875 0.7167431640625
9 0.4339931640625 0.7104716796875 0.4326005859375 0.63946484375 0.34047265625 0.640970703125 0.343919921875 0.71255078125 0.4339931640625 0.7104716796875
1 0.52887890625 1 0.5298603515625 0.993001953125 0.5336337890625 0.989951171875 0.55416015625 0.9835673828125 0.5565517578125 0.9707109375 0.5500146484375 0.956908203125 0.539767578125 0.9528232421875 0.5281923828125 0.9561640625 0.515818359375 0.8873095703125 0.5013212890625 0.852 0.49166796875 0.8437353515625 0.448716796875 0.83754296875 0.3794931640625 0.83647265625 0.3424384765625 0.8378134765625 0.3150380859375 0.8620498046875 0.300583984375 0.884681640625 0.276423828125 0.95873046875 0.26437890625 0.94156640625 0.25528125 0.9415166015625 0.2498681640625 0.9482763671875 0.24966796875 0.959765625 0.2551201171875 0.96787890625 0.2685107421875 0.9780537109375 0.2642041015625 1 0.52887890625 1
1 0.2624482421875 1 0.2674873046875 0.9790830078125 0.259765625 0.9739677734375 0.2485654296875 0.9620791015625 0.2480361328125 0.9538330078125 0.2482373046875 0.9471318359375 0.25534765625 0.93940625 0.2658056640625 0.941373046875 0.2762666015625 0.9555244140625 0.2772333984375 0.933490234375 0.269859375 0.88705859375 0.2739677734375 0.88644921875 0.2841123046875 0.8794404296875 0.2853447265625 0.8673984375 0.279931640625 0.8536357421875 0.2686826171875 0.844392578125 0.2578447265625 0.8426689453125 0.2385087890625 0.79580859375 0.2261875 0.7818828125 0.188623046875 0.7718349609375 0.1759501953125 0.77333203125 0.1353076171875 0.769513671875 0 0.7667353515625 0 1 0.2624482421875 1
1 0 0.7658583984375 0.0628759765625 0.7673466796875 0.1453662109375 0.7681962890625 0.131919921875 0.7561171875 0.1198662109375 0.745896484375 0.1015478515625 0.7337255859375 0.074390625 0.7299443359375 0.042408203125 0.7264521484375 0.0271572265625 0.7287900390625 0.01238671875 0.73544921875 0.004041015625 0.7423115234375 0 0.755578125 0 0.7658583984375
1 0.1728603515625 0.7724423828125 0.190724609375 0.770380859375 0.19691796875 0.772166015625 0.2169375 0.77703515625 0.226810546875 0.7807958984375 0.240359375 0.7968359375 0.251630859375 0.82518359375 0.257466796875 0.8264619140625 0.2606328125 0.8261513671875 0.264640625 0.8268798828125 0.2685947265625 0.824751953125 0.270568359375 0.8153095703125 0.2704375 0.8043203125 0.2680107421875 0.786638671875 0.2662255859375 0.77598046875 0.254822265625 0.75843359375 0.2501728515625 0.7483974609375 0.2522587890625 0.742841796875 0.252076171875 0.737279296875 0.2478037109375 0.7311748046875 0.2216328125 0.7275927734375 0.174888671875 0.7249521484375 0.167669921875 0.726203125 0.1563212890625 0.732123046875 0.153630859375 0.740689453125 0.152189453125 0.74887109375 0.1539482421875 0.7587607421875 0.150515625 0.7691748046875 0.1728603515625 0.7724423828125
1 0.6889775390625 0.8609599609375 0.6917119140625 0.8669873046875 0.695091796875 0.870458984375 0.703462890625 0.8716484375 0.7117392578125 0.8691279296875 0.7155234375 0.8589462890625 0.7160830078125 0.8325654296875 0.7129580078125 0.8123623046875 0.703408203125 0.7992373046875 0.7012744140625 0.7940634765625 0.7067587890625 0.7885380859375 0.7082548828125 0.7850947265625 0.70562890625 0.7817353515625 0.69673828125 0.779556640625 0.693408203125 0.7733134765625 0.67873046875 0.7666748046875 0.6547880859375 0.7632607421875 0.6310751953125 0.764103515625 0.6178515625 0.7686650390625 0.6057724609375 0.776244140625 0.5991083984375 0.78715234375 0.59689453125 0.794126953125 0.5943671875 0.807595703125 0.5942177734375 0.8202724609375 0.592990234375 0.8280224609375 0.59487890625 0.8350693359375 0.59943359375 0.8397802734375 0.6005009765625 0.851830078125 0.5974521484375 0.8622822265625 0.5990283203125 0.8672919921875 0.6059033203125 0.870921875 0.6157451171875 0.8692021484375 0.621181640625 0.8632333984375 0.6889775390625 0.8609599609375
1 1 0.8470458984375 0.9975146484375 0.8446064453125 0.957541015625 0.84468359375 0.9278388671875 0.849171875 0.912958984375 0.8538134765625 0.905203125 0.8617119140625 0.894474609375 0.879625 0.880689453125 0.899099609375 0.8751201171875 0.919576171875 0.871509765625 0.9404921875 0.872333984375 0.96291015625 0.8761748046875 0.9840400390625 0.8784208984375 1 1 1 1 0.8470458984375
2 0.109203125 0.7359052734375 0.130935546875 0.7522578125 0.149216796875 0.768423828125 0.151896484375 0.758494140625 0.150373046875 0.7469599609375 0.1538349609375 0.73533203125 0.1594833984375 0.72781640625 0.1724541015625 0.7232900390625 0.2460654296875 0.7283173828125 0.2521181640625 0.734197265625 0.2522060546875 0.7497607421875 0.263935546875 0.7689912109375 0.6225712890625 0.7645458984375 0.637521484375 0.7614501953125 0.658517578125 0.7606328125 0.6775439453125 0.763125 0.6921650390625 0.7685537109375 0.8666953125 0.7674111328125 0.8666162109375 0.6687666015625 0.870376953125 0.66470703125 0.8997734375 0.6643701171875 0.8996064453125 0.6477294921875 0.8998232421875 0.6234853515625 0.8969833984375 0.616146484375 0.8955498046875 0.589333984375 0.8992314453125 0.577873046875 0.8988623046875 0.540048828125 0.8936591796875 0.532568359375 0.893591796875 0.5200556640625 0.8989560546875 0.5168720703125 0.8988857421875 0.4863671875 0.8949697265625 0.4796220703125 0.894814453125 0.457154296875 0.8895146484375 0.446015625 0.88783203125 0.4051025390625 0.88425 0.401009765625 0.8823798828125 0.395033203125 0.8695849609375 0.388921875 0.8396611328125 0.38655859375 0.8447392578125 0.362966796875 0.8427431640625 0.35588671875 0.81464453125 0.3489287109375 0.783337890625 0.348279296875 0.781283203125 0.32364453125 0.706763671875 0.3226357421875 0.697947265625 0.3166533203125 0.1002509765625 0.3338330078125 0.0978955078125 0.729 0.109203125 0.7359052734375
8 1 0.5680859375 0.9934677734375 0.55835546875 0.9925283203125 0.5475888671875 0.9810908203125 0.541765625 0.9628935546875 0.5401708984375 0.9569794921875 0.53151953125 0.940154296875 0.526181640625 0.933765625 0.5158701171875 0.9283896484375 0.51611328125 0.92521484375 0.5186689453125 0.9317431640625 0.53702734375 0.925265625 0.547583984375 0.910755859375 0.5417265625 0.9022099609375 0.5346171875 0.898267578125 0.53902734375 0.900673828125 0.5571650390625 0.9031533203125 0.57634765625 0.9001640625 0.58721484375 0.8829296875 0.5800703125 0.84905078125 0.58615625 0.82998046875 0.5773154296875 0.80845703125 0.574111328125 0.7994404296875 0.56123046875 0.7701474609375 0.554001953125 0.7417509765625 0.554216796875 0.721771484375 0.5550869140625 0.69104296875 0.561033203125 0.65708984375 0.5750224609375 0.630318359375 0.5862646484375 0.59397265625 0.5704765625 0.556796875 0.5611796875 0.4982744140625 0.5611796875 0.4582265625 0.5681708984375 0.41251953125 0.591560546875 0.3511181640625 0.5983271484375 0.315927734375 0.6002021484375 0.296248046875 0.6165185546875 0.2553525390625 0.6217080078125 0.2253203125 0.6126328125 0.1718388671875 0.593927734375 0.1073515625 0.583521484375 0.094689453125 0.5809267578125 0.097822265625 0.3321474609375 0.2787177734375 0.3259951171875 0.285041015625 0.313162109375 0.2772783203125 0.30110546875 0.2260126953125 0.3088994140625 0.1942568359375 0.2840107421875 0.1724697265625 0.2564697265625 0.1465390625 0.2376083984375 0.110013671875 0.2217197265625 0.093306640625 0.1995234375 0.0790185546875 0.1705419921875 0.06115625 0.1480498046875 0.0486083984375 0.1267705078125 0.0255732421875 0.1290078125 0.010466796875 0.143181640625 0.0005849609375 0.159603515625 0 0.7513740234375 0.002841796875 0.740595703125 0.013421875 0.733380859375 0.0344453125 0.7248486328125 0.0411923828125 0.72469921875 0.0781240234375 0.7296025390625 0.0997451171875 0.731970703125 0.1097578125 0.7345966796875 0.1480927734375 0.764955078125 0.149482421875 0.758451171875 0.1487705078125 0.7456298828125 0.154326171875 0.7293134765625 0.1652822265625 0.7229970703125 0.1729365234375 0.7223056640625 0.2478232421875 0.726623046875 0.2535517578125 0.734908203125 0.2547509765625 0.7497041015625 0.2653310546875 0.7701572265625 0.2669521484375 0.7762666015625 0.272328125 0.8106396484375 0.273779296875 0.8160400390625 0.2823798828125 0.82073046875 0.4211103515625 0.8250126953125 0.4859970703125 0.8238291015625 0.556990234375 0.8229541015625 0.5876728515625 0.81930078125 0.59262109375 0.8192685546875 0.592970703125 0.8086826171875 0.59518359375 0.7948662109375 0.5981943359375 0.7845068359375 0.604685546875 0.77522265625 0.617951171875 0.766880859375 0.6244677734375 0.76365625 0.6390654296875 0.7601337890625 0.6636123046875 0.75909375 0.6835771484375 0.762544921875 0.6953564453125 0.7694599609375 0.7001552734375 0.7764814453125 0.7098251953125 0.7826259765625 0.7097236328125 0.7870947265625 0.7046201171875 0.7936015625 0.7053994140625 0.7958388671875 0.718115234375 0.81805078125 0.8600869140625 0.8185556640625 0.8652265625 0.8096689453125 0.8685693359375 0.7808173828125 0.867740234375 0.7098740234375 0.8676015625 0.6944052734375 0.865916015625 0.6670654296875 0.8691767578125 0.663533203125 0.899462890625 0.66605859375 0.9017431640625 0.69599609375 0.921201171875 0.6991240234375 0.9471904296875 0.7129140625 0.9469541015625 0.7305107421875 0.9450009765625 0.810552734375 0.9922333984375 0.8085107421875 0.9928759765625 0.7942353515625 0.9889638671875 0.7667568359375 1 0.7487412109375 1 0.5680859375
0 0.8009638671875 0.4466025390625 0.8026494140625 0.4704521484375 0.8565224609375 0.4738974609375 0.8562841796875 0.43753125 0.8548876953125 0.4291181640625 0.8475810546875 0.4261875 0.8153681640625 0.42244921875 0.7839189453125 0.4218349609375 0.7845908203125 0.4443095703125 0.8009638671875 0.4466025390625
0 0.857630859375 0.4737470703125 0.85262109375 0.478240234375 0.8527353515625 0.49442578125 0.8676767578125 0.49431640625 0.886375 0.4942080078125 0.893751953125 0.4982421875 0.896080078125 0.4950712890625 0.893900390625 0.458296875 0.883638671875 0.4547666015625 0.8583974609375 0.452041015625 0.857630859375 0.4737470703125
8 0.6013974609375 0.3182685546875 0.595375 0.3009970703125 0.5846767578125 0.290349609375 0.567791015625 0.2817734375 0.54617578125 0.277544921875 0.521404296875 0.277279296875 0.4997080078125 0.2851083984375 0.484005859375 0.292427734375 0.4758427734375 0.304732421875 0.468951171875 0.3208369140625 0.6013974609375 0.3182685546875
4 0.8801015625 0.8282275390625 0.943099609375 0.8261630859375 0.9446669921875 0.820287109375 0.9464306640625 0.7133720703125 0.925796875 0.7024208984375 0.90419921875 0.6988994140625 0.8947255859375 0.699310546875 0.876189453125 0.7034296875 0.8684921875 0.7086796875 0.8705458984375 0.78069140625 0.8663828125 0.8104599609375 0.8616484375 0.8202314453125 0.8801015625 0.8282275390625
4 0.9940478515625 0.792421875 0.9931376953125 0.8104013671875 0.9933818359375 0.81991796875 0.9992119140625 0.8268828125 0.9992109375 0.7517333984375 0.9898291015625 0.7666279296875 0.9940478515625 0.792421875
6 0.2666962890625 0.8424873046875 0.2771005859375 0.849873046875 0.281359375 0.8545517578125 0.286306640625 0.8670068359375 0.2852080078125 0.8810322265625 0.27544140625 0.886419921875 0.2713701171875 0.8884970703125 0.27731640625 0.9268447265625 0.2784541015625 0.943154296875 0.29855078125 0.8843662109375 0.309734375 0.8662587890625 0.3300751953125 0.84490234375 0.3425478515625 0.836548828125 0.4154853515625 0.83390234375 0.452431640625 0.835341796875 0.4920556640625 0.840703125 0.4995498046875 0.84641015625 0.5051845703125 0.8528642578125 0.5228544921875 0.9219619140625 0.52800390625 0.9545517578125 0.5393466796875 0.951298828125 0.548953125 0.9552744140625 0.557 0.9703779296875 0.5570126953125 0.9741220703125 0.55301953125 0.985296875 0.5301640625 0.9931103515625 0.5288466796875 0.9999541015625 0.8742919921875 1 0.871134765625 0.9707197265625 0.8685400390625 0.9372685546875 0.878021484375 0.896115234375 0.8932451171875 0.87587890625 0.9070986328125 0.853904296875 0.9258896484375 0.84670703125 0.9779111328125 0.8417734375 0.9988505859375 0.8425615234375 0.9970224609375 0.828296875 0.9908486328125 0.817298828125 0.9906669921875 0.809177734375 0.94703515625 0.8112939453125 0.9454736328125 0.8268154296875 0.881095703125 0.8299169921875 0.858318359375 0.8201884765625 0.7163125 0.820466796875 0.718115234375 0.8547998046875 0.7141826171875 0.8689716796875 0.7086142578125 0.872529296875 0.697810546875 0.8724375 0.691490234375 0.87030859375 0.6883154296875 0.86299609375 0.621640625 0.864791015625 0.6177548828125 0.87076171875 0.609755859375 0.8716572265625 0.6040615234375 0.8713359375 0.598263671875 0.8675732421875 0.595708984375 0.8615078125 0.59903515625 0.8501513671875 0.5986884765625 0.8409453125 0.5933388671875 0.8342763671875 0.5915908203125 0.8274052734375 0.5915625 0.8201591796875 0.557087890625 0.824369140625 0.4797548828125 0.825041015625 0.2785244140625 0.8218154296875 0.2721396484375 0.816986328125 0.2678759765625 0.8268466796875 0.264548828125 0.827904296875 0.2524052734375 0.8264833984375 0.2588115234375 0.84144921875 0.2666962890625 0.8424873046875
0 0.7833046875 0.6141123046875 0.810421875 0.612431640625 0.8100029296875 0.59540234375 0.808099609375 0.5646923828125 0.803580078125 0.5616005859375 0.708021484375 0.56352734375 0.70730078125 0.6147216796875 0.7833046875 0.6141123046875
7 0.8799384765625 0.664931640625 0.87119140625 0.6652744140625 0.8676748046875 0.6687900390625 0.869904296875 0.7044619140625 0.8725634765625 0.705748046875 0.8763369140625 0.7028330078125 0.894517578125 0.698888671875 0.900091796875 0.6984599609375 0.900263671875 0.6975166015625 0.8987197265625 0.666646484375 0.8799384765625 0.664931640625