9 0.7018603515625 0.307248046875 0.6999697265625 0.181673828125 0.6938271484375 0.178501953125 0.6804609375 0.1778759765625 0.6658076171875 0.179798828125 0.652455078125 0.184896484375 0.64151953125 0.19190625 0.636986328125 0.1950859375 0.6333955078125 0.201578125 0.634197265625 0.3165966796875 0.7018603515625 0.307248046875
9 1 0.5744873046875 0.999775390625 0.3903564453125 0.9934736328125 0.3823349609375 0.98202734375 0.380384765625 0.96776953125 0.38139453125 0.952525390625 0.38647265625 0.934931640625 0.3947607421875 0.9258779296875 0.401544921875 0.9232548828125 0.4105234375 0.9253759765625 0.5734248046875 1 0.5744873046875
9 0.71166015625 0.5741220703125 0.7095146484375 0.429490234375 0.70491796875 0.4226806640625 0.68815234375 0.4147236328125 0.66758984375 0.4115830078125 0.65436328125 0.4144013671875 0.6396953125 0.419501953125 0.626994140625 0.427373046875 0.6185908203125 0.433927734375 0.6170634765625 0.4435712890625 0.6181123046875 0.574478515625 0.71166015625 0.5741220703125
9 0.474392578125 0.575275390625 0.474208984375 0.448037109375 0.466525390625 0.441166015625 0.4543330078125 0.4366396484375 0.4434931640625 0.434494140625 0.434888671875 0.4362607421875 0.42475 0.4408203125 0.4142548828125 0.4482060546875 0.4090048828125 0.45207421875 0.4037392578125 0.4576611328125 0.40458984375 0.5768232421875 0.474392578125 0.575275390625
9 0.47108984375 0.3479814453125 0.4720908203125 0.23869921875 0.4686123046875 0.2319755859375 0.462453125 0.22827734375 0.446890625 0.2285546875 0.4312529296875 0.232916015625 0.4195400390625 0.2395107421875 0.41358984375 0.2439228515625 0.4077431640625 0.2505576171875 0.4060986328125 0.2571787109375 0.40447265625 0.3602236328125 0.47108984375 0.3479814453125
9 0.3071962890625 0.381568359375 0.3064794921875 0.280236328125 0.3005380859375 0.2725166015625 0.29116015625 0.2676591796875 0.2791259765625 0.2682880859375 0.2697099609375 0.2716669921875 0.2609658203125 0.2762177734375 0.253943359375 0.2842119140625 0.2493115234375 0.29184765625 0.24853515625 0.3899384765625 0.3071962890625 0.381568359375
9 0.182259765625 0.4085478515625 0.1802421875 0.3246884765625 0.1753203125 0.316154296875 0.1696611328125 0.3143759765625 0.161873046875 0.314611328125 0.1542763671875 0.3163349609375 0.1487568359375 0.320544921875 0.1418916015625 0.3278095703125 0.1425224609375 0.413888671875 0.182259765625 0.4085478515625
9 0.1064111328125 0.4225517578125 0.106455078125 0.34236328125 0.09971484375 0.334701171875 0.091802734375 0.3308037109375 0.083697265625 0.3314130859375 0.076533203125 0.3348330078125 0.0707568359375 0.33889453125 0.0662568359375 0.3444287109375 0.061853515625 0.350681640625 0.0613974609375 0.4304599609375 0.1064111328125 0.4225517578125
9 0.0306005859375 0.359083984375 0.027384765625 0.3525146484375 0.021890625 0.3498359375 0.01796875 0.3484697265625 0.0116640625 0.3479619140625 0.0062138671875 0.3486826171875 0 0.3523544921875 0.0000078125 0.4396796875 0.0284912109375 0.4342099609375 0.0306005859375 0.359083984375
1 0 0.9988505859375 0.6382109375 0.999193359375 0.5450751953125 0.9375576171875 0.541580078125 0.9279384765625 0.525474609375 0.912544921875 0.513060546875 0.90617578125 0.49616015625 0.9023193359375 0.3781865234375 0.8309833984375 0.3323779296875 0.8059423828125 0.2823681640625 0.781646484375 0.1775234375 0.749044921875 0.0880146484375 0.7316103515625 0.04558203125 0.730671875 0.0280400390625 0.728693359375 0.0125908203125 0.731490234375 0 0.738380859375 0 0.9988505859375
1 0.5839765625 0.7438232421875 0.586515625 0.7500400390625 0.5908095703125 0.755486328125 0.5999912109375 0.76148828125 0.6144755859375 0.76496484375 0.6307119140625 0.7654326171875 0.640576171875 0.763115234375 0.6528544921875 0.7550048828125 0.7186396484375 0.7606162109375 0.73 0.77203515625 0.7420107421875 0.7777021484375 0.7569013671875 0.77984765625 0.7651650390625 0.77984765625 0.7728759765625 0.778181640625 0.784087890625 0.771162109375 0.7876484375 0.7658447265625 0.791341796875 0.757474609375 0.7965361328125 0.7416513671875 0.9051494140625 0.720990234375 0.91308984375 0.726548828125 0.9197900390625 0.7298681640625 0.930853515625 0.7298681640625 0.935201171875 0.7285634765625 0.939794921875 0.7242314453125 0.9450634765625 0.7155107421875 0.9495029296875 0.7030615234375 0.9554951171875 0.6970126953125 0.959337890625 0.6896337890625 0.95918359375 0.67424609375 0.9574140625 0.657962890625 0.9523046875 0.6420966796875 0.9483984375 0.6312099609375 0.94173828125 0.625515625 0.9233359375 0.6190078125 0.8952880859375 0.61873046875 0.894380859375 0.615755859375 0.8914599609375 0.6095439453125 0.8850791015625 0.60676171875 0.8779541015625 0.60508984375 0.8615595703125 0.5912314453125 0.8498681640625 0.583501953125 0.8398251953125 0.5794833984375 0.82255859375 0.5722744140625 0.78784375 0.571177734375 0.713416015625 0.5748740234375 0.680544921875 0.5758076171875 0.63262890625 0.5858388671875 0.598544921875 0.5970615234375 0.593876953125 0.600005859375 0.5910712890625 0.606861328125 0.5883623046875 0.6182724609375 0.5805859375 0.6261953125 0.5607109375 0.6491708984375 0.55496875 0.656908203125 0.5545029296875 0.6669755859375 0.5552978515625 0.6840732421875 0.5512646484375 0.6953203125 0.5504306640625 0.71387109375 0.55508984375 0.7363271484375 0.5605908203125 0.739857421875 0.5769501953125 0.743078125 0.5839765625 0.7438232421875
1 0 0.6181767578125 0.002779296875 0.6154833984375 0.0084306640625 0.6139140625 0.0128125 0.6130107421875 0.0247841796875 0.613140625 0.036134765625 0.616876953125 0.0479697265625 0.6218330078125 0.058119140625 0.6280517578125 0.06767578125 0.6338037109375 0.071962890625 0.6345458984375 0.0738173828125 0.6400546875 0.07092578125 0.6458095703125 0.1526884765625 0.6370908203125 0.15382421875 0.621494140625 0.15298046875 0.61600390625 0.1520751953125 0.6103681640625 0.1484521484375 0.6051923828125 0.1427158203125 0.6014833984375 0.1252294921875 0.59948046875 0.105326171875 0.5977822265625 0.0962177734375 0.59473828125 0.0855517578125 0.589525390625 0.0725966796875 0.5806201171875 0.066998046875 0.5786025390625 0.0606474609375 0.57823828125 0.050275390625 0.578193359375 0 0.580173828125 0 0.6181767578125
8 0 0.6388173828125 0.021169921875 0.64115625 0.0294609375 0.64274609375 0.037322265625 0.643494140625 0.0455068359375 0.643494140625 0.0515625 0.645935546875 0.057791015625 0.647830078125 0.06468359375 0.648044921875 0.06948046875 0.6461767578125 0.0709482421875 0.643216796875 0.0725625 0.6397109375 0.071412109375 0.6352900390625 0.0671650390625 0.6343046875 0.0528583984375 0.6255908203125 0.0484462890625 0.622771484375 0.042462890625 0.620078125 0.0369384765625 0.6177529296875 0.02847265625 0.61490234375 0.02449609375 0.6138115234375 0.0177255859375 0.6135439453125 0.0126708984375 0.6134814453125 0.0074521484375 0.6147587890625 0.0027431640625 0.6160908203125 0 0.618724609375 0 0.6388173828125
2 0 0.5796103515625 0.0290849609375 0.57815234375 0.0664736328125 0.5777646484375 0.069912109375 0.57851953125 0.07730078125 0.5829560546875 0.088302734375 0.589927734375 0.096447265625 0.5931953125 0.099498046875 0.5923720703125 0.1118154296875 0.5890830078125 0.138876953125 0.588626953125 0.15282421875 0.58801953125 0.1609736328125 0.5889189453125 0.1627626953125 0.5951962890625 0.1973173828125 0.6016376953125 0.19802734375 0.608189453125 0.1995380859375 0.62172265625 0.2059248046875 0.6486181640625 0.53297265625 0.683421875 0.5545 0.6817607421875 0.5529951171875 0.65956640625 0.55344140625 0.6567216796875 0.56967578125 0.63726171875 0.587216796875 0.6174599609375 0.591099609375 0.600587890625 0.59537109375 0.5967109375 0.612271484375 0.590982421875 0.63966015625 0.5835517578125 0.660978515625 0.577029296875 0.7073603515625 0.5741103515625 0.7582158203125 0.5709775390625 0.8211875 0.5705947265625 0.8500234375 0.5821552734375 0.8785693359375 0.6036953125 0.8838583984375 0.6053408203125 0.8914736328125 0.6078056640625 0.896537109375 0.6172158203125 0.9241689453125 0.6181455078125 0.9409931640625 0.6239482421875 0.9486552734375 0.6285947265625 0.956740234375 0.6495185546875 0.9601142578125 0.6704296875 0.960685546875 0.690724609375 0.952427734375 0.7032744140625 0.9490732421875 0.7088544921875 0.9996220703125 0.7102255859375 1 0.00038671875 0 0.0018330078125 0 0.5796103515625
6 0.0115986328125 0.7309580078125 0.0214189453125 0.728990234375 0.0286220703125 0.7279033203125 0.047203125 0.7299052734375 0.0749052734375 0.73026171875 0.088076171875 0.7307451171875 0.11262109375 0.7355361328125 0.1421572265625 0.7412734375 0.1780703125 0.7485478515625 0.20169921875 0.75513671875 0.2814150390625 0.778943359375 0.320107421875 0.7980263671875 0.496828125 0.89896484375 0.52385546875 0.907849609375 0.536361328125 0.9178916015625 0.5462080078125 0.928400390625 0.54761328125 0.935126953125 0.64487109375 0.9994501953125 1 0.9991005859375 0.999826171875 0.7121123046875 0.9498916015625 0.7108447265625 0.943185546875 0.7227099609375 0.9363017578125 0.7299990234375 0.9290625 0.7325322265625 0.9204013671875 0.732302734375 0.9126708984375 0.729244140625 0.904041015625 0.7228837890625 0.7969833984375 0.743501953125 0.790478515625 0.7639013671875 0.787037109375 0.7709150390625 0.7783798828125 0.7771142578125 0.7743505859375 0.7799013671875 0.7671845703125 0.7809794921875 0.74450390625 0.7808388671875 0.7285634765625 0.7744599609375 0.7183330078125 0.7638193359375 0.6538935546875 0.756853515625 0.6400341796875 0.765208984375 0.626244140625 0.767171875 0.6056533203125 0.76520703125 0.593626953125 0.7604619140625 0.5856748046875 0.75197265625 0.581484375 0.7448623046875 0.55595703125 0.740345703125 0.552923828125 0.7359931640625 0.5480087890625 0.7118125 0.549162109375 0.696947265625 0.553224609375 0.6839033203125 0.5337978515625 0.686025390625 0.446162109375 0.6759580078125 0.203900390625 0.6499033203125 0.1922431640625 0.6556884765625 0.1354736328125 0.6613681640625 0.094392578125 0.6601279296875 0.055724609375 0.6629248046875 0.0529638671875 0.6487705078125 0.04543359375 0.6451015625 0.0309873046875 0.644353515625 0.01885546875 0.6419892578125 0.0000078125 0.6397236328125 0.000046875 0.7359765625 0.0115986328125 0.7309580078125
9 0.1970986328125 0.5804423828125 0.2000732421875 0.49641796875 0.1936796875 0.4906064453125 0.1802275390625 0.4881943359375 0.1708310546875 0.4908798828125 0.162193359375 0.4948076171875 0.1565576171875 0.5037744140625 0.156416015625 0.579365234375 0.1970986328125 0.5804423828125
9 0.0964453125 0.5671767578125 0.0953193359375 0.5020712890625 0.088798828125 0.49821875 0.0815205078125 0.4972353515625 0.07281640625 0.4993701171875 0.0671015625 0.5049248046875 0.0659619140625 0.5155927734375 0.0663740234375 0.5668173828125 0.0964453125 0.5671767578125