9 0.3625849609375 0.2697548828125 0.371322265625 0.214875 0.3339169921875 0.2233388671875 0.32763671875 0.276580078125 0.3625849609375 0.2697548828125
9 0.466251953125 0.2450869140625 0.4743759765625 0.1733212890625 0.413443359375 0.19047265625 0.4062216796875 0.2590791015625 0.466251953125 0.2450869140625
9 0.40402734375 0.439978515625 0.4085927734375 0.3515263671875 0.3189990234375 0.3675048828125 0.3087265625 0.4536748046875 0.40402734375 0.439978515625
9 0.30194921875 0.5419482421875 0.2956083984375 0.635119140625 0.391705078125 0.6282890625 0.3965830078125 0.52877734375 0.30194921875 0.5419482421875
9 0.294396484375 0.727755859375 0.2913076171875 0.8183388671875 0.3849794921875 0.82194140625 0.387552734375 0.7272412109375 0.294396484375 0.727755859375
9 0.2243251953125 0.8056640625 0.2280576171875 0.7339296875 0.188666015625 0.7339296875 0.189080078125 0.804419921875 0.2243251953125 0.8056640625
9 0.187259765625 0.55919921875 0.180255859375 0.634029296875 0.2307578125 0.6321865234375 0.2348125 0.5544072265625 0.187259765625 0.55919921875
9 0.2356943359375 0.4565791015625 0.247353515625 0.3963955078125 0.2196240234375 0.4014365234375 0.2089111328125 0.460990234375 0.2356943359375 0.4565791015625
0 0.2269521484375 0.8078310546875 0.2269521484375 0.7958330078125 0.184294921875 0.7941669921875 0.183294921875 0.8071640625 0.2269521484375 0.8078310546875
0 0.387220703125 0.8231279296875 0.387220703125 0.8000830078125 0.29049609375 0.7991083984375 0.2895224609375 0.82085546875 0.387220703125 0.8231279296875
9 0.021595703125 0.7918564453125 0.01923828125 0.815212890625 0.0364150390625 0.8172734375 0.0398505859375 0.7939130859375 0.021595703125 0.7918564453125
9 0.028369140625 0.7219189453125 0.0234091796875 0.7447333984375 0.04364453125 0.74810546875 0.046025390625 0.72489453125 0.028369140625 0.7219189453125
9 0.03209765625 0.6514833984375 0.0282177734375 0.6745869140625 0.0506162109375 0.6782900390625 0.052203125 0.6546572265625 0.03209765625 0.6514833984375
9 0.116541015625 0.7984521484375 0.0965556640625 0.7982119140625 0.097037109375 0.82999609375 0.1167822265625 0.8307177734375 0.116541015625 0.7984521484375
9 0.1110966796875 0.7584130859375 0.1132373046875 0.73465234375 0.101892578125 0.7333681640625 0.1006083984375 0.757984375 0.1110966796875 0.7584130859375
9 0.1219814453125 0.6938271484375 0.1227421875 0.662427734375 0.1046640625 0.6612861328125 0.1035224609375 0.6923046875 0.1219814453125 0.6938271484375
9 0.048328125 0.610078125 0.050771484375 0.58645703125 0.0306806640625 0.5826552734375 0.0293232421875 0.606005859375 0.048328125 0.610078125
9 0.8071044921875 0.541263671875 0.808302734375 0.6089208984375 0.821474609375 0.6155068359375 0.8220732421875 0.550244140625 0.8071044921875 0.541263671875
9 0.8094365234375 0.3594462890625 0.8094365234375 0.4131357421875 0.8271806640625 0.42678515625 0.82581640625 0.3712763671875 0.8094365234375 0.3594462890625
0 1 0.514595703125 0.931212890625 0.43884765625 0.8616396484375 0.4437880859375 0.8612275390625 0.47383984375 0.923802734375 0.4693115234375 1 0.552470703125 1 0.514595703125
0 1 0.657328125 0.934037109375 0.6177431640625 0.864384765625 0.62687890625 0.8674296875 0.6611337890625 0.93175390625 0.6554248046875 1 0.6889189453125 1 0.657328125
8 1 0.75878125 0.5750205078125 0.7684521484375 0.55128125 0.775486328125 0.5433681640625 0.7886748046875 0.5433681640625 0.8194482421875 0.545126953125 0.9029755859375 0.560908203125 0.9235205078125 0.6066201171875 0.959349609375 0.65974609375 0.9791171875 0.68630859375 0.998884765625 1 1 1 0.75878125
1 0.68615234375 1 0.659283203125 0.9802978515625 0.6063935546875 0.9599345703125 0.558951171875 0.9240146484375 0.5445263671875 0.9030849609375 0.395337890625 0.8992958984375 0.316490234375 0.90315625 0.302154296875 0.9114267578125 0.2818486328125 0.94499609375 0.2728935546875 0.9459384765625 0.2667666015625 0.9369833984375 0.24317578125 0.8996337890625 0.2279775390625 0.8838505859375 0.201087890625 0.878005859375 0.1303564453125 0.87216015625 0.11792578125 0.874462890625 0.116111328125 0.8590419921875 0.087990234375 0.858134765625 0.0698486328125 0.8608564453125 0.0580556640625 0.8731025390625 0.0498916015625 0.8885234375 0.0421806640625 0.90031640625 0.014060546875 0.9220869140625 0 0.928890625 9.765625e-7 1 0.68615234375 1
8 0 0.6259296875 0.022044921875 0.6117578125 0.0645615234375 0.5873505859375 0.10728125 0.5620126953125 0.139119140625 0.5578603515625 0.2014111328125 0.54609375 0.2463994140625 0.5357119140625 0.242939453125 0.5246376953125 0.1584990234375 0.5246376953125 0.195181640625 0.5059501953125 0.2408623046875 0.49072265625 0.2536064453125 0.477708984375 0.2008759765625 0.481474609375 0.236029296875 0.4638984375 0.1506572265625 0.4519716796875 0.1745107421875 0.440671875 0.2084091796875 0.42183984375 0.1694892578125 0.4212119140625 0.10294921875 0.4350224609375 0.1525400390625 0.4161904296875 0.1349638671875 0.4130517578125 0.10294921875 0.4099130859375 0.1349638671875 0.3885693359375 0.1475185546875 0.3722490234375 0.1619560546875 0.3615771484375 0.1550517578125 0.355927734375 0.0985546875 0.3615771484375 0.1092265625 0.3521611328125 0.1525400390625 0.340234375 0.148146484375 0.3352119140625 0.1236640625 0.3320732421875 0.12994140625 0.303197265625 0.106087890625 0.3320732421875 0.082861328125 0.351533203125 0.0477080078125 0.3697373046875 0.072189453125 0.340861328125 0.09227734375 0.3151240234375 0.111109375 0.3082197265625 0.0822333984375 0.3050810546875 0.1004384765625 0.2912705078125 0.10483203125 0.278087890625 0.0602626953125 0.2868759765625 0.0866279296875 0.2567451171875 0.1067158203125 0.2347744140625 0.0790947265625 0.2347744140625 0.051474609375 0.259255859375 0.051474609375 0.2510947265625 0.053357421875 0.22473046875 0.0426865234375 0.223474609375 0.028248046875 0.2454453125 0.03578125 0.210919921875 0.032642578125 0.202759765625 0.025109375 0.2021318359375 0.0056494140625 0.20778125 0 0.1811591796875 0 0.6259296875
2 1 1 0.9998994140625 0.4448447265625 0.920482421875 0.340744140625 0.901701171875 0.3412802734375 0.891505859375 0.3273291015625 0.87648046875 0.321962890625 0.859845703125 0.3037177734375 0.86467578125 0.2978154296875 0.8244296875 0.2457646484375 0.806185546875 0.2371787109375 0.7870244140625 0.217861328125 0.692044921875 0.199080078125 0.3956513671875 0.031123046875 0.1486396484375 0.3203525390625 0.106642578125 0.37448046875 0.106642578125 0.38246484375 0.147703125 0.4047060546875 0.1277431640625 0.5597880859375 0 0.5250009765625 0 0.924998046875 0.0152412109375 0.9201708984375 0.0409599609375 0.89873828125 0.056439453125 0.8732578125 0.0700126953125 0.8604501953125 0.0858984375 0.8569208984375 0.117080078125 0.85721484375 0.1182568359375 0.873099609375 0.1385546875 0.8722177734375 0.2026083984375 0.8771689453125 0.2292490234375 0.8833359375 0.2433095703125 0.89813671875 0.2734033203125 0.9442646484375 0.2808037109375 0.9437705078125 0.302017578125 0.9112099609375 0.3154951171875 0.902330078125 0.3961572265625 0.89813671875 0.5439150390625 0.9018759765625 0.5595927734375 0.923796875 0.6069267578125 0.9598955078125 0.6599111328125 0.97964453125 0.687353515625 1 1 1