1 0.3151357421875 0.8596875 0.3176103515625 0.85290234375 0.31776953125 0.846578125 0.3636328125 0.8515830078125 0.3718984375 0.8563076171875 0.3809384765625 0.859568359375 0.3906826171875 0.859875 0.39854296875 0.8587568359375 0.405052734375 0.857369140625 0.4089638671875 0.8512685546875 0.40885546875 0.84197265625 0.447078125 0.83484765625 0.4510830078125 0.8273369140625 0.450314453125 0.8140302734375 0.4538623046875 0.8086572265625 0.4524228515625 0.80176171875 0.446314453125 0.7223759765625 0.442708984375 0.705767578125 0.4408740234375 0.7007353515625 0.432662109375 0.6940185546875 0.37743359375 0.6927822265625 0.36232421875 0.692326171875 0.3155107421875 0.6924365234375 0.292921875 0.6939033203125 0.2125556640625 0.6966103515625 0.18105078125 0.7010703125 0.16721875 0.7055166015625 0.1561484375 0.71523046875 0.1424765625 0.73671484375 0.13456640625 0.7402919921875 0.129412109375 0.7451826171875 0.1278759765625 0.7552890625 0.11493359375 0.7682890625 0.1092734375 0.77773046875 0.10740625 0.7901435546875 0.10634375 0.81972265625 0.1102265625 0.827763671875 0.119720703125 0.832443359375 0.1210654296875 0.837712890625 0.1234853515625 0.843572265625 0.12636328125 0.84853125 0.1363720703125 0.8495849609375 0.14546875 0.848552734375 0.1487431640625 0.8443203125 0.149919921875 0.833279296875 0.16640234375 0.8358359375 0.20839453125 0.8397421875 0.21523046875 0.8456015625 0.22792578125 0.8456015625 0.23476171875 0.8416953125 0.27187109375 0.844625 0.27366796875 0.8516484375 0.2803466796875 0.8599765625 0.2897744140625 0.862671875 0.2975537109375 0.8623720703125 0.307638671875 0.8626162109375 0.3151357421875 0.8596875
9 0.0900478515625 0.5293232421875 0.0920859375 0.4654130859375 0.0451728515625 0.4726103515625 0.042208984375 0.5324150390625 0.0900478515625 0.5293232421875
9 0.3049658203125 0.4956630859375 0.3087451171875 0.4196572265625 0.2582578125 0.4268515625 0.252865234375 0.5024892578125 0.3049658203125 0.4956630859375
9 0.3864970703125 0.48580078125 0.388919921875 0.4046083984375 0.3294765625 0.4145869140625 0.328154296875 0.493296875 0.3864970703125 0.48580078125
9 0.07692578125 0.4337138671875 0.0796240234375 0.3910126953125 0.03269921875 0.398337890625 0.0290068359375 0.44151171875 0.07692578125 0.4337138671875
9 0.234556640625 0.395123046875 0.2388076171875 0.3441767578125 0.1564765625 0.36355078125 0.15344921875 0.41194921875 0.234556640625 0.395123046875
9 0.2884033203125 0.3840283203125 0.287546875 0.33059375 0.247041015625 0.3402861328125 0.2457587890625 0.39146875 0.2884033203125 0.3840283203125
9 0.43971875 0.2517236328125 0.4744033203125 0.243064453125 0.4744423828125 0.214126953125 0.4682744140625 0.2060087890625 0.3986259765625 0.1358759765625 0.385134765625 0.1549287109375 0.3142705078125 0.259306640625 0.3141513671875 0.283236328125 0.3325927734375 0.280466796875 0.328125 0.35986328125 0.3279970703125 0.3722119140625 0.438787109375 0.350349609375 0.439453125 0.33544921875 0.43971875 0.2517236328125
9 0.4939091796875 0.276365234375 0.492939453125 0.340435546875 0.5632060546875 0.32753515625 0.5632412109375 0.264544921875 0.4939091796875 0.276365234375
9 0.7186728515625 0.30003515625 0.7160458984375 0.23194921875 0.5739150390625 0.260759765625 0.573962890625 0.3248876953125 0.7186728515625 0.30003515625
9 0.5020830078125 0.4763154296875 0.50093359375 0.3907578125 0.44078125 0.3986640625 0.440412109375 0.4833642578125 0.5020830078125 0.4763154296875
9 0.6710263671875 0.459349609375 0.667880859375 0.36308984375 0.5233486328125 0.384072265625 0.525083984375 0.474349609375 0.6710263671875 0.459349609375
9 0.868447265625 0.435736328125 0.8663134765625 0.332859375 0.6890322265625 0.3585244140625 0.69029296875 0.452931640625 0.868447265625 0.435736328125
9 1 0.42116015625 0.9994140625 0.311263671875 0.8910302734375 0.326873046875 0.8936025390625 0.4309375 1 0.42116015625
9 1 0.254982421875 0.9990126953125 0.178427734375 0.9040458984375 0.1940458984375 0.910490234375 0.26736328125 1 0.254982421875
9 0.17303125 0.523236328125 0.174208984375 0.45146484375 0.105185546875 0.4624482421875 0.1044208984375 0.5290751953125 0.17303125 0.523236328125
9 0.08534375 0.6376298828125 0.08982421875 0.5738310546875 0.031958984375 0.575001953125 0.0291787109375 0.636939453125 0.08534375 0.6376298828125
9 0.1675595703125 0.6421689453125 0.1706640625 0.571578125 0.09948046875 0.57438671875 0.09833984375 0.6401728515625 0.1675595703125 0.6421689453125
9 0.216083984375 0.6426044921875 0.21791015625 0.570859375 0.1834306640625 0.5710732421875 0.1811015625 0.6416611328125 0.216083984375 0.6426044921875
9 0.275677734375 0.5944970703125 0.276630859375 0.556892578125 0.2502646484375 0.5586201171875 0.248494140625 0.59500390625 0.275677734375 0.5944970703125
9 0.326607421875 0.5916962890625 0.327544921875 0.5528916015625 0.2989482421875 0.5543291015625 0.2993291015625 0.5930849609375 0.326607421875 0.5916962890625
9 0.3827021484375 0.5878701171875 0.3824775390625 0.5479833984375 0.35248828125 0.5501943359375 0.3537734375 0.5890908203125 0.3827021484375 0.5878701171875
9 0.49851171875 0.630953125 0.4993603515625 0.5429755859375 0.442544921875 0.545990234375 0.442521484375 0.634103515625 0.49851171875 0.630953125
9 0.6714130859375 0.6246298828125 0.66959765625 0.529029296875 0.5242841796875 0.5394443359375 0.5244443359375 0.628966796875 0.6714130859375 0.6246298828125
9 0.8699375 0.617033203125 0.8679794921875 0.508716796875 0.6896083984375 0.523384765625 0.692216796875 0.6240498046875 0.8699375 0.617033203125
9 0.9977783203125 0.610220703125 1 0.4937548828125 0.8896728515625 0.5037451171875 0.892015625 0.6146240234375 0.9977783203125 0.610220703125
9 0.834240234375 0.2807724609375 0.8308603515625 0.2464697265625 0.784505859375 0.25301171875 0.78671875 0.2863837890625 0.834240234375 0.2807724609375
7 0.0188701171875 0.812421875 0.0208447265625 0.587724609375 0.019853515625 0.5805185546875 0.01529296875 0.573462890625 0.0075869140625 0.569744140625 0.0010517578125 0.5707109375 0 0.57550390625 0.000728515625 0.5826083984375 0.008443359375 0.5828349609375 0.0121572265625 0.58585546875 0.012142578125 0.8114638671875 0.0188701171875 0.812421875
9 0.1435390625 0.4182451171875 0.1457216796875 0.377431640625 0.0856484375 0.38919921875 0.0849306640625 0.4311201171875 0.1435390625 0.4182451171875
9 0.2344248046875 0.511392578125 0.2339833984375 0.443390625 0.192169921875 0.4486865234375 0.1900712890625 0.51608984375 0.2344248046875 0.511392578125
2 0.06262890625 0.758044921875 0.067693359375 0.761845703125 0.0688115234375 0.764451171875 0.072302734375 0.7795029296875 0.106966796875 0.783537109375 0.10794140625 0.7777998046875 0.111560546875 0.77006640625 0.1269072265625 0.753935546875 0.127916015625 0.745419921875 0.131171875 0.7415341796875 0.142083984375 0.735521484375 0.1541669921875 0.715048828125 0.1645712890625 0.7051552734375 0.176591796875 0.700177734375 0.20823046875 0.69545703125 0.253626953125 0.69374609375 0.3448330078125 0.691078125 0.3896455078125 0.6919990234375 0.4332412109375 0.69259765625 0.4385830078125 0.6956552734375 0.443271484375 0.7022978515625 0.448314453125 0.7212451171875 0.453865234375 0.7834375 0.5427119140625 0.7849208984375 0.998767578125 0.793126953125 0.999755859375 0.123724609375 0.916681640625 0.1396025390625 0.897580078125 0.125279296875 0.8754375 0.1021181640625 0.8598076171875 0.0963828125 0.830056640625 0.095259765625 0.7737841796875 0.1066826171875 0.7548642578125 0.1145537109375 0.73727734375 0.1259912109375 0.7222607421875 0.1428369140625 0.7070048828125 0.18019140625 0.4835908203125 0.2351533203125 0.48329296875 0.2048623046875 0.4014345703125 0.1273134765625 0.3969072265625 0.1279697265625 0.309115234375 0.255794921875 0.3048837890625 0.2820546875 0.2990654296875 0.28408984375 0.1625791015625 0.3226064453125 0.13178515625 0.2801025390625 0.110646484375 0.278546875 0.0987744140625 0.28526953125 0.084119140625 0.3244189453125 0.07707421875 0.33941796875 0.0002294921875 0.3587734375 0.00004296875 0.7490029296875 0.06262890625 0.758044921875
8 0.00758203125 0.8077900390625 0.02280078125 0.8109345703125 0.043041015625 0.815998046875 0.0577021484375 0.8163798828125 0.0697392578125 0.818111328125 0.0772392578125 0.817228515625 0.0775263671875 0.8133583984375 0.0728212890625 0.80680859375 0.0722265625 0.7989365234375 0.0741943359375 0.7813154296875 0.0722001953125 0.780796875 0.067505859375 0.7626767578125 0.06280859375 0.7595166015625 0.0154306640625 0.752052734375 0.0000244140625 0.750080078125 0.0002109375 0.8079443359375 0.00758203125 0.8077900390625
8 0.8272978515625 0.864154296875 0.999728515625 0.8603896484375 0.9995302734375 0.794208984375 0.8083837890625 0.791166015625 0.550763671875 0.7862392578125 0.4522939453125 0.784322265625 0.4549296875 0.8084619140625 0.4517197265625 0.81465625 0.4524072265625 0.8281181640625 0.4474990234375 0.8357099609375 0.410560546875 0.8426513671875 0.411169921875 0.8485546875 0.664326171875 0.8611533203125 0.8272978515625 0.864154296875
8 0.000373046875 0.632158203125 0.0075751953125 0.650513671875 0.026232421875 0.6600498046875 0.0391884765625 0.657267578125 0.049029296875 0.646326171875 0.0767490234375 0.6463291015625 0.1010478515625 0.641916015625 0.117115234375 0.6369716796875 0.13363671875 0.6236865234375 0.146634765625 0.62348828125 0.1546787109375 0.6144248046875 0.1616650390625 0.5992880859375 0.171998046875 0.59338671875 0.1885849609375 0.58723828125 0.2220361328125 0.594046875 0.24379296875 0.59677734375 0.2498076171875 0.5918876953125 0.24844921875 0.581466796875 0.2218271484375 0.5575166015625 0.2146630859375 0.538380859375 0.2310751953125 0.5488701171875 0.269388671875 0.570931640625 0.2851376953125 0.574181640625 0.2913984375 0.5684140625 0.2956787109375 0.5595791015625 0.268546875 0.52516015625 0.2536328125 0.4897109375 0.245904296875 0.4631162109375 0.2588271484375 0.44800390625 0.274044921875 0.443134765625 0.2797177734375 0.4329462890625 0.275978515625 0.41812109375 0.2629052734375 0.4044384765625 0.2294677734375 0.3800234375 0.1963212890625 0.3300400390625 0.1740166015625 0.29658203125 0.1506240234375 0.2759921875 0.1255185546875 0.2683076171875 0.0949130859375 0.27684765625 0.0554375 0.2991376953125 0.0370947265625 0.317990234375 0.017521484375 0.34771484375 0 0.367330078125 0.000373046875 0.632158203125
6 1 0.8616318359375 0.859611328125 0.8643662109375 0.844158203125 0.8646748046875 0.7305556640625 0.863220703125 0.66495703125 0.8627626953125 0.513 0.8548984375 0.411421875 0.8495322265625 0.4073779296875 0.85683203125 0.403455078125 0.85992578125 0.390697265625 0.86148046875 0.37771484375 0.8603701171875 0.3699912109375 0.8575849609375 0.362935546875 0.8525263671875 0.319107421875 0.8475244140625 0.31844140625 0.852412109375 0.315095703125 0.8608134765625 0.309419921875 0.86369140625 0.291744140625 0.86360546875 0.2803310546875 0.8615322265625 0.27252734375 0.8522587890625 0.2700029296875 0.8463837890625 0.235015625 0.842734375 0.2291455078125 0.8462744140625 0.2191083984375 0.847029296875 0.21363671875 0.8462958984375 0.2074755859375 0.8403212890625 0.1741748046875 0.8376572265625 0.1606943359375 0.8363017578125 0.15133984375 0.8346962890625 0.1503583984375 0.836736328125 0.1499443359375 0.8437763671875 0.1462021484375 0.848978515625 0.1411015625 0.850130859375 0.1361328125 0.850587890625 0.12727734375 0.8494501953125 0.1250439453125 0.848439453125 0.1211943359375 0.839724609375 0.118955078125 0.8332509765625 0.1094970703125 0.82825390625 0.1056611328125 0.8198984375 0.107056640625 0.7848388671875 0.0745498046875 0.7802802734375 0.0752841796875 0.7814453125 0.0737734375 0.79321484375 0.072984375 0.799 0.073361328125 0.80637890625 0.078283203125 0.813287109375 0.0780009765625 0.8176103515625 0.0702626953125 0.818798828125 0.0577041015625 0.8171748046875 0.0434384765625 0.816740234375 0.0138662109375 0.8098203125 0.0069716796875 0.8085244140625 0.00008203125 0.8083828125 0 0.9998076171875 1 1 1 0.8616318359375