9 0 0.2097255859375 0.0364736328125 0.18953515625 0.0358232421875 0.15957421875 0 0.097912109375 0 0.2097255859375
9 0.3534912109375 0.318744140625 0.350818359375 0.2131640625 0.2352158203125 0.2532578125 0.2312060546875 0.3474775390625 0.3534912109375 0.318744140625
9 0.4476220703125 0.3036044921875 0.4437294921875 0.1816435546875 0.37496484375 0.2024033203125 0.379505859375 0.3165791015625 0.4476220703125 0.3036044921875
9 0.4443857421875 0.5157294921875 0.4468046875 0.3954130859375 0.387552734375 0.403876953125 0.3869482421875 0.5199619140625 0.4443857421875 0.5157294921875
9 0.3466513671875 0.5205712890625 0.3472451171875 0.4119453125 0.2160634765625 0.432720703125 0.2172509765625 0.5312548828125 0.3466513671875 0.5205712890625
9 0.079638671875 0.544998046875 0.0791591796875 0.4629599609375 0.02062890625 0.4696767578125 0.0225478515625 0.5488359375 0.079638671875 0.544998046875
9 0.1953701171875 0.536181640625 0.1948271484375 0.4379541015625 0.112251953125 0.447779296875 0.11145703125 0.5401376953125 0.1953701171875 0.536181640625
7 0.1788955078125 0.3298212890625 0.1715068359375 0.31662890625 0.158841796875 0.3071298828125 0.147232421875 0.300796875 0.1350947265625 0.297630859375 0.12190234375 0.302908203125 0.119791015625 0.3124072265625 0.12190234375 0.3213779296875 0.13232421875 0.3271484375 0.14512109375 0.3277109375 0.153037109375 0.3292939453125 0.1708984375 0.33447265625 0.166015625 0.48583984375 0.166015625 0.64794921875 0.1748046875 0.82861328125 0.1852275390625 0.8300947265625 0.174673828125 0.6132041015625 0.1788955078125 0.3298212890625
8 0.00084765625 0.71580078125 0.00048828125 0.783203125 0.09326171875 0.7998046875 0.1724873046875 0.808189453125 0.1686728515625 0.7217333984375 0.00084765625 0.71580078125
8 0.99951171875 0.841796875 0.9998740234375 0.704392578125 0.9828603515625 0.7089296875 0.9482646484375 0.7185712890625 0.9459951171875 0.7321826171875 0.929548828125 0.742390625 0.87396875 0.7565693359375 0.8178212890625 0.767912109375 0.8134765625 0.74951171875 0.8115234375 0.72314453125 0.80224609375 0.7109375 0.786267578125 0.696830078125 0.6787197265625 0.7021240234375 0.5661572265625 0.7076962890625 0.181810546875 0.7221572265625 0.185025390625 0.809744140625 0.37158203125 0.8349609375 0.54052734375 0.84765625 0.67431640625 0.8681640625 0.7431640625 0.87060546875 0.87353515625 0.861328125 0.99951171875 0.841796875
9 0.0851630859375 0.7085166015625 0.0816298828125 0.604978515625 0.0127216796875 0.6067451171875 0.01590234375 0.703216796875 0.0851630859375 0.7085166015625
9 0.1964765625 0.7187646484375 0.1936494140625 0.61451953125 0.1000048828125 0.61451953125 0.103892578125 0.7127578125 0.1964765625 0.7187646484375
9 0.3499453125 0.6757763671875 0.349384765625 0.612404296875 0.217033203125 0.6180126953125 0.2187158203125 0.6797021484375 0.3499453125 0.6757763671875
9 0.449208984375 0.6718505859375 0.44584375 0.611283203125 0.3729384765625 0.6129658203125 0.374060546875 0.673533203125 0.449208984375 0.6718505859375
9 0.0767109375 0.2502919921875 0.077271484375 0.2071767578125 0.0335966796875 0.2234150390625 0.0335966796875 0.2642900390625 0.0767109375 0.2502919921875
9 0.1691005859375 0.2127763671875 0.16462109375 0.1696611328125 0.0873505859375 0.2015771484375 0.08958984375 0.2446923828125 0.1691005859375 0.2127763671875
9 0.488591796875 0.0928974609375 0.4844755859375 0.0388046875 0.3018056640625 0.1091875 0.3057255859375 0.157341796875 0.488591796875 0.0928974609375
9 0.0869873046875 0.3922646484375 0.084251953125 0.301994140625 0.00875390625 0.3282548828125 0.00984765625 0.4114130859375 0.0869873046875 0.3922646484375
9 0.1975 0.3577978515625 0.201876953125 0.2604150390625 0.113248046875 0.290505859375 0.10832421875 0.380228515625 0.1975 0.3577978515625
9 0.787462890625 0.693982421875 0.785154296875 0.607427734375 0.7186025390625 0.6078115234375 0.7220458984375 0.697560546875 0.787462890625 0.693982421875
9 0.787078125 0.606658203125 0.789001953125 0.69667578125 0.8032353515625 0.7093701171875 0.8128525390625 0.7212958984375 0.8428583984375 0.7186025390625 0.8382421875 0.6078115234375 0.787078125 0.606658203125
9 0.8824814453125 0.7132177734375 0.8805576171875 0.604349609375 0.8405498046875 0.6062734375 0.84478125 0.717833984375 0.8824814453125 0.7132177734375
9 0.919412109375 0.70783203125 0.9147958984375 0.603580078125 0.8832509765625 0.605888671875 0.8847900390625 0.7128330078125 0.919412109375 0.70783203125
9 0.91671875 0.60396484375 0.920181640625 0.7070625 0.9548037109375 0.7001376953125 0.9501875 0.6020419921875 0.91671875 0.60396484375
9 0.7757919921875 0.5186533203125 0.7714150390625 0.4004794921875 0.712328125 0.3939140625 0.7134228515625 0.51646484375 0.7757919921875 0.5186533203125
9 0.828314453125 0.5175595703125 0.8233896484375 0.4048564453125 0.7746982421875 0.40212109375 0.7807158203125 0.5170126953125 0.828314453125 0.5175595703125
9 0.8748173828125 0.520294921875 0.8682529296875 0.4108740234375 0.8266728515625 0.407591796875 0.8315966796875 0.5181064453125 0.8748173828125 0.520294921875
9 0.914755859375 0.524671875 0.9103798828125 0.4234580078125 0.87098828125 0.4130625 0.8781005859375 0.520841796875 0.914755859375 0.524671875
9 0.9497705078125 0.53342578125 0.94594140625 0.435494140625 0.9120205078125 0.4240048828125 0.9158505859375 0.5263134765625 0.9497705078125 0.53342578125
9 0.737939453125 0.15819921875 0.8173935546875 0.1881982421875 0.8211767578125 0.1616064453125 0.6546044921875 0.08139453125 0.65158984375 0.1197236328125 0.737939453125 0.15819921875
9 0.7668623046875 0.3114560546875 0.7629365234375 0.204583984375 0.7040478515625 0.201966796875 0.70841015625 0.3075302734375 0.7668623046875 0.3114560546875
9 0.8235703125 0.3219248046875 0.8178994140625 0.215052734375 0.768607421875 0.205892578125 0.771224609375 0.3097109375 0.8235703125 0.3219248046875
9 0.8663193359375 0.3319580078125 0.861083984375 0.22901171875 0.8218251953125 0.21854296875 0.82749609375 0.3219248046875 0.8663193359375 0.3319580078125
9 0.9007802734375 0.345044921875 0.895109375 0.2420986328125 0.863265625 0.233810546875 0.8693720703125 0.334138671875 0.9007802734375 0.345044921875
9 0.9321875 0.3520234375 0.9317509765625 0.258673828125 0.89903515625 0.2473330078125 0.9029609375 0.3459169921875 0.9321875 0.3520234375
8 0.4064169921875 0 0.349767578125 0.04532421875 0.3326640625 0.074400390625 0.3292431640625 0.1111728515625 0.3121396484375 0.177876953125 0.2958916015625 0.206953125 0.292470703125 0.2437255859375 0.2941806640625 0.2976015625 0.2599736328125 0.33351953125 0.246291015625 0.34463671875 0.2291875 0.3420712890625 0.2187890625 0.3495283203125 0.234958984375 0.3676611328125 0.23808203125 0.3715634765625 0.2505712890625 0.3715634765625 0.272427734375 0.3637578125 0.29350390625 0.35907421875 0.31223828125 0.36844140625 0.3161416015625 0.3879560546875 0.2989677734375 0.3996650390625 0.2919423828125 0.412154296875 0.2950654296875 0.4254248046875 0.328630859375 0.4324501953125 0.3582939453125 0.4418173828125 0.36844140625 0.4816279296875 0.3676611328125 0.4980205078125 0.3582939453125 0.5050458984375 0.366099609375 0.5159736328125 0.388736328125 0.5261220703125 0.431669921875 0.533927734375 0.487091796875 0.519876953125 0.51753515625 0.5003623046875 0.5308056640625 0.4808466796875 0.5370498046875 0.4480625 0.53548828125 0.4183994140625 0.55422265625 0.3817109375 0.58310546875 0.3629775390625 0.6026201171875 0.391078125 0.615890625 0.39654296875 0.6182314453125 0.3902978515625 0.61120703125 0.3715634765625 0.6073037109375 0.3411201171875 0.6393076171875 0.3465849609375 0.6619453125 0.3419013671875 0.683021484375 0.3294111328125 0.690046875 0.3270693359375 0.6953427734375 0.350634765625 0.65978515625 0.376314453125 0.6350927734375 0.3950810546875 0.617314453125 0.4158232421875 0.5955849609375 0.437552734375 0.5748427734375 0.4622451171875 0.5659541015625 0.482986328125 0.5689169921875 0.5057041015625 0.5689169921875 0.5185439453125 0.5689169921875 0.54619921875 0.593609375 0.569904296875 0.617314453125 0.569904296875 0.6331171875 0.5541015625 0.6390439453125 0.52743359375 0.642994140625 0.509654296875 0.657810546875 0.51953125 0.6726259765625 0.536322265625 0.6894169921875 0.5402734375 0.690404296875 0.5215068359375 0.68052734375 0.4918759765625 0.677564453125 0.476072265625 0.684478515625 0.46026953125 0.7249736328125 0.4424912109375 0.7486787109375 0.4257001953125 0.77337109375 0.4247119140625 0.8020146484375 0.4424912109375 0.816830078125 0.450392578125 0.8395478515625 0.44644140625 0.8652275390625 0.4424912109375 0.8849814453125 0.456318359375 0.9185634765625 0.4790361328125 0.9284404296875 0.49286328125 0.94128125 0.490888671875 0.950169921875 0.4790361328125 0.951158203125 0.4513798828125 0.963998046875 0.4454541015625 0.973875 0.45434375 0.9807890625 0.457306640625 0.9926416015625 0.45335546875 0.9807890625 0.4345888671875 0.9788134765625 0.4187861328125 0.9827646484375 0.4019951171875 0.99362890625 0.3921181640625 1 0.3684130859375 1 0 0.4064169921875 0
4 0.3187607421875 0.7156455078125 0.5584404296875 0.7065654296875 0.5541162109375 0.6827783203125 0.450861328125 0.6725068359375 0.37193359375 0.6762919921875 0.196353515625 0.6822236328125 0.1980244140625 0.7198232421875 0.3187607421875 0.7156455078125
2 1 0.551201171875 0.9868486328125 0.297515625 0.9514091796875 0.27375 0.8821962890625 0.208669921875 0.87703125 0.1559853515625 0.62807421875 0.0051650390625 0.4254326171875 0.0017431640625 0.2990234375 0.0496923828125 0.297279296875 0.0427177734375 0.292048828125 0.0235380859375 0.2833310546875 0.017435546875 0.2519462890625 0.0209228515625 0.2318955078125 0.03487109375 0.2214345703125 0.03487109375 0.2101005859375 0.0409736328125 0.190921875 0.05928125 0.1752294921875 0.0828203125 0.1682548828125 0.1168193359375 0.09328125 0.15169140625 0.0653837890625 0.0845634765625 0 0.0871787109375 0 0.7139423828125 0.1681904296875 0.7202744140625 0.1639853515625 0.504150390625 0.1698720703125 0.3346982421875 0.1442236328125 0.32755078125 0.1316083984375 0.327970703125 0.1210966796875 0.3216640625 0.11857421875 0.3136748046875 0.1198359375 0.302322265625 0.1341318359375 0.296435546875 0.1463251953125 0.29937890625 0.1597802734375 0.305685546875 0.1714814453125 0.314150390625 0.1807763671875 0.329486328125 0.1789404296875 0.3900498046875 0.1764267578125 0.619755859375 0.1819560546875 0.7202841796875 0.19703515625 0.7202841796875 0.1975380859375 0.6800732421875 0.45137109375 0.6715283203125 0.55692578125 0.682083984375 0.560357421875 0.7073173828125 0.7139921875 0.699251953125 0.7867734375 0.6974091796875 0.80381640625 0.7121494140625 0.813029296875 0.7245869140625 0.8157939453125 0.7503828125 0.8185576171875 0.7665048828125 0.9272685546875 0.741630859375 0.9447724609375 0.7310361328125 0.946615234375 0.717447265625 1 0.7024755859375 1 0.6919892578125 1 0.551201171875
9 0.2427158203125 0.0813955078125 0.2456572265625 0.0333427734375 0.21819921875 0.0426591796875 0.2152568359375 0.087279296875 0.2427158203125 0.0813955078125
6 0.99365234375 0.8447265625 0.87451171875 0.86328125 0.7353994140625 0.872244140625 0.6692509765625 0.8696474609375 0.5430576171875 0.85026953125 0.476888671875 0.8445986328125 0.3828984375 0.837171875 0.3189580078125 0.83048046875 0.2234873046875 0.81634375 0.1859365234375 0.8108818359375 0.1861640625 0.83113671875 0.173646484375 0.8302265625 0.17319140625 0.8099716796875 0.0973583984375 0.8014375 0.0245625 0.7882783203125 0 0.784150390625 0.00048828125 1 1 0.99951171875 0.9994462890625 0.8440595703125 0.99365234375 0.8447265625