2 1 0.2671142578125 0.9796796875 0.21680859375 0.9869228515625 0.1959169921875 0.9453232421875 0.192818359375 0.9353291015625 0.1807421875 0.9046328125 0.1664638671875 0.876390625 0.1684150390625 0.8507099609375 0.1819599609375 0.7854794921875 0.1768466796875 0.7493095703125 0.2282548828125 0.3872109375 0.19463671875 0.3833505859375 0.2296318359375 0.3607958984375 0.250556640625 0.3386396484375 0.2327783203125 0.14180078125 0.2112294921875 0.143666015625 0.169884765625 0.1356484375 0.1562421875 0.1149931640625 0.1497353515625 0.10003515625 0.1654853515625 0.0898759765625 0.2079814453125 0 0.1988955078125 0.0014384765625 0.91630078125 0.001689453125 0.935291015625 1 0.909474609375 1 0.2671142578125
9 0.1156533203125 0.35467578125 0.1256298828125 0.2866787109375 0.066810546875 0.28304296875 0.05593359375 0.34984765625 0.1156533203125 0.35467578125
9 0.2619189453125 0.363552734375 0.2686083984375 0.2932197265625 0.2117568359375 0.290556640625 0.20295703125 0.3599296875 0.2619189453125 0.363552734375
9 0.090396484375 0.5743818359375 0.1074091796875 0.4644208984375 0.0281484375 0.45983203125 0.0085849609375 0.5725673828125 0.090396484375 0.5743818359375
9 0.2474169921875 0.5800732421875 0.2586552734375 0.4672978515625 0.1839130859375 0.4633505859375 0.1712958984375 0.576826171875 0.2474169921875 0.5800732421875
9 0.47826953125 0.354271484375 0.478076171875 0.2917578125 0.46970703125 0.277087890625 0.4569150390625 0.270533203125 0.4450078125 0.269884765625 0.433900390625 0.2737001953125 0.427013671875 0.2799228515625 0.4219990234375 0.291380859375 0.422626953125 0.3525810546875 0.47826953125 0.354271484375
9 0.510490234375 0.5807119140625 0.508734375 0.491240234375 0.378783203125 0.4849619140625 0.3733193359375 0.5787939453125 0.510490234375 0.5807119140625
9 0.6702490234375 0.368974609375 0.6699287109375 0.3068056640625 0.665318359375 0.29391796875 0.6537158203125 0.2875078125 0.6390771484375 0.28497265625 0.6257470703125 0.28931640625 0.6205283203125 0.294763671875 0.6186513671875 0.304005859375 0.6185419921875 0.3660029296875 0.6702490234375 0.368974609375
9 0.6800869140625 0.573705078125 0.6782763671875 0.4654794921875 0.6180263671875 0.466109375 0.617578125 0.5729267578125 0.6800869140625 0.573705078125
9 0.000119140625 0.7091962890625 0.000021484375 0.8124140625 0.0516396484375 0.813884765625 0.0666201171875 0.70916796875 0.00396875 0.708310546875 0.000119140625 0.7091962890625
9 0.6943056640625 0.8151396484375 0.6904990234375 0.72125390625 0.677904296875 0.702623046875 0.664193359375 0.690056640625 0.641341796875 0.6806806640625 0.6170537109375 0.68029296875 0.5960751953125 0.68121484375 0.5796962890625 0.6894619140625 0.560076171875 0.7028740234375 0.5503916015625 0.7246279296875 0.54842578125 0.8154072265625 0.6943056640625 0.8151396484375
9 0.755970703125 0.8067060546875 0.7539501953125 0.742982421875 0.7277353515625 0.7433544921875 0.7286484375 0.807015625 0.755970703125 0.8067060546875
9 0.97880859375 0.6822509765625 0.9649091796875 0.55440234375 0.8921357421875 0.5545380859375 0.9053447265625 0.684216796875 0.97880859375 0.6822509765625
9 0.9514443359375 0.4515810546875 0.94251953125 0.365447265625 0.9332119140625 0.35938671875 0.90973828125 0.354087890625 0.8931884765625 0.3542685546875 0.88425390625 0.3566103515625 0.8771904296875 0.362548828125 0.8834970703125 0.4492158203125 0.9514443359375 0.4515810546875
9 0.899953125 0.295810546875 0.922685546875 0.2959453125 0.91693359375 0.2405107421875 0.9111982421875 0.2350439453125 0.902177734375 0.2313583984375 0.8914677734375 0.229671875 0.877591796875 0.231328125 0.87309765625 0.23683203125 0.876892578125 0.3001015625 0.899953125 0.295810546875
3 0 0.98819140625 0.243302734375 0.9824541015625 0.2483544921875 0.93567578125 0.256314453125 0.920625 0.265021484375 0.8207041015625 0 0.82046875 0 0.98819140625
3 0.56751171875 0.9702587890625 0.56333984375 0.781138671875 0.54564453125 0.7757490234375 0.5320888671875 0.7615576171875 0.52615234375 0.7470185546875 0.505634765625 0.7473203125 0.4890478515625 0.754173828125 0.4781279296875 0.7419462890625 0.465072265625 0.72113671875 0.451849609375 0.69687890625 0.4426328125 0.6980927734375 0.43059765625 0.7108359375 0.428197265625 0.7231201171875 0.4168291015625 0.7267451171875 0.4075751953125 0.7397900390625 0.4023515625 0.7422060546875 0.3868017578125 0.755673828125 0.366236328125 0.7550537109375 0.3537333984375 0.742029296875 0.33487109375 0.7432998046875 0.3223984375 0.752861328125 0.308921875 0.765177734375 0.3026259765625 0.7852265625 0.2872001953125 0.9798720703125 0.56751171875 0.9702587890625
3 0.601333984375 0.917423828125 0.601806640625 0.9726005859375 0.9998544921875 0.9653349609375 1 0.785822265625 0.9424033203125 0.7822470703125 0.9353505859375 0.7758818359375 0.9214345703125 0.77376171875 0.910244140625 0.77872265625 0.7195615234375 0.7725234375 0.71058984375 0.7660546875 0.6965576171875 0.7659873046875 0.6819091796875 0.7732666015625 0.597583984375 0.7800146484375 0.5935009765625 0.7894140625 0.596890625 0.9044052734375 0.601333984375 0.917423828125
6 1 0.9663798828125 0.521443359375 0.9743896484375 0 0.989259765625 0 1 1 1 1 0.9663798828125
8 0.20667578125 0.9459013671875 0.238857421875 0.9424912109375 0.25850390625 0.9325615234375 0.30962109375 0.9229501953125 0.3189150390625 0.9123720703125 0.338037109375 0.87929296875 0.3505419921875 0.833173828125 0.3563623046875 0.79978515625 0.3500419921875 0.7748427734375 0.3444375 0.755267578125 0.343404296875 0.7331845703125 0.3276669921875 0.7386201171875 0.32035546875 0.7352138671875 0.304177734375 0.7303896484375 0.2890205078125 0.72453515625 0.2690986328125 0.728322265625 0.2479814453125 0.7222265625 0.228162109375 0.7098046875 0.222794921875 0.7090419921875 0.2156005859375 0.715802734375 0.21769140625 0.7314248046875 0.22062890625 0.7453544921875 0.2285693359375 0.7675703125 0.2234794921875 0.7866376953125 0.214123046875 0.803623046875 0.2101025390625 0.829767578125 0.1973212890625 0.87351953125 0.1859794921875 0.9103623046875 0.1854619140625 0.9403779296875 0.20667578125 0.9459013671875
8 0.999130859375 0.914984375 1 0.8868046875 0.9527685546875 0.8778037109375 0.91364453125 0.8819072265625 0.8579423828125 0.8760693359375 0.8165185546875 0.883373046875 0.8123779296875 0.8678525390625 0.811283203125 0.8439072265625 0.7994521484375 0.8255478515625 0.7627939453125 0.8180595703125 0.71544921875 0.7976689453125 0.6743017578125 0.795064453125 0.6659365234375 0.783482421875 0.6681083984375 0.7155166015625 0.6946181640625 0.7159609375 0.7239306640625 0.7275732421875 0.77317578125 0.7388662109375 0.7921484375 0.73155859375 0.8113427734375 0.7179443359375 0.83204296875 0.7085439453125 0.8517529296875 0.6943125 0.8706845703125 0.6707421875 0.8814833984375 0.646787109375 0.87223828125 0.602712890625 0.8605166015625 0.57844140625 0.8529384765625 0.545697265625 0.8488251953125 0.5227919921875 0.8689794921875 0.4993193359375 0.8784658203125 0.46217578125 0.8691455078125 0.444376953125 0.8584658203125 0.460673828125 0.83901171875 0.4789013671875 0.8184169921875 0.491943359375 0.79491015625 0.5103447265625 0.7680283203125 0.5132119140625 0.7496767578125 0.5051064453125 0.7361259765625 0.5107509765625 0.7331572265625 0.503330078125 0.7364580078125 0.485294921875 0.750974609375 0.47755859375 0.7682578125 0.458322265625 0.7734765625 0.4313642578125 0.797533203125 0.4014873046875 0.7996103515625 0.382361328125 0.7907529296875 0.3590234375 0.77921875 0.34058203125 0.7705869140625 0.3041376953125 0.7665341796875 0.2784375 0.746560546875 0.279197265625 0.7470234375 0.2564208984375 0.739396484375 0.244126953125 0.7184443359375 0.24726171875 0.7139287109375 0.2297080078125 0.697650390625 0.2129931640625 0.69925 0.184564453125 0.6917998046875 0.1648837890625 0.6836865234375 0.1100888671875 0.6663583984375 0.0700361328125 0.6354306640625 0.0561435546875 0.6175947265625 0.061298828125 0.6001953125 0.0798046875 0.5819599609375 0.103171875 0.581376953125 0.127078125 0.5852041015625 0.1597802734375 0.594185546875 0.18180859375 0.601064453125 0.207791015625 0.60408203125 0.2286298828125 0.59105078125 0.2312568359375 0.579318359375 0.210548828125 0.569076171875 0.199486328125 0.5517744140625 0.2025947265625 0.5475859375 0.210865234375 0.546197265625 0.2283701171875 0.5628369140625 0.2646220703125 0.55496875 0.288283203125 0.541986328125 0.2806787109375 0.5318115234375 0.2877001953125 0.5205341796875 0.28146484375 0.511142578125 0.27922265625 0.504990234375 0.285630859375 0.5141298828125 0.30546875 0.52041796875 0.3463115234375 0.542765625 0.3913271484375 0.5437177734375 0.4175546875 0.5368466796875 0.4464619140625 0.523958984375 0.452994140625 0.5117890625 0.4435302734375 0.4981748046875 0.44104296875 0.480462890625 0.44884765625 0.46123828125 0.44401953125 0.4472705078125 0.44904296875 0.446025390625 0.4639775390625 0.464884765625 0.49774609375 0.4673115234375 0.5177763671875 0.4761884765625 0.5296181640625 0.476390625 0.5450107421875 0.4779287109375 0.5550986328125 0.4875888671875 0.588525390625 0.483328125 0.5985224609375 0.48315625 0.605244140625 0.4941650390625 0.6207353515625 0.5056767578125 0.6584169921875 0.5182861328125 0.6809609375 0.5279814453125 0.6939208984375 0.5507353515625 0.71137109375 0.575794921875 0.710841796875 0.599373046875 0.69548046875 0.614771484375 0.697810546875 0.640322265625 0.7116728515625 0.6412138671875 0.7427783203125 0.64326953125 0.7549052734375 0.639810546875 0.7861943359375 0.63606640625 0.8204365234375 0.630166015625 0.8413212890625 0.6210068359375 0.8520546875 0.6040048828125 0.86151171875 0.59853125 0.871580078125 0.5983447265625 0.88622265625 0.6003525390625 0.9003359375 0.605962890625 0.913880859375 0.999130859375 0.914984375