2 0.7152431640625 1 0.783701171875 0.9826572265625 0.879970703125 0.9826572265625 0.950568359375 0.969822265625 0.9997724609375 0.9669697265625 1 0.8656669921875 0.9659853515625 0.8656669921875 0.942314453125 0.6717939453125 0.8476328125 0.63910546875 0.81201171875 0.4183837890625 0.7517880859375 0.3964130859375 0.5612119140625 0.1373251953125 0.2767939453125 0.2504326171875 0.268291015625 0.2295986328125 0.2338505859375 0.201111328125 0.2176943359375 0.207064453125 0.1913330078125 0.2640390625 0.1951591796875 0.276369140625 0.1811279296875 0.2797705078125 0.1050205078125 0.23342578125 0.06675390625 0.25255859375 0.0408173828125 0.2215205078125 0.0331640625 0.21939453125 0 0.2797705078125 0 0.282314453125 0 0.9815361328125 0.110994140625 1 0.7152431640625 1
8 0.03771484375 0.83989453125 0.08264453125 0.8379267578125 0.09084375 0.8405498046875 0.09773046875 0.851044921875 0.1042900390625 0.8595712890625 0.30441015625 0.8581572265625 0.30875 0.8571552734375 0.3227685546875 0.84680859375 0.3965263671875 0.8469560546875 0.406494140625 0.834033203125 0.41535546875 0.8259111328125 0.4233134765625 0.81840625 0.427162109375 0.825140625 0.4329345703125 0.8453447265625 0.532669921875 0.8459853515625 0.5475078125 0.8278583984375 0.5538046875 0.813166015625 0.5583017578125 0.8011728515625 0.5708623046875 0.7733935546875 0.585966796875 0.751423828125 0.59832421875 0.7356337890625 0.599697265625 0.7246484375 0.593861328125 0.7198427734375 0.5749814453125 0.7297978515625 0.571548828125 0.74146875 0.5639970703125 0.74421484375 0.5619375 0.7342607421875 0.5543857421875 0.731857421875 0.56468359375 0.7129775390625 0.56159375 0.7061123046875 0.5512958984375 0.7030224609375 0.55480859375 0.6799736328125 0.5504921875 0.674873046875 0.540291015625 0.6721259765625 0.533228515625 0.6803662109375 0.53205078125 0.6980224609375 0.5226337890625 0.7090087890625 0.5198876953125 0.725095703125 0.50733203125 0.725880859375 0.50380078125 0.7156796875 0.495560546875 0.70783203125 0.482220703125 0.685859375 0.4767275390625 0.68154296875 0.4720185546875 0.68154296875 0.470841796875 0.685859375 0.470056640625 0.69370703125 0.4618173828125 0.69370703125 0.45632421875 0.6984150390625 0.463779296875 0.710578125 0.4555390625 0.7243115234375 0.44573046875 0.7419677734375 0.43356640625 0.7309814453125 0.423365234375 0.725095703125 0.4182646484375 0.710578125 0.4135556640625 0.7086162109375 0.4068857421875 0.718033203125 0.39315234375 0.703515625 0.3841279296875 0.6944912109375 0.37902734375 0.6988076171875 0.3798125 0.7129326171875 0.3735341796875 0.721564453125 0.3805966796875 0.7262734375 0.390798828125 0.736474609375 0.404138671875 0.743537109375 0.4206181640625 0.7741416015625 0.41237890625 0.7815966796875 0.397076171875 0.7745341796875 0.3766728515625 0.7710029296875 0.3499921875 0.7717880859375 0.3307666015625 0.766294921875 0.317818359375 0.7686484375 0.313501953125 0.776103515625 0.2956650390625 0.7825537109375 0.281841796875 0.7756416015625 0.2722421875 0.7779462890625 0.2603388671875 0.7879296875 0.238068359375 0.8032890625 0.2069658203125 0.79944921875 0.157607421875 0.80881640625 0.145453125 0.8005830078125 0.135259765625 0.8037197265625 0.1187939453125 0.8119521484375 0.104287109375 0.815873046875 0.08233203125 0.8048955078125 0.0533203125 0.8021513671875 0.017158203125 0.8072275390625 0 0.8100205078125 0.00065625 0.845796875 0.0285322265625 0.8438291015625 0.03771484375 0.83989453125
9 0.1745126953125 0.7097236328125 0.1329482421875 0.7151328125 0.1235576171875 0.819279296875 0.1678203125 0.8146630859375 0.1745126953125 0.7097236328125
9 0.2304345703125 0.8113876953125 0.2341015625 0.707318359375 0.1911669921875 0.7135859375 0.18740625 0.81418359375 0.2304345703125 0.8113876953125
9 0 0.8160712890625 0.0235966796875 0.81392578125 0.039326171875 0.65725390625 0 0.6644345703125 0 0.8160712890625
9 0 0.433658203125 0.0082998046875 0.4291630859375 0.0157529296875 0.3597900390625 0 0.366720703125 0 0.433658203125
9 0.0572275390625 0.4111337890625 0.05937890625 0.3657392578125 0.043888671875 0.355197265625 0.0447490234375 0.352400390625 0.0615302734375 0.3461611328125 0.0629267578125 0.3227548828125 0.048041015625 0.332904296875 0.04758984375 0.3464375 0.0292587890625 0.3541220703125 0.0232353515625 0.4246884765625 0.0572275390625 0.4111337890625
9 0 0.6037236328125 0.040576171875 0.5931484375 0.0514384765625 0.480939453125 0.0494365234375 0.47889453125 0 0.4943603515625 0 0.6037236328125
6 0.104369140625 1 0 0.98300390625 0 1 0.104369140625 1
3 0 0.98124609375 0.1154501953125 0.9999931640625 0.71258203125 0.999177734375 0.781986328125 0.9805546875 0.880533203125 0.9810458984375 0.9319765625 0.97025 0.9215380859375 0.9215380859375 0.8827685546875 0.919052734375 0.8728271484375 0.88773828125 0.8514541015625 0.888732421875 0.6988583984375 0.8872412109375 0.6941455078125 0.8556015625 0.6535361328125 0.8505419921875 0.43852734375 0.84812109375 0.3233681640625 0.847640625 0.3097978515625 0.859224609375 0.1030185546875 0.8606240234375 0.090767578125 0.8425263671875 0.0835283203125 0.8394638671875 0.038701171875 0.8411337890625 0.03201953125 0.8450322265625 0.00194921875 0.846423828125 0 0.98124609375
6 1 0.9696357421875 0.9521279296875 0.9719541015625 0.8810361328125 0.98431640625 0.7839287109375 0.98405859375 0.721841796875 1 1 1 1 0.9696357421875
9 0.1975654296875 0.623353515625 0.2411240234375 0.6137568359375 0.2411240234375 0.509177734375 0.2017490234375 0.5192666015625 0.1975654296875 0.623353515625
9 0.4253310546875 0.5800439453125 0.4896357421875 0.566837890625 0.481408203125 0.45123046875 0.47859375 0.4490654296875 0.421650390625 0.4633544921875 0.4253310546875 0.5800439453125
9 0.4356484375 0.3625751953125 0.426751953125 0.3698125 0.4747451171875 0.3537060546875 0.470630859375 0.2547470703125 0.4673134765625 0.25369140625 0.4321806640625 0.26726171875 0.4356484375 0.3625751953125
9 0.24525 0.4268095703125 0.248255859375 0.3388544921875 0.2099697265625 0.351509765625 0.2066474609375 0.439623046875 0.24525 0.4268095703125
9 0.1522958984375 0.456404296875 0.1885625 0.4446640625 0.1922783203125 0.359078125 0.157943359375 0.3712646484375 0.1522958984375 0.456404296875