9 0.1521123046875 0.21841796875 0.1551650390625 0.1824677734375 0.156861328125 0.1465166015625 0.0903857421875 0.172970703125 0.08309375 0.24266796875 0.1521123046875 0.21841796875
9 0.226548828125 0.190869140625 0.2794931640625 0.1711103515625 0.3161318359375 0.1576826171875 0.3126796875 0.08363671875 0.2323037109375 0.1168232421875 0.226548828125 0.190869140625
9 0.110744140625 0.4026474609375 0.1365625 0.39560546875 0.1401904296875 0.357197265625 0.1427509765625 0.30748046875 0.0712685546875 0.329884765625 0.0601728515625 0.4156630859375 0.110744140625 0.4026474609375
9 0.2157705078125 0.37545703125 0.279177734375 0.3583203125 0.309712890625 0.35021875 0.311115234375 0.2883701171875 0.3103994140625 0.2546103515625 0.2213798828125 0.2822939453125 0.2157705078125 0.37545703125
9 0.083060546875 0.613458984375 0.1165458984375 0.60896484375 0.1240830078125 0.52633984375 0.1252431640625 0.499232421875 0.0675498046875 0.5102490234375 0.0487060546875 0.515177734375 0.0360947265625 0.6199814453125 0.083060546875 0.613458984375
9 0.2969560546875 0.864162109375 0.2996435546875 0.7099736328125 0.2383369140625 0.71467578125 0.1923154296875 0.718203125 0.19030078125 0.863490234375 0.2969560546875 0.864162109375
9 0.2336962890625 0.590787109375 0.2777373046875 0.5840419921875 0.3051142578125 0.5802724609375 0.3061064453125 0.46501171875 0.2563115234375 0.4755263671875 0.2100888671875 0.4846513671875 0.2031455078125 0.594953125 0.2336962890625 0.590787109375
9 0.4121669921875 0.24993359375 0.41417578125 0.357494140625 0.418861328125 0.49651953125 0.4210927734375 0.6308583984375 0.4233251953125 0.6612080078125 0.4498798828125 0.65919921875 0.530439453125 0.6509423828125 0.5206201171875 0.5195048828125 0.5177197265625 0.4721953125 0.513255859375 0.402125 0.5083466796875 0.315763671875 0.504552734375 0.247255859375 0.495626953125 0.093724609375 0.4907177734375 0.002677734375 0.48937890625 0.000892578125 0.41105078125 0.037712890625 0.410828125 0.0417294921875 0.411720703125 0.15040625 0.4121669921875 0.24993359375
9 0.6076298828125 0 0.6112578125 0.0464189453125 0.6154775390625 0.0462080078125 0.6958671875 0.01434765625 0.730662109375 0.00021484375 0.663123046875 0 0.6076298828125 0
9 0.6359931640625 0.260486328125 0.7193212890625 0.2377724609375 0.78997265625 0.218958984375 0.7757626953125 0.138900390625 0.7673564453125 0.10727734375 0.723724609375 0.121087890625 0.69702734375 0.1293974609375 0.626408203125 0.15124609375 0.6359931640625 0.260486328125
9 0.651060546875 0.38649609375 0.6672119140625 0.5270810546875 0.790962890625 0.5102470703125 0.8433671875 0.5003251953125 0.8228369140625 0.391716796875 0.814890625 0.3549619140625 0.7000947265625 0.3771015625 0.651060546875 0.38649609375
9 0.7179970703125 0.8646865234375 0.9100537109375 0.8646171875 0.8964560546875 0.78303125 0.8745673828125 0.6652939453125 0.7873427734375 0.671595703125 0.6884296875 0.6792744140625 0.700638671875 0.7653037109375 0.7179970703125 0.8646865234375
9 0.9332685546875 0.139662109375 0.9429140625 0.176892578125 1 0.1624248046875 0.9996279296875 0.032408203125 0.908962890625 0.060185546875 0.9332685546875 0.139662109375
9 0.999806640625 0.396134765625 0.999806640625 0.3143310546875 0.9990263671875 0.3145263671875 0.9779404296875 0.321359375 0.999806640625 0.396134765625
8 0.00009765625 0.718935546875 0.0039501953125 0.718935546875 0.0076982421875 0.7183115234375 0.01030078125 0.7166455078125 0.01186328125 0.7146669921875 0.013529296875 0.7125849609375 0.01696484375 0.71154296875 0.0197763671875 0.711126953125 0.0245654296875 0.7116474609375 0.0251904296875 0.71310546875 0.026126953125 0.7151875 0.029458984375 0.7176865234375 0.033103515625 0.7244541015625 0.0340400390625 0.727369140625 0.034248046875 0.7295556640625 0.033103515625 0.730076171875 0.030083984375 0.7301806640625 0.0260234375 0.72903515625 0.0245654296875 0.7267451171875 0.019671875 0.7265361328125 0.0145703125 0.727265625 0.009259765625 0.728306640625 0.0060322265625 0.72997265625 0.002388671875 0.7314296875 0.0003056640625 0.7339287109375 0.0002021484375 0.7383017578125 0.00009765625 0.7420498046875 0.00009765625 0.7467353515625 0.0029091796875 0.746630859375 0.0049912109375 0.7456943359375 0.0067607421875 0.742154296875 0.00888671875 0.7412109375 0.0090517578125 0.7500673828125 0.0080107421875 0.7524619140625 0.0073857421875 0.755689453125 0.0054072265625 0.7578759765625 0.0031171875 0.7595419921875 0.00009765625 0.7608955078125 0.00009765625 0.9998955078125 0.0892568359375 0.9998955078125 0.1637412109375 0.99892578125 0.1690029296875 0.9983720703125 0.1723251953125 0.9967109375 0.1762021484375 0.9936650390625 0.1795244140625 0.9897890625 0.1828466796875 0.9853583984375 0.1828466796875 0.978712890625 0.1798017578125 0.9742822265625 0.1773095703125 0.969298828125 0.1773095703125 0.965421875 0.1795244140625 0.962099609375 0.1845087890625 0.9590537109375 0.1914306640625 0.95822265625 0.1939228515625 0.95573046875 0.19226171875 0.947701171875 0.1903232421875 0.9410556640625 0.193369140625 0.936625 0.1950302734375 0.9321953125 0.1975224609375 0.9216728515625 0.200291015625 0.91253515625 0.203060546875 0.909212890625 0.2033369140625 0.9036748046875 0.20167578125 0.8978603515625 0.200291015625 0.8920458984375 0.2011220703125 0.8859541015625 0.201953125 0.87903125 0.200291015625 0.8762626953125 0.2047216796875 0.8712783203125 0.2080439453125 0.8679560546875 0.2113671875 0.861310546875 0.2113671875 0.854111328125 0.2108134765625 0.8474658203125 0.2085986328125 0.8352822265625 0.207767578125 0.8280830078125 0.207767578125 0.8239296875 0.2058291015625 0.8170078125 0.2063828125 0.8111923828125 0.208875 0.796517578125 0.20915234375 0.7907021484375 0.2080439453125 0.78544140625 0.20416796875 0.7848876953125 0.202783203125 0.7898720703125 0.198353515625 0.78571875 0.19669140625 0.7776884765625 0.191154296875 0.7668896484375 0.1889384765625 0.7621826171875 0.1856162109375 0.75221484375 0.1773095703125 0.7444609375 0.1693095703125 0.73779296875 0.1641669921875 0.732318359375 0.1528857421875 0.7275078125 0.146416015625 0.72219921875 0.1401123046875 0.7183828125 0.1321494140625 0.7150654296875 0.1245185546875 0.7122451171875 0.1149814453125 0.711392578125 0.10958203125 0.708693359375 0.1005830078125 0.7067431640625 0.0912841796875 0.7067431640625 0.083185546875 0.70734375 0.0741865234375 0.709142578125 0.069837890625 0.7109423828125 0.0627880859375 0.715591796875 0.0548828125 0.7199150390625 0.05234375 0.7211845703125 0.05126953125 0.7229423828125 0.05048828125 0.7252861328125 0.04375 0.7250908203125 0.03916015625 0.7273369140625 0.0369140625 0.7242119140625 0.0357421875 0.7186455078125 0.034375 0.7151298828125 0.03056640625 0.7118095703125 0.02802734375 0.7100517578125 0.0255859375 0.7093681640625 0.0224609375 0.7084892578125 0.02001953125 0.7072197265625 0.01826171875 0.7067314453125 0.01630859375 0.7054619140625 0.01591796875 0.7038017578125 0.0162109375 0.7006767578125 0.0125 0.6998955078125 0.0072265625 0.6999931640625 0.00361328125 0.6997001953125 0.00361328125 0.6984306640625 0.0044921875 0.6966728515625 0.00751953125 0.6963798828125 0.01083984375 0.6959892578125 0.0142578125 0.6944267578125 0.014453125 0.6907158203125 0.01337890625 0.6861259765625 0.0109375 0.6826103515625 0.0068359375 0.6822197265625 0.00390625 0.6826103515625 0 0.68310546875 0.00009765625 0.718935546875
8 0.3320234375 1 0.333857421875 0.99879296875 0.33274609375 0.9954580078125 0.333857421875 0.98841796875 0.333857421875 0.98323046875 0.333857421875 0.97544921875 0.3345986328125 0.9697060546875 0.3369111328125 0.95962109375 0.3347509765625 0.9486787109375 0.3347509765625 0.941767578125 0.33316796875 0.9388876953125 0.325537109375 0.9373037109375 0.322513671875 0.93514453125 0.3189140625 0.9354326171875 0.3169921875 0.93203125 0.31591796875 0.93115234375 0.3123046875 0.9306640625 0.30966796875 0.9294921875 0.30556640625 0.92763671875 0.3021484375 0.926171875 0.29716796875 0.9263671875 0.29423828125 0.9265625 0.291015625 0.92744140625 0.28623046875 0.927734375 0.28037109375 0.9271484375 0.2740234375 0.9271484375 0.26796875 0.9279296875 0.26455078125 0.92890625 0.26103515625 0.93056640625 0.2578125 0.93203125 0.25615234375 0.93291015625 0.25361328125 0.9349609375 0.2515625 0.9380859375 0.24990234375 0.93955078125 0.24716796875 0.940625 0.2439453125 0.94306640625 0.242578125 0.94521484375 0.24111328125 0.94833984375 0.24208984375 0.9517578125 0.24306640625 0.95322265625 0.24482421875 0.9544921875 0.2416015625 0.95517578125 0.2392578125 0.95654296875 0.2392578125 0.95712890625 0.23994140625 0.960546875 0.24140625 0.96328125 0.24140625 0.9646484375 0.23984375 0.96689453125 0.23837890625 0.9703125 0.23798828125 0.973828125 0.2400390625 0.97578125 0.2451171875 0.97861328125 0.24833984375 0.98369140625 0.24921875 0.98798828125 0.25107421875 0.99384765625 0.2519296875 1 0.2551298828125 1 0.3320234375 1
8 1 0.99853515625 0.8157275390625 0.9930791015625 0.71768359375 0.9882861328125 0.7157138671875 0.979673828125 0.7157138671875 0.97165625 0.71386328125 0.964255859375 0.706771484375 0.9488369140625 0.7030703125 0.9303349609375 0.700603515625 0.9287939453125 0.6898115234375 0.9226259765625 0.6833349609375 0.916767578125 0.675318359375 0.9152255859375 0.6713095703125 0.9223173828125 0.6574326171875 0.9183095703125 0.6460234375 0.916458984375 0.633380859375 0.91430078125 0.6210458984375 0.9099833984375 0.61426171875 0.900423828125 0.611486328125 0.8939482421875 0.60963671875 0.8837724609375 0.6084033203125 0.8726708984375 0.6074775390625 0.858794921875 0.6080947265625 0.8446103515625 0.607169921875 0.8347421875 0.6050107421875 0.82456640625 0.60377734375 0.8069892578125 0.6056279296875 0.793421875 0.6080947265625 0.7891044921875 0.612412109375 0.7761533203125 0.6108701171875 0.76659375 0.6105615234375 0.7659775390625 0.605935546875 0.7579599609375 0.606244140625 0.7493251953125 0.5960986328125 0.73932421875 0.5917490234375 0.7355556640625 0.5862412109375 0.7303369140625 0.5792822265625 0.7251181640625 0.56971484375 0.7207685546875 0.5589873046875 0.71323046875 0.5511591796875 0.7071416015625 0.54101171875 0.7025029296875 0.5308642578125 0.69496484375 0.51730859375 0.6842705078125 0.50909765625 0.678298828125 0.501134765625 0.67456640625 0.492923828125 0.67133203125 0.4844638671875 0.6661064453125 0.4784921875 0.662623046875 0.472271484375 0.6578955078125 0.4658017578125 0.654412109375 0.4620693359375 0.652669921875 0.45933203125 0.652669921875 0.4551025390625 0.6536650390625 0.451619140625 0.65565625 0.4483837890625 0.6596376953125 0.446642578125 0.66137890625 0.4414169921875 0.664365234375 0.4351962890625 0.66809765625 0.4289755859375 0.6705859375 0.42474609375 0.67307421875 0.4232529296875 0.677552734375 0.41857421875 0.6832138671875 0.4135654296875 0.6871669921875 0.40539453125 0.690330078125 0.4009140625 0.6932294921875 0.398541015625 0.697974609375 0.3916884765625 0.70219140625 0.3832529296875 0.7077275390625 0.366390625 0.7208837890625 0.3608828125 0.7255107421875 0.352951171875 0.7301376953125 0.3476640625 0.733001953125 0.3500869140625 0.7380693359375 0.35273046875 0.7437978515625 0.3465615234375 0.7460009765625 0.34061328125 0.74754296875 0.3368681640625 0.751068359375 0.334884765625 0.76076171875 0.3368681640625 0.7693544921875 0.33951171875 0.775744140625 0.3459013671875 0.7816923828125 0.3447998046875 0.7849970703125 0.340392578125 0.787640625 0.33620703125 0.792046875 0.335326171875 0.7982158203125 0.3368681640625 0.8063681640625 0.335986328125 0.81011328125 0.3322412109375 0.815841796875 0.33069921875 0.8244345703125 0.3302587890625 0.8325859375 0.3302587890625 0.83809375 0.330478515625 0.844923828125 0.3320205078125 0.8502119140625 0.334224609375 0.8554990234375 0.3368681640625 0.8601259765625 0.33730859375 0.8656337890625 0.3333427734375 0.8713623046875 0.332876953125 0.8812822265625 0.334513671875 0.88315234375 0.3305390625 0.8859580078125 0.3286689453125 0.887828125 0.326798828125 0.89203515625 0.3289033203125 0.898814453125 0.330072265625 0.903490234375 0.3319423828125 0.9086328125 0.3340458984375 0.9112041015625 0.3370849609375 0.9081650390625 0.34105859375 0.9112041015625 0.3429287109375 0.91587890625 0.3375517578125 0.9200869140625 0.33825390625 0.9254638671875 0.3391884765625 0.9310732421875 0.33498046875 0.9343466796875 0.3370849609375 0.9378525390625 0.343162109375 0.939021484375 0.341994140625 0.9453330078125 0.33825390625 0.9483720703125 0.3393583984375 0.9523544921875 0.3392490234375 0.954548828125 0.3421015625 0.9598154296875 0.3423212890625 0.9690322265625 0.3421015625 0.9797841796875 0.34583203125 0.983076171875 0.3519765625 0.983953125 0.355267578125 0.9872451171875 0.356365234375 0.994267578125 0.356365234375 0.9971201171875 0.3506591796875 0.9971201171875 0.345173828125 0.998875 0.3491240234375 0.99997265625 0.3570234375 0.99997265625 0.364484375 1 0.422330078125 0.9994267578125 0.4375439453125 0.9994267578125 0.449611328125 1 0.4947294921875 0.999689453125 0.61660546875 1 0.7340322265625 1 1 1 1 0.99853515625
2 0.184873046875 1 0.2517578125 0.99970703125 0.25068359375 0.9947265625 0.248828125 0.9880859375 0.2474609375 0.98310546875 0.24541015625 0.979296875 0.23955078125 0.976171875 0.23740234375 0.9744140625 0.23779296875 0.9703125 0.23896484375 0.96669921875 0.240625 0.9642578125 0.240625 0.9634765625 0.23935546875 0.96083984375 0.23857421875 0.95634765625 0.24140625 0.954296875 0.24326171875 0.95419921875 0.241796875 0.9529296875 0.24052734375 0.9484375 0.2416015625 0.94609375 0.24345703125 0.94287109375 0.24833984375 0.9392578125 0.24970703125 0.93876953125 0.25087890625 0.93759765625 0.25244140625 0.93525390625 0.25654296875 0.93173828125 0.2607421875 0.9296875 0.26630859375 0.92763671875 0.269921875 0.9271484375 0.2748046875 0.9265625 0.28310546875 0.92646484375 0.2873046875 0.92705078125 0.28994140625 0.92666015625 0.2919921875 0.926171875 0.301953125 0.9251953125 0.312109375 0.930078125 0.31650390625 0.9306640625 0.3173828125 0.93134765625 0.31943359375 0.93486328125 0.32294921875 0.93486328125 0.32587890625 0.9365234375 0.33330078125 0.93818359375 0.3349609375 0.941015625 0.33515625 0.94755859375 0.3365234375 0.95498046875 0.3375 0.959765625 0.336328125 0.9640625 0.3345703125 0.975 0.3345703125 0.98837890625 0.33330078125 0.9955078125 0.33466796875 0.99912109375 0.3330078125 0.9998046875 0.3474609375 1 0.34462890625 0.99921875 0.3447265625 0.99833984375 0.350390625 0.9966796875 0.3560546875 0.9966796875 0.3560546875 0.9943359375 0.355078125 0.9875 0.3517578125 0.984765625 0.34609375 0.9841796875 0.3416015625 0.980078125 0.341796875 0.96015625 0.3388671875 0.9548828125 0.33876953125 0.95185546875 0.33759765625 0.94833984375 0.34150390625 0.94501953125 0.34248046875 0.93935546875 0.33671875 0.93837890625 0.33447265625 0.93447265625 0.33466796875 0.93330078125 0.338671875 0.930859375 0.33701171875 0.9197265625 0.3423828125 0.9158203125 0.34091796875 0.91162109375 0.33740234375 0.90869140625 0.33388671875 0.91181640625 0.331640625 0.90947265625 0.3294921875 0.90322265625 0.32861328125 0.89892578125 0.3265625 0.8919921875 0.3286123046875 0.88701171875 0.3334951171875 0.883203125 0.3324208984375 0.881640625 0.3326162109375 0.8712890625 0.3370107421875 0.8654296875 0.3360341796875 0.86025390625 0.3341787109375 0.85595703125 0.3317373046875 0.85087890625 0.3299794921875 0.84541015625 0.3295888671875 0.832421875 0.3297841796875 0.8248046875 0.3312490234375 0.815625 0.3345693359375 0.8111328125 0.3361318359375 0.80654296875 0.3348623046875 0.7982421875 0.3355458984375 0.79169921875 0.3403310546875 0.78671875 0.3442373046875 0.784765625 0.3448232421875 0.7818359375 0.3390615234375 0.77666015625 0.3362294921875 0.76943359375 0.3342763671875 0.7607421875 0.3361318359375 0.75078125 0.3403310546875 0.7470703125 0.3519521484375 0.743359375 0.3468740234375 0.73291015625 0.3593740234375 0.72568359375 0.3682607421875 0.71875 0.3783193359375 0.7107421875 0.389009765625 0.7027470703125 0.398076171875 0.69737890625 0.399626953125 0.6927265625 0.4047568359375 0.6890283203125 0.413583984375 0.6861650390625 0.4191904296875 0.6811552734375 0.4221728515625 0.6769794921875 0.423962890625 0.6720888671875 0.428615234375 0.66946484375 0.4356533203125 0.6670791015625 0.4435263671875 0.6624267578125 0.446720703125 0.66034765625 0.45073046875 0.6551640625 0.4548388671875 0.65262109375 0.458751953125 0.651544921875 0.4621748046875 0.6513486328125 0.46765234375 0.653990234375 0.4730322265625 0.65751171875 0.478509765625 0.6618154296875 0.49296875 0.67060546875 0.5076171875 0.67666015625 0.5169921875 0.68330078125 0.53623046875 0.69814453125 0.541796875 0.7021484375 0.5513671875 0.7068359375 0.5701279296875 0.7200166015625 0.5794638671875 0.724583984375 0.5868720703125 0.7299619140625 0.6069775390625 0.7486640625 0.6069775390625 0.7578466796875 0.6119404296875 0.7662470703125 0.6133916015625 0.7759951171875 0.6088291015625 0.7893720703125 0.6061328125 0.79383203125 0.6045771484375 0.807001953125 0.6056142578125 0.8242158203125 0.60820703125 0.8370751953125 0.60934765625 0.8448525390625 0.608103515625 0.858333984375 0.60934765625 0.874615234375 0.6119404296875 0.8937998046875 0.6145322265625 0.8995029296875 0.6210654296875 0.9091474609375 0.63337890625 0.91376953125 0.65606640625 0.9169658203125 0.6708125 0.9216064453125 0.6746279296875 0.91480078125 0.67596875 0.9144912109375 0.68388671875 0.91611328125 0.690625 0.9224609375 0.703515625 0.930078125 0.70683984375 0.9461064453125 0.7130048828125 0.9599189453125 0.7166572265625 0.9693935546875 0.7166572265625 0.976357421875 0.717798828125 0.9848046875 0.72277734375 0.987384765625 0.75271875 0.9892236328125 0.9237021484375 0.9956015625 0.9998271484375 0.997345703125 1 0 0.4217490234375 0.000263671875 0.2778857421875 0 0.037478515625 0.11005859375 0.01209765625 0.0908623046875 0.0068916015625 0.0882587890625 0 0.0915126953125 0 0.158111328125 0.00009765625 0.6822265625 0.003125 0.68212890625 0.006640625 0.68154296875 0.01103515625 0.68173828125 0.01396484375 0.6853515625 0.01513671875 0.690625 0.01494140625 0.6947265625 0.0111328125 0.6962890625 0.00576171875 0.69697265625 0.0044921875 0.69775390625 0.00419921875 0.69892578125 0.006640625 0.69970703125 0.0130859375 0.69912109375 0.0166015625 0.70009765625 0.0166015625 0.70322265625 0.016796875 0.70478515625 0.0185546875 0.70654296875 0.0220703125 0.70791015625 0.02626953125 0.70888671875 0.0287109375 0.70986328125 0.031640625 0.71181640625 0.03466796875 0.7142578125 0.03623046875 0.7181640625 0.03916015625 0.7263671875 0.0431640625 0.72451171875 0.04970703125 0.72451171875 0.05185546875 0.72060546875 0.05771484375 0.71787109375 0.06337890625 0.71474609375 0.06962890625 0.710546875 0.0744140625 0.70859375 0.0841796875 0.7068359375 0.10068359375 0.70615234375 0.11044921875 0.70830078125 0.11533203125 0.7109375 0.12431640625 0.71171875 0.133984375 0.71513671875 0.13935546875 0.71748046875 0.146484375 0.72138671875 0.15341796875 0.72705078125 0.16474609375 0.73193359375 0.1697265625 0.73701171875 0.1776982421875 0.7439443359375 0.18307421875 0.7491201171875 0.18623046875 0.751953125 0.18916015625 0.76142578125 0.197265625 0.77763671875 0.19892578125 0.78564453125 0.202380859375 0.788849609375 0.2038642578125 0.7843984375 0.2089091796875 0.7850908203125 0.2097998046875 0.7900361328125 0.2094033203125 0.796564453125 0.2080185546875 0.8053681640625 0.2064365234375 0.8167431640625 0.2084140625 0.8234697265625 0.208513671875 0.830888671875 0.210095703125 0.8406806640625 0.2116787109375 0.8458251953125 0.2119755859375 0.8541337890625 0.21177734375 0.8618486328125 0.2086123046875 0.8684765625 0.201193359375 0.8763896484375 0.2027763671875 0.8786650390625 0.2018857421875 0.8849951171875 0.200896484375 0.8922158203125 0.202380859375 0.898744140625 0.203962890625 0.9031953125 0.2036669921875 0.909921875 0.20069921875 0.9130869140625 0.1977314453125 0.9230771484375 0.195654296875 0.933068359375 0.19367578125 0.937716796875 0.19090625 0.9414755859375 0.192587890625 0.9462236328125 0.1947646484375 0.955521484375 0.1924892578125 0.9587861328125 0.185169921875 0.9598740234375 0.181806640625 0.961654296875 0.1797294921875 0.9630390625 0.1780478515625 0.9666005859375 0.178443359375 0.9693701171875 0.1811142578125 0.9747109375 0.183685546875 0.9785693359375 0.183982421875 0.986185546875 0.17953125 0.99152734375 0.17587109375 0.995087890625 0.1696396484375 0.9989453125 0.1618251953125 0.9992421875 0.1462958984375 0.9994404296875 0.1401630859375 0.9996376953125 0.1406572265625 1 0.184873046875 1