9 0.092865234375 0.336583984375 0.110935546875 0.3302802734375 0.1112421875 0.32665234375 0.09342578125 0.33294140625 0.092865234375 0.336583984375
9 0.0287080078125 0.4670087890625 0.0771767578125 0.4518818359375 0.0927255859375 0.406080078125 0.046638671875 0.421767578125 0.0287080078125 0.4670087890625
9 0.1655732421875 0.4248486328125 0.1770595703125 0.3798876953125 0.14161328125 0.3912333984375 0.128580078125 0.43593359375 0.1655732421875 0.4248486328125
0 0.1659931640625 0.425548828125 0.168794921875 0.42708984375 0.1690751953125 0.4230283203125 0.1661337890625 0.41938671875 0.1173857421875 0.4336728515625 0.1154248046875 0.440255859375 0.1659931640625 0.425548828125
0 0.0795634765625 0.5527529296875 0.1323740234375 0.5414072265625 0.1360166015625 0.542107421875 0.1365771484375 0.537345703125 0.132654296875 0.5358046875 0.08096484375 0.547150390625 0.0795634765625 0.5527529296875
9 0 0.572271484375 0.040318359375 0.563640625 0.0583017578125 0.508345703125 0.0139423828125 0.521212890625 0.0125830078125 0.5221953125 0.0001142578125 0.5558876953125 0 0.572271484375
0 0.0900625 0.66840625 0.0416943359375 0.675720703125 0.0391337890625 0.682302734375 0.088599609375 0.6758125 0.094908203125 0.6755380859375 0.095015625 0.6759462890625 0.0951826171875 0.6688642578125 0.0900625 0.66840625
9 0 0.680912109375 0.018927734375 0.625080078125 0 0.627828125 0 0.680912109375
9 0.1448037109375 0.6678486328125 0.1878857421875 0.6612216796875 0.20292578125 0.5926552734375 0.1646875 0.5986455078125 0.1448037109375 0.6678486328125
9 0.1789267578125 0.5300419921875 0.220572265625 0.5213525390625 0.2336640625 0.462087890625 0.1977744140625 0.4720517578125 0.1789267578125 0.5300419921875
9 0.10183203125 0.8312607421875 0.144462890625 0.8300341796875 0.165625 0.7438603515625 0.1256142578125 0.74640234375 0.10183203125 0.8312607421875
0 0 0.83275 0.050947265625 0.831849609375 0.05259765625 0.8247978515625 0.050046875 0.8238974609375 0 0.8247978515625 0 0.83275
9 0.2327470703125 0.828083984375 0.2835126953125 0.828234375 0.2991328125 0.7325712890625 0.25001953125 0.7352744140625 0.2327470703125 0.828083984375
9 0.46937890625 0.8697685546875 0.3636904296875 0.86771484375 0.354353515625 0.942189453125 0.4643369140625 0.9496806640625 0.46937890625 0.8697685546875
9 0.37501171875 0.7372314453125 0.398796875 0.7364326171875 0.4091904296875 0.6494951171875 0.385626953125 0.6510078125 0.37501171875 0.7372314453125
9 0.4133876953125 0.7340341796875 0.4413701171875 0.7328349609375 0.449166015625 0.6440986328125 0.42258203125 0.6470966796875 0.4133876953125 0.7340341796875
9 0.455162109375 0.731435546875 0.4845439453125 0.730037109375 0.4905400390625 0.638703125 0.4625927734375 0.64226171875 0.455162109375 0.731435546875
9 0.3981357421875 0.5609853515625 0.42149609375 0.5573056640625 0.4290166015625 0.4889921875 0.4062958984375 0.4936318359375 0.3981357421875 0.5609853515625
9 0.4339765625 0.5545859375 0.45845703125 0.5501064453125 0.4650166015625 0.4803525390625 0.4406962890625 0.48547265625 0.4339765625 0.5545859375
9 0.471736328125 0.5478671875 0.4979775390625 0.5424267578125 0.5034169921875 0.4710732421875 0.477126953125 0.4769267578125 0.471736328125 0.5478671875
9 0.4165361328125 0.41596484375 0.4390966796875 0.410365234375 0.4450166015625 0.3542099609375 0.4243759765625 0.359490234375 0.4165361328125 0.41596484375
9 0.4499765625 0.406685546875 0.4736572265625 0.400765625 0.4795771484375 0.34237109375 0.4565361328125 0.349890625 0.4499765625 0.406685546875
9 0.4851767578125 0.39740625 0.5093369140625 0.3910068359375 0.5146171875 0.331171875 0.4899287109375 0.3393017578125 0.4851767578125 0.39740625
9 0.3637353515625 0.3639697265625 0.3710947265625 0.311494140625 0.32821484375 0.32765234375 0.32021484375 0.377248046875 0.3637353515625 0.3639697265625
9 0.3034697265625 0.2542958984375 0.327990234375 0.2459716796875 0.3283974609375 0.2408515625 0.304837890625 0.2489365234375 0.3034697265625 0.2542958984375
9 0.273517578125 0.2676591796875 0.27361328125 0.26103515625 0.2385673828125 0.275916015625 0.237703125 0.281484375 0.273517578125 0.2676591796875
9 0.2226806640625 0.2879609375 0.2235068359375 0.281662109375 0.1919052734375 0.29436328125 0.191595703125 0.2998359375 0.2226806640625 0.2879609375
9 0.2110029296875 0.41102734375 0.2486171875 0.3994033203125 0.2603798828125 0.3503056640625 0.226185546875 0.36206640625 0.2110029296875 0.41102734375
9 0.2967744140625 0.50265234375 0.3409072265625 0.4929033203125 0.3502724609375 0.4312001953125 0.3069091796875 0.44184765625 0.2967744140625 0.50265234375
9 0.265966796875 0.6512578125 0.3149248046875 0.643595703125 0.32630078125 0.5693583984375 0.2807255859375 0.5764794921875 0.265966796875 0.6512578125
9 0.8831376953125 0.183525390625 0.8894814453125 0.2279267578125 0.90387109375 0.234888671875 0.922283203125 0.24680078125 0.91790234375 0.2095322265625 0.8831376953125 0.183525390625
9 0.9129990234375 0.361447265625 0.9171767578125 0.3866640625 0.9290908203125 0.3914609375 0.954775390625 0.406466796875 0.94348046875 0.3508359375 0.90823046875 0.327142578125 0.9129990234375 0.361447265625
9 0.95244921875 0.58469921875 0.994779296875 0.6028857421875 0.9779140625 0.5256943359375 0.9770341796875 0.5243017578125 0.938724609375 0.50129296875 0.95244921875 0.58469921875
9 1 0.7278017578125 0.975603515625 0.7171240234375 0.9971884765625 0.8373046875 1 0.837078125 1 0.7278017578125
2 1 0.3607978515625 0.9842490234375 0.2893291015625 0.953263671875 0.148150390625 0.9211083984375 0.004869140625 0.747845703125 0.07515625 0.5774296875 0.143376953125 0.576138671875 0.1401494140625 0.401634765625 0.2103486328125 0.3987578125 0.2111328125 0.398365234375 0.2162333984375 0.386986328125 0.2206796875 0.3599833984375 0.1840625 0.35462109375 0.1852392578125 0.2780927734375 0.2193642578125 0.2428876953125 0.2341416015625 0.1538798828125 0.2732080078125 0.1541416015625 0.2760859375 0.17062109375 0.2920400390625 0.166435546875 0.3083876953125 0.135625 0.320052734375 0.12581640625 0.311552734375 0.1239853515625 0.3094599609375 0.1235927734375 0.305537109375 0.1204541015625 0.3034443359375 0.117837890625 0.3033134765625 0.1149609375 0.30514453125 0.1139140625 0.308283203125 0.0897177734375 0.31822265625 0.08788671875 0.31769921875 0.084748046875 0.31717578125 0.0821318359375 0.321044921875 0.0822626953125 0.323791015625 0.0893251953125 0.333337890625 0.0863173828125 0.3418388671875 0.057412109375 0.3525625 0.0457724609375 0.342884765625 0.0453798828125 0.3409228515625 0.043810546875 0.3381767578125 0.0406708984375 0.336869140625 0.0374013671875 0.3375234375 0.03530859375 0.3413154296875 0 0.35583203125 0 1 1 1 1 0.3607978515625