2 1 0.2896279296875 0.871966796875 0.06707421875 0.410455078125 0.0730810546875 0.0830224609375 0.4161025390625 0.0821904296875 0.432072265625 0.0884697265625 0.4446298828125 0.16038671875 0.4748798828125 0.1894951171875 0.466318359375 0.1872119140625 0.477734375 0.173513671875 0.5462265625 0 0.4880078125 0 1 1 1 1 0.2896279296875
8 1 0.879712890625 0.987138671875 0.8610068359375 0.9652255859375 0.80969921875 0.954599609375 0.7604248046875 0.944498046875 0.74639453125 0.9198056640625 0.734048828125 0.9214892578125 0.720580078125 0.9237333984375 0.70598828125 0.9147548828125 0.6981318359375 0.904091796875 0.685224609375 0.8895009765625 0.68915234375 0.8810830078125 0.6981318359375 0.8749091796875 0.72282421875 0.8793994140625 0.76996484375 0.8979189453125 0.79521875 0.9068974609375 0.856951171875 0.8827666015625 0.856951171875 0.870419921875 0.8664912109375 0.8810830078125 0.887255859375 0.8709814453125 0.8934287109375 0.8580732421875 0.9035302734375 0.856951171875 0.941130859375 0.8297216796875 0.9426591796875 0.8217763671875 0.89158203125 0.8109931640625 0.8830693359375 0.805318359375 0.8734208984375 0.7911298828125 0.8229111328125 0.77694140625 0.7962373046875 0.7773720703125 0.751998046875 0.773912109375 0.74046484375 0.7618017578125 0.741041015625 0.7543046875 0.7571884765625 0.7571884765625 0.803900390625 0.7462314453125 0.8044765625 0.73412109375 0.78717578125 0.7260478515625 0.7744892578125 0.7225869140625 0.76526171875 0.716244140625 0.7669921875 0.703556640625 0.7814091796875 0.697212890625 0.8102431640625 0.6966904296875 0.9420283203125 0.6867119140625 0.93674609375 0.6749736328125 0.9003564453125 0.6702783203125 0.8645537109375 0.6761474609375 0.8334453125 0.670865234375 0.8129033203125 0.650322265625 0.78942578125 0.6485615234375 0.7518623046875 0.6426923828125 0.737775390625 0.6333017578125 0.741296875 0.6215625 0.7577314453125 0.6198017578125 0.790599609375 0.6045419921875 0.8129033203125 0.5969111328125 0.8222939453125 0.5886943359375 0.8017509765625 0.579890625 0.8011640625 0.56873828125 0.808794921875 0.5611083984375 0.83520703125 0.55934765625 0.8569228515625 0.547609375 0.8774658203125 0.5458486328125 0.8892041015625 0.551130859375 0.9003564453125 0.5294140625 0.9349853515625 0.525892578125 0.892138671875 0.51767578125 0.8786396484375 0.5094580078125 0.83520703125 0.5004130859375 0.8073251953125 0.4910595703125 0.7956337890625 0.4904755859375 0.779849609375 0.480537109375 0.77751171875 0.4694296875 0.7886181640625 0.4589072265625 0.7751728515625 0.444876953125 0.7769267578125 0.4308466796875 0.7903720703125 0.4062939453125 0.8535087890625 0.400447265625 0.837724609375 0.39635546875 0.81492578125 0.385248046875 0.81141796875 0.3729716796875 0.819017578125 0.3577724609375 0.80791015625 0.34549609375 0.8084951171875 0.33497265625 0.8272021484375 0.330880859375 0.84883203125 0.3244501953125 0.8739697265625 0.306912109375 0.8944306640625 0.310419921875 0.8400625 0.293466796875 0.8143408203125 0.282359375 0.813755859375 0.273005859375 0.82486328125 0.26014453125 0.851169921875 0.25020703125 0.8576005859375 0.2315 0.8821533203125 0.216884765625 0.9043681640625 0.20075390625 0.9135283203125 0.200099609375 0.8899873046875 0.2059853515625 0.8402890625 0.197484375 0.820671875 0.18767578125 0.81740234375 0.164134765625 0.824595703125 0.1471328125 0.8533681640625 0.139939453125 0.8272109375 0.1268603515625 0.829826171875 0.099396484375 0.847482421875 0.0725849609375 0.892603515625 0.060814453125 0.9017578125 0.0529677734375 0.888025390625 0.057544921875 0.83375 0.04889453125 0.826546875 0.0263876953125 0.818009765625 0 0.8234423828125 0 1 1 1 1 0.879712890625
3 1 0.735482421875 0 0.842396484375 0 1 1 1 1 0.735482421875
9 0.4333408203125 0.334267578125 0.4413818359375 0.236916015625 0.3859580078125 0.264771484375 0.372748046875 0.3598251953125 0.4333408203125 0.334267578125
9 0.533095703125 0.2944052734375 0.534009765625 0.2109853515625 0.4785986328125 0.2365595703125 0.4767724609375 0.316326171875 0.533095703125 0.2944052734375
9 0.1167373046875 0.6396953125 0.12366015625 0.6050830078125 0.0534912109375 0.5849453125 0.0440517578125 0.617669921875 0.1167373046875 0.6396953125
0 0.143291015625 0.712541015625 0.1562109375 0.649900390625 0.059900390625 0.6769140625 0.0481552734375 0.733291015625 0.143291015625 0.712541015625
9 0.586580078125 0.829796875 0.67316015625 0.8188876953125 0.669640625 0.6434296875 0.5857421875 0.6605439453125 0.586580078125 0.829796875
9 0.5891904296875 0.49844921875 0.6672861328125 0.4746982421875 0.6633818359375 0.368208984375 0.590369140625 0.3950986328125 0.5891904296875 0.49844921875
9 0.2662373046875 0.615376953125 0.3031982421875 0.60877734375 0.3190390625 0.49042578125 0.2812177734375 0.50236328125 0.2662373046875 0.615376953125
9 0.21962109375 0.89933984375 0.2586396484375 0.894068359375 0.2850029296875 0.72483203125 0.2428212890625 0.732740234375 0.21962109375 0.89933984375