2 1 0.8865537109375 0.9985869140625 0 0.97363671875 0.014484375 0.85966796875 0.050306640625 0.84933203125 0.040748046875 0.81416796875 0.025349609375 0.521169921875 0.0464443359375 0.508712890625 0.0918251953125 0.080580078125 0.1084208984375 0.0584443359375 0.0726728515625 0 0.0726064453125 0.001009765625 0.8893076171875 1 0.8865537109375
9 0.0619677734375 0.185078125 0.0728447265625 0.18515625 0.0783720703125 0.1523173828125 0.06318359375 0.150779296875 0.0589755859375 0.178060546875 0.0619677734375 0.185078125
9 0.1820693359375 0.1815986328125 0.18518359375 0.14678125 0.1283603515625 0.14822265625 0.124447265625 0.18354296875 0.1820693359375 0.1815986328125
9 0.4695009765625 0.164177734375 0.4670888671875 0.1326962890625 0.408099609375 0.1354111328125 0.4093203125 0.1668779296875 0.4695009765625 0.164177734375
9 0.0002119140625 0.2935166015625 0.01457421875 0.3180400390625 0.0219580078125 0.3168564453125 0.03305078125 0.2727109375 0.0125166015625 0.2323896484375 0.000369140625 0.27480078125 0.0002119140625 0.2935166015625
9 0.1253671875 0.314833984375 0.1301669921875 0.2741318359375 0.0661396484375 0.27465625 0.0590166015625 0.315642578125 0.1253671875 0.314833984375
9 0.1978447265625 0.3128876953125 0.2014501953125 0.2692744140625 0.1661220703125 0.27116015625 0.1624853515625 0.313353515625 0.1978447265625 0.3128876953125
9 0 0.468888671875 0.0104384765625 0.415669921875 0 0.39745703125 0 0.468888671875
9 0.1020498046875 0.4675224609375 0.1097529296875 0.4081669921875 0.0401513671875 0.4098642578125 0.02877734375 0.4690478515625 0.1020498046875 0.4675224609375
9 0.18215234375 0.464892578125 0.1869404296875 0.405251953125 0.1501181640625 0.4061220703125 0.1437841796875 0.46592578125 0.18215234375 0.464892578125
9 0 0.65230859375 0.072611328125 0.65145703125 0.0866689453125 0.5674443359375 0.0078193359375 0.568232421875 0.000326171875 0.60440234375 0 0.65230859375
9 0.160947265625 0.6501025390625 0.1690224609375 0.566314453125 0.12896875 0.567154296875 0.1180361328125 0.65030078125 0.160947265625 0.6501025390625
9 0.32240234375 0.2654169921875 0.322626953125 0.2342666015625 0.2557421875 0.236255859375 0.2555146484375 0.266884765625 0.32240234375 0.2654169921875
9 0.3185283203125 0.4084853515625 0.321896484375 0.2921494140625 0.251927734375 0.294416015625 0.2451494140625 0.410443359375 0.3185283203125 0.4084853515625
9 0.31337890625 0.5806806640625 0.3176767578125 0.4414638671875 0.2409775390625 0.441900390625 0.2323193359375 0.5809560546875 0.31337890625 0.5806806640625
9 0.3051103515625 0.79378515625 0.312138671875 0.61815625 0.228341796875 0.619724609375 0.2158388671875 0.794818359375 0.3051103515625 0.79378515625
9 0.302970703125 0.863064453125 0.303853515625 0.8428193359375 0.20987109375 0.8433828125 0.208544921875 0.8635673828125 0.302970703125 0.863064453125
9 0.424083984375 0.303640625 0.4227744140625 0.26162109375 0.389142578125 0.2629267578125 0.389193359375 0.3044140625 0.424083984375 0.303640625
9 0.5351298828125 0.2993046875 0.52901171875 0.25730859375 0.4608330078125 0.2601650390625 0.4633642578125 0.301857421875 0.5351298828125 0.2993046875
9 0.427978515625 0.457169921875 0.4262744140625 0.399044921875 0.3894716796875 0.399896484375 0.3905107421875 0.4591728515625 0.427978515625 0.457169921875
9 0.5480791015625 0.4544736328125 0.5426201171875 0.395205078125 0.468208984375 0.3976025390625 0.4712939453125 0.45641015625 0.5480791015625 0.4544736328125
9 0.433958984375 0.644947265625 0.4313681640625 0.559123046875 0.389935546875 0.5602998046875 0.390943359375 0.6447919921875 0.433958984375 0.644947265625
9 0.566037109375 0.643009765625 0.55698046875 0.558505859375 0.47548046875 0.5588857421875 0.48235546875 0.6430419921875 0.566037109375 0.643009765625
9 0.4428125 0.859607421875 0.4394990234375 0.760380859375 0.39389453125 0.75980859375 0.395171875 0.8586611328125 0.4428125 0.859607421875
9 0.588689453125 0.8643359375 0.579966796875 0.759134765625 0.4907001953125 0.7592099609375 0.496880859375 0.8630205078125 0.588689453125 0.8643359375
9 0 0.863052734375 0.03810546875 0.862900390625 0.05295703125 0.7649521484375 0 0.765095703125 0 0.863052734375
9 0.13734765625 0.8631494140625 0.147658203125 0.7596220703125 0.1017490234375 0.7597021484375 0.0881015625 0.8639560546875 0.13734765625 0.8631494140625
9 0.87167578125 0.866130859375 0.8369931640625 0.71725390625 0.6600654296875 0.7194384765625 0.6806220703125 0.8646875 0.87167578125 0.866130859375
9 0.6505517578125 0.865853515625 0.6309287109375 0.7379150390625 0.61088671875 0.7626669921875 0.62337890625 0.865962890625 0.6505517578125 0.865853515625
9 0.8111748046875 0.610982421875 0.7860390625 0.4947861328125 0.6271826171875 0.4995712890625 0.6442197265625 0.6137373046875 0.8111748046875 0.610982421875
9 0.61733203125 0.6125205078125 0.6056708984375 0.5407138671875 0.5966279296875 0.5651982421875 0.6072626953125 0.6311865234375 0.61733203125 0.6125205078125
9 0.7661083984375 0.4104208984375 0.7456943359375 0.316146484375 0.603361328125 0.32276171875 0.61715625 0.4148271484375 0.7661083984375 0.4104208984375
9 0.5913798828125 0.416103515625 0.583203125 0.369859375 0.578634765625 0.397185546875 0.5843525390625 0.4381953125 0.5913798828125 0.416103515625
9 0.7288310546875 0.248392578125 0.7125263671875 0.1738515625 0.581587890625 0.1801533203125 0.59347265625 0.25484765625 0.7288310546875 0.248392578125
9 0.5721669921875 0.25391796875 0.5655458984375 0.2250361328125 0.560908203125 0.2574296875 0.5648046875 0.2847646484375 0.5721669921875 0.25391796875
9 1 0.205224609375 0.982587890625 0.157001953125 0.9016240234375 0.15990625 0.9316533203125 0.2411630859375 1 0.2384375 1 0.205224609375
9 1 0.3069970703125 0.9569921875 0.3084833984375 0.99107421875 0.4058427734375 1 0.4045048828125 1 0.3069970703125
0 1 0.0625107421875 0.658783203125 0.0861796875 0.5259775390625 0.0935009765625 0.517673828125 0.130931640625 0.5156181640625 0.1359453125 0.2657431640625 0.1463251953125 0.0649580078125 0.155275390625 0.0483330078125 0.117427734375 0 0.1183232421875 0 0.1540751953125 0.0401474609375 0.153626953125 0.06076171875 0.1946796875 0.25166015625 0.1841015625 0.3520419921875 0.180728515625 0.515001953125 0.1735986328125 0.5255556640625 0.1324296875 0.56984765625 0.1289169921875 0.8822109375 0.1149912109375 0.882845703125 0.1094619140625 1 0.1049677734375 1 0.0625107421875
7 0.1082353515625 0.1646123046875 0.119591796875 0.21465234375 0.1162685546875 0.223583984375 0.1122529296875 0.233650390625 0.1151259765625 0.239197265625 0.100884765625 0.243501953125 0.0927060546875 0.2535048828125 0.0907919921875 0.262677734375 0.093275390625 0.27166796875 0.1052421875 0.2812236328125 0.121876953125 0.287275390625 0.1393818359375 0.2864072265625 0.2172041015625 0.4991875 0.222236328125 0.4966767578125 0.2216953125 0.4902236328125 0.14373046875 0.283408203125 0.1499033203125 0.272154296875 0.14952734375 0.260828125 0.1389345703125 0.245701171875 0.130376953125 0.240572265625 0.127396484375 0.2283232421875 0.09034765625 0.0519853515625 0.08576953125 0.0552216796875 0.095978515625 0.1044921875 0.1082353515625 0.1646123046875
5 1 0.88751953125 0.0014365234375 0.8936474609375 0 1 1 1 1 0.88751953125
8 0 0.1682978515625 0.017814453125 0.2114619140625 0.0383017578125 0.2355380859375 0.0555859375 0.28337109375 0.0752353515625 0.3031357421875 0.0937275390625 0.3078955078125 0.1189814453125 0.30542578125 0.1512578125 0.2865498046875 0.1787568359375 0.264296875 0.215453125 0.26350390625 0.2566083984375 0.25248828125 0.2837802734375 0.26762890625 0.29858203125 0.2945517578125 0.3064306640625 0.3115029296875 0.3185068359375 0.31947265625 0.34347265625 0.314451171875 0.367056640625 0.314119140625 0.3896611328125 0.300890625 0.4294990234375 0.300513671875 0.44809375 0.294373046875 0.4438330078125 0.2720556640625 0.425046875 0.2495654296875 0.458353515625 0.238806640625 0.48244921875 0.217736328125 0.5008837890625 0.21603515625 0.52511328125 0.2554306640625 0.54801953125 0.2676357421875 0.562021484375 0.2587509765625 0.5550048828125 0.2388388671875 0.537880859375 0.201060546875 0.5706630859375 0.1970634765625 0.5805458984375 0.175373046875 0.58137109375 0.1585244140625 0.59869921875 0.1555751953125 0.6326259765625 0.1518017578125 0.65724609375 0.131205078125 0.6863564453125 0.1275908203125 0.6993984375 0.1436015625 0.69320703125 0.1805029296875 0.7016630859375 0.1997109375 0.7260595703125 0.1910693359375 0.7353662109375 0.18540234375 0.7371826171875 0.2123505859375 0.755701171875 0.220474609375 0.7819267578125 0.2196552734375 0.8143505859375 0.224478515625 0.8382861328125 0.215658203125 0.8555244140625 0.1927197265625 0.8706396484375 0.2229560546875 0.8842451171875 0.2437509765625 0.94938671875 0.2507939453125 0.9997978515625 0.2503134765625 1 0 0.003275390625 0.0016376953125 0.019240234375 0.029634765625 0.0326923828125 0.054478515625 0 0.0933125 0 0.1682978515625
8 0.39114453125 0.3737626953125 0.3794736328125 0.3803447265625 0.3725087890625 0.387201171875 0.369708984375 0.4014677734375 0.3704873046875 0.4154423828125 0.3753837890625 0.4307138671875 0.38702734375 0.4418017578125 0.3907783203125 0.4551806640625 0.39213671875 0.459107421875 0.4003701171875 0.459107421875 0.4062548828125 0.456015625 0.4059501953125 0.4367763671875 0.4128369140625 0.4243623046875 0.4219580078125 0.4158896484375 0.4223271484375 0.4088505859375 0.4192841796875 0.402541015625 0.4243974609375 0.39303125 0.439076171875 0.384091796875 0.4417587890625 0.377728515625 0.43856640625 0.3683291015625 0.435599609375 0.3635126953125 0.429033203125 0.3614208984375 0.4157978515625 0.3620859375 0.4022861328125 0.3669287109375 0.39114453125 0.3737626953125
8 0.5668134765625 0.454142578125 0.5682607421875 0.45062890625 0.56744140625 0.4447998046875 0.5642783203125 0.4414072265625 0.5536982421875 0.44506640625 0.552505859375 0.44161328125 0.5496630859375 0.4368173828125 0.5402978515625 0.435189453125 0.5347744140625 0.433478515625 0.5286591796875 0.43103125 0.5260546875 0.433556640625 0.5268828125 0.4432314453125 0.5302978515625 0.454087890625 0.5668134765625 0.454142578125