2 0.811330078125 0.8941357421875 0.8661279296875 0.878220703125 0.91000390625 0.83115234375 0.9196376953125 0.8250107421875 0.9285634765625 0.8209853515625 0.9544453125 0.81737109375 0.9950771484375 0.81288671875 1 0.8143896484375 0.9991259765625 0.3177529296875 0.97584375 0.3275703125 0.9783662109375 0.308966796875 0.9328916015625 0.2982998046875 0.917255859375 0.3023857421875 0.9139912109375 0.2792509765625 0.9071357421875 0.2627529296875 0.891294921875 0.261267578125 0.8738046875 0.2699287109375 0.870333984375 0.277609375 0.880603515625 0.3197529296875 0.8559365234375 0.3084130859375 0.8229609375 0.3017158203125 0.812546875 0.2318896484375 0.80709765625 0.2170751953125 0.7862041015625 0.213263671875 0.7517841796875 0.2312412109375 0.7355625 0.2398828125 0.73163671875 0.253998046875 0.7328935546875 0.275693359375 0.6600751953125 0.25695703125 0.645388671875 0.1529619140625 0.646109375 0.1369873046875 0.629333984375 0.13097265625 0.6149072265625 0.1333046875 0.601384765625 0.150458984375 0.5988720703125 0.1613603515625 0.61571484375 0.24634375 0.558478515625 0.228548828125 0.5581123046875 0.1960751953125 0.53930078125 0.1818759765625 0.513150390625 0.19540625 0.511623046875 0.21445703125 0.4393486328125 0.1783173828125 0.4223798828125 0.07183984375 0.4055244140625 0.06366796875 0.3867197265625 0.079103515625 0.3879560546875 0.152072265625 0.235974609375 0.1082646484375 0.2180400390625 0.0388427734375 0.199859375 0.0358134765625 0.186689453125 0.04225 0.1842919921875 0.0973408203125 0.132697265625 0.0832119140625 0.0947392578125 0.085578125 0.0919248046875 0.0486044921875 0.0622529296875 0.0103251953125 0.0389921875 0.0086533203125 0.0287001953125 0.0134931640625 0.0214111328125 0.0971767578125 0.002126953125 0.1064150390625 0.00158984375 1 0.811330078125 0.8941357421875
9 0.22804296875 0.3160380859375 0.226296875 0.2200634765625 0.157642578125 0.20461328125 0.160201171875 0.3043154296875 0.22804296875 0.3160380859375
9 0.383861328125 0.344654296875 0.375365234375 0.255080078125 0.3172294921875 0.2418896484375 0.3237802734375 0.333939453125 0.383861328125 0.344654296875
9 0.510275390625 0.3686826171875 0.5004716796875 0.2816787109375 0.45375 0.272896484375 0.4633505859375 0.3580712890625 0.510275390625 0.3686826171875
9 0.67905859375 0.435712890625 0.6654150390625 0.365306640625 0.6208623046875 0.3585087890625 0.633931640625 0.43184765625 0.67905859375 0.435712890625
9 0.7874853515625 0.455869140625 0.7736552734375 0.385955078125 0.7336826171875 0.37929296875 0.74813671875 0.450552734375 0.7874853515625 0.455869140625
9 0.9684384765625 0.3683427734375 0.9612099609375 0.3320146484375 0.93635546875 0.32683984375 0.943978515625 0.3668720703125 0.9684384765625 0.3683427734375
9 0.96250390625 0.5305048828125 0.9501015625 0.47690234375 0.928666015625 0.47574609375 0.9400771484375 0.5286962890625 0.96250390625 0.5305048828125
9 0.90229296875 0.5225341796875 0.8978583984375 0.4982724609375 0.8778369140625 0.5061943359375 0.87930859375 0.521134765625 0.90229296875 0.5225341796875
9 0.9999716796875 0.6855322265625 0.999626953125 0.60460546875 0.976056640625 0.6050927734375 0.9931953125 0.6862548828125 0.9999716796875 0.6855322265625
9 0.9248134765625 0.6842353515625 0.9053857421875 0.5989931640625 0.8774609375 0.598703125 0.898185546875 0.6853720703125 0.9248134765625 0.6842353515625
9 0.8265888671875 0.6177001953125 0.8042626953125 0.5224375 0.760564453125 0.5206376953125 0.77982421875 0.6153671875 0.8265888671875 0.6177001953125
9 0.71125390625 0.610662109375 0.69246484375 0.507548828125 0.64266015625 0.502357421875 0.660435546875 0.6109775390625 0.71125390625 0.610662109375
9 0.851681640625 0.76962890625 0.837076171875 0.6881767578125 0.79308203125 0.69092578125 0.8094755859375 0.774296875 0.851681640625 0.76962890625
9 0.569279296875 0.76350390625 0.5514892578125 0.633921875 0.4908212890625 0.6351025390625 0.5051845703125 0.76590625 0.569279296875 0.76350390625
9 0.544544921875 0.5544658203125 0.5335 0.437662109375 0.467361328125 0.433669921875 0.4804453125 0.5511279296875 0.544544921875 0.5544658203125
9 0.39570703125 0.5432958984375 0.385701171875 0.432802734375 0.326123046875 0.425109375 0.333560546875 0.5398203125 0.39570703125 0.5432958984375
9 0.4253193359375 0.773650390625 0.41102734375 0.6292900390625 0.3417099609375 0.6277529296875 0.3498173828125 0.7750869140625 0.4253193359375 0.773650390625
9 0.2402919921875 0.7764736328125 0.238224609375 0.6286767578125 0.1606904296875 0.6268134765625 0.1635263671875 0.780431640625 0.2402919921875 0.7764736328125
9 0.2339697265625 0.5324248046875 0.23115625 0.4078544921875 0.1586298828125 0.400017578125 0.1574833984375 0.53003515625 0.2339697265625 0.5324248046875
3 0.7265390625 1 0.7265390625 0.987771484375 0.7703447265625 0.9976953125 0.77753125 0.9864033203125 0.7754775390625 0.968609375 0.7980107421875 0.9655888671875 0.794404296875 0.951669921875 0.7963466796875 0.9412431640625 0.79850390625 0.9260810546875 0.8073720703125 0.9034814453125 0.8210087890625 0.894943359375 0.8423095703125 0.8887255859375 0.826458984375 0.7989931640625 0.0025537109375 0.8490517578125 0.0018935546875 0.9991640625 0.520759765625 1 0.7265390625 1
8 0.1649912109375 0.9767919921875 0.164494140625 0.78606640625 0.1721689453125 0.77780859375 0.1928623046875 0.7775166015625 0.2337138671875 0.76301171875 0.269224609375 0.7662353515625 0.282244140625 0.7644423828125 0.2814521484375 0.75607421875 0.261400390625 0.7399521484375 0.26548828125 0.7327548828125 0.282630859375 0.7316123046875 0.298771484375 0.7299521484375 0.3075615234375 0.723697265625 0.306994140625 0.7104921875 0.2937265625 0.70046875 0.2763828125 0.695197265625 0.247080078125 0.6846298828125 0.2423935546875 0.668208984375 0.2510380859375 0.6593046875 0.28856640625 0.6512041015625 0.3046923828125 0.64191796875 0.305015625 0.626052734375 0.290509765625 0.614794921875 0.2890244140625 0.6031708984375 0.3034111328125 0.576994140625 0.3065087890625 0.555701171875 0.2880029296875 0.5447548828125 0.2649169921875 0.55593359375 0.2379951171875 0.5631435546875 0.2279833984375 0.5423544921875 0.2124287109375 0.520923828125 0.1887431640625 0.507427734375 0.1546875 0.50250390625 0.1359091796875 0.491826171875 0.116724609375 0.4923076171875 0.094029296875 0.49853125 0.08602734375 0.5053701171875 0.0778525390625 0.524724609375 0.070611328125 0.544248046875 0.0620107421875 0.5551943359375 0.0311943359375 0.5665029296875 0.00733984375 0.5702666015625 0 0.5815673828125 0.00216015625 0.765849609375 0.027193359375 0.76180078125 0.0465908203125 0.7663779296875 0.06254296875 0.764986328125 0.081431640625 0.7564052734375 0.1176826171875 0.7507685546875 0.1236826171875 0.7798818359375 0.128884765625 0.8322548828125 0.1316083984375 0.9243876953125 0.1261337890625 0.9798076171875 0.1649912109375 0.9767919921875
8 0.0002861328125 1 0.0385576171875 0.9980546875 0.04580859375 0.9839375 0.0495087890625 0.958724609375 0.0498046875 0.940814453125 0.046333984375 0.917771484375 0.031869140625 0.9078486328125 0.0149521484375 0.883240234375 0.0025244140625 0.863298828125 0.0002861328125 1
8 0.7195869140625 0.97150390625 0.7300439453125 0.955607421875 0.72614453125 0.941953125 0.709708984375 0.9310849609375 0.695681640625 0.9193740234375 0.6840654296875 0.9124404296875 0.67310546875 0.9073359375 0.6782412109375 0.90047265625 0.68759375 0.899216796875 0.7288701171875 0.905640625 0.760203125 0.9027265625 0.790484375 0.895265625 0.833505859375 0.89075390625 0.8499638671875 0.8866669921875 0.8603642578125 0.88248828125 0.865296875 0.876890625 0.887009765625 0.851037109375 0.8909541015625 0.845109375 0.8940234375 0.83159375 0.8982216796875 0.82044921875 0.901474609375 0.81237109375 0.9106708984375 0.809802734375 0.9167421875 0.79821484375 0.91651171875 0.7762587890625 0.9097587890625 0.754759765625 0.8928232421875 0.7431826171875 0.8844462890625 0.7310224609375 0.87210546875 0.7206259765625 0.8550595703125 0.7175302734375 0.831375 0.7152578125 0.81541796875 0.718650390625 0.79355859375 0.736537109375 0.78537109375 0.748240234375 0.775025390625 0.7623818359375 0.7657783203125 0.766017578125 0.754587890625 0.75955859375 0.7515439453125 0.7440966796875 0.75666015625 0.729103515625 0.7774833984375 0.7166416015625 0.7981337890625 0.7002119140625 0.8003154296875 0.6767119140625 0.8058193359375 0.6546337890625 0.8071669921875 0.6422119140625 0.7945390625 0.62956640625 0.7770185546875 0.61783984375 0.7623115234375 0.613546875 0.7422568359375 0.614806640625 0.73189453125 0.6041064453125 0.7327041015625 0.5963681640625 0.739705078125 0.5864111328125 0.733642578125 0.5764326171875 0.7177275390625 0.5706455078125 0.7041162109375 0.567640625 0.7006435546875 0.55056640625 0.69309375 0.5324912109375 0.6842568359375 0.53015234375 0.67779296875 0.53785546875 0.68018359375 0.55011328125 0.6794228515625 0.5724775390625 0.67012890625 0.5883759765625 0.6778623046875 0.60175 0.667845703125 0.6096279296875 0.65265625 0.6062841796875 0.6355263671875 0.5985810546875 0.60963671875 0.5995478515625 0.5979091796875 0.60424609375 0.5943251953125 0.618548828125 0.6003427734375 0.629978515625 0.588029296875 0.6305673828125 0.5721591796875 0.6397744140625 0.5599013671875 0.6505517578125 0.5636083984375 0.665158203125 0.559716796875 0.6740654296875 0.5578916015625 0.6834404296875 0.568515625 0.7022099609375 0.5417734375 0.6984482421875 0.531923828125 0.7009462890625 0.5285107421875 0.708265625 0.530419921875 0.7133720703125 0.540482421875 0.7195107421875 0.5680859375 0.7184326171875 0.5885869140625 0.7255458984375 0.5969462890625 0.7310673828125 0.6279912109375 0.736525390625 0.63847265625 0.742521484375 0.6366259765625 0.7610751953125 0.619478515625 0.7680908203125 0.6130888671875 0.780896484375 0.6112314453125 0.79834375 0.6057763671875 0.8280068359375 0.616529296875 0.849146484375 0.6221904296875 0.8962294921875 0.6366474609375 0.9110625 0.6160625 0.9117919921875 0.5868525390625 0.911798828125 0.5583447265625 0.91798046875 0.5356416015625 0.9228173828125 0.506072265625 0.928212890625 0.5029697265625 0.9333193359375 0.5168994140625 0.93678125 0.5618984375 0.9385439453125 0.570365234375 0.94969921875 0.57441015625 0.9683642578125 0.6002099609375 0.977365234375 0.6515009765625 0.9796025390625 0.684578125 0.98170703125 0.7121259765625 0.9711142578125 0.7195869140625 0.97150390625
8 1 0.635677734375 0.9890625 0.6270654296875 0.9819462890625 0.6115625 0.9742646484375 0.597947265625 0.969416015625 0.5930830078125 0.9660419921875 0.593791015625 0.9657177734375 0.6005908203125 0.955427734375 0.605669921875 0.9452587890625 0.61098046875 0.928779296875 0.6124609375 0.9187001953125 0.6159150390625 0.907818359375 0.6232080078125 0.894232421875 0.6341142578125 0.881513671875 0.637515625 0.8750087890625 0.63923828125 0.87221484375 0.6433466796875 0.874677734375 0.6503046875 0.8863564453125 0.653818359375 0.8873291015625 0.66833203125 0.8978466796875 0.6786201171875 0.9171796875 0.6971015625 0.92720703125 0.71395703125 0.9452607421875 0.74435546875 0.958431640625 0.7676123046875 0.9793125 0.7875234375 0.9915078125 0.8019130859375 0.995193359375 0.8130029296875 1 0.8120478515625 1 0.635677734375
1 1 0.8139306640625 0.9315693359375 0.82209765625 0.917869140625 0.828984375 0.90749609375 0.835478515625 0.8640341796875 0.883140625 0.8264375 0.894408203125 0.818822265625 0.8964599609375 0.807546875 0.9068046875 0.8029453125 0.9191806640625 0.7984033203125 0.9289580078125 0.798259765625 0.943548828125 0.7961884765625 0.9522177734375 0.7994033203125 0.96505859375 0.8021708984375 0.9874453125 0.8095126953125 1 1 1 1 0.8139306640625
7 0.7957705078125 0.998853515625 0.7249453125 0.636833984375 0.72181640625 0.6291923828125 0.7086943359375 0.6314453125 0.6294736328125 0.6495087890625 0.6198564453125 0.653314453125 0.6648828125 0.9438251953125 0.6782509765625 0.9435 0.6451962890625 0.7282060546875 0.72569921875 0.7161328125 0.78108984375 0.99498046875 0.7957705078125 0.998853515625