2 0 0.960107421875 0.05893359375 0.9596162109375 0.062869140625 0.953958984375 0.0682802734375 0.9546962890625 0.07270703125 0.888693359375 0.0645908203125 0.8869716796875 0.0663125 0.8788544921875 0.21300390625 0.874181640625 0.2127578125 0.882513671875 0.2034111328125 0.883498046875 0.2031650390625 0.93023046875 0.2783505859375 0.9212919921875 0.3229990234375 0.9163017578125 0.3378828125 0.9057041015625 0.36637890625 0.904259765625 0.3671669921875 0.9064921875 0.3729453125 0.898087890625 0.3683486328125 0.8975625 0.36637890625 0.8937548828125 0.3654599609375 0.8879765625 0.36703515625 0.8842998046875 0.3721572265625 0.881279296875 0.38107421875 0.88037109375 0.39630859375 0.8464921875 0.40236328125 0.8400458984375 0.4063671875 0.837703125 0.550298828125 0.83936328125 0.567779296875 0.86002734375 0.579693359375 0.88291015625 0.5923828125 0.88671875 0.59423828125 0.89052734375 0.594140625 0.894140625 0.59208984375 0.9001953125 0.5888671875 0.90107421875 0.59365234375 0.90810546875 0.60086328125 0.9156875 0.614462890625 0.952859375 0.615845703125 0.991353515625 0.6681806640625 0.99366796875 0.666134765625 0.9745771484375 0.6594873046875 0.949861328125 0.6581240234375 0.898197265625 0.662896484375 0.876734375 0.6751689453125 0.8421318359375 0.6821572265625 0.830623046875 0.7000556640625 0.819884765625 0.713341796875 0.8134931640625 0.7396123046875 0.81290234375 0.7490576171875 0.8143779296875 0.83326953125 0.814673828125 0.8444853515625 0.8123115234375 0.8492080078125 0.808474609375 0.8813818359375 0.80345703125 0.921525390625 0.801095703125 0.9297275390625 0.79823046875 0.9994677734375 0.7889873046875 1 0.6792470703125 0.89995703125 0.6830107421875 0.864921875 0.694349609375 0.860578125 0.6992724609375 0.8553662109375 0.710275390625 0.7936669921875 0.7036162109375 0.7647119140625 0.71577734375 0.75747265625 0.7166455078125 0.728517578125 0.7319921875 0.723982421875 0.6968447265625 0.7330283203125 0.6859267578125 0.7271015625 0.6385146484375 0.7308447265625 0.632275390625 0.730533203125 0.6222939453125 0.7221103515625 0.61855078125 0.7186806640625 0.5896123046875 0.6986044921875 0.4625732421875 0.7026708984375 0.456728515625 0.7034326171875 0.450375 0.6940302734375 0.4430048828125 0.6747158203125 0.310546875 0.6792900390625 0.303431640625 0.6787822265625 0.2973330078125 0.67091796875 0.2915615234375 0.6629345703125 0.234416015625 0.72695703125 0.0958525390625 0.6365302734375 0.1001923828125 0.631466796875 0.0810224609375 0.6585947265625 0 0.39197265625 0.000361328125 0.0042392578125 0.0132822265625 0 0.0132275390625 0 0.960107421875
9 0.189384765625 0.8280068359375 0.1932744140625 0.705154296875 0.1064833984375 0.708072265625 0.0994326171875 0.830228515625 0.189384765625 0.8280068359375
9 0.398771484375 0.841974609375 0.4051982421875 0.8366650390625 0.5485556640625 0.837224609375 0.5530263671875 0.8394599609375 0.56979296875 0.859859375 0.67408984375 0.8570087890625 0.65763671875 0.7219970703125 0.3808388671875 0.7268369140625 0.385677734375 0.8657197265625 0.398771484375 0.841974609375
9 0.48389453125 0.2563681640625 0.478068359375 0.173630859375 0.4058193359375 0.1765439453125 0.4084404296875 0.25782421875 0.48389453125 0.2563681640625
9 0.915451171875 0.7518935546875 0.90934765625 0.7252578125 0.90046875 0.728310546875 0.90074609375 0.7298359375 0.905185546875 0.753974609375 0.915451171875 0.7518935546875
9 0.934041015625 0.749673828125 0.935150390625 0.748009765625 0.9279365234375 0.71984765625 0.925578125 0.718322265625 0.914203125 0.7216513671875 0.9147578125 0.7252578125 0.9221103515625 0.7509228515625 0.934041015625 0.749673828125
9 0.968689453125 0.74305078125 0.9625712890625 0.7140625 0.950626953125 0.719015625 0.956162109375 0.745818359375 0.968689453125 0.74305078125
9 0.9905400390625 0.7369326171875 0.9838388671875 0.7069248046875 0.9790322265625 0.7073623046875 0.9717490234375 0.7111494140625 0.9713115234375 0.714353515625 0.9780126953125 0.74057421875 0.9905400390625 0.7369326171875
1 0.616525390625 1 0.6169111328125 0.9947939453125 0.6134384765625 0.9538251953125 0.608421875 0.9408994140625 0.60051171875 0.916212890625 0.5933740234375 0.9084951171875 0.588357421875 0.9007783203125 0.5920234375 0.8998134765625 0.59356640625 0.8947978515625 0.5939521484375 0.89074609375 0.5922158203125 0.887080078125 0.579314453125 0.8834150390625 0.5669677734375 0.8594912109375 0.549603515625 0.8394267578125 0.525873046875 0.8376904296875 0.408623046875 0.8378837890625 0.4026416015625 0.840005859375 0.397818359375 0.84521484375 0.381419921875 0.88090625 0.3723525390625 0.8816787109375 0.367529296875 0.884384765625 0.36637109375 0.8876650390625 0.366564453125 0.8924873046875 0.36830078125 0.896732421875 0.373509765625 0.89750390625 0.3691171875 0.9047236328125 0.3635576171875 0.913373046875 0.3613955078125 0.9291259765625 0.3570712890625 0.938083984375 0.3549091796875 0.9563076171875 0.353982421875 0.9930654296875 0.355029296875 0.997880859375 0.356958984375 1 0.616525390625 1
1 1 0.8782529296875 0.9955556640625 0.8738388671875 0.9438955078125 0.8357958984375 0.916572265625 0.8248671875 0.9119482421875 0.8212939453125 0.8993369140625 0.8162490234375 0.87894921875 0.8137265625 0.7791435546875 0.8158291015625 0.7543466796875 0.8147783203125 0.7472001953125 0.8130966796875 0.71483203125 0.8145673828125 0.70075 0.819822265625 0.6965458984375 0.822974609375 0.681623046875 0.8309619140625 0.6748974609375 0.843783203125 0.669642578125 0.8597568359375 0.662076171875 0.88026171875 0.6591337890625 0.8968662109375 0.66039453125 0.9187255859375 0.6606044921875 0.94981640625 0.6618662109375 0.95759375 0.6667001953125 0.9727265625 0.6677509765625 0.979873046875 0.6694326171875 0.997107421875 0.670728515625 0.999765625 0.676119140625 1 0.6941640625 0.999765625 0.6965078125 0.99578125 0.7061162109375 1 0.7363486328125 1 0.75721484375 0.99977734375 1 1 1 0.998306640625 1 0.8782529296875
8 0.737712890625 0.8019931640625 0.7398154296875 0.812205078125 0.7458232421875 0.8113046875 0.752431640625 0.8134072265625 0.7614423828125 0.8146083984375 0.8287255859375 0.8143076171875 0.8431240234375 0.811470703125 0.847646484375 0.8081826171875 0.852990234375 0.8073603515625 0.8813544921875 0.802427734375 0.923091796875 0.79956640625 0.9316103515625 0.7946982421875 0.9291767578125 0.7861796875 0.9224833984375 0.7776611328125 0.9182236328125 0.7746181640625 0.90301171875 0.7636650390625 0.890841796875 0.741759765625 0.8725869140625 0.7314150390625 0.85372265625 0.733240234375 0.8421611328125 0.7393251953125 0.8275576171875 0.7393251953125 0.809583984375 0.7351943359375 0.80636328125 0.7361611328125 0.7999228515625 0.740025390625 0.7970244140625 0.7442119140625 0.79026171875 0.752583984375 0.7860751953125 0.7574150390625 0.7735166015625 0.7625673828125 0.76836328125 0.761279296875 0.7673974609375 0.7509736328125 0.7670751953125 0.7429228515625 0.761279296875 0.73905859375 0.7493642578125 0.739380859375 0.74195703125 0.74195703125 0.7332626953125 0.7461435546875 0.731330078125 0.7490419921875 0.7310078125 0.7538720703125 0.737712890625 0.8019931640625
7 0.089919921875 1 0.0910458984375 0.9971171875 0.0984833984375 0.8529921875 0.1061455078125 0.6774384765625 0.116287109375 0.679466796875 0.163162109375 0.6932138671875 0.1681201171875 0.6880302734375 0.172578125 0.601333984375 0.1179853515625 0.5746083984375 0.113421875 0.5772158203125 0.11 0.5772158203125 0.1095107421875 0.5705341796875 0.1041337890625 0.567763671875 0.095822265625 0.570859375 0.0917177734375 0.6637392578125 0.082681640625 0.8534697265625 0.0740966796875 0.99759765625 0.073912109375 1 0.089919921875 1
3 0.3552783203125 0.99975 0.353125 0.995875 0.354201171875 0.957978515625 0.355923828125 0.9392255859375 0.361091796875 0.926953125 0.3632451171875 0.914033203125 0.3664619140625 0.9050029296875 0.3373193359375 0.906716796875 0.3232646484375 0.9170009765625 0.20259765625 0.9310556640625 0.203283203125 0.886833984375 0.203283203125 0.88340625 0.2121953125 0.881349609375 0.2121953125 0.8744931640625 0.103869140625 0.878263671875 0.0654755859375 0.879634765625 0.0654755859375 0.88751953125 0.073703125 0.88751953125 0.06475 1 0.3552783203125 0.99975
6 0.063962890625 1 0.067865234375 0.9558779296875 0.0634541015625 0.955029296875 0.061248046875 0.9611376953125 0.000169921875 0.9607978515625 0 0.999990234375 0.063962890625 1
3 1 0.7894169921875 0.9941787109375 0.7900029296875 0.930224609375 0.7982060546875 0.92197265625 0.8015625 0.88173828125 0.80380859375 0.84931640625 0.80888671875 0.844921875 0.81279296875 0.837890625 0.8138671875 0.835537109375 0.8144931640625 0.8797314453125 0.8134189453125 0.8979931640625 0.8152744140625 0.9115673828125 0.8205478515625 0.9170302734375 0.82459375 0.9437880859375 0.83543359375 0.9950576171875 0.872810546875 1 0.877302734375 1 0.7894169921875
7 0.9683955078125 0.8328955078125 0.974265625 0.835015625 0.9804619140625 0.8617568359375 0.985353515625 0.86534375 0.979646484375 0.8328955078125 0.986984375 0.831427734375 0.988615234375 0.827677734375 0.98388671875 0.8056650390625 0.982908203125 0.804849609375 0.9608955078125 0.805828125 0.96040625 0.808599609375 0.9654609375 0.8284931640625 0.9683955078125 0.8328955078125
9 0.1845732421875 0.11859375 0.247671875 0.1167646484375 0.2483583984375 0.0619013671875 0.2458642578125 0.061794921875 0.18388671875 0.0641875 0.1845732421875 0.11859375
9 0.35832421875 0.113107421875 0.426681640625 0.1119638671875 0.4237099609375 0.047728515625 0.356763671875 0.0497900390625 0.35832421875 0.113107421875
9 0.1343564453125 0.2666298828125 0.202115234375 0.2658935546875 0.2043251953125 0.193232421875 0.1375478515625 0.1937236328125 0.1343564453125 0.2666298828125
9 0.1265009765625 0.430650390625 0.2026064453125 0.4294228515625 0.1992587890625 0.34412890625 0.1299375 0.346451171875 0.1265009765625 0.430650390625
9 0.4201015625 0.4226025390625 0.4938037109375 0.420044921875 0.4857705078125 0.3343310546875 0.4154521484375 0.3384462890625 0.4201015625 0.4226025390625
9 0.429921875 0.6064326171875 0.510326171875 0.6036767578125 0.501826171875 0.50559375 0.4230302734375 0.50812109375 0.429921875 0.6064326171875
9 0.1188095703125 0.5756201171875 0.17309375 0.6020634765625 0.1733720703125 0.6118056640625 0.1931376953125 0.609857421875 0.19703515625 0.5138251953125 0.12270703125 0.5160517578125 0.1188095703125 0.5756201171875