0 0 0.80084375 0.0215615234375 0.7762021484375 0.085837890625 0.7892197265625 0.0956015625 0.7591162109375 0.026849609375 0.7477255859375 0 0.7823046875 0 0.80084375
9 0.155552734375 0.681833984375 0.1349140625 0.7536865234375 0.1639609375 0.7307548828125 0.1838349609375 0.653169921875 0.155552734375 0.681833984375
9 0.2183837890625 0.6178173828125 0.1978994140625 0.6961181640625 0.22003515625 0.677287109375 0.2388671875 0.595021484375 0.2183837890625 0.6178173828125
0 0 0.9609560546875 0.039560546875 0.9641923828125 0.0435166015625 0.935421875 0 0.9321845703125 0 0.9609560546875
9 0.107369140625 0.8495693359375 0.080265625 0.9426923828125 0.107716796875 0.9301826171875 0.136904296875 0.829416015625 0.107369140625 0.8495693359375
9 0.1935419921875 0.7873720703125 0.1716513671875 0.8012705078125 0.1421162109375 0.9065546875 0.166787109375 0.8940458984375 0.1935419921875 0.7873720703125
0 0.5127138671875 0.4608525390625 0.8044296875 0.580486328125 0.8073759765625 0.5569130859375 0.5144814453125 0.433744140625 0.4443515625 0.49385546875 0.441994140625 0.5168388671875 0.5127138671875 0.4608525390625
9 0.475474609375 0.4887412109375 0.5115595703125 0.4579619140625 0.69623046875 0.5343779296875 0.6951689453125 0.5110283203125 0.4744130859375 0.4229384765625 0.465921875 0.486087890625 0.475474609375 0.4887412109375
0 0.488099609375 0.754708984375 0.8341796875 0.8341796875 0.83623046875 0.800853515625 0.4906630859375 0.7147177734375 0.41221875 0.7572724609375 0.4117060546875 0.791111328125 0.488099609375 0.754708984375
9 0.8365107421875 0.8301005859375 0.835228515625 0.845484375 0.8531767578125 0.849330078125 0.8442021484375 0.7525390625 0.783306640625 0.7384365234375 0.7903583984375 0.8211259765625 0.8365107421875 0.8301005859375
9 0.92940625 0.75745703125 0.917228515625 0.6853642578125 0.8602373046875 0.6644189453125 0.8699794921875 0.7413818359375 0.92940625 0.75745703125
9 0.9639287109375 0.76989453125 0.9501884765625 0.697443359375 0.9247890625 0.68869921875 0.93811328125 0.7623994140625 0.9639287109375 0.76989453125
9 0.9961787109375 0.8865234375 0.974248046875 0.7831943359375 0.8700751953125 0.7515625 0.8852578125 0.8700751953125 0.9961787109375 0.8865234375
9 1 0.632310546875 0.9599931640625 0.616814453125 0.97435546875 0.695806640625 1 0.702609375 1 0.632310546875
9 0.95734765625 0.69013671875 0.93731640625 0.5831767578125 0.842451171875 0.5416025390625 0.85719140625 0.6534755859375 0.95734765625 0.69013671875
9 0.805599609375 0.5844462890625 0.80058203125 0.5873720703125 0.8030908203125 0.6325224609375 0.8319365234375 0.6417197265625 0.8227392578125 0.553091796875 0.7650478515625 0.5296806640625 0.7663017578125 0.5668876953125 0.805599609375 0.5794296875 0.805599609375 0.5844462890625
9 0.4351669921875 0.750623046875 0.48639453125 0.7533193359375 0.6966982421875 0.7959189453125 0.69885546875 0.7414560546875 0.4459521484375 0.679443359375 0.4351669921875 0.750623046875
4 0.8385703125 1 0.8319970703125 0.92871875 0.4779755859375 0.8855224609375 0.4103642578125 0.9146328125 0.401912109375 0.9991474609375 0.8385703125 1
9 0.0425380859375 0.90092578125 0.0317451171875 0.946638671875 0.0393642578125 0.946638671875 0.05333203125 0.8945771484375 0.0425380859375 0.90092578125
9 0.0793623046875 0.763787109375 0.0768232421875 0.77966015625 0.0869814453125 0.7809296875 0.0933310546875 0.751724609375 0.0793623046875 0.763787109375
2 1 0.5263818359375 0.515865234375 0.2668544921875 0.4185322265625 0.2125107421875 0.4055546875 0.20277734375 0.4055546875 0.20034375 0.4006884765625 0.1979111328125 0.3933876953125 0.197099609375 0.386087890625 0.2035888671875 0.34391015625 0.2611767578125 0.1119326171875 0.5783212890625 0 0.738109375 0.0011572265625 1 0.39211328125 1 0.402806640625 0.9137421875 0.4752880859375 0.879283203125 0.8376953125 0.9268125 1 0.9125537109375 1 0.5263818359375
8 0.9994853515625 1 1 0.87815234375 0.9920048828125 0.8642919921875 0.979134765625 0.848451171875 0.9653916015625 0.8361943359375 0.94655078125 0.8308115234375 0.9259150390625 0.8263251953125 0.9115595703125 0.835296875 0.9118134765625 0.8474619140625 0.9157734375 0.877162109375 0.9029033203125 0.879142578125 0.886072265625 0.903892578125 0.8712216796875 0.897953125 0.850431640625 0.8939931640625 0.8474619140625 0.916763671875 0.80142578125 0.93557421875 0.77419921875 0.9306240234375 0.7161650390625 0.897056640625 0.7153427734375 0.88965625 0.706298828125 0.8699228515625 0.689853515625 0.858412109375 0.6783427734375 0.8666337890625 0.65696484375 0.88801171875 0.657787109375 0.900345703125 0.65367578125 0.9061015625 0.638052734375 0.9184345703125 0.6232529296875 0.9299462890625 0.609275390625 0.9258349609375 0.595296875 0.9357021484375 0.5837861328125 0.950501953125 0.5714521484375 0.945568359375 0.5673408203125 0.9348798828125 0.5673408203125 0.9233681640625 0.558296875 0.9135009765625 0.5418515625 0.9217236328125 0.5270517578125 0.9299462890625 0.5155400390625 0.9283017578125 0.5015625 0.9200791015625 0.4859404296875 0.9151455078125 0.4703173828125 0.9274794921875 0.448939453125 0.942279296875 0.447294921875 0.9365244140625 0.4308505859375 0.9291240234375 0.4176943359375 0.9324130859375 0.403716796875 0.9398125 0.39302734375 0.9398125 0.392205078125 0.9677685546875 0.3831611328125 0.9694130859375 0.3732939453125 0.957080078125 0.3724716796875 0.946390625 0.3691826171875 0.9324130859375 0.3346494140625 0.9184345703125 0.309982421875 0.910212890625 0.294359375 0.90445703125 0.2738037109375 0.903634765625 0.257359375 0.9159677734375 0.25900390625 0.9315908203125 0.2540703125 0.942279296875 0.257359375 0.955435546875 0.2359814453125 0.95461328125 0.2318701171875 0.946390625 0.2170693359375 0.94474609375 0.207203125 0.958724609375 0.1907578125 0.958724609375 0.1808916015625 0.9562578125 0.1792470703125 0.950501953125 0.1693798828125 0.943923828125 0.1603359375 0.942279296875 0.14553515625 0.9431015625 0.1323798828125 0.9431015625 0.1216904296875 0.9496796875 0.096201171875 0.9562578125 0.0781123046875 0.946390625 0.0690673828125 0.940634765625 0.056734375 0.9373466796875 0.04193359375 0.938990234375 0.0304228515625 0.94803515625 0.0197333984375 0.9496796875 0.009044921875 0.943923828125 0 0.94474609375 0 0.96119140625 0 1 0.9994853515625 1