2 0.8062705078125 0 0.645533203125 0.0611416015625 0.640810546875 0.055369140625 0.60905859375 0.0682275390625 0.60905859375 0.0784609375 0.36731640625 0.1752314453125 0.362158203125 0.1723076171875 0.358546875 0.17351171875 0.358203125 0.1800458984375 0.331890625 0.1901923828125 0.32432421875 0.1838291015625 0.321572265625 0.1827978515625 0.2999052734375 0.192255859375 0.29780078125 0.195064453125 0.3025537109375 0.19958984375 0.3025537109375 0.2025322265625 0.09601171875 0.283306640625 0.0917548828125 0.286853515625 0.08726171875 0.28708984375 0.0825322265625 0.2856708984375 0.0812216796875 0.2822392578125 0.01960546875 0.2420947265625 0.0124482421875 0.2330703125 0 0.2420947265625 0 0.933388671875 0.0267080078125 0.9352158203125 0.0865830078125 0.93887109375 0.1338916015625 0.943271484375 0.1855927734375 0.94649609375 0.1910751953125 0.95004296875 0.224876953125 0.9568154296875 0.2712109375 0.9672431640625 0.297224609375 0.9741220703125 0.3273896484375 0.9835302734375 0.3363173828125 1 1 1 1 0 0.8062705078125 0
9 0.6618095703125 0.2567509765625 0.65483984375 0.18510546875 0.5901640625 0.207408203125 0.5932314453125 0.2771015625 0.6618095703125 0.2567509765625
9 0.496333984375 0.307275390625 0.4938984375 0.238912109375 0.4423173828125 0.2572861328125 0.4423173828125 0.32321484375 0.496333984375 0.307275390625
9 0.5291162109375 0.834388671875 0.52230078125 0.6715458984375 0.434771484375 0.6772861328125 0.439076171875 0.834748046875 0.5291162109375 0.834388671875
9 0.9237099609375 0.8305009765625 0.90311328125 0.703779296875 0.8472578125 0.7072705078125 0.867505859375 0.8294541015625 0.9237099609375 0.8305009765625
9 0.8961318359375 0.6741064453125 0.877978515625 0.6468759765625 0.8730908203125 0.639544921875 0.8385302734375 0.6419892578125 0.84341796875 0.6779462890625 0.8961318359375 0.6741064453125
9 0.8692509765625 0.5086337890625 0.8535419921875 0.414029296875 0.803271484375 0.4234541015625 0.818283203125 0.5177109375 0.8692509765625 0.5086337890625
9 0.8486572265625 0.389013671875 0.843966796875 0.3594931640625 0.7951328125 0.371080078125 0.7987197265625 0.3967392578125 0.8486572265625 0.389013671875
9 0.2315126953125 0.3240771484375 0.22890234375 0.38752734375 0.2724736328125 0.37548046875 0.275486328125 0.3086162109375 0.2315126953125 0.3240771484375
9 0.1672587890625 0.40610546875 0.172740234375 0.3428232421875 0.1338740234375 0.3551142578125 0.1275625 0.417732421875 0.1672587890625 0.40610546875
9 0.2367470703125 0.4871474609375 0.21166796875 0.4979814453125 0.2054482421875 0.639818359375 0.2423642578125 0.6352041015625 0.2658388671875 0.6400185546875 0.2722587890625 0.4847392578125 0.2367470703125 0.4871474609375
9 0.0293544921875 0.828349609375 0.0364638671875 0.7551923828125 0.0217861328125 0.7563388671875 0.0135302734375 0.828578125 0.0293544921875 0.828349609375
9 0.039904296875 0.73959765625 0.0412802734375 0.7146005859375 0.0266025390625 0.7157470703125 0.0249970703125 0.7398271484375 0.039904296875 0.73959765625
9 0.0511416015625 0.63226953125 0.0600849609375 0.56834765625 0.04563671875 0.570412109375 0.0376103515625 0.6334169921875 0.0511416015625 0.63226953125
9 0.0621494140625 0.5524619140625 0.0639833984375 0.533427734375 0.049765625 0.5361796875 0.047701171875 0.553837890625 0.0621494140625 0.5524619140625
9 0.9310302734375 1 0.923552734375 0.9486376953125 0.8598759765625 0.9438134765625 0.86687109375 1 0.9310302734375 1
9 1 0.1132392578125 0.9368310546875 0.134109375 0.9689091796875 0.2720830078125 1 0.2631943359375 1 0.1132392578125
1 0.33684375 1 0.3275966796875 0.983220703125 0.254869140625 0.961423828125 0.1901318359375 0.9495546875 0.1858154296875 0.9461015625 0.1307216796875 0.9428642578125 0.056119140625 0.935958984375 0 0.9331533203125 0 1 0.33684375 1
8 0.90630859375 1 0.90630859375 0.9674697265625 0.9102802734375 0.956349609375 0.9364921875 0.9408603515625 0.952775390625 0.933314453125 0.9495986328125 0.922591796875 0.938875 0.9150458984375 0.9277548828125 0.912265625 0.9186201171875 0.90869140625 0.907896484375 0.9003505859375 0.8943935546875 0.8987626953125 0.8848623046875 0.9059111328125 0.881287109375 0.8880390625 0.872947265625 0.8864501953125 0.864607421875 0.8884365234375 0.8538837890625 0.8951875 0.8518984375 0.9059111328125 0.8538837890625 0.91703125 0.8495146484375 0.9210029296875 0.827671875 0.9138544921875 0.82648046875 0.9281513671875 0.8308486328125 0.9404638671875 0.8884365234375 0.9742216796875 0.8955849609375 0.9996396484375 0.90630859375 1
0 0.2485126953125 0.56734765625 0.1340771484375 0.586380859375 0.12711328125 0.6601513671875 0.2453515625 0.6448310546875 0.292732421875 0.65903515625 0.294357421875 0.6478935546875 0.2964755859375 0.5882412109375 0.2485126953125 0.56734765625
0 0.519962890625 0.62277734375 0.5550771484375 0.6375771484375 0.550724609375 0.5377470703125 0.512998046875 0.5143076171875 0.3578212890625 0.540359375 0.35753125 0.640189453125 0.519962890625 0.62277734375
8 0 0.9328505859375 0.1867490234375 0.9453642578125 0.190802734375 0.948337890625 0.2958251953125 0.971810546875 0.321875 0.952298828125 0.34271875 0.942390625 0.36014453125 0.9365810546875 0.3621953125 0.9246220703125 0.3567275390625 0.9119794921875 0.349552734375 0.9058291015625 0.34203515625 0.9000205078125 0.333833984375 0.895236328125 0.32768359375 0.895919921875 0.323583984375 0.895919921875 0.320400390625 0.8919013671875 0.315 0.886951171875 0.30105078125 0.884701171875 0.273150390625 0.886951171875 0.2218505859375 0.88605078125 0.153 0.88830078125 0.0443095703125 0.8878505859375 0 0.886951171875 0 0.9328505859375
3 1 0.95539453125 0.7808271484375 0.944302734375 0.574822265625 0.9296826171875 0.1414423828125 0.9097470703125 0 0.9070888671875 0 0.9326845703125 0.1883037109375 0.944986328125 0.1936650390625 0.948140625 0.3290751953125 0.982205078125 0.3388525390625 1 1 1 1 0.95539453125
4 0.200609375 0.9492578125 0.2064306640625 0.8347724609375 0.2824765625 0.843310546875 0.2813115234375 0.9682734375 0.2933427734375 0.9733193359375 0.295283203125 0.843310546875 0.3736767578125 0.85184765625 0.371736328125 0.9511982421875 0.3802734375 0.9511982421875 0.3849306640625 0.8499072265625 0.498251953125 0.84059375 0.5001923828125 0.8374892578125 0.2949453125 0.8359365234375 0.19637109375 0.828951171875 0.1855048828125 0.94266015625 0.200609375 0.9492578125
8 0.6449921875 0.8262099609375 0.6531796875 0.8246611328125 0.6569404296875 0.81912890625 0.650966796875 0.8155888671875 0.6467626953125 0.814482421875 0.642779296875 0.815146484375 0.639681640625 0.81912890625 0.639681640625 0.8217841796875 0.6449921875 0.8262099609375
8 0.660849609375 0.8276845703125 0.66383203125 0.829087890625 0.6766376953125 0.8283857421875 0.674533203125 0.825228515625 0.671375 0.8204921875 0.6689189453125 0.81452734375 0.6659365234375 0.8069833984375 0.6633056640625 0.8069833984375 0.6613759765625 0.809615234375 0.659796875 0.8157548828125 0.6601474609375 0.8225966796875 0.660849609375 0.8276845703125
8 0.69505859375 0.8169833984375 0.6966376953125 0.8140009765625 0.6966376953125 0.8078603515625 0.6943564453125 0.802421875 0.690146484375 0.8001416015625 0.686111328125 0.799615234375 0.682427734375 0.8003173828125 0.6797958984375 0.8043525390625 0.6797958984375 0.809263671875 0.68119921875 0.813474609375 0.6838310546875 0.8176845703125 0.69505859375 0.8169833984375
8 0.7136650390625 0.8282431640625 0.7215986328125 0.82658203125 0.7230751953125 0.8234462890625 0.7251044921875 0.816619140625 0.7241826171875 0.81071484375 0.71975390625 0.80831640625 0.7156953125 0.807025390625 0.7131123046875 0.808685546875 0.7105283203125 0.8112685546875 0.7088681640625 0.8160654296875 0.7081298828125 0.821046875 0.7088681640625 0.8254755859375 0.7136650390625 0.8282431640625
0 0.7420400390625 0.8332265625 0.7391982421875 0.809541015625 0.6266962890625 0.81191015625 0.6269326171875 0.83441015625 0.7420400390625 0.8332265625
0 0.69760546875 0.5373671875 0.6959296875 0.515578125 0.6034072265625 0.5313330078125 0.60575390625 0.549435546875 0.69760546875 0.5373671875
0 0.925107421875 0.83267578125 0.9215517578125 0.808974609375 0.860720703125 0.808974609375 0.8658564453125 0.831490234375 0.925107421875 0.83267578125
0 0.870044921875 0.51101171875 0.865904296875 0.4845087890625 0.8120693359375 0.497345703125 0.8162109375 0.5201220703125 0.870044921875 0.51101171875
9 0.8089365234375 0.1753994140625 0.806705078125 0.1637958984375 0.768544921875 0.174953125 0.7705537109375 0.1867802734375 0.8089365234375 0.1753994140625
9 0.1437685546875 0.7111552734375 0.0958671875 0.713830078125 0.08322265625 0.8332060546875 0.1345283203125 0.834421875 0.1437685546875 0.7111552734375
9 0.259509765625 0.7007001953125 0.2052861328125 0.7036181640625 0.1982353515625 0.8312607421875 0.200697265625 0.8317900390625 0.256349609375 0.8324765625 0.259509765625 0.7007001953125
9 0.1057490234375 0.622466796875 0.1539599609375 0.6166826171875 0.1612451171875 0.5134150390625 0.1160341796875 0.5224130859375 0.1057490234375 0.622466796875
9 0.62984375 0.83194140625 0.736755859375 0.832626953125 0.7164248046875 0.6580751953125 0.7132080078125 0.6575146484375 0.6165947265625 0.6660693359375 0.62984375 0.83194140625
9 0.6119833984375 0.548421875 0.6969248046875 0.5355966796875 0.6828896484375 0.4079345703125 0.603951171875 0.4227236328125 0.6119833984375 0.548421875
9 0.4466552734375 0.575640625 0.5134541015625 0.5653115234375 0.5070263671875 0.4457294921875 0.444359375 0.4585830078125 0.4466552734375 0.575640625