9 0.46512890625 0.7762265625 0.462703125 0.7634912109375 0.4563359375 0.7559111328125 0.448755859375 0.751666015625 0.422982421875 0.7501494140625 0.4087314453125 0.753181640625 0.3914482421875 0.76409765625 0.3829580078125 0.780470703125 0.37355859375 0.87810546875 0.38477734375 0.8784091796875 0.38477734375 0.892962890625 0.4557294921875 0.8920537109375 0.4633095703125 0.8032119140625 0.46512890625 0.7762265625
9 0.47634765625 0.62583203125 0.48605078125 0.51667578125 0.41540234375 0.5175849609375 0.4014541015625 0.6273486328125 0.47634765625 0.62583203125
9 0.493630859375 0.419041015625 0.50060546875 0.334140625 0.4338984375 0.3344443359375 0.4248017578125 0.41934375 0.493630859375 0.419041015625
9 0.529640625 0.24704296875 0.5322744140625 0.2080634765625 0.524109375 0.1998994140625 0.5151552734375 0.198845703125 0.4996162109375 0.200162109375 0.4906611328125 0.205693359375 0.488291015625 0.2109609375 0.4859208984375 0.2478330078125 0.529640625 0.24704296875
9 0.67674609375 0.19094140625 0.6770205078125 0.1610380859375 0.6707099609375 0.149921875 0.6591875 0.141142578125 0.6439619140625 0.1359306640625 0.6225634765625 0.1342841796875 0.6088466796875 0.1371650390625 0.5912880859375 0.14512109375 0.581275390625 0.1537626953125 0.5758427734375 0.16707421875 0.57501953125 0.1932734375 0.67674609375 0.19094140625
9 0.764580078125 0.242236328125 0.7635078125 0.204900390625 0.7602919921875 0.200255859375 0.7529677734375 0.1957900390625 0.7443935546875 0.193939453125 0.736890625 0.193939453125 0.7263505859375 0.197333984375 0.7204560546875 0.2023359375 0.719205078125 0.2059091796875 0.7197412109375 0.243486328125 0.764580078125 0.242236328125
9 0.5728330078125 0.2449140625 0.5700712890625 0.325689453125 0.678994140625 0.3232734375 0.677771484375 0.24284375 0.5728330078125 0.2449140625
9 0.7486640625 0.3271611328125 0.7531337890625 0.4116708984375 0.821677734375 0.4119033203125 0.8152919921875 0.325478515625 0.7486640625 0.3271611328125
9 0.56821875 0.3987578125 0.56357421875 0.51048828125 0.6821171875 0.508287109375 0.6808955078125 0.3987578125 0.56821875 0.3987578125
9 0.687990234375 0.739125 0.6843310546875 0.5940986328125 0.5589033203125 0.59644921875 0.5521083984375 0.7412705078125 0.687990234375 0.739125
9 0.8662490234375 0.8873798828125 0.8580341796875 0.790072265625 0.8566171875 0.775625 0.8508095703125 0.765568359375 0.83228125 0.74673046875 0.821375 0.745171875 0.802537109375 0.74460546875 0.793896484375 0.74673046875 0.787380859375 0.7512626953125 0.7787412109375 0.76259375 0.775341796875 0.771517578125 0.7744443359375 0.7841376953125 0.7802724609375 0.8879462890625 0.8662490234375 0.8873798828125
9 0.7588583984375 0.5117841796875 0.7647490234375 0.62063671875 0.842017578125 0.61995703125 0.8320478515625 0.5114189453125 0.7588583984375 0.5117841796875
9 1 0.3265126953125 0.9621337890625 0.328072265625 0.9771640625 0.4121455078125 1 0.412541015625 1 0.3265126953125
9 1 0.512046875 0.9943671875 0.5117197265625 0.9997568359375 0.54258984375 1 0.512046875
9 0.0816171875 0.8965205078125 0.1604462890625 0.89702734375 0.1840185546875 0.7805859375 0.1840185546875 0.7696865234375 0.17894921875 0.7598017578125 0.1703310546875 0.75574609375 0.146251953125 0.75574609375 0.128255859375 0.7598017578125 0.1150751953125 0.7691796875 0.105189453125 0.7823603515625 0.1026708984375 0.7893056640625 0.07588671875 0.8923818359375 0.0816171875 0.8965205078125
9 0.2151953125 0.633419921875 0.2372470703125 0.5251884765625 0.1705849609375 0.5264560546875 0.1454912109375 0.633419921875 0.2151953125 0.633419921875
9 0.257841796875 0.427349609375 0.2748525390625 0.3390146484375 0.213078125 0.339611328125 0.19129296875 0.4264541015625 0.257841796875 0.427349609375
9 0.2907353515625 0.2525908203125 0.3027490234375 0.1976279296875 0.25319140625 0.1988291015625 0.238775390625 0.25589453125 0.2907353515625 0.2525908203125
9 1 0.1975654296875 0.9954599609375 0.1801201171875 0.9426884765625 0.181939453125 0.9527197265625 0.242125 1 0.24183203125 1 0.1975654296875
8 0.55487109375 1 0.55662890625 0.9932509765625 0.555310546875 0.9843154296875 0.554578125 0.9677607421875 0.55487109375 0.9611689453125 0.5517939453125 0.955748046875 0.5452021484375 0.9522197265625 0.536119140625 0.9465068359375 0.5245458984375 0.9426982421875 0.5198525390625 0.938009765625 0.508279296875 0.93815625 0.4969990234375 0.938302734375 0.487623046875 0.939767578125 0.480591796875 0.9410859375 0.4763427734375 0.940353515625 0.4703369140625 0.9429912109375 0.461546875 0.938595703125 0.4531162109375 0.936544921875 0.44857421875 0.936544921875 0.44330078125 0.93903515625 0.4370009765625 0.9450419921875 0.426306640625 0.9513408203125 0.419275390625 0.95355078125 0.41737109375 0.957212890625 0.417810546875 0.9621943359375 0.420740234375 0.9645380859375 0.422205078125 0.9674677734375 0.4128291015625 0.9711298828125 0.405064453125 0.976404296875 0.400376953125 0.973474609375 0.3958359375 0.974353515625 0.3929052734375 0.97684375 0.3936376953125 0.98065234375 0.39788671875 0.9897353515625 0.397154296875 0.99603515625 0.398326171875 0.999111328125 0.4023525390625 1 0.55487109375 1
8 1 0.61170703125 0.99558984375 0.614337890625 0.99006640625 0.623029296875 0.991642578125 0.630525390625 0.992638671875 0.6437158203125 0.991642578125 0.6605146484375 0.9880341796875 0.6561591796875 0.98442578125 0.652177734375 0.9804794921875 0.6507744140625 0.9751328125 0.6524189453125 0.9703349609375 0.6562578125 0.9711572265625 0.6654423828125 0.9618349609375 0.6823046875 0.95498046875 0.6695556640625 0.9488115234375 0.6644833984375 0.945109375 0.6632490234375 0.9433271484375 0.6651689453125 0.9436015625 0.67366796875 0.9581337890625 0.689296875 0.9478515625 0.6939580078125 0.94209375 0.6861435546875 0.935650390625 0.6831279296875 0.931263671875 0.6862802734375 0.9301669921875 0.6923125 0.92468359375 0.6925869140625 0.9278359375 0.67942578125 0.9323603515625 0.6651689453125 0.941544921875 0.658314453125 0.9408603515625 0.6551611328125 0.938771484375 0.6496923828125 0.9326533203125 0.6421630859375 0.9252998046875 0.6413046875 0.9217783203125 0.6439140625 0.9213193359375 0.6492314453125 0.9213193359375 0.65257421875 0.9196474609375 0.6546318359375 0.9204189453125 0.6592607421875 0.9210615234375 0.6638896484375 0.9187470703125 0.6584892578125 0.917076171875 0.6552744140625 0.913732421875 0.6543740234375 0.9102607421875 0.656560546875 0.909232421875 0.6602890625 0.9093603515625 0.6631181640625 0.9179755859375 0.6671044921875 0.9179755859375 0.683177734375 0.912318359375 0.676234375 0.899458984375 0.6732763671875 0.8936728515625 0.662732421875 0.8851865234375 0.65090234375 0.879142578125 0.6437021484375 0.8756708984375 0.645373046875 0.874384765625 0.648587890625 0.874642578125 0.651931640625 0.880171875 0.65398828125 0.8795283203125 0.6568173828125 0.8802998046875 0.66183203125 0.8851865234375 0.6614462890625 0.8868583984375 0.6663330078125 0.88621484375 0.669033203125 0.8853154296875 0.6735341796875 0.885572265625 0.675462890625 0.890201171875 0.676748046875 0.902802734375 0.6883212890625 0.8989453125 0.692564453125 0.8999736328125 0.697193359375 0.9001025390625 0.7015654296875 0.8894296875 0.6969365234375 0.8905869140625 0.6938505859375 0.88955859375 0.6898642578125 0.8773427734375 0.686134765625 0.8733564453125 0.6793203125 0.8702705078125 0.6758486328125 0.8639697265625 0.6743056640625 0.85483984375 0.66993359375 0.8518828125 0.666076171875 0.8490537109375 0.6664619140625 0.8449384765625 0.6680048828125 0.8436533203125 0.670705078125 0.846482421875 0.6757197265625 0.8522685546875 0.6766201171875 0.8592119140625 0.6795771484375 0.8577978515625 0.6835634765625 0.8558955078125 0.689513671875 0.8541201171875 0.692244140625 0.8498876953125 0.6974326171875 0.8501611328125 0.704123046875 0.852482421875 0.7090390625 0.8546669921875 0.71204296875 0.8771953125 0.737357421875 0.876103515625 0.7440478515625 0.876240234375 0.749099609375 0.88047265625 0.758111328125 0.8826572265625 0.7632998046875 0.8793798828125 0.7688984375 0.8751474609375 0.773404296875 0.8573974609375 0.76848828125 0.8377353515625 0.755654296875 0.8245595703125 0.7469150390625 0.8163671875 0.7456865234375 0.812408203125 0.7470517578125 0.803259765625 0.7572919921875 0.804625 0.7503291015625 0.8008017578125 0.7482802734375 0.7954765625 0.749236328125 0.79301953125 0.75387890625 0.792609375 0.7608427734375 0.791380859375 0.76589453125 0.7919267578125 0.773267578125 0.7808671875 0.7712197265625 0.77758984375 0.7706728515625 0.776224609375 0.7758798828125 0.7830517578125 0.781068359375 0.7938388671875 0.7862568359375 0.8095400390625 0.790080078125 0.83753125 0.8109697265625 0.845041015625 0.8187529296875 0.8555546875 0.81834375 0.854052734375 0.825443359375 0.853779296875 0.8319970703125 0.82510546875 0.807556640625 0.8170498046875 0.8025048828125 0.8012119140625 0.7962236328125 0.7857822265625 0.7872119140625 0.7801845703125 0.7872119140625 0.7777265625 0.7892607421875 0.7786826171875 0.79417578125 0.7866015625 0.80018359375 0.7935654296875 0.8034609375 0.810833984375 0.8140869140625 0.822849609375 0.8213232421875 0.8243515625 0.8270576171875 0.8274912109375 0.82937890625 0.8295400390625 0.8323828125 0.82366796875 0.8355234375 0.8250341796875 0.839892578125 0.8366396484375 0.8412578125 0.8381416015625 0.846189453125 0.840189453125 0.8556103515625 0.8375283203125 0.854791015625 0.83233984375 0.8557470703125 0.8290625 0.857658203125 0.8252392578125 0.8617548828125 0.8252392578125 0.8676259765625 0.827560546875 0.869947265625 0.8312470703125 0.8710390625 0.8330224609375 0.8773203125 0.8361630859375 0.881826171875 0.84094140625 0.8825087890625 0.8559609375 0.88892578125 0.8733017578125 0.9062666015625 0.8481787109375 0.890291015625 0.8391669921875 0.8853759765625 0.838484375 0.891380859375 0.86524609375 0.91964453125 0.87971875 0.938759765625 0.8857265625 0.950365234375 0.872345703125 0.9350732421875 0.8597841796875 0.92797265625 0.833568359375 0.9051708984375 0.8287900390625 0.9051708984375 0.827833984375 0.908720703125 0.857599609375 0.9397197265625 0.8924169921875 0.9640244140625 0.9047060546875 0.9774052734375 0.91372265625 0.9830849609375 0.92259765625 0.9856787109375 0.93147265625 0.9919599609375 0.953591796875 0.99987890625 1 1 1 0.8340087890625 1 0.6161572265625 1 0.61170703125
8 0 0.4338662109375 0.0004228515625 0.438935546875 0.0054921875 0.43766796875 0.01943359375 0.4364013671875 0.027037109375 0.4423154296875 0.0388662109375 0.44316015625 0.045203125 0.4364013671875 0.0582998046875 0.430486328125 0.066326171875 0.4469619140625 0.0798447265625 0.453298828125 0.0997001953125 0.44865234375 0.10434765625 0.4410478515625 0.1081494140625 0.4296416015625 0.101390625 0.416123046875 0.0950537109375 0.399646484375 0.1022353515625 0.3873955078125 0.112796875 0.3806357421875 0.139833984375 0.396267578125 0.1529306640625 0.395421875 0.1626474609375 0.3886630859375 0.1748984375 0.3814814453125 0.182080078125 0.3916201171875 0.190529296875 0.3890849609375 0.20066796875 0.3747216796875 0.1943310546875 0.361203125 0.1829248046875 0.356978515625 0.171095703125 0.354443359375 0.1639140625 0.3447275390625 0.156732421875 0.338390625 0.165181640625 0.3350107421875 0.171095703125 0.3312080078125 0.1672939453125 0.308541015625 0.1613798828125 0.3013583984375 0.150818359375 0.29924609375 0.130962890625 0.3051611328125 0.117443359375 0.3076953125 0.1009677734375 0.3009365234375 0.0882939453125 0.286572265625 0.08744921875 0.277701171875 0.0958984375 0.26502734375 0.0925185546875 0.2510859375 0.101390625 0.246861328125 0.1233583984375 0.257845703125 0.1334970703125 0.2629150390625 0.1457490234375 0.260802734375 0.1503955078125 0.2519306640625 0.1516630859375 0.2417919921875 0.1529306640625 0.22531640625 0.131384765625 0.2005341796875 0.12124609375 0.1946201171875 0.1077275390625 0.1946201171875 0.0980107421875 0.19546484375 0.089984375 0.191662109375 0.0768876953125 0.1811005859375 0.072240234375 0.1811005859375 0.080267578125 0.174763671875 0.0895615234375 0.177298828125 0.09843359375 0.1722294921875 0.1077275390625 0.1642021484375 0.1106845703125 0.1523740234375 0.1073046875 0.1401220703125 0.1165986328125 0.1358974609375 0.136876953125 0.1342080078125 0.150818359375 0.1358974609375 0.1808125 0.1523740234375 0.1943310546875 0.1523740234375 0.213341796875 0.157443359375 0.2251708984375 0.1587109375 0.2429140625 0.154908203125 0.2577001953125 0.15068359375 0.2598125 0.1363203125 0.259390625 0.1202666015625 0.258123046875 0.11097265625 0.269529296875 0.1249140625 0.2758662109375 0.1215341796875 0.286427734375 0.1096748046875 0.291919921875 0.0953115234375 0.2914970703125 0.084328125 0.2995244140625 0.07630078125 0.3054384765625 0.0640498046875 0.30205859375 0.046728515625 0.291919921875 0.032365234375 0.280513671875 0.028140625 0.2674169921875 0.0103974609375 0.26826171875 0.001103515625 0 0 0 0.4338662109375
2 1 0.1498544921875 0.920306640625 0.151076171875 0.915216796875 0.15351953125 0.8505244140625 0.1525009765625 0.8444169921875 0.1394716796875 0.822021484375 0.14008203125 0.820392578125 0.1553515625 0.797564453125 0.157998046875 0.6991240234375 0.065556640625 0.62990234375 0.0515087890625 0.56012890625 0.068212890625 0.5560576171875 0.06902734375 0.552392578125 0.0716748046875 0.4745576171875 0.1508720703125 0.47496484375 0.1068955078125 0.4735390625 0.1032314453125 0.4362822265625 0.1034345703125 0.4338564453125 0.112994140625 0.430724609375 0.1285478515625 0.42544140625 0.1661083984375 0.332556640625 0.16576953125 0.238654296875 0.1664482421875 0.2305185546875 0.168142578125 0.2264501953125 0.171533203125 0.201025390625 0.1725498046875 0.197375 0.1748935546875 0.1981279296875 0.182423828125 0.2033984375 0.19296484375 0.197751953125 0.20877734375 0.1766689453125 0.2313662109375 0.1476796875 0.2464248046875 0.0933671875 0.256759765625 0.0617431640625 0.2605244140625 0.056095703125 0.265794921875 0.0549658203125 0.2721953125 0.067013671875 0.3000546875 0.057224609375 0.32678515625 0.0414130859375 0.36857421875 0.0166728515625 0.41110546875 0 0.4325419921875 0 1 1 1 1 0.1498544921875
4 0.544513671875 0.858908203125 0.5512783203125 0.8544697265625 0.55846484375 0.858697265625 0.5677646484375 0.854892578125 0.5732607421875 0.858908203125 0.5831953125 0.8538359375 0.5886904296875 0.8593310546875 0.59672265625 0.854046875 0.6056005859375 0.85975390625 0.614900390625 0.854892578125 0.6210302734375 0.85996484375 0.6305419921875 0.8534130859375 0.6377294921875 0.85975390625 0.6463955078125 0.8542587890625 0.652525390625 0.8601767578125 0.6590771484375 0.854046875 0.66880078125 0.8593310546875 0.6789462890625 0.85594921875 0.684865234375 0.8605986328125 0.6928974609375 0.8538359375 0.697546875 0.8591201171875 0.7013515625 0.8584853515625 0.7049453125 0.8682080078125 0.715513671875 0.8682080078125 0.7176279296875 0.82762890625 0.7127666015625 0.8223447265625 0.622087890625 0.8064931640625 0.5174580078125 0.8210771484375 0.5136533203125 0.82382421875 0.5155556640625 0.831009765625 0.5151328125 0.8580625 0.5305634765625 0.874125 0.5345791015625 0.8561611328125 0.544513671875 0.858908203125