9 0.667982421875 0.129203125 0.6707939453125 0.167966796875 0.72753515625 0.2032021484375 0.723068359375 0.1644384765625 0.667982421875 0.129203125
9 0.7791162109375 0.2007041015625 0.78449609375 0.240375 0.8310576171875 0.269791015625 0.8253427734375 0.2316337890625 0.7791162109375 0.2007041015625
9 0.7964306640625 0.3047548828125 0.8043310546875 0.3597216796875 0.861314453125 0.389978515625 0.8512294921875 0.337701171875 0.7964306640625 0.3047548828125
9 0.6764619140625 0.238123046875 0.6792451171875 0.291005859375 0.7426015625 0.32505859375 0.73703515625 0.2739765625 0.6764619140625 0.238123046875
9 0.68561328125 0.3743251953125 0.6897197265625 0.4457822265625 0.760970703125 0.4790458984375 0.7535791015625 0.4094375 0.68561328125 0.3743251953125
9 0.8199150390625 0.443412109375 0.8307197265625 0.5119111328125 0.8867978515625 0.5366064453125 0.874279296875 0.471537109375 0.8199150390625 0.443412109375
9 0.7758447265625 0.5799853515625 0.6980654296875 0.5493203125 0.7053134765625 0.6506728515625 0.788947265625 0.67855078125 0.7758447265625 0.5819375 0.7758447265625 0.5799853515625
9 0.850814453125 0.612783203125 0.86798046875 0.7074736328125 0.9310673828125 0.72807421875 0.911326171875 0.6366015625 0.850814453125 0.612783203125
9 0.7156689453125 0.790109375 0.726685546875 0.9399306640625 0.8233125 0.9539033203125 0.8059541015625 0.813755859375 0.7156689453125 0.790109375
9 0.89298828125 0.8400244140625 0.91476171875 0.969740234375 0.9808984375 0.9789931640625 0.9572197265625 0.85608203125 0.89298828125 0.8400244140625
9 0.1145224609375 0.9033583984375 0.159818359375 0.7451884765625 0.1242080078125 0.79447265625 0.0760634765625 0.9415322265625 0.1145224609375 0.9033583984375
9 0.0289697265625 0.9957255859375 0.07526171875 0.840125 0.0597314453125 0.8753662109375 0.02090625 0.9984140625 0.0289697265625 0.9957255859375
9 0.2115595703125 0.5652294921875 0.2366552734375 0.4776201171875 0.205431640625 0.531896484375 0.2013466796875 0.540650390625 0.175083984375 0.61687890625 0.2115595703125 0.5652294921875
9 0.273943359375 0.3445927734375 0.2866240234375 0.297197265625 0.255626953125 0.3553671875 0.2546201171875 0.357876953125 0.241537109375 0.39692578125 0.273943359375 0.3445927734375
2 0.3007041015625 0 0.2281328125 0.16102734375 0.1039326171875 0.43119140625 0.0978642578125 0.4439140625 0.09994921875 0.4467314453125 0.0106513671875 0.63779296875 0 0.660931640625 0 1 0.0507373046875 0.999923828125 0.0680107421875 0.9872138671875 0.191853515625 0.99959765625 1 1 1 0.354978515625 0.9919169921875 0.3253212890625 0.9870283203125 0.32141015625 1 0.3106552734375 1 0.2617509765625 0.7609267578125 0.0907265625 0.63078515625 0 0.3007041015625 0