2 1 0.2325166015625 0.601765625 0.244154296875 0.6027392578125 0.238119140625 0.499224609375 0.24187890625 0.497724609375 0.2482080078125 0.4834716796875 0.2487822265625 0.4422431640625 0.24929296875 0.442033203125 0.2431494140625 0.3359853515625 0.246326171875 0.33587109375 0.25276171875 0.1759853515625 0.2565859375 0 0.259103515625 0 0.947283203125 1 0.943203125 1 0.2325166015625
0 0.05332421875 0.316849609375 0.044751953125 0.3068857421875 0.296986328125 0.3010712890625 0.300607421875 0.3121220703125 0.7007822265625 0.3027353515625 0.712345703125 0.2896474609375 1 0.283986328125 0.999861328125 0.25760546875 0.0006875 0.28166015625 0 0.3179443359375 0.05332421875 0.316849609375
9 0 0.4218662109375 0.014138671875 0.4217197265625 0.02656640625 0.3532138671875 0 0.35348828125 0 0.4218662109375
9 0 0.51485546875 0.0045791015625 0.481072265625 0 0.480041015625 0 0.51485546875
9 0.265 0.531046875 0.265009765625 0.5046962890625 0.1083896484375 0.5059736328125 0.1065625 0.5327255859375 0.265 0.531046875
9 0.2605234375 0.693640625 0.2621171875 0.6415322265625 0.0922548828125 0.6435 0.088837890625 0.6952802734375 0.2605234375 0.693640625
9 0.252828125 0.883736328125 0.255369140625 0.7993408203125 0.0745029296875 0.8020908203125 0.064990234375 0.88316015625 0.252828125 0.883736328125
9 0.7343642578125 0.885134765625 0.7181904296875 0.7817841796875 0.5972900390625 0.7836640625 0.608806640625 0.885384765625 0.7343642578125 0.885134765625
9 0.704169921875 0.704541015625 0.690478515625 0.61359765625 0.5772001953125 0.6142158203125 0.58850390625 0.7060078125 0.704169921875 0.704541015625
9 0.4595888671875 0.7053076171875 0.4570869140625 0.615240234375 0.347541015625 0.6171484375 0.34807421875 0.70596484375 0.4595888671875 0.7053076171875
9 0.448796875 0.4718115234375 0.3457001953125 0.473248046875 0.3478798828125 0.5514052734375 0.45180078125 0.5500283203125 0.448796875 0.4718115234375
9 0.679482421875 0.5462509765625 0.667962890625 0.467978515625 0.5609267578125 0.4691767578125 0.5703447265625 0.5485146484375 0.679482421875 0.5462509765625
9 0.656458984375 0.4094921875 0.646171875 0.3401572265625 0.547638671875 0.342509765625 0.5551044921875 0.41128515625 0.656458984375 0.4094921875
9 0.4458837890625 0.413904296875 0.44275390625 0.3460556640625 0.3451103515625 0.348607421875 0.3458935546875 0.4159638671875 0.4458837890625 0.413904296875
9 0.45871484375 0.88073828125 0.4547138671875 0.7859443359375 0.3499169921875 0.786220703125 0.354556640625 0.883015625 0.45871484375 0.88073828125
9 0.8170078125 0.679396484375 0.95780078125 0.6779599609375 0.9460595703125 0.632224609375 0.774060546875 0.63423046875 0.7846923828125 0.6863671875 0.8170078125 0.679396484375
9 0.7658896484375 0.517625 0.7800732421875 0.514943359375 0.912849609375 0.5119736328125 0.9082607421875 0.4905830078125 0.7479970703125 0.4942490234375 0.753546875 0.5225126953125 0.7658896484375 0.517625
0 1 0.366208984375 0.788724609375 0.3698056640625 0.753525390625 0.371474609375 0.737619140625 0.3757021484375 0.7257265625 0.38178125 0.7273466796875 0.387310546875 0.7347255859375 0.3840380859375 0.7598984375 0.3777041015625 0.818509765625 0.3777900390625 1 0.3735244140625 1 0.366208984375
0 1 0.512357421875 0.9978193359375 0.5105830078125 0.913533203125 0.5129150390625 0.8581884765625 0.5134453125 0.78726953125 0.515044921875 0.766244140625 0.5182783203125 0.75236328125 0.5245595703125 0.754541015625 0.531078125 0.7772822265625 0.523849609375 0.8038251953125 0.522341796875 0.89975 0.52053515625 1 0.5199970703125 1 0.512357421875
0 1 0.676302734375 0.952041015625 0.6787314453125 0.885740234375 0.679302734375 0.824462890625 0.6799970703125 0.8033583984375 0.682677734375 0.78565625 0.68670703125 0.7879619140625 0.693712890625 0.8043623046875 0.69011328125 0.844681640625 0.6875869140625 0.967611328125 0.6863427734375 1 0.6865380859375 1 0.676302734375
9 1 0.8819423828125 0.98273828125 0.791587890625 0.80079296875 0.7965751953125 0.817013671875 0.8843916015625 1 0.8819423828125
0 0 0.884185546875 0.0715693359375 0.88493359375 0.1857919921875 0.8840654296875 0.260841796875 0.88357421875 0.27373046875 0.8823076171875 0.2742197265625 0.87552734375 0.2728291015625 0.8698994140625 0.26107421875 0.871798828125 0.2284013671875 0.871857421875 0.1099091796875 0.8730625 0.0425009765625 0.8732197265625 0.00134765625 0.87138671875 0 0.878130859375 0 0.884185546875
0 0.0189306640625 0.7003134765625 0.045970703125 0.6967822265625 0.0876240234375 0.695412109375 0.1579453125 0.6955859375 0.23396875 0.6946259765625 0.26196875 0.69489453125 0.28075390625 0.697927734375 0.28033203125 0.6896884765625 0.2754609375 0.687591796875 0.2573447265625 0.68459765625 0.2251787109375 0.6846943359375 0.1444453125 0.6869443359375 0.084302734375 0.6870947265625 0.05345703125 0.687796875 0.02954296875 0.6893076171875 0.0217216796875 0.6910283203125 0.019298828125 0.696767578125 0.0189306640625 0.7003134765625
0 0.0416162109375 0.5391103515625 0.051951171875 0.535951171875 0.075908203125 0.53403515625 0.1373525390625 0.534037109375 0.264712890625 0.532169921875 0.282783203125 0.5367802734375 0.283626953125 0.53411328125 0.284021484375 0.529806640625 0.2776337890625 0.5270849609375 0.2664033203125 0.5246376953125 0.2370927734375 0.524373046875 0.1653388671875 0.525369140625 0.0560205078125 0.527765625 0.0446728515625 0.5304580078125 0.0420498046875 0.5353759765625 0.0416162109375 0.5391103515625
0 0.0743837890625 0.3949619140625 0.09672265625 0.3936826171875 0.16762890625 0.3928623046875 0.2702724609375 0.3918212890625 0.2800302734375 0.3953076171875 0.2888720703125 0.400134765625 0.2884873046875 0.3963193359375 0.2868818359375 0.3921533203125 0.2818408203125 0.3887236328125 0.27112890625 0.385296875 0.2660380859375 0.38480078125 0.12651953125 0.38540234375 0.0766884765625 0.3871328125 0.0683291015625 0.3893564453125 0.0628095703125 0.3924794921875 0.0615673828125 0.3984130859375 0.0743837890625 0.3949619140625
8 0.0010537109375 0.2947001953125 0.011685546875 0.2958642578125 0.0292822265625 0.2962001953125 0.0495205078125 0.2948203125 0.053904296875 0.291455078125 0.0583505859375 0.284353515625 0.0582236328125 0.278341796875 0.050876953125 0.275078125 0.0486171875 0.2693330078125 0.03888671875 0.2621865234375 0.0334482421875 0.2576982421875 0.02249609375 0.2554140625 0.0068212890625 0.251263671875 0.0004453125 0.25225390625 0.0010537109375 0.2947001953125
8 0.422060546875 0.2906328125 0.4754599609375 0.2876474609375 0.479404296875 0.296435546875 0.487765625 0.293375 0.5139462890625 0.2991845703125 0.5260244140625 0.2970888671875 0.536947265625 0.29187890625 0.54334375 0.28448828125 0.5441357421875 0.2767685546875 0.5370498046875 0.2689970703125 0.530779296875 0.2636826171875 0.527064453125 0.25643359375 0.5243525390625 0.2494658203125 0.5171513671875 0.249732421875 0.5106787109375 0.247974609375 0.5049892578125 0.245408203125 0.4973759765625 0.249884765625 0.49245703125 0.2557421875 0.4843115234375 0.265865234375 0.4734833984375 0.2740400390625 0.4716826171875 0.279703125 0.43658984375 0.2804794921875 0.392697265625 0.2805537109375 0.387126953125 0.2835419921875 0.3858818359375 0.2882294921875 0.388802734375 0.2904765625 0.4060703125 0.288587890625 0.422060546875 0.2906328125
8 0.6634091796875 0.2723984375 0.6638037109375 0.2825009765625 0.6663896484375 0.287533203125 0.6713955078125 0.2915693359375 0.679826171875 0.290986328125 0.687814453125 0.2951162109375 0.691248046875 0.2935869140625 0.696505859375 0.279853515625 0.69786328125 0.2721669921875 0.6932412109375 0.2639599609375 0.6865625 0.261091796875 0.68043359375 0.2603916015625 0.6706181640625 0.2651328125 0.6634091796875 0.2723984375
8 0.7102470703125 0.2831025390625 0.7091806640625 0.2867412109375 0.7101953125 0.28971484375 0.7155205078125 0.2888095703125 0.720076171875 0.286828125 0.7218662109375 0.2814033203125 0.723693359375 0.278361328125 0.72298828125 0.27691015625 0.7194140625 0.27573828125 0.7137158203125 0.2793583984375 0.7102470703125 0.2831025390625
8 0.8603408203125 0.28591015625 0.884916015625 0.285087890625 0.92408984375 0.2830146484375 0.93333984375 0.2824619140625 0.9291572265625 0.2687431640625 0.9286513671875 0.2617509765625 0.9631767578125 0.2599130859375 0.9643701171875 0.25646484375 0.961392578125 0.2538056640625 0.950826171875 0.2461015625 0.9449443359375 0.2403212890625 0.9426142578125 0.237203125 0.9386513671875 0.2390205078125 0.9351982421875 0.245154296875 0.9288115234375 0.2434130859375 0.9230771484375 0.240884765625 0.9202451171875 0.24546875 0.9233623046875 0.2584580078125 0.91746875 0.2613623046875 0.908259765625 0.2545458984375 0.9020546875 0.251025390625 0.89439453125 0.2526494140625 0.888068359375 0.255578125 0.88276953125 0.260154296875 0.8749814453125 0.2651943359375 0.8616962890625 0.27080859375 0.856619140625 0.274703125 0.8555009765625 0.2783720703125 0.857763671875 0.284005859375 0.8603408203125 0.28591015625
8 0.895462890625 0.505556640625 0.8949267578125 0.5094013671875 0.8948837890625 0.51176171875 0.8959560546875 0.5138369140625 0.899958984375 0.5122216796875 0.904396484375 0.5114052734375 0.909693359375 0.510837890625 0.9096083984375 0.5075556640625 0.9085751953125 0.5040927734375 0.9069501953125 0.5024619140625 0.9038076171875 0.5026318359375 0.901025390625 0.502423828125 0.8981162109375 0.5029111328125 0.895462890625 0.505556640625
8 0.922740234375 0.511783203125 0.9234921875 0.513841796875 0.92837890625 0.513318359375 0.935923828125 0.5123544921875 0.93823046875 0.511400390625 0.9375078125 0.509291015625 0.9356064453125 0.5079765625 0.9310908203125 0.50678515625 0.9281318359375 0.507177734375 0.9238720703125 0.509458984375 0.922740234375 0.511783203125
8 0.2379306640625 0.5059208984375 0.243263671875 0.512462890625 0.2548154296875 0.5153193359375 0.264859375 0.51805078125 0.269861328125 0.5185390625 0.2748896484375 0.517140625 0.2804619140625 0.514482421875 0.285892578125 0.5094970703125 0.28872265625 0.5040888671875 0.28852734375 0.495296875 0.2874619140625 0.4862265625 0.2858212890625 0.477212890625 0.2818017578125 0.471609375 0.2775 0.4713232421875 0.273587890625 0.477083984375 0.2669072265625 0.4782548828125 0.2648427734375 0.4699365234375 0.258568359375 0.4627216796875 0.2550390625 0.4612001953125 0.2496103515625 0.462845703125 0.2433642578125 0.4677802734375 0.2371845703125 0.4750166015625 0.2331044921875 0.485654296875 0.2324013671875 0.4938515625 0.2354345703125 0.4996640625 0.2379306640625 0.5059208984375
8 0.115154296875 0.5224736328125 0.1145888671875 0.5268837890625 0.120259765625 0.528642578125 0.1294521484375 0.530740234375 0.1306845703125 0.52846484375 0.1306220703125 0.5240654296875 0.1296943359375 0.5213037109375 0.1263310546875 0.519875 0.1238330078125 0.5190625 0.120013671875 0.518869140625 0.11725390625 0.5206162109375 0.115154296875 0.5224736328125
8 0.0353076171875 0.6034345703125 0.0341005859375 0.6065205078125 0.0354951171875 0.610228515625 0.0446181640625 0.6159833984375 0.0463134765625 0.6205068359375 0.0420498046875 0.621876953125 0.0391845703125 0.6252021484375 0.0387978515625 0.6302763671875 0.0384970703125 0.63718359375 0.0394736328125 0.6462646484375 0.035509765625 0.651962890625 0.0367822265625 0.6569501953125 0.0358427734375 0.6623779296875 0.0288671875 0.66721875 0.027828125 0.6721669921875 0.027986328125 0.68216015625 0.0299873046875 0.68516015625 0.0310400390625 0.6875048828125 0.0432841796875 0.68711328125 0.0710107421875 0.687869140625 0.085775390625 0.6878828125 0.0867275390625 0.684513671875 0.084705078125 0.682599609375 0.0739248046875 0.68197265625 0.065181640625 0.6812421875 0.0646552734375 0.67698828125 0.072306640625 0.670326171875 0.07515625 0.6635888671875 0.0728388671875 0.6564541015625 0.068771484375 0.6497392578125 0.061205078125 0.6441787109375 0.059896484375 0.635685546875 0.0617197265625 0.6254833984375 0.0677568359375 0.619287109375 0.0705341796875 0.61349609375 0.068373046875 0.6087890625 0.0637470703125 0.6068525390625 0.0602607421875 0.59905078125 0.055701171875 0.5959892578125 0.050791015625 0.5945908203125 0.04684765625 0.5928876953125 0.03896484375 0.59956640625 0.0353076171875 0.6034345703125
8 0.117052734375 0.69235546875 0.1203125 0.69398046875 0.126978515625 0.6928427734375 0.1284033203125 0.68815234375 0.13175390625 0.6787294921875 0.1331142578125 0.6740791015625 0.141685546875 0.6661123046875 0.153025390625 0.6608154296875 0.1634580078125 0.6559228515625 0.1696904296875 0.6518642578125 0.168494140625 0.64770703125 0.163505859375 0.647404296875 0.15743359375 0.6509150390625 0.1430576171875 0.6572236328125 0.13246484375 0.6639658203125 0.131751953125 0.6606064453125 0.133771484375 0.6551787109375 0.13715234375 0.652275390625 0.1462060546875 0.6449306640625 0.1496806640625 0.64016796875 0.1481787109375 0.63784765625 0.144736328125 0.63817578125 0.135658203125 0.6461044921875 0.1302392578125 0.647154296875 0.1249013671875 0.6404990234375 0.1217529296875 0.63851953125 0.1183984375 0.6387978515625 0.1166611328125 0.6443623046875 0.12058203125 0.6505107421875 0.1235107421875 0.65611328125 0.1278994140625 0.6593662109375 0.1236298828125 0.6610419921875 0.121169921875 0.6636689453125 0.1209560546875 0.6669765625 0.1224287109375 0.6724638671875 0.1187109375 0.685662109375 0.117052734375 0.69235546875
8 0.17243359375 0.6889716796875 0.1872275390625 0.688810546875 0.1875830078125 0.686568359375 0.1857978515625 0.683451171875 0.182353515625 0.6810166015625 0.1770576171875 0.680427734375 0.16984765625 0.6816357421875 0.1659296875 0.6839462890625 0.1658515625 0.6886064453125 0.17243359375 0.6889716796875
8 0 0.9463544921875 0.010125 0.948111328125 0.01809375 0.94659375 0.020916015625 0.9419462890625 0.0219326171875 0.933365234375 0.02117578125 0.92661328125 0.0260166015625 0.919498046875 0.0278232421875 0.9134736328125 0.03163671875 0.91087890625 0.0374677734375 0.9098427734375 0.042068359375 0.9066748046875 0.0442294921875 0.9027216796875 0.04151171875 0.899947265625 0.0346591796875 0.8962412109375 0.0269609375 0.895494140625 0.0231328125 0.897103515625 0.02026953125 0.9007041015625 0.0153330078125 0.906609375 0.0106728515625 0.903353515625 0.007423828125 0.897603515625 0 0.8982177734375 0 0.9463544921875
8 0.87007421875 0.9227509765625 0.8680595703125 0.909666015625 0.88001171875 0.9086494140625 0.981263671875 0.9073515625 0.9879765625 0.914203125 1 0.911533203125 0.9997763671875 0.6879130859375 0.9943349609375 0.6885966796875 0.9772685546875 0.695103515625 0.96721484375 0.6983447265625 0.956666015625 0.7030673828125 0.9525615234375 0.710572265625 0.952205078125 0.7245234375 0.940423828125 0.729630859375 0.931078125 0.7366630859375 0.9278076171875 0.75012890625 0.914185546875 0.75483984375 0.9115771484375 0.7578486328125 0.9135673828125 0.7674521484375 0.9017763671875 0.7677470703125 0.8924697265625 0.7733974609375 0.8905498046875 0.7799716796875 0.8799189453125 0.78233203125 0.86819140625 0.78564453125 0.869099609375 0.7767978515625 0.867095703125 0.76841796875 0.85596875 0.7599775390625 0.84572265625 0.7361611328125 0.8394736328125 0.7214814453125 0.83398828125 0.7197548828125 0.8308095703125 0.724978515625 0.83058984375 0.736083984375 0.831376953125 0.75328515625 0.8309091796875 0.7679208984375 0.825865234375 0.78058984375 0.832404296875 0.801109375 0.8312451171875 0.818662109375 0.8324599609375 0.8449462890625 0.8360185546875 0.8618212890625 0.84548046875 0.8809921875 0.8351494140625 0.892283203125 0.8176787109375 0.907154296875 0.803181640625 0.9224453125 0.87007421875 0.9227509765625
8 0.64541796875 0.9212138671875 0.6483994140625 0.9012470703125 0.6491396484375 0.8711953125 0.6462109375 0.8534541015625 0.64365625 0.8439765625 0.63118359375 0.837177734375 0.619578125 0.8356337890625 0.6137529296875 0.8197255859375 0.626916015625 0.8080283203125 0.627791015625 0.80143359375 0.624421875 0.7974833984375 0.6113818359375 0.7980517578125 0.6021376953125 0.801322265625 0.5904609375 0.813115234375 0.5816005859375 0.816779296875 0.5692021484375 0.8248134765625 0.5579306640625 0.8428173828125 0.55137109375 0.8605419921875 0.551919921875 0.8813017578125 0.564310546875 0.9013876953125 0.565146484375 0.9217333984375 0.64541796875 0.9212138671875
8 0.424935546875 0.940537109375 0.43505859375 0.9462890625 0.4453056640625 0.9450361328125 0.4612978515625 0.9450048828125 0.4593642578125 0.923025390625 0.4519130859375 0.9171025390625 0.4549296875 0.909072265625 0.473296875 0.90826171875 0.4913388671875 0.911158203125 0.499912109375 0.9038447265625 0.5103330078125 0.9023330078125 0.524705078125 0.8905751953125 0.5255283203125 0.883673828125 0.5243779296875 0.877828125 0.5170927734375 0.8762158203125 0.5088876953125 0.8787490234375 0.507125 0.8706552734375 0.5162998046875 0.84733984375 0.5265 0.8325966796875 0.526 0.8168095703125 0.5391826171875 0.79309375 0.5423310546875 0.7728359375 0.541078125 0.76141796875 0.5362431640625 0.7601748046875 0.530896484375 0.7605888671875 0.5241533203125 0.7625625 0.51766796875 0.7654970703125 0.5088046875 0.769373046875 0.5034609375 0.762201171875 0.5019609375 0.7577109375 0.5026064453125 0.7485986328125 0.5012158203125 0.7434482421875 0.4923203125 0.7409501953125 0.497162109375 0.7302509765625 0.49634765625 0.722041015625 0.4925322265625 0.717296875 0.48704296875 0.717328125 0.4805146484375 0.7265263671875 0.473677734375 0.7205546875 0.4673310546875 0.720849609375 0.4595009765625 0.727435546875 0.45458984375 0.7197265625 0.45068359375 0.71875 0.44401171875 0.72106640625 0.4376943359375 0.71698046875 0.4318642578125 0.7175859375 0.4278642578125 0.7234462890625 0.430548828125 0.734732421875 0.4264384765625 0.7404453125 0.4230869140625 0.734251953125 0.419751953125 0.724326171875 0.41252734375 0.7210966796875 0.4046572265625 0.71353515625 0.397923828125 0.7133720703125 0.3942822265625 0.717515625 0.393251953125 0.725130859375 0.3935126953125 0.732771484375 0.3949091796875 0.742208984375 0.394267578125 0.7469912109375 0.391921875 0.751177734375 0.386185546875 0.7483857421875 0.38105859375 0.7469619140625 0.3730322265625 0.7512060546875 0.36919140625 0.74954296875 0.3637099609375 0.7453193359375 0.3594140625 0.7482880859375 0.3566171875 0.752150390625 0.35642578125 0.761173828125 0.354828125 0.7699736328125 0.35426171875 0.7814130859375 0.343791015625 0.797083984375 0.33050390625 0.7961201171875 0.3242060546875 0.792921875 0.320466796875 0.7817978515625 0.3184326171875 0.771767578125 0.3119931640625 0.76782421875 0.30481640625 0.7706982421875 0.3003525390625 0.774193359375 0.2997685546875 0.7866103515625 0.309306640625 0.806962890625 0.2969296875 0.8086328125 0.28021484375 0.80435546875 0.268505859375 0.80533203125 0.26297265625 0.807791015625 0.2620205078125 0.81130078125 0.266919921875 0.82109375 0.2763671875 0.83349609375 0.28980078125 0.853791015625 0.2831953125 0.8647275390625 0.2714951171875 0.86815625 0.264962890625 0.869962890625 0.261697265625 0.874029296875 0.2634365234375 0.877853515625 0.272537109375 0.891953125 0.28267578125 0.9014345703125 0.3096435546875 0.9182373046875 0.3236298828125 0.931607421875 0.332849609375 0.9454267578125 0.35693359375 0.9462890625 0.38671875 0.94677734375 0.41748046875 0.9462890625 0.424935546875 0.940537109375
8 0.129591796875 0.8823125 0.13875390625 0.882279296875 0.13875390625 0.8774970703125 0.14136328125 0.8708349609375 0.1553935546875 0.8594755859375 0.15869140625 0.854849609375 0.1585830078125 0.8508525390625 0.1528486328125 0.84901171875 0.1498515625 0.8468310546875 0.1475009765625 0.841564453125 0.1432294921875 0.8395712890625 0.1355830078125 0.841876953125 0.1370048828125 0.8341162109375 0.1345224609375 0.8316162109375 0.1303212890625 0.8333583984375 0.127603515625 0.837990234375 0.120064453125 0.845033203125 0.1173125 0.84112109375 0.1149921875 0.84153515625 0.1132470703125 0.845283203125 0.114125 0.8579892578125 0.107736328125 0.8539736328125 0.105392578125 0.8561474609375 0.105248046875 0.8594794921875 0.1129814453125 0.8675771484375 0.127654296875 0.8793994140625 0.129591796875 0.8823125
3 1 0.913990234375 0.9849345703125 0.9145185546875 0.9801435546875 0.90822265625 0.88609375 0.909494140625 0.870607421875 0.91043359375 0.8714794921875 0.923779296875 0.7614482421875 0.924265625 0.7606591796875 0.9198583984375 0.763625 0.91878515625 0.7618857421875 0.907986328125 0.6643017578125 0.908537109375 0.6545869140625 0.9130205078125 0.6576259765625 0.9212392578125 0.5510849609375 0.9228681640625 0.5520029296875 0.909173828125 0.45522265625 0.910640625 0.4550986328125 0.9219306640625 0.4583837890625 0.922779296875 0.4603232421875 0.9465693359375 0.2021845703125 0.9458837890625 0.200759765625 0.94100390625 0.019265625 0.94139453125 0.01625 0.946833984375 0 0.94791796875 0 1 1 1 1 0.913990234375