0 0.2788193359375 0.3251083984375 0.3360419921875 0.2894638671875 0.3655673828125 0.269572265625 0.439263671875 0.312259765625 0.6373681640625 0.421587890625 0.6437333984375 0.4197998046875 0.64537109375 0.4102041015625 0.63703515625 0.4016376953125 0.642919921875 0.398080078125 0.6423837890625 0.3932314453125 0.43253125 0.2678515625 0.3714833984375 0.2318310546875 0.3632587890625 0.230537109375 0.3519423828125 0.2369765625 0.3270283203125 0.25334765625 0.278005859375 0.288416015625 0.27778125 0.31487109375 0.2788193359375 0.3251083984375
0 0.3432314453125 0.547375 0.3454345703125 0.561720703125 0.3546064453125 0.559650390625 0.35202734375 0.545609375 0.3782109375 0.5351552734375 0.4027392578125 0.54179296875 0.4027978515625 0.5522021484375 0.4011845703125 0.5572529296875 0.403560546875 0.5598466796875 0.4100087890625 0.5604013671875 0.411724609375 0.545931640625 0.50374609375 0.575861328125 0.505259765625 0.5873125 0.5034423828125 0.590462890625 0.5055439453125 0.5945732421875 0.5112099609375 0.5945791015625 0.5105439453125 0.5772626953125 0.589517578125 0.605583984375 0.5914287109375 0.616939453125 0.587240234375 0.6206806640625 0.58797265625 0.6230927734375 0.591517578125 0.6233017578125 0.59772265625 0.622615234375 0.59629296875 0.607541015625 0.6635576171875 0.632556640625 0.6636552734375 0.6421884765625 0.6614775390625 0.6439453125 0.662255859375 0.6463642578125 0.6657763671875 0.6478310546875 0.669466796875 0.648546875 0.670173828125 0.635080078125 0.678896484375 0.640896484375 0.68455859375 0.638435546875 0.6848779296875 0.634931640625 0.6702744140625 0.628900390625 0.669779296875 0.6252783203125 0.6820634765625 0.6208056640625 0.6822939453125 0.615390625 0.67659765625 0.6130087890625 0.378138671875 0.498736328125 0.372625 0.501640625 0.277728515625 0.5463037109375 0.2771474609375 0.5755107421875 0.3432314453125 0.547375
9 0.7433671875 0.53548828125 0.7224130859375 0.4566953125 0.6622568359375 0.4206484375 0.67763671875 0.5054404296875 0.7433671875 0.53548828125
9 0.777765625 0.711375 0.756169921875 0.61809765625 0.6958046875 0.59314453125 0.7140869140625 0.691498046875 0.777765625 0.711375
9 0.671087890625 0.63641796875 0.6617548828125 0.580244140625 0.6126845703125 0.5601669921875 0.6214677734375 0.6208779296875 0.671087890625 0.63641796875
9 0.7108349609375 0.850255859375 0.7057734375 0.7919775390625 0.6490029296875 0.7815263671875 0.656720703125 0.851833984375 0.7108349609375 0.850255859375
9 0.8304912109375 0.6690341796875 0.819978515625 0.619548828125 0.8001865234375 0.612125 0.8110419921875 0.6639658203125 0.8304912109375 0.6690341796875
9 0.9837255859375 0.726271484375 0.97195703125 0.684486328125 0.8983203125 0.6524912109375 0.9105302734375 0.7018662109375 0.9837255859375 0.726271484375
9 0.944701171875 0.6170810546875 0.9371953125 0.5861376953125 0.9000537109375 0.5674912109375 0.907375 0.599697265625 0.944701171875 0.6170810546875
9 0 0.4907900390625 0.0284248046875 0.4711318359375 0.0362119140625 0.375951171875 0 0.406140625 0 0.4907900390625
9 0 0.6634453125 0.0029140625 0.661619140625 0.013072265625 0.5636962890625 0.000193359375 0.571083984375 0 0.6634453125
9 0.8402685546875 0.7920087890625 0.85836328125 0.795193359375 0.84580078125 0.7371240234375 0.827337890625 0.731328125 0.8402685546875 0.7920087890625
9 0.8884619140625 0.7425595703125 0.8771103515625 0.6980185546875 0.862345703125 0.693744140625 0.874197265625 0.7385830078125 0.8884619140625 0.7425595703125
2 0.2135048828125 0 0 0.241279296875 0 1 0.2781552734375 0.9984638671875 0.2769326171875 0.6707177734375 0.3821953125 0.6355419921875 0.674912109375 0.712306640625 0.6858994140625 0.71751953125 0.6448505859375 0.72876953125 0.6876064453125 0.768140625 0.5931904296875 0.7552119140625 0.595232421875 0.8489501953125 0.9972353515625 0.8315126953125 0.998923828125 0.6452431640625 0.960580078125 0.6239345703125 0.9474375 0.5733955078125 0.8938505859375 0.54375 0.836158203125 0.5548095703125 0.7833857421875 0.5302060546875 0.77125 0.4841044921875 0.8526328125 0.455814453125 0.8626865234375 0.44998046875 0.8676875 0.44078125 0.265095703125 0 0.2135048828125 0
9 0.377470703125 0.5330009765625 0.5350634765625 0.58255078125 0.528279296875 0.537896484375 0.2926083984375 0.4504150390625 0.29165625 0.570767578125 0.377470703125 0.5330009765625
5 0.5930263671875 0.999751953125 0.591642578125 0.75167578125 0.681064453125 0.7658798828125 0.6408037109375 0.7270234375 0.6809140625 0.7165458984375 0.3837646484375 0.637515625 0.279638671875 0.6721416015625 0.2815390625 1 0.5930263671875 0.999751953125
8 1 0.8010869140625 0.979638671875 0.7773369140625 0.941736328125 0.7712568359375 0.9014736328125 0.768091796875 0.87459765625 0.7569658203125 0.8411689453125 0.7440830078125 0.81716015625 0.7398125 0.7936201171875 0.757849609375 0.738802734375 0.7570068359375 0.7142939453125 0.759404296875 0.706060546875 0.77143359375 0.659900390625 0.7775673828125 0.6076376953125 0.7769619140625 0.5615224609375 0.77785546875 0.51878515625 0.78630078125 0.470611328125 0.8102392578125 0.453125 0.7895419921875 0.44027734375 0.7663046875 0.428439453125 0.75200390625 0.419908203125 0.750251953125 0.4016484375 0.7801064453125 0.3836064453125 0.747677734375 0.36437890625 0.7516455078125 0.3633037109375 0.75920703125 0.3763935546875 0.7806826171875 0.3714609375 0.7994765625 0.3774326171875 0.8460400390625 0.3634296875 0.8490185546875 0.34887109375 0.8260244140625 0.3368916015625 0.8130712890625 0.3259375 0.815322265625 0.316603515625 0.8322890625 0.29487109375 0.8331064453125 0.266748046875 0.83995703125 0.2480693359375 0.832400390625 0.2162060546875 0.8207138671875 0.185705078125 0.8244091796875 0.1607275390625 0.834015625 0.1418271484375 0.84389453125 0.090240234375 0.852986328125 0.0585478515625 0.8535166015625 0.024322265625 0.8538193359375 0.0127265625 0.8719775390625 0.01447265625 0.9014033203125 0 0.9265556640625 0 1 1 0.9987119140625 1 0.8010869140625
9 0.991994140625 0.82502734375 0.9776708984375 0.770216796875 0.928361328125 0.7600029296875 0.9417470703125 0.8159453125 0.991994140625 0.82502734375