2 1 0.3747490234375 0.4078701171875 0 0 0.3432587890625 0 0.4134287109375 0.0402919921875 0.435263671875 0 0.7219462890625 0 1 0.35298828125 1 0.739751953125 1 0.8524296875 0.970005859375 0.848619140625 0.9547646484375 0.7985400390625 0.9329912109375 1 0.889873046875 1 0.3747490234375
9 0.1547412109375 0.5888935546875 0.1829326171875 0.57949609375 0.1898212890625 0.4956875 0.161203125 0.50933984375 0.1547412109375 0.5888935546875
9 0.262490234375 0.3228173828125 0.2972587890625 0.3014033203125 0.3014658203125 0.2246513671875 0.2672783203125 0.2492626953125 0.262490234375 0.3228173828125
9 0.2817119140625 0.538841796875 0.287498046875 0.4455166015625 0.251296875 0.4642783203125 0.2453828125 0.5536337890625 0.2817119140625 0.538841796875
9 0.129888671875 0.82836328125 0.160568359375 0.8263564453125 0.1677373046875 0.72169921875 0.1382041015625 0.7285810546875 0.129888671875 0.82836328125
9 0.264705078125 0.815462890625 0.2708046875 0.7117763671875 0.234513671875 0.720009765625 0.2287197265625 0.816376953125 0.264705078125 0.815462890625
9 0.460109375 0.73028515625 0.5311494140625 0.7155615234375 0.595197265625 0.7148251953125 0.671390625 0.7218193359375 0.6763759765625 0.8302587890625 0.700890625 0.8290771484375 0.7094560546875 0.842958984375 0.7042001953125 0.6959091796875 0.4602060546875 0.681953125 0.460109375 0.73028515625
9 0.8510546875 0.811353515625 0.8398173828125 0.7026181640625 0.7705576171875 0.698591796875 0.7786884765625 0.816630859375 0.8510546875 0.811353515625
9 0.96116796875 0.7121474609375 0.9133173828125 0.7126357421875 0.9237314453125 0.804599609375 0.9723271484375 0.801728515625 0.96116796875 0.7121474609375
9 0.900966796875 0.609955078125 0.9513388671875 0.620220703125 0.9395322265625 0.5432021484375 0.8918955078125 0.5304580078125 0.900966796875 0.609955078125
9 0.4649072265625 0.14741015625 0.4646572265625 0.24948046875 0.5539658203125 0.1941806640625 0.4649072265625 0.14741015625
9 0.6297412109375 0.5084013671875 0.692525390625 0.524255859375 0.690421875 0.46362109375 0.6295146484375 0.4455888671875 0.6297412109375 0.5084013671875
9 0.56398046875 0.492822265625 0.6234638671875 0.5061650390625 0.6206845703125 0.4408447265625 0.46363671875 0.39108984375 0.4626640625 0.5259287109375 0.56398046875 0.492822265625
9 0.7570283203125 0.5397353515625 0.8223330078125 0.558587890625 0.817833984375 0.5058369140625 0.753220703125 0.486859375 0.7570283203125 0.5397353515625
9 1 0.597126953125 0.997921875 0.563837890625 0.974279296875 0.5555146484375 0.9858173828125 0.636279296875 1 0.6338203125 1 0.597126953125
9 1 0.4330791015625 0.983369140625 0.4235703125 0.97944140625 0.419435546875 0.95649609375 0.4111669921875 0.9645576171875 0.4775244140625 1 0.4682216796875 1 0.4330791015625
9 0.92812109375 0.45942578125 0.9183515625 0.3862783203125 0.8725087890625 0.36223046875 0.8802744140625 0.4403876953125 0.92812109375 0.45942578125
0 0.56301171875 0.2937978515625 0.79777734375 0.4004638671875 0.804865234375 0.394951171875 0.80096875 0.3130263671875 0.560537109375 0.1752626953125 0.451376953125 0.243017578125 0.4541982421875 0.3453837890625 0.56301171875 0.2937978515625
0 0.8266845703125 0.6457021484375 0.8207646484375 0.5416796875 0.564873046875 0.4753798828125 0.448357421875 0.516109375 0.45062890625 0.6335654296875 0.5706689453125 0.607103515625 0.8266845703125 0.6457021484375
8 0.4191884765625 0.4259794921875 0.4155322265625 0.4314638671875 0.4197109375 0.439560546875 0.429896484375 0.4400830078125 0.43303125 0.445306640625 0.43303125 0.46489453125 0.426501953125 0.4688125 0.4220615234375 0.4766474609375 0.4223232421875 0.480826171875 0.4304189453125 0.4889228515625 0.4366875 0.49701953125 0.44426171875 0.501720703125 0.451052734375 0.50433203125 0.4614990234375 0.4972802734375 0.465677734375 0.4787373046875 0.46855078125 0.4719462890625 0.47821484375 0.4758642578125 0.4813486328125 0.48004296875 0.477169921875 0.4983251953125 0.4868330078125 0.499630859375 0.490228515625 0.481087890625 0.4912734375 0.4729912109375 0.499630859375 0.4675068359375 0.51033984375 0.466984375 0.5142568359375 0.473513671875 0.5069443359375 0.4816103515625 0.50459375 0.4949296875 0.5066826171875 0.50433203125 0.5333232421875 0.4962353515625 0.5482099609375 0.4915341796875 0.5612685546875 0.4881396484375 0.5782451171875 0.484744140625 0.5772001953125 0.4722080078125 0.583515625 0.45908203125 0.5832509765625 0.45193359375 0.5832509765625 0.446638671875 0.577162109375 0.4408134765625 0.5713369140625 0.4445205078125 0.562865234375 0.441873046875 0.5620703125 0.4363134765625 0.5575703125 0.429958984375 0.5525400390625 0.4294296875 0.5517451171875 0.438166015625 0.55148046875 0.4532568359375 0.54565625 0.4574931640625 0.545126953125 0.4498154296875 0.5422138671875 0.438166015625 0.5369189453125 0.431017578125 0.5300361328125 0.431283203125 0.5316240234375 0.44134375 0.5239462890625 0.433666015625 0.5149443359375 0.431017578125 0.507001953125 0.425193359375 0.50170703125 0.424134765625 0.4961474609375 0.428900390625 0.4911171875 0.4320771484375 0.4815859375 0.435783203125 0.472583984375 0.4341953125 0.4651708984375 0.4296943359375 0.4564345703125 0.4214873046875 0.439490234375 0.4111611328125 0.435783203125 0.398982421875 0.4296943359375 0.397923828125 0.4259873046875 0.40321875 0.4095732421875 0.398982421875 0.39739453125 0.401365234375 0.396865234375 0.4071904296875 0.407455078125 0.4114267578125 0.4191044921875 0.419369140625 0.4355185546875 0.4225458984375 0.4191884765625 0.4259794921875
8 1 0.8840732421875 0.95430078125 0.8959208984375 0.9434697265625 0.8933642578125 0.9273662109375 0.8905224609375 0.918208984375 0.8933642578125 0.9141044921875 0.9018896484375 0.9049482421875 0.9037841796875 0.9008427734375 0.883259765625 0.903369140625 0.8652626953125 0.9008427734375 0.8614736328125 0.888212890625 0.858947265625 0.8796875 0.8639990234375 0.8746357421875 0.87283984375 0.8727412109375 0.87883984375 0.8793720703125 0.8845234375 0.878740234375 0.9047314453125 0.8697099609375 0.910736328125 0.8570478515625 0.915439453125 0.854515625 0.8926474609375 0.8584951171875 0.8814326171875 0.8519833984375 0.8770908203125 0.8378740234375 0.885412109375 0.8367890625 0.8752822265625 0.8367890625 0.8622587890625 0.8299150390625 0.85574609375 0.8226796875 0.858640625 0.820146484375 0.868408203125 0.8234033203125 0.8846884765625 0.8313623046875 0.9071181640625 0.8226796875 0.9161630859375 0.81508203125 0.92158984375 0.8107412109375 0.9349755859375 0.7940986328125 0.9400400390625 0.7767333984375 0.9574052734375 0.7586005859375 0.9559833984375 0.751771484375 0.9465517578125 0.7430888671875 0.9429345703125 0.728255859375 0.945466796875 0.71269921875 0.950169921875 0.6964189453125 0.9657265625 0.68918359375 0.9639169921875 0.6956962890625 0.9302724609375 0.700037109375 0.923037109375 0.6976162109375 0.9153642578125 0.687404296875 0.884185546875 0.6836083984375 0.84964453125 0.6803701171875 0.8389248046875 0.678162109375 0.8236875 0.679072265625 0.809423828125 0.6827333984375 0.806677734375 0.685478515625 0.8045419921875 0.6836484375 0.7981357421875 0.6903603515625 0.7975263671875 0.6909697265625 0.7960009765625 0.6873095703125 0.7892890625 0.68029296875 0.78593359375 0.679072265625 0.765189453125 0.68029296875 0.7612236328125 0.6815126953125 0.752681640625 0.6809033203125 0.746580078125 0.6778525390625 0.7395634765625 0.6824287109375 0.733767578125 0.682123046875 0.72888671875 0.6793779296875 0.7258359375 0.683138671875 0.72019140625 0.677814453125 0.70667578125 0.6638896484375 0.7038095703125 0.6532412109375 0.7087236328125 0.6344013671875 0.708314453125 0.6339912109375 0.6849697265625 0.6266201171875 0.6849697265625 0.621705078125 0.6902939453125 0.6172001953125 0.687017578125 0.6090087890625 0.6902939453125 0.6167900390625 0.69889453125 0.6069609375 0.700123046875 0.5918076171875 0.7050380859375 0.5860732421875 0.6935703125 0.570919921875 0.6943896484375 0.55617578125 0.6980751953125 0.5467568359375 0.6984853515625 0.5385654296875 0.7038095703125 0.5213642578125 0.7074951171875 0.5139921875 0.7038095703125 0.501705078125 0.7070859375 0.4890087890625 0.7074951171875 0.482046875 0.7140478515625 0.4626337890625 0.719806640625 0.4351005859375 0.723560546875 0.41048828125 0.7294013671875 0.40005859375 0.725646484375 0.3775322265625 0.7294013671875 0.3612626953125 0.7373271484375 0.3441591796875 0.7394130859375 0.33373046875 0.7448359375 0.332478515625 0.75276171875 0.3420732421875 0.7565166015625 0.3399873046875 0.7665283203125 0.3370673828125 0.7736201171875 0.3457978515625 0.8127177734375 0.339216796875 0.8780283203125 0.3313525390625 0.883033203125 0.3263486328125 0.89411328125 0.3367138671875 0.8984033203125 0.3385009765625 0.9041220703125 0.3267060546875 0.914130859375 0.3288505859375 0.921994140625 0.342791015625 0.9255693359375 0.3370712890625 0.998845703125 1 0.999783203125 1 0.8840732421875
3 0 0.995974609375 0.1051328125 0.982484375 0.113041015625 0.8982841796875 0.1114453125 0.895201171875 0 0.9042841796875 0 0.995974609375
4 1 0.78153125 0.9940458984375 0.7843544921875 0.99301953125 0.772291015625 0.987373046875 0.77203515625 0.9809560546875 0.7779375 0.97736328125 0.7935947265625 0.974283203125 0.8074541015625 0.976849609375 0.8238798828125 0.96863671875 0.82773046875 0.97043359375 0.84158984375 0.9596533203125 0.8438994140625 0.95477734375 0.849802734375 0.949130859375 0.8508291015625 0.9481708984375 0.84083984375 0.9316201171875 0.842595703125 0.933375 0.8275498046875 0.9308671875 0.8195244140625 0.9278583984375 0.8137568359375 0.902029296875 0.81776953125 0.9025302734375 0.824791015625 0.9175771484375 0.8240380859375 0.9208369140625 0.8262958984375 0.9245986328125 0.83055859375 0.9233447265625 0.8383330078125 0.9170751953125 0.8543818359375 0.9165732421875 0.8669208984375 0.9183291015625 0.87870703125 0.9662265625 0.8802119140625 1 0.86867578125 1 0.78153125
4 0.7219853515625 0.94353515625 0.7331572265625 0.928568359375 0.7337900390625 0.9114931640625 0.7319951171875 0.8915859375 0.7238134765625 0.8661005859375 0.7035576171875 0.830091796875 0.6799287109375 0.8314169921875 0.6823583984375 0.8389248046875 0.684787109375 0.8477578125 0.688982421875 0.8833115234375 0.6947880859375 0.9006513671875 0.7006533203125 0.9201396484375 0.7009150390625 0.924705078125 0.6966689453125 0.931958984375 0.6920517578125 0.957025390625 0.7099697265625 0.9492265625 0.7219853515625 0.94353515625