8 0 0.9991142578125 0.082669921875 0.999501953125 0.0888701171875 0.978447265625 0.2002666015625 0.9739326171875 0.2052958984375 0.9743134765625 0.2094296875 0.96811328125 0.2128740234375 0.9591572265625 0.21149609375 0.948134765625 0.20391796875 0.9426240234375 0.19220703125 0.9433125 0.197029296875 0.932978515625 0.1956513671875 0.9192001953125 0.1928955078125 0.9088671875 0.18462890625 0.898533203125 0.1784287109375 0.88062109375 0.1708505859375 0.86891015625 0.166955078125 0.8627236328125 0.156443359375 0.8627236328125 0.1446943359375 0.8596318359375 0.13709375 0.8558203125 0.1281376953125 0.85375390625 0.122626953125 0.856509765625 0.101958984375 0.86133203125 0.084736328125 0.8654658203125 0.0730244140625 0.87304296875 0.05924609375 0.88819921875 0.03995703125 0.8792431640625 0.0289345703125 0.8792431640625 0.019978515625 0.8785546875 0.0137783203125 0.873732421875 0.0137783203125 0.8723544921875 0.004822265625 0.8723544921875 0 0.8774375 0 0.915755859375 0 0.938490234375 0 0.9991142578125
5 1 0.8432216796875 0.87783203125 0.8116015625 0.694857421875 0.776802734375 0.4590322265625 0.7795888671875 0.148419921875 0.844619140625 0.0221865234375 0.8691005859375 0 0.9985498046875 0.0821533203125 0.999396484375 0.0893310546875 0.9772060546875 0.205255859375 0.9778974609375 0.203720703125 1 0.471865234375 1 1 1 1 0.8432216796875
9 0.120650390625 0.5856611328125 0.130818359375 0.5359169921875 0.1173525390625 0.5447119140625 0.108283203125 0.59005859375 0.120650390625 0.5856611328125
9 0.0058759765625 0.6186474609375 0.0006298828125 0.6421513671875 0 0.659359375 0.0058759765625 0.65558203125 0.0148994140625 0.61403125 0.0058759765625 0.6186474609375
9 0.0182431640625 0.6109921875 0.00762890625 0.653947265625 0.0210625 0.646484375 0.0305166015625 0.6041923828125 0.0182431640625 0.6109921875
9 0.0344970703125 0.63819140625 0.0456083984375 0.5929140625 0.0326728515625 0.6022021484375 0.02355078125 0.6433330078125 0.0344970703125 0.63819140625
9 0.0476591796875 0.59091015625 0.0367109375 0.6364755859375 0.0515234375 0.626654296875 0.0619892578125 0.5820546875 0.0476591796875 0.59091015625
9 0.069234375 0.61602734375 0.078412109375 0.57191015625 0.0631162109375 0.58141015625 0.0539384765625 0.6245615234375 0.069234375 0.61602734375
9 0.10673828125 0.592736328125 0.1153935546875 0.545041015625 0.0973154296875 0.557734375 0.08769921875 0.60369921875 0.10673828125 0.592736328125
9 0.08616015625 0.605814453125 0.0957763671875 0.560619140625 0.080005859375 0.5694658203125 0.0711591796875 0.6146611328125 0.08616015625 0.605814453125
9 0.000158203125 0.682724609375 0 0.718291015625 0.00980078125 0.6792470703125 0.000158203125 0.682724609375
9 0.09834765625 0.676720703125 0.1112724609375 0.62017578125 0.096328125 0.6264365234375 0.0864326171875 0.6801533203125 0.09834765625 0.676720703125
9 0.0844130859375 0.6837890625 0.094712890625 0.629263671875 0.07694140625 0.6397646484375 0.065228515625 0.6916650390625 0.0844130859375 0.6837890625
9 0.063240234375 0.692986328125 0.07585546875 0.64119921875 0.0587587890625 0.64999609375 0.0469736328125 0.6997919921875 0.063240234375 0.692986328125
9 0.0459267578125 0.701869140625 0.0572734375 0.6516201171875 0.0417841796875 0.6604453125 0.0304375 0.708533203125 0.0459267578125 0.701869140625
9 0.029310546875 0.7095234375 0.040708984375 0.660671875 0.0269423828125 0.6689619140625 0.014359375 0.7163330078125 0.029310546875 0.7095234375
9 0.0118427734375 0.6769560546875 0.0002958984375 0.724326171875 0.01302734375 0.718849609375 0.025609375 0.6695537109375 0.0118427734375 0.6769560546875
9 0.0741923828125 0.719650390625 0.0598857421875 0.780353515625 0.0748056640625 0.7770830078125 0.0893173828125 0.7129052734375 0.0741923828125 0.719650390625
9 0.05862890625 0.7820029296875 0.071900390625 0.721861328125 0.0525810546875 0.7295888671875 0.039814453125 0.7872109375 0.05862890625 0.7820029296875
9 0.0387548828125 0.788021484375 0.05149609375 0.7305078125 0.0350390625 0.7361708984375 0.0222978515625 0.794392578125 0.0387548828125 0.788021484375
9 0.02158984375 0.7945693359375 0.0343310546875 0.737232421875 0.0185810546875 0.7446650390625 0.0074326171875 0.7989931640625 0.02158984375 0.7945693359375
9 0 0.8025322265625 0.00530859375 0.8007626953125 0.017166015625 0.7466123046875 0.0046005859375 0.7510361328125 0 0.7770986328125 0 0.8025322265625
9 0 0.8575537109375 0.006388671875 0.8561337890625 0.010884765625 0.831287109375 0 0.832943359375 0 0.8575537109375
9 0.0123046875 0.829630859375 0.0082822265625 0.8551875 0.0248466796875 0.8511640625 0.028869140625 0.826318359375 0.0123046875 0.829630859375
9 0.03076171875 0.8253720703125 0.0267392578125 0.84903515625 0.04425 0.841935546875 0.046853515625 0.8199287109375 0.03076171875 0.8253720703125
9 0.0615244140625 0.832234375 0.064126953125 0.814486328125 0.04874609375 0.81874609375 0.04590625 0.8390966796875 0.0615244140625 0.832234375
9 0 0.89091015625 0.01459765625 0.8906708984375 0.015076171875 0.871048828125 0 0.8703310546875 0 0.89091015625
9 0.6394375 0.194271484375 0.639111328125 0.1412294921875 0.573052734375 0.1412294921875 0.57142578125 0.191994140625 0.6394375 0.194271484375
9 0.27422265625 0.362296875 0.27422265625 0.3557021484375 0.2612451171875 0.3644248046875 0.2610322265625 0.3718701171875 0.27422265625 0.362296875
9 0.3614150390625 0.293388671875 0.360818359375 0.2870234375 0.3415244140625 0.301146484375 0.3417236328125 0.30751171875 0.3614150390625 0.293388671875
9 0.4694189453125 0.207470703125 0.46873828125 0.199072265625 0.441953125 0.2192744140625 0.4421806640625 0.2274462890625 0.4694189453125 0.207470703125
9 0.2343134765625 0.57302734375 0.2522021484375 0.484169921875 0.2258095703125 0.4982470703125 0.2096796875 0.5835849609375 0.2343134765625 0.57302734375
9 0.32786328125 0.5214140625 0.3425263671875 0.4278642578125 0.310267578125 0.444287109375 0.2958984375 0.53754296875 0.32786328125 0.5214140625
9 0.1977109375 0.7662548828125 0.219603515625 0.6591474609375 0.1929951171875 0.6705986328125 0.17244921875 0.77501171875 0.1977109375 0.7662548828125
9 0.2954150390625 0.7365732421875 0.3140830078125 0.6167041015625 0.2796943359375 0.6311142578125 0.2613544921875 0.7470537109375 0.2954150390625 0.7365732421875
9 0.423201171875 0.698216796875 0.4388916015625 0.561798828125 0.3922568359375 0.5805400390625 0.3752587890625 0.710419921875 0.423201171875 0.698216796875
9 0.4473603515625 0.4564033203125 0.458306640625 0.35075 0.4145224609375 0.3788291015625 0.4045283203125 0.4778193359375 0.4473603515625 0.4564033203125
9 0.6477646484375 0.44169921875 0.6445302734375 0.3072490234375 0.559978515625 0.3072490234375 0.5558203125 0.4398515625 0.6477646484375 0.44169921875
9 0.64367578125 0.67049609375 0.6446005859375 0.5299228515625 0.55073828125 0.5290234375 0.5465693359375 0.6695712890625 0.64367578125 0.67049609375
9 0.9967373046875 0.9998828125 0.979958984375 0.8646083984375 0.9479755859375 0.8609375 0.9658017578125 1 0.9967373046875 0.9998828125
9 0.829478515625 0.7219921875 0.8163701171875 0.5940576171875 0.7733759765625 0.5730849609375 0.7849111328125 0.708359375 0.829478515625 0.7219921875
9 0.8127001953125 0.498630859375 0.8022138671875 0.3979609375 0.7628896484375 0.3696474609375 0.7676083984375 0.472939453125 0.8127001953125 0.498630859375
9 0.91964453125 0.4885615234375 0.901134765625 0.474435546875 0.9113642578125 0.5587041015625 0.932796875 0.57039453125 0.91964453125 0.4885615234375
9 0.96981640625 0.7662080078125 0.9517939453125 0.6609951171875 0.92159375 0.64735546875 0.9362060546875 0.7550048828125 0.96981640625 0.7662080078125
9 0.757681640625 0.2352724609375 0.7828623046875 0.2548154296875 0.782486328125 0.247298828125 0.7565537109375 0.2247490234375 0.757681640625 0.2352724609375
9 0.9016396484375 0.3611337890625 0.902236328125 0.352478515625 0.88641796875 0.3402412109375 0.88641796875 0.348896484375 0.9016396484375 0.3611337890625
4 0.084138671875 1 0.2018193359375 1 0.20380859375 0.9786806640625 0.08982421875 0.9795341796875 0.084138671875 1
0 0.481818359375 0.4267421875 0.4758232421875 0.4436025390625 0.472826171875 0.4544677734375 0.473201171875 0.4604619140625 0.4758232421875 0.4649580078125 0.4780712890625 0.46683203125 0.4788212890625 0.4702041015625 0.4803193359375 0.472826171875 0.48406640625 0.4743251953125 0.486314453125 0.459337890625 0.4915595703125 0.45296875 0.5069208984375 0.4462255859375 0.5368935546875 0.4436025390625 0.6114521484375 0.4439775390625 0.677767578125 0.4458505859375 0.6965009765625 0.4525947265625 0.7051181640625 0.4585888671875 0.71036328125 0.4653330078125 0.71036328125 0.4743251953125 0.7137353515625 0.4765732421875 0.7163583984375 0.47507421875 0.7182314453125 0.4672060546875 0.7219775390625 0.4623359375 0.7219775390625 0.455591796875 0.7201044921875 0.4473486328125 0.715234375 0.434236328125 0.7096142578125 0.4192490234375 0.708115234375 0.41437890625 0.70998828125 0.4065107421875 0.7077412109375 0.394896484375 0.70137109375 0.38740234375 0.6871337890625 0.3776611328125 0.664654296875 0.3761630859375 0.5870986328125 0.373166015625 0.5290263671875 0.372791015625 0.50954296875 0.3761630859375 0.4971796875 0.38403125 0.490435546875 0.3918984375 0.4896865234375 0.400890625 0.4870634765625 0.4095078125 0.4878125 0.4128798828125 0.481818359375 0.4267421875
0 0.4660966796875 0.6658525390625 0.4664267578125 0.6688193359375 0.4670859375 0.6711259765625 0.4677451171875 0.67508203125 0.4634599609375 0.6816748046875 0.4601630859375 0.69057421875 0.4591748046875 0.69387109375 0.456537109375 0.701123046875 0.456537109375 0.7031005859375 0.4476376953125 0.7205712890625 0.4476376953125 0.7321083984375 0.451263671875 0.7377119140625 0.453900390625 0.739689453125 0.4571962890625 0.7419970703125 0.4591748046875 0.742326171875 0.4647783203125 0.735734375 0.4974111328125 0.72815234375 0.5653154296875 0.7278232421875 0.6872314453125 0.7302412109375 0.7072001953125 0.7345419921875 0.713037109375 0.7379208984375 0.717337890625 0.74222265625 0.719181640625 0.744373046875 0.7250185546875 0.7400712890625 0.72993359375 0.7357705078125 0.73177734375 0.72993359375 0.7302412109375 0.72133203125 0.7274765625 0.71273046875 0.7197958984375 0.6853876953125 0.714265625 0.6703349609375 0.71703125 0.6691064453125 0.714880859375 0.66142578125 0.714265625 0.649751953125 0.706892578125 0.643607421875 0.689689453125 0.6386923828125 0.6648046875 0.6368486328125 0.5658828125 0.635005859375 0.5065908203125 0.635005859375 0.485701171875 0.6386923828125 0.476177734375 0.643607421875 0.471041015625 0.6483818359375 0.46807421875 0.660578125 0.4660966796875 0.6658525390625
8 0 0.25094921875 0.0187490234375 0.2415751953125 0.0288447265625 0.2343642578125 0.0353349609375 0.2314794921875 0.041103515625 0.2184990234375 0.0519208984375 0.2069609375 0.0598525390625 0.2019130859375 0.064900390625 0.1910966796875 0.063458984375 0.1745107421875 0.057689453125 0.1672998046875 0.0454306640625 0.1615302734375 0.0353349609375 0.1608095703125 0.0382197265625 0.1543193359375 0.0403828125 0.1406181640625 0.0396611328125 0.1341279296875 0.033892578125 0.134849609375 0.0223544921875 0.142060546875 0.019470703125 0.1535986328125 0.01081640625 0.15576171875 0.009375 0.145666015625 0.01298046875 0.131244140625 0.0057685546875 0.1204267578125 0.00360546875 0.111052734375 0.006490234375 0.107447265625 0.0144228515625 0.1038408203125 0.0158642578125 0.0959091796875 0.01298046875 0.09158203125 0.0072109375 0.08437109375 0.0043271484375 0.07716015625 0 0.0786015625 0 0.25094921875
8 0 0.3427275390625 0.0135615234375 0.3359462890625 0.01541015625 0.332248046875 0.0209580078125 0.324234375 0.02465625 0.3125224609375 0.02465625 0.3020439453125 0.0184921875 0.2897158203125 0.0129443359375 0.2897158203125 0.004931640625 0.2878662109375 0 0.291564453125 0 0.3427275390625
8 0 0.52796875 0.009484375 0.52796875 0.0179150390625 0.5169033203125 0.0447880859375 0.5026767578125 0.0495302734375 0.496353515625 0.050056640625 0.4858154296875 0.0569072265625 0.4794921875 0.0674453125 0.46579296875 0.064283203125 0.4668466796875 0.0521650390625 0.4673740234375 0.050056640625 0.458943359375 0.05321875 0.438919921875 0.05269140625 0.4183701171875 0.054798828125 0.4088857421875 0.055326171875 0.3972939453125 0.045841796875 0.3804326171875 0.0426796875 0.3688408203125 0.0416259765625 0.3583017578125 0.0353037109375 0.3398603515625 0.0331953125 0.338806640625 0.02423828125 0.343021484375 0.016861328125 0.3519794921875 0.009484375 0.3656787109375 0 0.3809599609375 0 0.52796875
8 0.482615234375 0.4255185546875 0.485533203125 0.43885546875 0.4897001953125 0.44010546875 0.496369140625 0.4359375 0.509705078125 0.427185546875 0.5309609375 0.419267578125 0.5555498046875 0.4242685546875 0.599310546875 0.41968359375 0.6301513671875 0.413849609375 0.6684931640625 0.4188505859375 0.6922490234375 0.4263525390625 0.7064189453125 0.4384384765625 0.7097529296875 0.4688623046875 0.7151708984375 0.4667783203125 0.7193388671875 0.4634443359375 0.7247568359375 0.457609375 0.7268408203125 0.450107421875 0.7255908203125 0.444689453125 0.719755859375 0.436771484375 0.7160048828125 0.4267685546875 0.7147548828125 0.4180166015625 0.7180888671875 0.414265625 0.72433984375 0.40884765625 0.7260068359375 0.4021796875 0.7214228515625 0.394677734375 0.7168388671875 0.3875927734375 0.71100390625 0.378423828125 0.6985009765625 0.375923828125 0.6822470703125 0.370921875 0.672244140625 0.36425390625 0.664326171875 0.3584189453125 0.6576572265625 0.354251953125 0.65015625 0.3517509765625 0.6489052734375 0.3450830078125 0.6468212890625 0.3371640625 0.63765234375 0.3309130859375 0.6293173828125 0.3334130859375 0.6247333984375 0.3442490234375 0.6197314453125 0.3454990234375 0.611396484375 0.35341796875 0.6184814453125 0.3605029296875 0.61223046875 0.366337890625 0.60514453125 0.360919921875 0.583056640625 0.35466796875 0.5718037109375 0.3471669921875 0.56055078125 0.3450830078125 0.5501318359375 0.3359140625 0.5467978515625 0.33299609375 0.5384619140625 0.33049609375 0.5297099609375 0.337998046875 0.525958984375 0.34925 0.520541015625 0.351333984375 0.5142900390625 0.348 0.5092890625 0.339248046875 0.50512109375 0.3367470703125 0.498453125 0.3367470703125 0.4913681640625 0.34258203125 0.4938681640625 0.34925 0.499703125 0.3550849609375 0.498869140625 0.3638369140625 0.49303515625 0.365087890625 0.4892841796875 0.366337890625 0.4859501953125 0.370505859375 0.4863662109375 0.3775908203125 0.4876171875 0.3817578125 0.4817822265625 0.3842587890625 0.48344921875 0.39134375 0.4859501953125 0.397595703125 0.4905341796875 0.4180166015625 0.4872001953125 0.4180166015625 0.481365234375 0.413015625 0.474697265625 0.4034296875 0.469279296875 0.395927734375 0.4642783203125 0.3888427734375 0.46052734375 0.39009375 0.4613603515625 0.3963447265625 0.4659453125 0.401345703125 0.471779296875 0.40634765625 0.482615234375 0.4251015625 0.482615234375 0.4255185546875
2 1 0.4483671875 0.9393974609375 0.3926669921875 0.920041015625 0.34170703125 0.9239912109375 0.3393369140625 0.9295224609375 0.331435546875 0.93363671875 0.3167021484375 0.913392578125 0.2985166015625 0.9013828125 0.298173828125 0.89932421875 0.295771484375 0.9013828125 0.29268359375 0.89966796875 0.287193359375 0.906873046875 0.2858212890625 0.90790234375 0.2817041015625 0.9061865234375 0.2779296875 0.874619140625 0.2473916015625 0.87358984375 0.24121484375 0.8722177734375 0.2350390625 0.87153125 0.236068359375 0.87153125 0.244646484375 0.8334482421875 0.2040068359375 0.763306640625 0.13203125 0.7550546875 0.12423828125 0.7536787109375 0.1182783203125 0.753220703125 0.1146103515625 0.75001171875 0.1196533203125 0.6963056640625 0.0650615234375 0.6674296875 0.033626953125 0.65975390625 0.0292412109375 0.5610654296875 0.0244892578125 0.557775390625 0.0274140625 0.500138671875 0.0770185546875 0.4787177734375 0.095310546875 0.4787177734375 0.0907373046875 0.4775146484375 0.0907373046875 0.4760703125 0.0948291015625 0.4758291015625 0.1001240234375 0.3991162109375 0.165353515625 0.3794580078125 0.18355078125 0.3792333984375 0.1820908203125 0.3790087890625 0.1804052734375 0.3787841796875 0.1801806640625 0.3774365234375 0.1801806640625 0.3767626953125 0.1816416015625 0.375638671875 0.187033203125 0.331240234375 0.2273173828125 0.2981630859375 0.256640625 0.2981630859375 0.253826171875 0.2979287109375 0.2507763671875 0.296755859375 0.2528876953125 0.2939404296875 0.26062890625 0.2725927734375 0.279396484375 0.271185546875 0.2822109375 0.27353125 0.2833837890625 0.2805693359375 0.2871376953125 0.2641201171875 0.3126005859375 0.248994140625 0.31298828125 0.230765625 0.3323798828125 0.239685546875 0.3525478515625 0.2496142578125 0.3561904296875 0.2338681640625 0.3924951171875 0.135744140625 0.47083984375 0.1427255859375 0.4774326171875 0.1473798828125 0.48712890625 0.1582392578125 0.4882919921875 0.1683232421875 0.4902314453125 0.1710380859375 0.49255859375 0.1814658203125 0.5166279296875 0.14271875 0.504357421875 0.0006455078125 0.60380859375 0 0.8479150390625 0.0006455078125 0.9706142578125 0.0226025390625 0.8679345703125 0.10239453125 0.8514912109375 0.298560546875 0.810533203125 0.466587890625 0.7783662109375 0.6948701171875 0.7758525390625 0.8829072265625 0.81140625 1 0.84182421875 1 0.62534375 0.99154296875 0.565693359375 0.9836416015625 0.49774609375 1 0.4906357421875 1 0.4483671875
9 0.7726865234375 0.903091796875 0.774310546875 0.983173828125 0.825173828125 0.9826328125 0.8203037109375 0.905796875 0.7726865234375 0.903091796875