9 0.6438720703125 0.8349345703125 0.6333740234375 0.708259765625 0.5136982421875 0.7208564453125 0.5199970703125 0.8370341796875 0.6438720703125 0.8349345703125
9 0.5031181640625 0.476525390625 0.50630859375 0.5653427734375 0.617462890625 0.5440693359375 0.608421875 0.44940234375 0.5031181640625 0.476525390625
9 0.59811328125 0.312296875 0.5926494140625 0.2345380859375 0.496396484375 0.2702646484375 0.4980771484375 0.345921875 0.59811328125 0.312296875
9 0.4911494140625 0.1002421875 0.4943828125 0.1613212890625 0.5834873046875 0.1210810546875 0.57809765625 0.057486328125 0.4911494140625 0.1002421875
9 0.3515966796875 0.573759765625 0.3525625 0.5183798828125 0.3274482421875 0.5248193359375 0.3258388671875 0.5779453125 0.3515966796875 0.573759765625
9 0.3557822265625 0.3751005859375 0.3577138671875 0.332921875 0.3342099609375 0.3412939453125 0.3322783203125 0.382828125 0.3557822265625 0.3751005859375
9 0.36093359375 0.2047763671875 0.3625439453125 0.172900390625 0.33968359375 0.18384765625 0.3390400390625 0.2134697265625 0.36093359375 0.2047763671875
9 0.3411767578125 0.8169296875 0.3438310546875 0.7403544921875 0.317673828125 0.7430078125 0.3150205078125 0.8176875 0.3411767578125 0.8169296875
9 0.243751953125 0.8415703125 0.2505087890625 0.7508154296875 0.21073046875 0.7538935546875 0.2039482421875 0.842328125 0.243751953125 0.8415703125
9 0.26163671875 0.6153798828125 0.2658994140625 0.53440234375 0.2204384765625 0.545294921875 0.2149921875 0.6248515625 0.26163671875 0.6153798828125
9 0.2753701171875 0.42264453125 0.277974609375 0.36250390625 0.2431689453125 0.375052734375 0.238669921875 0.4337734375 0.2753701171875 0.42264453125
9 0.2843671875 0.2557177734375 0.2879189453125 0.2093095703125 0.2554814453125 0.225173828125 0.2524033203125 0.268740234375 0.2843671875 0.2557177734375
9 0.15484765625 0.383220703125 0.1590810546875 0.383220703125 0.163759765625 0.3339814453125 0.1321220703125 0.3471259765625 0.127220703125 0.3934697265625 0.15484765625 0.383220703125
9 0.13724609375 0.5480947265625 0.145490234375 0.4868232421875 0.1118466796875 0.497294921875 0.1051630859375 0.555892578125 0.13724609375 0.5480947265625
9 0.1111787109375 0.7439375 0.122318359375 0.663728515625 0.086224609375 0.6704130859375 0.0753076171875 0.7475029296875 0.1111787109375 0.7439375
9 0.0661318359375 0.854451171875 0.0565908203125 0.91762109375 0.0740283203125 0.918279296875 0.0661318359375 0.977501953125 0.0779765625 0.9778310546875 0.0950849609375 0.8557666015625 0.0661318359375 0.854451171875
9 0.0002216796875 0.6044619140625 0 0.6674365234375 0.0026611328125 0.6674365234375 0.013748046875 0.6015791015625 0.0002216796875 0.6044619140625
9 0.031265625 0.500244140625 0.0403564453125 0.4510185546875 0.021287109375 0.455896484375 0.0133046875 0.506453125 0.031265625 0.500244140625
9 0.056765625 0.355669921875 0.064748046875 0.3130966796875 0.0461220703125 0.3232958984375 0.039248046875 0.362322265625 0.056765625 0.355669921875
9 1 0.6717802734375 0.8890517578125 0.6853974609375 0.9145283203125 0.840294921875 1 0.8389765625 1 0.6717802734375
9 1 0.4831806640625 0.970314453125 0.35975 0.8323876953125 0.394890625 0.85347265625 0.510853515625 1 0.4831806640625
9 0.93561328125 0.2169921875 0.9118935546875 0.12211328125 0.7858271484375 0.168673828125 0.8025185546875 0.2609169921875 0.93561328125 0.2169921875
9 0.76228515625 0 0.75730859375 0.0011708984375 0.76784765625 0.056498046875 0.8820146484375 0.007025390625 0.8796728515625 0 0.76228515625 0
4 0.595552734375 1 0.5902421875 0.905966796875 0.6452060546875 0.906232421875 0.652109375 0.9091533203125 0.6592783203125 1 0.6736171875 0.9999833984375 0.6640576171875 0.90608984375 0.6842373046875 0.90529296875 0.6845029296875 0.889892578125 0.575583984375 0.8227158203125 0.5700078125 0.8211220703125 0.496826171875 0.8264326171875 0.2246328125 0.839708984375 0.096916015625 0.84555078125 0.085232421875 0.84342578125 0.08071875 0.84422265625 0.080984375 0.850595703125 0.125857421875 0.86546484375 0.126919921875 0.8742265625 0.1401962890625 0.8758203125 0.127185546875 0.98562109375 0.1376865234375 0.9883671875 0.1483076171875 0.8808310546875 0.241240234375 0.9108349609375 0.240177734375 0.9955361328125 0.2449580078125 0.9963330078125 0.251861328125 0.9057900390625 0.4104873046875 0.9052587890625 0.4205791015625 0.9092412109375 0.4208447265625 1 0.4304033203125 1 0.4298720703125 0.9049931640625 0.577498046875 0.9049931640625 0.5838701171875 1 0.595552734375 1
1 0.179263671875 1 0.1692900390625 0.9955380859375 0.1398818359375 0.9878662109375 0.119935546875 0.9840302734375 0.0748994140625 0.978404296875 0.0521396484375 0.9758466796875 0 0.9715 0 1 0.179263671875 1
2 0.39794921875 0 0.3978515625 0.0263671875 0.396892578125 0.0272841796875 0.1211376953125 0.1789072265625 0.092923828125 0.15853125 0.0895654296875 0.1594267578125 0.012091796875 0.2053291015625 0 0.2126318359375 0 0.971193359375 0.0087705078125 0.971876953125 0.0636845703125 0.976662109375 0.1026494140625 0.981544921875 0.12099609375 0.983984375 0.13330078125 0.9861328125 0.15068359375 0.99033203125 0.16923828125 0.9951171875 0.1806640625 1 1 1 1 0 0.39794921875 0