2 0.9998046875 0.9092412109375 0.9998046875 0.044873046875 0.380001953125 0.1517900390625 0.380001953125 0.1627099609375 0.4109931640625 0.206380859375 0.243587890625 0.8604072265625 0.9998046875 0.9092412109375
8 0.41916796875 0 0.387091796875 0.01619140625 0.37494140625 0.043056640625 0.3540771484375 0.0627412109375 0.349775390625 0.08843359375 0.3376318359375 0.0951044921875 0.3161923828125 0.0900751953125 0.313935546875 0.105900390625 0.328462890625 0.12804296875 0.3346826171875 0.1413955078125 0.3221015625 0.1513662109375 0.30179296875 0.174171875 0.290529296875 0.199431640625 0.277875 0.2204287109375 0.263298828125 0.22984375 0.2535888671875 0.2504130859375 0.2342138671875 0.2748955078125 0.2268837890625 0.28515625 0.2148193359375 0.2851513671875 0.207720703125 0.294083984375 0.210857421875 0.311958984375 0.1977060546875 0.328349609375 0.1968359375 0.340041015625 0.2447197265625 0.36328515625 0.27382421875 0.3785693359375 0.289177734375 0.3961103515625 0.28123828125 0.4083466796875 0.248373046875 0.41753515625 0.23288671875 0.43297265625 0.2269287109375 0.44748046875 0.2268349609375 0.4602626953125 0.2377099609375 0.4662646484375 0.263529296875 0.4659697265625 0.294388671875 0.458359375 0.3314716796875 0.4422587890625 0.313517578125 0.467705078125 0.3141572265625 0.4866875 0.332435546875 0.4954228515625 0.3418203125 0.509296875 0.3389052734375 0.5317783203125 0.341240234375 0.556462890625 0.347390625 0.569875 0.375634765625 0.5839794921875 0.3953046875 0.589814453125 0.4021181640625 0.57983984375 0.4078603515625 0.5591865234375 0.43573046875 0.548400390625 0.4592646484375 0.5579384765625 0.476240234375 0.586693359375 0.491603515625 0.6115146484375 0.425578125 1 0.4785458984375 1 0.528833984375 0.6643603515625 0.5351025390625 0.6284521484375 0.534138671875 0.605990234375 0.5437451171875 0.5513662109375 0.5692744140625 0.54884375 0.594888671875 0.571458984375 0.621130859375 0.5962412109375 0.6426396484375 0.6029814453125 0.6534013671875 0.597681640625 0.6379541015625 0.5749345703125 0.6338935546875 0.559212890625 0.652275390625 0.5397197265625 0.670853515625 0.52098828125 0.6715517578125 0.5074736328125 0.6970625 0.495021484375 0.7187333984375 0.480173828125 0.763982421875 0.4801689453125 0.7805205078125 0.473876953125 0.80705859375 0.460091796875 0.7972158203125 0.445013671875 0.7926884765625 0.4245615234375 0.7946396484375 0.4016376953125 0.8003525390625 0.3866728515625 0.83234765625 0.387080078125 0.8575771484375 0.3792001953125 0.85560546875 0.365837890625 0.847474609375 0.3575380859375 0.8408427734375 0.3397314453125 0.834677734375 0.32301171875 0.838841796875 0.28709375 0.8404296875 0.2540517578125 0.812373046875 0.20698828125 0.7968515625 0.1780068359375 0.787486328125 0.1510322265625 0.7762626953125 0.134564453125 0.7739716796875 0.115095703125 0.7815380859375 0.0943447265625 0.7740849609375 0.05941015625 0.7644150390625 0.043162109375 0.762216796875 0.0255859375 0.7583330078125 0 0.41916796875 0
9 0.6002470703125 0.199455078125 0.6002021484375 0.1595751953125 0.4471025390625 0.1789189453125 0.440310546875 0.2194365234375 0.6002470703125 0.199455078125
9 0.5834365234375 0.3236240234375 0.5853076171875 0.267392578125 0.4298544921875 0.2810283203125 0.4190986328125 0.337791015625 0.5834365234375 0.3236240234375
9 0.56564453125 0.4613486328125 0.569220703125 0.3984375 0.405939453125 0.40713671875 0.3932109375 0.4662041015625 0.56564453125 0.4613486328125
9 0.54376171875 0.621953125 0.5574755859375 0.5426298828125 0.384421875 0.54600390625 0.368994140625 0.6219111328125 0.54376171875 0.621953125
9 0.5189208984375 0.8123818359375 0.5302900390625 0.71413671875 0.348146484375 0.7111748046875 0.3303193359375 0.8028671875 0.5189208984375 0.8123818359375
9 0.7119873046875 0.8274931640625 0.718349609375 0.725380859375 0.57422265625 0.725208984375 0.564140625 0.8238017578125 0.7119873046875 0.8274931640625
9 0.9175546875 0.841095703125 0.9124833984375 0.7316455078125 0.747779296875 0.72671875 0.7480625 0.830865234375 0.9175546875 0.841095703125
9 0.7244638671875 0.639765625 0.7289697265625 0.5546953125 0.5977900390625 0.5586787109375 0.58794921875 0.6412109375 0.7244638671875 0.639765625
9 0.9120361328125 0.639009765625 0.9082646484375 0.5495712890625 0.7585126953125 0.5525634765625 0.7563173828125 0.6399619140625 0.9120361328125 0.639009765625
9 0.737611328125 0.4803408203125 0.740572265625 0.406412109375 0.61367578125 0.4171787109375 0.606212890625 0.4873876953125 0.737611328125 0.4803408203125
9 0.90445703125 0.4704951171875 0.90187109375 0.393962890625 0.764072265625 0.4050869140625 0.7625517578125 0.4778046875 0.90445703125 0.4704951171875
9 0.7449755859375 0.3430458984375 0.745607421875 0.27733984375 0.629474609375 0.29192578125 0.6265859375 0.3536142578125 0.7449755859375 0.3430458984375
9 0.9010869140625 0.3265986328125 0.900703125 0.2580009765625 0.7676806640625 0.2749013671875 0.766873046875 0.340478515625 0.9010869140625 0.3265986328125
9 0.7514892578125 0.2204296875 0.752984375 0.1642646484375 0.642421875 0.1773349609375 0.638048828125 0.2342998046875 0.7514892578125 0.2204296875
9 0.8993857421875 0.1997060546875 0.89775390625 0.139787109375 0.776259765625 0.15859765625 0.7765810546875 0.21525390625 0.8993857421875 0.1997060546875
9 0.9996572265625 0.1467548828125 1 0.103224609375 0.913353515625 0.1169921875 0.911677734375 0.1602001953125 0.9996572265625 0.1467548828125
9 0.9996201171875 0.2789169921875 0.9967666015625 0.217640625 0.9159365234375 0.229404296875 0.9160927734375 0.288619140625 0.9996201171875 0.2789169921875
9 1 0.3682060546875 0.915453125 0.3756083984375 0.9189560546875 0.4408310546875 1 0.43604296875 1 0.3682060546875
9 0.9997861328125 0.61736328125 0.9983642578125 0.5513642578125 0.9296787109375 0.5531494140625 0.9270439453125 0.6190654296875 0.9997861328125 0.61736328125
9 1 0.7355419921875 0.934884765625 0.737416015625 0.9321689453125 0.83266796875 1 0.8359140625 1 0.7355419921875
5 1 1 0.99946484375 0.9099208984375 0.237130859375 0.8610224609375 0.20055078125 0.860642578125 0.1954482421875 0.8636923828125 0.1929150390625 0.8795615234375 0.2434736328125 0.890708984375 0.2366201171875 0.9028193359375 0.2513369140625 0.9093232421875 0.23219921875 1 0.2626943359375 1 0.2740029296875 0.9966357421875 0.2849599609375 0.9905458984375 0.318658203125 0.96929296875 0.3402373046875 0.9609150390625 0.3834755859375 0.9598076171875 0.433625 0.962361328125 0.4930439453125 0.9683076171875 0.5075712890625 0.9681103515625 0.51086328125 0.969244140625 0.51572265625 0.9718984375 0.5206650390625 0.972783203125 0.5286787109375 0.974609375 0.54527734375 0.981837890625 0.5610703125 0.988591796875 0.56517578125 0.991939453125 0.5689326171875 1 1 1
1 0.5675556640625 0.999974609375 0.5633408203125 0.9907314453125 0.5456044921875 0.982841796875 0.5337822265625 0.97712109375 0.5154541015625 0.9732041015625 0.5113076171875 0.970732421875 0.5091279296875 0.9690224609375 0.5045087890625 0.9686494140625 0.49797265625 0.9695361328125 0.4515888671875 0.964515625 0.4074619140625 0.9614443359375 0.363580078125 0.9607333984375 0.34206640625 0.9618515625 0.3210712890625 0.9702236328125 0.302384765625 0.9812666015625 0.28059375 0.9955361328125 0.270984375 1 0.5675556640625 0.999974609375
9 0.0546630859375 0.8522431640625 0.065708984375 0.820734375 0.026279296875 0.81154296875 0.0161787109375 0.8452578125 0.0546630859375 0.8522431640625
9 0.116744140625 0.8647822265625 0.126048828125 0.836916015625 0.0980615234375 0.8298828125 0.089162109375 0.859369140625 0.116744140625 0.8647822265625
9 0.174958984375 0.87630078125 0.181251953125 0.850267578125 0.156802734375 0.843521484375 0.1498837890625 0.871439453125 0.174958984375 0.87630078125
9 0 0.9212177734375 0.020435546875 0.9237880859375 0.0321357421875 0.8914580078125 0 0.8842802734375 0 0.9212177734375
9 0.149861328125 0.939927734375 0.1570400390625 0.9098759765625 0.070712890625 0.896373046875 0.0612939453125 0.9299091796875 0.149861328125 0.939927734375
9 0.2460009765625 0.950611328125 0.252267578125 0.9242509765625 0.191689453125 0.915662109375 0.1831435546875 0.94432421875 0.2460009765625 0.950611328125
3 0.2309404296875 1 0.2337138671875 0.9843447265625 0 0.9637568359375 0 1 0.2309404296875 1
3 0.2294296875 1 0.25094921875 0.9099130859375 0.235326171875 0.90353515625 0.2413984375 0.89172265625 0.19215234375 0.8799453125 0.1946904296875 0.8637626953125 0.19983203125 0.8597431640625 0.2426318359375 0.8602666015625 0.2580400390625 0.8007705078125 0 0.715283203125 0.000134765625 0.715583984375 0 1 0.2294296875 1
8 0.0013232421875 0.6266962890625 0.030185546875 0.6160146484375 0.05008203125 0.6042255859375 0.0685 0.602775390625 0.0885302734375 0.592837890625 0.1124853515625 0.586669921875 0.1252490234375 0.5756083984375 0.129642578125 0.5623798828125 0.123708984375 0.551615234375 0.1325537109375 0.53207421875 0.1474296875 0.506033203125 0.1469228515625 0.4880087890625 0.1411513671875 0.468794921875 0.131671875 0.4578193359375 0.132595703125 0.425935546875 0.137771484375 0.386759765625 0.13191015625 0.3439970703125 0.118384765625 0.3244453125 0.09790625 0.3076953125 0.087779296875 0.2992255859375 0.076349609375 0.284552734375 0.0845361328125 0.267919921875 0.0817216796875 0.2558427734375 0.069416015625 0.219712890625 0.057142578125 0.1906748046875 0.0500888671875 0.1795380859375 0.03701171875 0.182466796875 0.0223154296875 0.18692578125 0.011515625 0.1998447265625 0.00023046875 0.2089033203125 0.0013232421875 0.6266962890625
0 0.51877734375 0.8113115234375 0.5192353515625 0.8002021484375 0.270052734375 0.791318359375 0.266263671875 0.80228515625 0.51877734375 0.8113115234375
0 0.54755078125 0.6225078125 0.547859375 0.6130830078125 0.3178779296875 0.616908203125 0.3152255859375 0.6249970703125 0.54755078125 0.6225078125
0 0.9149306640625 0.6400517578125 0.9149013671875 0.625796875 0.579666015625 0.625115234375 0.5778330078125 0.64025 0.9149306640625 0.6400517578125
0 0.5982705078125 0.4743232421875 0.597087890625 0.4871376953125 0.9109140625 0.471974609375 0.9097412109375 0.457998046875 0.5982705078125 0.4743232421875
0 0.9051455078125 0.32553515625 0.903361328125 0.3133671875 0.6125361328125 0.3436787109375 0.61188671875 0.3536298828125 0.9051455078125 0.32553515625
0 0.9020029296875 0.199591796875 0.9011435546875 0.1881220703125 0.7593271484375 0.2082734375 0.63380859375 0.223158203125 0.6343994140625 0.2349130859375 0.9020029296875 0.199591796875
0 0.9999169921875 0.1465625 0.9997890625 0.136828125 0.9132919921875 0.1495283203125 0.9134052734375 0.1592412109375 0.9999169921875 0.1465625
0 0.9152744140625 0.2891669921875 0.9999951171875 0.2799365234375 1 0.2691689453125 0.9166279296875 0.2779345703125 0.9152744140625 0.2891669921875
0 1 0.6055087890625 0.92695703125 0.6051416015625 0.92660546875 0.61879296875 1 0.6182431640625 1 0.6055087890625
0 0.922072265625 0.8416806640625 0.921279296875 0.82383984375 0.5539580078125 0.80838671875 0.5548271484375 0.82539453125 0.922072265625 0.8416806640625
7 0 0.7008662109375 0.19383203125 0.7155576171875 0.1950244140625 0.7181416015625 0.1928125 0.720712890625 0.1906640625 0.7249208984375 0.1932998046875 0.7288466796875 0.2039873046875 0.731576171875 0.2109228515625 0.7306904296875 0.2140029296875 0.72600390625 0.209896484375 0.7186572265625 0.209265625 0.7173935546875 0.222119140625 0.713798828125 0.2829375 0.707189453125 0.283546875 0.7022783203125 0.2032041015625 0.7126826171875 0.14176171875 0.708228515625 0.083533203125 0.703994140625 0 0.697078125 0 0.7008662109375