9 0.3280595703125 0.285173828125 0.33425 0.2192958984375 0.2714677734375 0.223275390625 0.261298828125 0.2904794921875 0.3280595703125 0.285173828125
9 0.252013671875 0.3625458984375 0.2418447265625 0.4315185546875 0.3121435546875 0.4275390625 0.3192177734375 0.3590087890625 0.252013671875 0.3625458984375
9 0.2312333984375 0.512427734375 0.2201806640625 0.5893583984375 0.2922470703125 0.5880322265625 0.3006484375 0.5111015625 0.2312333984375 0.512427734375
9 0.273236328125 0.7648837890625 0.282078125 0.6782265625 0.206474609375 0.6804375 0.1932109375 0.76665234375 0.273236328125 0.7648837890625
9 0.48538671875 0.7647705078125 0.4872978515625 0.6696044921875 0.4051259765625 0.672662109375 0.39824609375 0.7670634765625 0.48538671875 0.7647705078125
9 0.4942236328125 0.581771484375 0.4984599609375 0.4976123046875 0.4202314453125 0.50156640625 0.4137353515625 0.585443359375 0.4942236328125 0.581771484375
9 0.50402734375 0.4196025390625 0.5060849609375 0.34426171875 0.43322265625 0.3468037109375 0.430962890625 0.4222080078125 0.50402734375 0.4196025390625
9 0.50970703125 0.270283203125 0.51125 0.204962890625 0.444900390625 0.2090771484375 0.441814453125 0.27568359375 0.50970703125 0.270283203125
9 0.68930859375 0.2527958984375 0.687544921875 0.185775390625 0.614646484375 0.191654296875 0.6161162109375 0.2598505859375 0.68930859375 0.2527958984375
9 0.8961171875 0.2395234375 0.8877314453125 0.163328125 0.807890625 0.173900390625 0.812265625 0.2475439453125 0.8961171875 0.2395234375
9 0.9059609375 0.392279296875 0.8986689453125 0.3109794921875 0.8148173828125 0.3197294921875 0.8191923828125 0.3984765625 0.9059609375 0.392279296875
9 0.9168974609375 0.5650859375 0.9103349609375 0.473943359375 0.8224736328125 0.481234375 0.8268486328125 0.5672734375 0.9168974609375 0.5650859375
9 0.6132587890625 0.4910830078125 0.611216796875 0.57412109375 0.6915322265625 0.5703779296875 0.6911923828125 0.4900625 0.6132587890625 0.4910830078125
9 0.6915322265625 0.4056630859375 0.689150390625 0.3290908203125 0.613712890625 0.3345244140625 0.612578125 0.40974609375 0.6915322265625 0.4056630859375
9 0.694767578125 0.763158203125 0.693560546875 0.6645947265625 0.60706640625 0.6678134765625 0.60465234375 0.7643642578125 0.694767578125 0.763158203125
9 0.937791015625 0.76037109375 0.92765234375 0.65898828125 0.8344580078125 0.6624970703125 0.8403076171875 0.761541015625 0.937791015625 0.76037109375
9 1 0.855576171875 0.8686513671875 0.8584189453125 0.8771787109375 1 1 0.99997265625 1 0.855576171875
9 0.6961650390625 0.9525478515625 0.721880859375 0.9612119140625 0.7996416015625 1 0.84759375 0.9983642578125 0.840681640625 0.8575302734375 0.659671875 0.8570986328125 0.6593603515625 0.94319140625 0.6961650390625 0.9525478515625
9 0.5347607421875 0.937982421875 0.5941787109375 0.9392119140625 0.6257314453125 0.94044140625 0.62737109375 0.8568466796875 0.463458984375 0.8584853515625 0.45772265625 0.9396220703125 0.5347607421875 0.937982421875
9 0.270705078125 0.99797265625 0.312904296875 0.9728330078125 0.349267578125 0.95532421875 0.3829375 0.9476923828125 0.4215458984375 0.94365234375 0.429626953125 0.8588037109375 0.276990234375 0.8592529296875 0.2608291015625 0.99797265625 0.270705078125 0.99797265625
9 0.223771484375 1 0.2395009765625 0.860580078125 0.1009765625 0.85855078125 0.078142578125 0.99808984375 0.223771484375 1
9 0.0592353515625 0.7563046875 0.0600810546875 0.744669921875 0.04971484375 0.744669921875 0.0486572265625 0.755458984375 0.0592353515625 0.7563046875
9 0.031521484375 0.7546123046875 0.0429453125 0.755458984375 0.0433681640625 0.744880859375 0.033001953125 0.74424609375 0.031521484375 0.7546123046875
0 0.033234375 0.5853603515625 0.032021484375 0.602583984375 0.0967919921875 0.6020986328125 0.0992177734375 0.5865732421875 0.033234375 0.5853603515625
0 0.060646484375 0.454849609375 0.1239619140625 0.4512099609375 0.1263876953125 0.436169921875 0.0611318359375 0.4390810546875 0.060646484375 0.454849609375
0 0.091697265625 0.31633203125 0.1489482421875 0.312451171875 0.150888671875 0.2991083984375 0.091455078125 0.3022626953125 0.091697265625 0.31633203125
1 0.7955048828125 1 0.77257421875 0.9889423828125 0.7082841796875 0.9607421875 0.677603515625 0.9515380859375 0.63771875 0.944525390625 0.576357421875 0.940142578125 0.50075390625 0.94140234375 0.440265625 0.94331640625 0.38551953125 0.95135546875 0.3472353515625 0.9601611328125 0.3166083984375 0.974708984375 0.27258203125 0.9999765625 0.7955048828125 1
2 1 0.044240234375 0.575529296875 0.095763671875 0.0493037109375 0.15265234375 0.045056640625 0.1668505859375 0.1566416015625 0.26470703125 0.1496015625 0.3136357421875 0.0953935546875 0.3168037109375 0.0869453125 0.3724208984375 0.132353515625 0.4037490234375 0.1242578125 0.452326171875 0.0693447265625 0.455845703125 0.0601923828125 0.517798828125 0.1098251953125 0.53821484375 0.1003212890625 0.586087890625 0.09609765625 0.604744140625 0.0394248046875 0.605095703125 0.03840234375 0.61016796875 0.0274296875 0.6735615234375 0.0548603515625 0.6784384765625 0.031697265625 0.7131826171875 0 0.7064775390625 0 0.8040068359375 0.00121875 0.8485048828125 0.0560791015625 0.8478955078125 0.0268203125 1 0.2685263671875 1 0.3105107421875 0.9758916015625 0.35026953125 0.9561767578125 0.38378515625 0.948947265625 0.413072265625 0.946068359375 0.441794921875 0.9410341796875 0.5529013671875 0.9392119140625 0.6024287109375 0.940412109375 0.6392080078125 0.9436044921875 0.6819541015625 0.9494462890625 0.7316474609375 0.9674228515625 0.7811240234375 0.9920224609375 0.7974326171875 1 1 1 1 0.044240234375
4 0.025451171875 1 0.05387109375 0.8492119140625 0.000423828125 0.850484375 0 1 0.025451171875 1