2 1 0.420955078125 0.9977255859375 0.4214873046875 0.9951962890625 0.4240166015625 0.9941318359375 0.4266787109375 0.969375 0.4445673828125 0.965248046875 0.445232421875 0.9601904296875 0.4497578125 0.9593916015625 0.4520205078125 0.9349140625 0.470255859375 0.92759375 0.4412607421875 0.9023037109375 0.346478515625 0.87728125 0.2556904296875 0.8788779296875 0.251564453125 0.8843095703125 0.2417578125 0.9227294921875 0.2220546875 0.931990234375 0.2181142578125 0.9384921875 0.2138369140625 0.93809765625 0.2087138671875 0.9359306640625 0.205955078125 0.650271484375 0.1972861328125 0.008078125 0.174169921875 0 0.174677734375 0 1 1 1 1 0.420955078125
9 0.0682099609375 0.760314453125 0.05541796875 0.8706884765625 0.166541015625 0.872619140625 0.1745068359375 0.7636767578125 0.0682099609375 0.760314453125
9 0 0.8630517578125 0.004583984375 0.863560546875 0.021646484375 0.756564453125 0 0.7555458984375 0 0.8630517578125
9 0.0570888671875 0.5620380859375 0.04402734375 0.6467236328125 0.1310302734375 0.64756640625 0.140087890625 0.5626708984375 0.0570888671875 0.5620380859375
9 0 0.56088671875 0.0010888671875 0.6466474609375 0.01578515625 0.561158203125 0 0.56088671875
9 0.0806748046875 0.3995947265625 0.0765185546875 0.4693115234375 0.1496357421875 0.4708232421875 0.1568154296875 0.401484375 0.0806748046875 0.3995947265625
9 0 0.467373046875 0.030240234375 0.468501953125 0.0428779296875 0.3971884765625 0 0.3953828125 0 0.467373046875
9 0 0.313689453125 0.0569365234375 0.31520703125 0.0655107421875 0.2555263671875 0 0.252501953125 0 0.313689453125
9 0.1654501953125 0.3203203125 0.1704794921875 0.2592744140625 0.1004150390625 0.2575400390625 0.09469140625 0.3173720703125 0.1654501953125 0.3203203125
9 0.2788505859375 0.301529296875 0.27996875 0.256171875 0.2517001953125 0.255533203125 0.249943359375 0.3004111328125 0.2788505859375 0.301529296875
9 0.2724619140625 0.4451064453125 0.2778916015625 0.31899609375 0.248345703125 0.31877734375 0.2425966796875 0.4438291015625 0.2724619140625 0.4451064453125
9 0.2637822265625 0.6122314453125 0.2709365234375 0.4670673828125 0.240169921875 0.4660302734375 0.231107421875 0.61127734375 0.2637822265625 0.6122314453125
9 0.2551669921875 0.797892578125 0.26308984375 0.636166015625 0.23 0.6359375 0.2197470703125 0.7967275390625 0.2551669921875 0.797892578125
9 0.370419921875 0.7985576171875 0.3693935546875 0.63753515625 0.337328125 0.6377177734375 0.3355322265625 0.798814453125 0.370419921875 0.7985576171875
9 0.3375849609375 0.4691865234375 0.3357890625 0.6136044921875 0.3686240234375 0.6141171875 0.36759765625 0.4691865234375 0.3375849609375 0.4691865234375
9 0.3391240234375 0.3225380859375 0.338951171875 0.4474697265625 0.3686708984375 0.447357421875 0.3678544921875 0.32305078125 0.3391240234375 0.3225380859375
9 0.3409775390625 0.2600390625 0.340302734375 0.3038291015625 0.3678828125 0.3039423828125 0.3679951171875 0.2608271484375 0.3409775390625 0.2600390625
9 0.5183798828125 0.3315869140625 0.5154990234375 0.2712431640625 0.4475751953125 0.27037109375 0.449544921875 0.3299189453125 0.5183798828125 0.3315869140625
9 0.5300537109375 0.4819912109375 0.5244443359375 0.4128935546875 0.45166796875 0.4110341796875 0.4543974609375 0.4795654296875 0.5300537109375 0.4819912109375
9 0.4591337890625 0.571642578125 0.4633330078125 0.6552802734375 0.545396484375 0.656505859375 0.5396220703125 0.573392578125 0.4591337890625 0.571642578125
9 0.41612890625 0.760451171875 0.4186552734375 0.873947265625 0.5278046875 0.874705078125 0.5219931640625 0.76353515625 0.41612890625 0.760451171875
9 0.56540234375 0.7640576171875 0.5750703125 0.8763271484375 0.6820380859375 0.876951171875 0.6689404296875 0.7668642578125 0.56540234375 0.7640576171875
9 0.7140830078125 0.7674560546875 0.730478515625 0.8780390625 0.83548046875 0.8801318359375 0.813154296875 0.7692001953125 0.7140830078125 0.7674560546875
9 0.8602080078125 0.770123046875 0.884591796875 0.8808671875 0.9872080078125 0.881205078125 0.9607919921875 0.7738486328125 0.8602080078125 0.770123046875
9 0.8702802734375 0.58865234375 0.771458984375 0.5871435546875 0.78201953125 0.65076171875 0.8848642578125 0.65352734375 0.8702802734375 0.58865234375
9 0.7391318359375 0.4192861328125 0.7473212890625 0.4642099609375 0.8423154296875 0.4649111328125 0.8334248046875 0.420923828125 0.7391318359375 0.4192861328125
9 0.7123427734375 0.274083984375 0.717609375 0.2958359375 0.804390625 0.2978974609375 0.8011845703125 0.2759150390625 0.7123427734375 0.274083984375
9 0.578822265625 0.574037109375 0.5899892578125 0.657669921875 0.669064453125 0.6594931640625 0.65858203125 0.5758603515625 0.578822265625 0.574037109375
9 0.5632236328125 0.4145888671875 0.569619140625 0.4829521484375 0.64459765625 0.4833935546875 0.6362177734375 0.416353515625 0.5632236328125 0.4145888671875
9 0.6179140625 0.274775390625 0.55043359375 0.2734521484375 0.5557255859375 0.3327744140625 0.6245302734375 0.33409765625 0.6179140625 0.274775390625
9 0.3654892578125 0.9931767578125 0.366228515625 0.8446689453125 0.3307509765625 0.8444306640625 0.329087890625 0.9922529296875 0.3654892578125 0.9931767578125
9 0.2214111328125 0.842595703125 0.21435546875 0.9911416015625 0.2492978515625 0.9906376953125 0.256689453125 0.842974609375 0.2214111328125 0.842595703125
8 0.202951171875 1 0.2035283203125 0.9995107421875 0.20560546875 0.997779296875 0.2061826171875 0.9933935546875 0.205259765625 0.9905078125 0.2030947265625 0.9856533203125 0.20090234375 0.982306640625 0.19732421875 0.98011328125 0.193630859375 0.978728515625 0.1893603515625 0.9765361328125 0.1840517578125 0.9757275390625 0.1767802734375 0.9743427734375 0.1757412109375 0.9753818359375 0.173779296875 0.977458984375 0.16985546875 0.97607421875 0.1683544921875 0.973765625 0.1656845703125 0.97145703125 0.1586435546875 0.9708798828125 0.1535654296875 0.9720341796875 0.1446787109375 0.9720341796875 0.13925390625 0.9729580078125 0.131751953125 0.9715732421875 0.124365234375 0.9704189453125 0.122171875 0.9692646484375 0.1196884765625 0.9701875 0.1194580078125 0.972380859375 0.1177265625 0.9715732421875 0.1159951171875 0.969841796875 0.1126484375 0.9701875 0.11033984375 0.9693798828125 0.109185546875 0.9658017578125 0.1075703125 0.965109375 0.106416015625 0.9654560546875 0.1060693359375 0.9686875 0.102953125 0.971111328125 0.100529296875 0.9696103515625 0.097578125 0.9693798828125 0.0956162109375 0.970302734375 0.0898447265625 0.9706494140625 0.08765234375 0.9715732421875 0.085228515625 0.972611328125 0.0828046875 0.9715732421875 0.08003515625 0.9694951171875 0.07795703125 0.9691494140625 0.0740966796875 0.9704189453125 0.0675185546875 0.9716884765625 0.064517578125 0.9728427734375 0.0615166015625 0.9718037109375 0.057361328125 0.9697265625 0.05216796875 0.96995703125 0.0454736328125 0.96995703125 0.041896484375 0.9712265625 0.037279296875 0.97249609375 0.0335859375 0.9704189453125 0.0316240234375 0.967533203125 0.029546875 0.966033203125 0.0281611328125 0.967302734375 0.0267763671875 0.96995703125 0.023775390625 0.9701875 0.0218134765625 0.96995703125 0.0177744140625 0.970302734375 0.016158203125 0.9705341796875 0.0140810546875 0.9718037109375 0.011310546875 0.9729580078125 0.0069248046875 0.9730732421875 0.004732421875 0.9708798828125 0.002654296875 0.9694951171875 0.0015 0.9701875 0.0003466796875 0.9727265625 0 0.9736572265625 0 1 0.202951171875 1
8 0.6624736328125 1 0.66189453125 0.9985498046875 0.657259765625 0.9958466796875 0.653205078125 0.9954609375 0.649728515625 0.998357421875 0.6422900390625 0.9971982421875 0.6380419921875 0.9971982421875 0.6287724609375 0.99642578125 0.62259375 0.996619140625 0.6173798828125 0.9954609375 0.6112001953125 0.9941083984375 0.599806640625 0.9943017578125 0.587833984375 0.994880859375 0.582041015625 0.9944951171875 0.57828515625 0.9933359375 0.574037109375 0.9914052734375 0.570947265625 0.9931435546875 0.5663134765625 0.992564453125 0.5574306640625 0.9915986328125 0.548546875 0.9915986328125 0.5444921875 0.992177734375 0.5394716796875 0.992177734375 0.51926171875 0.9914052734375 0.5047783203125 0.9896669921875 0.4976337890625 0.989474609375 0.49396484375 0.9914052734375 0.4872060546875 0.9902470703125 0.481798828125 0.98928125 0.477357421875 0.9900537109375 0.4750400390625 0.99237109375 0.47001953125 0.9960400390625 0.4680888671875 1 0.4690556640625 1 0.6624736328125 1
8 1 0.9470673828125 0.9977939453125 0.94521484375 0.990080078125 0.9426435546875 0.9827607421875 0.941060546875 0.97287109375 0.935458984375 0.9701015625 0.9334814453125 0.962783203125 0.9271513671875 0.961201171875 0.923986328125 0.9580361328125 0.9227998046875 0.9507177734375 0.92161328125 0.9449814453125 0.920228515625 0.9394423828125 0.918052734375 0.93280078125 0.9150859375 0.9266689453125 0.9144921875 0.921525390625 0.913701171875 0.9217236328125 0.90796484375 0.918361328125 0.90361328125 0.9100537109375 0.9040087890625 0.9053056640625 0.9047998046875 0.9007568359375 0.9059873046875 0.89304296875 0.9091513671875 0.8906689453125 0.90361328125 0.8871083984375 0.89866796875 0.882361328125 0.8972841796875 0.8694619140625 0.893328125 0.8593740234375 0.894119140625 0.854033203125 0.8939208984375 0.8486923828125 0.8953056640625 0.8449345703125 0.8953056640625 0.83801171875 0.8915478515625 0.834451171875 0.8887783203125 0.830099609375 0.8873935546875 0.826736328125 0.8885810546875 0.8233740234375 0.8923388671875 0.821396484375 0.892734375 0.8182314453125 0.892140625 0.813162109375 0.892734375 0.8113818359375 0.8947119140625 0.8101953125 0.899064453125 0.8097998046875 0.9061845703125 0.8078212890625 0.89985546875 0.80307421875 0.8960966796875 0.7983271484375 0.8958994140625 0.7949638671875 0.8966904296875 0.793580078125 0.8994599609375 0.793580078125 0.904998046875 0.78942578125 0.90855859375 0.784283203125 0.908755859375 0.780525390625 0.9067783203125 0.770234375 0.90203125 0.7658828125 0.9038115234375 0.765091796875 0.907767578125 0.7658828125 0.91211328125 0.76370703125 0.9132998046875 0.75876171875 0.9146845703125 0.75500390625 0.9170576171875 0.7510478515625 0.91962890625 0.7510478515625 0.9233876953125 0.7563876953125 0.9334755859375 0.76034375 0.9415849609375 0.760146484375 0.94633203125 0.754607421875 0.946134765625 0.748673828125 0.9423759765625 0.7423447265625 0.9372333984375 0.7338388671875 0.93762890625 0.726916015625 0.939013671875 0.7237509765625 0.94257421875 0.724740234375 0.9457392578125 0.726125 0.9496953125 0.7259267578125 0.9579462890625 0.726322265625 0.964869140625 0.726125 0.971990234375 0.7265205078125 0.97555078125 0.7180146484375 0.9751552734375 0.711685546875 0.9751552734375 0.698234375 0.9759462890625 0.696455078125 0.9787158203125 0.6970478515625 0.981484375 0.70100390625 0.9858359375 0.6950703125 0.991375 0.690916015625 0.9947373046875 0.6897294921875 1 1 1 1 0.9470673828125
0 0.7455927734375 0.7284365234375 0.750140625 0.7371181640625 0.796029296875 0.7143798828125 0.982203125 0.71789453125 0.9842705078125 0.70755859375 0.971041015625 0.6558818359375 0.9695947265625 0.6387255859375 0.7782626953125 0.635125 0.7336044921875 0.6600166015625 0.7371181640625 0.679033203125 0.7455927734375 0.7284365234375
0 0.7153388671875 0.5423095703125 0.716671875 0.5447841796875 0.7193359375 0.5522080078125 0.758548828125 0.518515625 0.9296650390625 0.5219423828125 0.9309970703125 0.5124248046875 0.92205078125 0.474431640625 0.9144365234375 0.452541015625 0.7441455078125 0.449115234375 0.7041669921875 0.4861474609375 0.707154296875 0.501765625 0.7153388671875 0.5423095703125
0 0.6882333984375 0.3866220703125 0.6932470703125 0.392888671875 0.727501953125 0.352994140625 0.8846865234375 0.3550830078125 0.8882373046875 0.346310546875 0.87862890625 0.306416015625 0.8759140625 0.29513671875 0.7155263671875 0.2915859375 0.6788798828125 0.3365595703125 0.6821767578125 0.352158203125 0.6882333984375 0.3866220703125
8 0.9294169921875 0.4522236328125 0.9312666015625 0.447044921875 0.929232421875 0.4429755859375 0.925533203125 0.4405712890625 0.9209091796875 0.4383515625 0.9170244140625 0.4355771484375 0.913140625 0.4276240234375 0.9085166015625 0.4257744140625 0.9059267578125 0.4276240234375 0.905001953125 0.4333583984375 0.9061123046875 0.4413115234375 0.9072216796875 0.447044921875 0.906482421875 0.4522236328125 0.9294169921875 0.4522236328125
0 0.0653427734375 0.4602353515625 0.069498046875 0.467978515625 0.150138671875 0.4711884765625 0.14768359375 0.45796875 0.1559931640625 0.420009765625 0.15316015625 0.4184326171875 0.1448505859375 0.45563671875 0.0702529296875 0.4539365234375 0.08007421875 0.416166015625 0.0766748046875 0.4175546875 0.0642099609375 0.4564580078125 0.0653427734375 0.4602353515625
0 0.569828125 0.48276171875 0.6476640625 0.4840283203125 0.6550859375 0.4704521484375 0.63644140625 0.42411328125 0.635716796875 0.4315341796875 0.650017578125 0.4688232421875 0.57779296875 0.468099609375 0.565484375 0.4311728515625 0.5643984375 0.43425 0.5741728515625 0.469546875 0.569828125 0.48276171875