2 1 0.2430849609375 0 0.1742880859375 0 0.9276083984375 0.735146484375 0.922 0.85522265625 0.8876064453125 0.915583984375 0.8887900390625 1 0.886939453125 1 0.2430849609375
9 0 0.32396484375 0.05559375 0.3263671875 0.0623466796875 0.2548818359375 0 0.2518037109375 0 0.32396484375
9 0 0.4788759765625 0.039369140625 0.4790830078125 0.04778125 0.3983896484375 0 0.395876953125 0 0.4788759765625
9 0 0.654162109375 0.020568359375 0.654162109375 0.0304345703125 0.557275390625 0 0.5556083984375 0 0.654162109375
9 0.3345849609375 0.8484873046875 0.3335302734375 0.7548955078125 0.176056640625 0.7531640625 0.1709833984375 0.849482421875 0.3345849609375 0.8484873046875
9 0.333994140625 0.644451171875 0.3340732421875 0.57988671875 0.186181640625 0.577107421875 0.1860478515625 0.6418369140625 0.333994140625 0.644451171875
9 0.3329892578125 0.46833984375 0.3339658203125 0.4273349609375 0.1947294921875 0.42023046875 0.1938349609375 0.46364453125 0.3329892578125 0.46833984375
9 0.3301552734375 0.3113408203125 0.327873046875 0.28782421875 0.20194140625 0.280794921875 0.202173828125 0.303298828125 0.3301552734375 0.3113408203125
9 0.569572265625 0.32571875 0.567876953125 0.3020478515625 0.4422822265625 0.2948544921875 0.4428642578125 0.31948046875 0.569572265625 0.32571875
9 0.5844609375 0.477349609375 0.580720703125 0.437724609375 0.4484013671875 0.431947265625 0.45061328125 0.4734482421875 0.5844609375 0.477349609375
9 0.6032568359375 0.65120703125 0.59655078125 0.5868134765625 0.456275390625 0.58408203125 0.4594443359375 0.6479951171875 0.6032568359375 0.65120703125
9 0.6235009765625 0.8492216796875 0.6142578125 0.7572529296875 0.464912109375 0.75619921875 0.471705078125 0.84857421875 0.6235009765625 0.8492216796875
9 0.90463671875 0.861326171875 0.8873251953125 0.751833984375 0.7783310546875 0.7541259765625 0.7968671875 0.8706826171875 0.90463671875 0.861326171875
9 0.8700263671875 0.6688203125 0.85212890625 0.584015625 0.7470205078125 0.58154296875 0.7609794921875 0.668712890625 0.8700263671875 0.6688203125
9 0.8363310546875 0.5083359375 0.820482421875 0.4326748046875 0.7237861328125 0.4299248046875 0.7362314453125 0.50726171875 0.8363310546875 0.5083359375
9 0.80618359375 0.365484375 0.793947265625 0.298482421875 0.7028544921875 0.2920185546875 0.7137607421875 0.3611767578125 0.80618359375 0.365484375
9 0.9984794921875 0.3768525390625 1 0.33655078125 0.993537109375 0.30755078125 0.8988525390625 0.3032841796875 0.9177685546875 0.371703125 0.9984794921875 0.3768525390625
9 0.999462890625 0.516572265625 0.9997958984375 0.4394345703125 0.9317646484375 0.4371240234375 0.951603515625 0.516576171875 0.999462890625 0.516572265625
9 1 0.586333984375 0.969150390625 0.5866669921875 0.9906669921875 0.6756416015625 1 0.6751953125 1 0.586333984375
0 0.657244140625 0.3397490234375 0.6635263671875 0.3261728515625 0.6634296875 0.3222548828125 0.1361845703125 0.290822265625 0.1347353515625 0.2918740234375 0.1373037109375 0.312865234375 0.657244140625 0.3397490234375
0 0.67983203125 0.4916767578125 0.681732421875 0.4782294921875 0.6823388671875 0.4703720703125 0.1233681640625 0.450650390625 0.1219169921875 0.4551328125 0.12610546875 0.4723359375 0.67983203125 0.4916767578125
0 0.7035224609375 0.667263671875 0.7083935546875 0.6567109375 0.709033203125 0.645458984375 0.106509765625 0.628185546875 0.10678125 0.631216796875 0.111544921875 0.6534248046875 0.7035224609375 0.667263671875
0 0.7155029296875 0.8607880859375 0.7416328125 0.838 0.09728515625 0.8378798828125 0.0983193359375 0.8597978515625 0.7155029296875 0.8607880859375
8 0.9232138671875 1 0.9439013671875 0.976873046875 0.9659990234375 0.9590078125 0.9871455078125 0.9497265625 0.9898291015625 0.93788671875 0.983625 0.915095703125 0.9919482421875 0.9028232421875 0.99121484375 0.87643359375 0.9835908203125 0.8523984375 0.977046875 0.841203125 0.9656435546875 0.84026953125 0.9573662109375 0.8312861328125 0.9502978515625 0.8123662109375 0.9546455078125 0.79910546875 0.9571533203125 0.7868310546875 0.9526787109375 0.7802119140625 0.9276123046875 0.7789921875 0.9145107421875 0.7627138671875 0.9013291015625 0.740974609375 0.8897119140625 0.7321025390625 0.8871982421875 0.717095703125 0.8867216796875 0.6990654296875 0.882884765625 0.6928798828125 0.8700400390625 0.695650390625 0.860515625 0.712708984375 0.8494775390625 0.7246884765625 0.8309853515625 0.735291015625 0.8253232421875 0.7474501953125 0.8217978515625 0.7647177734375 0.815748046875 0.7795927734375 0.808103515625 0.78615625 0.7984580078125 0.793390625 0.7971787109375 0.80257421875 0.7989677734375 0.8151259765625 0.7755244140625 0.8193623046875 0.743359375 0.826544921875 0.708068359375 0.838216796875 0.688185546875 0.8550263671875 0.685630859375 0.8655478515625 0.6773271484375 0.879283203125 0.6857265625 0.904375 0.686876953125 0.928876953125 0.6914140625 0.9537744140625 0.688896484375 0.9752353515625 0.659087890625 0.971193359375 0.6367001953125 0.97287890625 0.6196298828125 0.933798828125 0.6054482421875 0.9203388671875 0.5913681640625 0.913470703125 0.565693359375 0.9143359375 0.54023828125 0.9133935546875 0.52804296875 0.9261943359375 0.51410546875 0.926626953125 0.488486328125 0.9259677734375 0.4836162109375 0.8973720703125 0.489841796875 0.8843544921875 0.4808193359375 0.8618935546875 0.4959873046875 0.84599609375 0.4978828125 0.8331728515625 0.4871708984375 0.8302236328125 0.466443359375 0.8298974609375 0.456951171875 0.8190859375 0.474505859375 0.806611328125 0.4886513671875 0.795056640625 0.48969140625 0.7875478515625 0.4848798828125 0.7754404296875 0.4551884765625 0.754056640625 0.4485703125 0.7474453125 0.456498046875 0.732638671875 0.47140625 0.728455078125 0.4806748046875 0.7178779296875 0.49207421875 0.7081162109375 0.5204306640625 0.7102822265625 0.554724609375 0.711326171875 0.5923759765625 0.708373046875 0.6117216796875 0.695751953125 0.61887109375 0.6855859375 0.615240234375 0.670033203125 0.5993603515625 0.653765625 0.572091796875 0.64469140625 0.53129296875 0.639685546875 0.47090625 0.6374326171875 0.4286787109375 0.6291357421875 0.3946923828125 0.62704296875 0.359921875 0.630029296875 0.2936279296875 0.6331337890625 0.2166953125 0.627373046875 0.159482421875 0.62639453125 0.127703125 0.6195849609375 0.1067705078125 0.62501953125 0.1021787109375 0.6322978515625 0.102365234375 0.6468037109375 0.1109921875 0.6608681640625 0.1366298828125 0.654216796875 0.1584345703125 0.6602607421875 0.1725732421875 0.665431640625 0.1721552734375 0.6821201171875 0.1776337890625 0.691560546875 0.195421875 0.6914794921875 0.209791015625 0.6879619140625 0.2286279296875 0.6907431640625 0.25971484375 0.6922158203125 0.2970146484375 0.688888671875 0.3542890625 0.69651171875 0.3677275390625 0.7103232421875 0.389638671875 0.7376474609375 0.406921875 0.756732421875 0.4106005859375 0.7750341796875 0.414826171875 0.7967509765625 0.407427734375 0.8338740234375 0.3829248046875 0.8334091796875 0.357755859375 0.82959375 0.31856640625 0.8322216796875 0.274828125 0.834607421875 0.23187890625 0.8327568359375 0.2036279296875 0.8349296875 0.15750390625 0.83782421875 0.13978515625 0.83961328125 0.1115380859375 0.843845703125 0.09528515625 0.8497021484375 0.0882412109375 0.8615205078125 0.0531015625 0.8859677734375 0.0410185546875 0.8892880859375 0.02672265625 0.85359765625 0.0205078125 0.8443076171875 0.0086337890625 0.849830078125 0 0.8668564453125 0 1 0.9232138671875 1
8 0 0 0 0.114537109375 0.040125 0.1286064453125 0.042900390625 0.11699609375 0.015126953125 0.1025517578125 0.030990234375 0.094095703125 0.0427841796875 0.083376953125 0.0441005859375 0.06765234375 0.0592275390625 0.0560947265625 0.061619140625 0.040173828125 0.03878125 0.0266484375 0.023671875 0 0 0
8 0.150296875 0.287455078125 0.1686162109375 0.28874609375 0.1827216796875 0.286560546875 0.1873251953125 0.27830078125 0.191869140625 0.269208984375 0.194091796875 0.2594638671875 0.1908935546875 0.2481826171875 0.1777412109375 0.242970703125 0.164318359375 0.2231103515625 0.1535419921875 0.217095703125 0.1373427734375 0.2203994140625 0.1274833984375 0.2296494140625 0.1213408203125 0.2397763671875 0.11996484375 0.2509990234375 0.1214833984375 0.2671552734375 0.1395654296875 0.2829443359375 0.150296875 0.287455078125
8 0.307462890625 0.3024716796875 0.318064453125 0.3012802734375 0.338443359375 0.3011689453125 0.35207421875 0.3033837890625 0.358876953125 0.3092783203125 0.3752880859375 0.312103515625 0.3907890625 0.313771484375 0.392298828125 0.3102568359375 0.3933388671875 0.30016015625 0.3942314453125 0.27882421875 0.3905078125 0.26987890625 0.3841826171875 0.2656826171875 0.378712890625 0.25978515625 0.36328125 0.2584609375 0.3540888671875 0.2571611328125 0.33643359375 0.2633974609375 0.3313349609375 0.258388671875 0.3330546875 0.2467451171875 0.3387998046875 0.228068359375 0.3387998046875 0.225103515625 0.3345517578125 0.221416015625 0.324845703125 0.237404296875 0.324099609375 0.2284951171875 0.32023046875 0.2264443359375 0.314341796875 0.229626953125 0.3140048828125 0.2240771484375 0.312005859375 0.2196669921875 0.307595703125 0.221232421875 0.303794921875 0.23055859375 0.2982529296875 0.256228515625 0.2920029296875 0.2760673828125 0.2932578125 0.2957646484375 0.307462890625 0.3024716796875
8 0.595029296875 0.3119365234375 0.5943291015625 0.318474609375 0.5952822265625 0.327326171875 0.6004150390625 0.328537109375 0.6046015625 0.3281005859375 0.6043828125 0.3222900390625 0.6078671875 0.3174619140625 0.6140791015625 0.311716796875 0.6190302734375 0.3064619140625 0.6210537109375 0.30128515625 0.6177763671875 0.2974619140625 0.6128623046875 0.298822265625 0.6128603515625 0.2995576171875 0.6028974609375 0.303525390625 0.595029296875 0.3119365234375
4 0.9990390625 0.999677734375 1 0.892419921875 0.85025390625 0.8920146484375 0.838927734375 1 0.9990390625 0.999677734375
4 0.7060458984375 1 0.7011484375 0.9240166015625 0.0006416015625 0.93069140625 0.003568359375 0.9976572265625 0.7060458984375 1
8 0.0001201171875 0.5428662109375 0.0023076171875 0.5419267578125 0.027951171875 0.53114453125 0.0504833984375 0.512775390625 0.0604443359375 0.4900634765625 0.054736328125 0.4705380859375 0.0479296875 0.4574970703125 0.0345029296875 0.4551279296875 0.027673828125 0.4495146484375 0.02598828125 0.425380859375 0.023287109375 0.41090625 0.01332421875 0.3990556640625 0.0006298828125 0.3885732421875 0.0001201171875 0.5428662109375