9 0.3193984375 0.3707529296875 0.3294189453125 0.2830751953125 0.2361044921875 0.2724287109375 0.2223271484375 0.35948046875 0.3193984375 0.3707529296875
9 0.2920693359375 0.585302734375 0.304869140625 0.4840673828125 0.20654296875 0.4753408203125 0.18792578125 0.5789033203125 0.2920693359375 0.585302734375
9 0.2629794921875 0.8378095703125 0.2769423828125 0.7138837890625 0.169888671875 0.7127197265625 0.1483623046875 0.8395546875 0.2629794921875 0.8378095703125
9 0 0.3351572265625 0.0361904296875 0.341451171875 0.055072265625 0.2352392578125 0 0.22787109375 0 0.3351572265625
9 0.4735556640625 0.3699462890625 0.4747744140625 0.3144853515625 0.4174853515625 0.3053427734375 0.41321875 0.3632421875 0.4735556640625 0.3699462890625
9 0.6305068359375 0.3882265625 0.6305068359375 0.3347607421875 0.478298828125 0.318384765625 0.476853515625 0.37088671875 0.6305068359375 0.3882265625
9 0.45394140625 0.6285751953125 0.4576240234375 0.50338671875 0.4039716796875 0.4981259765625 0.3945029296875 0.6275234375 0.45394140625 0.6285751953125
9 0.627826171875 0.6038544921875 0.6264716796875 0.5149580078125 0.4697216796875 0.502333984375 0.46498828125 0.5985927734375 0.627826171875 0.6038544921875
9 0.4348662109375 0.8515009765625 0.440228515625 0.7115498046875 0.3844619140625 0.7131591796875 0.3732021484375 0.852037109375 0.4348662109375 0.8515009765625
9 0.627365234375 0.8375595703125 0.627365234375 0.7174482421875 0.448271484375 0.716912109375 0.44558984375 0.8397041015625 0.627365234375 0.8375595703125
9 0.728671875 0.853693359375 0.8924130859375 0.8522939453125 0.8826162109375 0.7305380859375 0.722140625 0.72540625 0.7272724609375 0.825703125 0.728671875 0.853693359375
9 0.8800166015625 0.619107421875 0.869513671875 0.5306630859375 0.7219228515625 0.521818359375 0.7257919921875 0.6141318359375 0.8800166015625 0.619107421875
9 0.86343359375 0.4151337890625 0.8590107421875 0.357091796875 0.7169482421875 0.3377451171875 0.7202646484375 0.3985498046875 0.86343359375 0.4151337890625
9 1 0.532853515625 0.9700927734375 0.5323369140625 0.976294921875 0.5850537109375 1 0.586603515625 1 0.532853515625
9 1 0.37315234375 0.9824970703125 0.3700517578125 0.9866318359375 0.4413740234375 1 0.4413740234375 1 0.37315234375
0 0.9920625 0.43893359375 0.9813564453125 0.3416904296875 0.407263671875 0.2728271484375 0.400572265625 0.375591796875 0.9920625 0.43893359375
0 0.879931640625 0.66728125 1 0.6713173828125 0.99935546875 0.56464453125 0.3835029296875 0.5191591796875 0.379103515625 0.647482421875 0.879931640625 0.66728125
0 1 0.9513974609375 0.99959765625 0.8238525390625 0.36335546875 0.826818359375 0.352232421875 0.823111328125 0.3462998046875 0.9736435546875 1 0.9513974609375
2 1 0.286951171875 0.9707197265625 0.285505859375 0.9808388671875 0.268158203125 0.9830078125 0.25442578125 0.98734375 0.2500888671875 0.9858984375 0.2406923828125 0.7095869140625 0.1982021484375 0.4303515625 0.1565908203125 0.4150205078125 0.151115234375 0.4018798828125 0.147830078125 0.4040703125 0.167541015625 0.3975 0.1960126953125 0.2507646484375 0.170826171875 0.2507646484375 0.1631611328125 0.2463837890625 0.1500205078125 0.2430986328125 0.14892578125 0.22886328125 0.151115234375 0.2146279296875 0.1653515625 0 0.1314052734375 0 1 1 0.9996318359375 1 0.286951171875
8 0.8546015625 1 0.85217578125 0.9815380859375 0.85217578125 0.97102734375 0.8618779296875 0.957283203125 0.8626865234375 0.9419208984375 0.8513671875 0.9370703125 0.831962890625 0.9394951171875 0.8190263671875 0.93141015625 0.8052822265625 0.8926015625 0.8012392578125 0.9031123046875 0.791537109375 0.92817578125 0.7850693359375 0.9411123046875 0.791537109375 0.950814453125 0.8012392578125 0.97021875 0.8036650390625 0.995283203125 0.7600048828125 0.996900390625 0.755154296875 0.991240234375 0.749494140625 0.9863896484375 0.7438349609375 0.9799208984375 0.7381748046875 0.9645595703125 0.747876953125 0.951623046875 0.748685546875 0.9394951171875 0.7446435546875 0.9208994140625 0.7341328125 0.909580078125 0.7203876953125 0.93302734375 0.713111328125 0.9233251953125 0.712302734375 0.912814453125 0.710685546875 0.89502734375 0.68885546875 0.874814453125 0.6807705078125 0.8643037109375 0.665408203125 0.8440908203125 0.650046875 0.8392392578125 0.626599609375 0.8222607421875 0.6168974609375 0.80932421875 0.60476953125 0.8101328125 0.6015361328125 0.8254951171875 0.5942587890625 0.8424736328125 0.585365234375 0.8392392578125 0.56434375 0.8376220703125 0.548982421875 0.8465166015625 0.5311953125 0.8376220703125 0.506130859375 0.832771484375 0.48915234375 0.832771484375 0.4794501953125 0.8400478515625 0.464087890625 0.84732421875 0.4560029296875 0.8602607421875 0.45034375 0.869962890625 0.443875 0.869962890625 0.4325556640625 0.8796650390625 0.4309384765625 0.89341015625 0.4349814453125 0.9208994140625 0.4398330078125 0.9394951171875 0.4204287109375 0.952431640625 0.409109375 0.954048828125 0.3961728515625 0.953240234375 0.384853515625 0.9588994140625 0.383236328125 0.9686015625 0.383236328125 0.9807294921875 0.383236328125 0.998517578125 0.8546015625 1
8 0.99863671875 0.9992041015625 1 0.9747783203125 0.9992041015625 0.958873046875 0.9992041015625 0.9458076171875 0.9992041015625 0.93558203125 0.998068359375 0.921380859375 0.99466015625 0.9128603515625 0.987275390625 0.919109375 0.98273046875 0.91797265625 0.9708017578125 0.918541015625 0.9600087890625 0.9242216796875 0.954896484375 0.9242216796875 0.9497841796875 0.9270615234375 0.9492158203125 0.9389912109375 0.953759765625 0.946943359375 0.96114453125 0.9571689453125 0.9708017578125 0.9668251953125 0.9759140625 0.976482421875 0.9759140625 0.98670703125 0.9781865234375 0.9997724609375 0.99863671875 0.9992041015625
8 0.9149970703125 0.550416015625 0.919927734375 0.5479501953125 0.919927734375 0.5436357421875 0.9165380859375 0.5362392578125 0.9153046875 0.5334658203125 0.911298828125 0.532541015625 0.9076005859375 0.532541015625 0.90359375 0.5371640625 0.9008203125 0.535623046875 0.896505859375 0.5346982421875 0.89465625 0.538705078125 0.896505859375 0.5433271484375 0.8983544921875 0.5461015625 0.902361328125 0.5482587890625 0.9076005859375 0.54856640625 0.9149970703125 0.550416015625
8 0.8058994140625 0.5405537109375 0.8071328125 0.5417861328125 0.813912109375 0.5417861328125 0.82747265625 0.54301953125 0.831787109375 0.5405537109375 0.8280888671875 0.5390126953125 0.82192578125 0.5390126953125 0.8166865234375 0.538087890625 0.8108310546875 0.538087890625 0.8062080078125 0.53962890625 0.8058994140625 0.5405537109375
9 0.139419921875 0.99898046875 0.2469609375 1 0.2492646484375 0.9820810546875 0.1409560546875 0.982849609375 0.139419921875 0.99898046875