9 0.331822265625 0.3582578125 0.318416015625 0.4671494140625 0.3894306640625 0.47804296875 0.397810546875 0.373509765625 0.331822265625 0.3582578125
9 0.3150634765625 0.4946494140625 0.2985146484375 0.620701171875 0.370158203125 0.627404296875 0.383146484375 0.505123046875 0.3150634765625 0.4946494140625
9 0.29421484375 0.6517216796875 0.2766630859375 0.8021083984375 0.35577734375 0.8061591796875 0.3691220703125 0.6573330078125 0.29421484375 0.6517216796875
9 0.271791015625 0.831251953125 0.25156640625 1 0.3363740234375 0.999947265625 0.3532939453125 0.8323740234375 0.271791015625 0.831251953125
9 0.4054423828125 0.6598076171875 0.400818359375 0.717875 0.4707041015625 0.721986328125 0.472759765625 0.6649462890625 0.4054423828125 0.6598076171875
9 0.5051337890625 0.6712802734375 0.5033349609375 0.7236953125 0.5364794921875 0.7252373046875 0.534423828125 0.794609375 0.56371484375 0.79563671875 0.56602734375 0.6748779296875 0.5051337890625 0.6712802734375
9 0.5967314453125 0.6802880859375 0.596267578125 0.7687177734375 0.64941796875 0.7687177734375 0.6489541015625 0.6816806640625 0.5967314453125 0.6802880859375
9 0.6799462890625 0.6882587890625 0.6814130859375 0.774322265625 0.6894814453125 0.7750556640625 0.6921708984375 0.79975 0.722244140625 0.8004833984375 0.7190654296875 0.6914375 0.6799462890625 0.6882587890625
9 0.7564453125 0.69575390625 0.763921875 0.817806640625 0.804298828125 0.8170107421875 0.7965732421875 0.6984951171875 0.7564453125 0.69575390625
9 0.7484697265625 0.567271484375 0.754451171875 0.670955078125 0.792833984375 0.6744453125 0.786353515625 0.5717578125 0.7484697265625 0.567271484375
9 0.6764853515625 0.554033203125 0.6749873046875 0.580365234375 0.7122373046875 0.585716796875 0.712451171875 0.558529296875 0.6764853515625 0.554033203125
9 0.6826943359375 0.66385546875 0.71608984375 0.6672802734375 0.715234375 0.648013671875 0.6826943359375 0.66385546875
9 0.741779296875 0.4489208984375 0.746703125 0.54247265625 0.7848095703125 0.5482529296875 0.77945703125 0.4576982421875 0.741779296875 0.4489208984375
9 0.67249609375 0.4339833984375 0.6756298828125 0.492806640625 0.709025390625 0.4996572265625 0.7094541015625 0.508220703125 0.6777705078125 0.5298427734375 0.7175888671875 0.5347666015625 0.7141630859375 0.442712890625 0.67249609375 0.4339833984375
9 0.5989345703125 0.41375390625 0.5944521484375 0.47690625 0.6464013671875 0.4875 0.6455859375 0.4247548828125 0.5989345703125 0.41375390625
9 0.5187314453125 0.39428515625 0.5177041015625 0.4090703125 0.5460439453125 0.416052734375 0.5456328125 0.4684189453125 0.568427734375 0.4714990234375 0.571712890625 0.4064013671875 0.5187314453125 0.39428515625
9 0.5123525390625 0.523154296875 0.50722265625 0.61463671875 0.567705078125 0.6205 0.56878125 0.5310625 0.5123525390625 0.523154296875
9 0.5967685546875 0.5352978515625 0.5965908203125 0.6253720703125 0.6076064453125 0.6267939453125 0.608494140625 0.56994140625 0.647935546875 0.574560546875 0.647224609375 0.5447138671875 0.5967685546875 0.5352978515625
9 0.418423828125 0.5074130859375 0.4109365234375 0.6028203125 0.477037109375 0.61094921875 0.48195703125 0.516611328125 0.418423828125 0.5074130859375
9 0.4294091796875 0.3746396484375 0.428267578125 0.3890927734375 0.4874111328125 0.4022138671875 0.4874111328125 0.3887119140625 0.4294091796875 0.3746396484375
9 0.4975732421875 0.8374443359375 0.49189453125 0.9920888671875 0.557421875 0.98903125 0.561791015625 0.837880859375 0.4975732421875 0.8374443359375
9 0.5946953125 0.8388779296875 0.5946953125 0.9860791015625 0.65530859375 0.9829619140625 0.6539228515625 0.8395703125 0.5946953125 0.8388779296875
9 0.684015625 0.840896484375 0.6885341796875 0.9813154296875 0.736955078125 0.977119140625 0.7330810546875 0.841865234375 0.684015625 0.840896484375
9 0.7662998046875 0.842658203125 0.7735439453125 0.975154296875 0.81791015625 0.973041015625 0.8097607421875 0.842658203125 0.7662998046875 0.842658203125
9 0.90405859375 0.9598193359375 0.899830078125 0.909080078125 0.8578115234375 0.9104013671875 0.8620400390625 0.9595546875 0.90405859375 0.9598193359375
9 1 0.9044208984375 0.9862646484375 0.904404296875 0.995740234375 0.96862890625 1 0.968443359375 1 0.9044208984375
9 1 0.875451171875 0.9994248046875 0.846234375 0.974419921875 0.846234375 0.977841796875 0.8749248046875 1 0.875451171875
9 0.9562578125 0.71699609375 0.971787109375 0.8264931640625 1 0.8278095703125 0.9988984375 0.794380859375 0.98652734375 0.7175224609375 0.9562578125 0.71699609375
9 0.939412109375 0.5961806640625 0.953099609375 0.69567578125 0.981263671875 0.6972548828125 0.96862890625 0.6014453125 0.939412109375 0.5961806640625
9 0.9233564453125 0.489841796875 0.9354638671875 0.5774921875 0.9646806640625 0.5809140625 0.9523095703125 0.495369140625 0.9233564453125 0.489841796875
9 1 0.531412109375 0.9997978515625 0.5062021484375 0.9777392578125 0.50023046875 0.98271484375 0.538046875 1 0.531412109375
9 0.8105419921875 0.4664541015625 0.8461396484375 0.84826953125 0.9416767578125 0.8503994140625 0.8878232421875 0.4834921875 0.8105419921875 0.4664541015625
9 0 0.941291015625 0.0069365234375 0.9431005859375 0.0256357421875 0.846890625 0 0.844779296875 0 0.941291015625
9 0 0.7268544921875 0.0515732421875 0.731076171875 0.0714794921875 0.64512109375 0 0.6375810546875 0 0.7268544921875
9 0 0.53292578125 0.09349609375 0.5446884765625 0.1082744140625 0.4704951171875 0 0.455716796875 0 0.53292578125
9 0.14265625 0.3227109375 0.0214130859375 0.2961708984375 0.0045244140625 0.360712890625 0.1281796875 0.3857451171875 0.14265625 0.3227109375
8 0.125314453125 1 0.1269248046875 0.9960810546875 0.123705078125 0.9891826171875 0.1168076171875 0.984814453125 0.118876953125 0.9767666015625 0.120486328125 0.964349609375 0.1177265625 0.956072265625 0.1133583984375 0.9537734375 0.1080693359375 0.95009375 0.101171875 0.937447265625 0.0947333984375 0.9293994140625 0.0889853515625 0.92825 0.0811669921875 0.9314697265625 0.0804775390625 0.9296298828125 0.0754189453125 0.9271005859375 0.0710498046875 0.9287099609375 0.06553125 0.9372177734375 0.0609326171875 0.9498642578125 0.05242578125 0.9574521484375 0.04552734375 0.954462890625 0.0436875 0.944115234375 0.0459873046875 0.9362978515625 0.049896484375 0.926640625 0.0475966796875 0.91997265625 0.0441474609375 0.913994140625 0.0381689453125 0.9119248046875 0.03219140625 0.9133046875 0.027822265625 0.917212890625 0.0266728515625 0.9220419921875 0.0239130859375 0.926640625 0.021154296875 0.929169921875 0.0156357421875 0.9314697265625 0.012646484375 0.9372177734375 0.0064384765625 0.9445751953125 0 0.95009375 0 1 0.125314453125 1
8 0.2814296875 1 0.289671875 0.93839453125 0.300966796875 0.8637763671875 0.3058505859375 0.8640810546875 0.32508203125 0.8555341796875 0.336376953125 0.8390498046875 0.347060546875 0.820734375 0.3659873046875 0.8033349609375 0.3733134765625 0.792345703125 0.3745341796875 0.774029296875 0.3983447265625 0.7516962890625 0.39987109375 0.7431494140625 0.386744140625 0.7495595703125 0.370279296875 0.76543359375 0.3666162109375 0.7733701171875 0.3519638671875 0.7849697265625 0.3528798828125 0.7703173828125 0.370279296875 0.722697265625 0.370279296875 0.71140234375 0.366921875 0.710486328125 0.355322265625 0.7315498046875 0.35440625 0.708349609375 0.355322265625 0.6885078125 0.341890625 0.71567578125 0.338837890625 0.6982763671875 0.328154296875 0.7318544921875 0.3247958984375 0.7190341796875 0.3348701171875 0.6970712890625 0.3373115234375 0.6787548828125 0.347080078125 0.662576171875 0.358375 0.6305244140625 0.3541005859375 0.627166015625 0.3446376953125 0.643650390625 0.345859375 0.622587890625 0.35623828125 0.6158720703125 0.353490234375 0.6085458984375 0.3501328125 0.599998046875 0.3571533203125 0.5890087890625 0.3666162109375 0.5825986328125 0.3653955078125 0.5795458984375 0.35257421875 0.584125 0.34402734375 0.5941982421875 0.340974609375 0.589314453125 0.336701171875 0.5877880859375 0.336701171875 0.599998046875 0.3244912109375 0.589314453125 0.3165537109375 0.589314453125 0.309837890625 0.5917568359375 0.3000703125 0.6137353515625 0.294880859375 0.6094609375 0.292744140625 0.6128193359375 0.2945751953125 0.6367724609375 0.2912177734375 0.6459306640625 0.287859375 0.64348828125 0.2838916015625 0.646845703125 0.2835859375 0.656919921875 0.2884697265625 0.67065625 0.2851123046875 0.6785927734375 0.2787021484375 0.661193359375 0.2747333984375 0.663330078125 0.276259765625 0.67676171875 0.2829755859375 0.6920244140625 0.2744287109375 0.68530859375 0.27320703125 0.68958203125 0.280533203125 0.6994326171875 0.2747333984375 0.7192744140625 0.2695439453125 0.7150009765625 0.2695439453125 0.719580078125 0.2747333984375 0.7308740234375 0.276259765625 0.740642578125 0.270765625 0.7317900390625 0.267712890625 0.7348427734375 0.27534375 0.761400390625 0.2683232421875 0.7610947265625 0.262828125 0.765369140625 0.2570283203125 0.744611328125 0.2484814453125 0.72049609375 0.2442080078125 0.717443359375 0.2442080078125 0.721716796875 0.2527548828125 0.748884765625 0.2570283203125 0.768421875 0.251228515625 0.764453125 0.242681640625 0.7610947265625 0.2390185546875 0.7491904296875 0.2350498046875 0.7473583984375 0.234439453125 0.7513271484375 0.237796875 0.763537109375 0.2454287109375 0.7742216796875 0.25214453125 0.7891787109375 0.265576171875 0.805357421875 0.2493974609375 0.793453125 0.2381025390625 0.7763583984375 0.234439453125 0.760484375 0.232302734375 0.7586533203125 0.2298603515625 0.773916015625 0.2213134765625 0.75834765625 0.2170390625 0.757126953125 0.2170390625 0.761400390625 0.2255869140625 0.782158203125 0.245123046875 0.8047470703125 0.282365234375 0.8325263671875 0.284806640625 0.8514521484375 0.217955078125 0.80841015625 0.2161240234375 0.786126953125 0.2109345703125 0.7940634765625 0.2133759765625 0.75834765625 0.209712890625 0.75804296875 0.20421875 0.7949873046875 0.19383984375 0.7824716796875 0.1892607421875 0.7833876953125 0.18987109375 0.787966796875 0.2066611328125 0.8053662109375 0.2060498046875 0.809029296875 0.2133759765625 0.8145244140625 0.266796875 0.8481025390625 0.2872490234375 0.8645869140625 0.284806640625 0.881986328125 0.27717578125 0.9377568359375 0.267451171875 1 0.2814296875 1
9 0.3897333984375 0.8353505859375 0.3776904296875 0.99480859375 0.453806640625 0.99336328125 0.4610322265625 0.8353505859375 0.3897333984375 0.8353505859375
8 0.559564453125 1 0.5613447265625 0.998822265625 0.557529296875 0.9932265625 0.5471015625 0.989412109375 0.5331123046875 0.989412109375 0.5132734375 0.9858505859375 0.503353515625 0.9840703125 0.4972490234375 0.9911923828125 0.4879765625 0.995791015625 0.4868642578125 0.993751953125 0.4837119140625 0.9896728515625 0.4764814453125 0.9891162109375 0.4744423828125 0.986150390625 0.4694365234375 0.9870771484375 0.4648017578125 0.987818359375 0.46276171875 0.99115625 0.4540478515625 0.9944931640625 0.443109375 0.99560546875 0.4225302734375 0.995048828125 0.4141865234375 0.995419921875 0.410849609375 0.9989423828125 0.41204296875 1 0.559564453125 1
8 0.6851650390625 1 0.680798828125 0.995646484375 0.6720673828125 0.9889697265625 0.665390625 0.9851171875 0.653833984375 0.980751953125 0.6481845703125 0.9763857421875 0.63842578125 0.96816796875 0.6296943359375 0.96816796875 0.62353125 0.9709931640625 0.6186513671875 0.974587890625 0.61007421875 0.9837138671875 0.602822265625 0.9854306640625 0.597669921875 0.9869580078125 0.593853515625 0.9892470703125 0.5820224609375 0.9907744140625 0.5803046875 0.993064453125 0.5812587890625 0.99630859375 0.579923828125 0.99993359375 0.6851650390625 1
8 1 1 0.9988974609375 0.9870654296875 0.990470703125 0.9820087890625 0.9820439453125 0.981166015625 0.9755830078125 0.9820087890625 0.968841796875 0.9839755859375 0.9556396484375 0.9828515625 0.9460888671875 0.9850986328125 0.931482421875 0.9850986328125 0.9196845703125 0.9831328125 0.9062021484375 0.9808857421875 0.8994609375 0.9834130859375 0.8997412109375 0.9775146484375 0.89271875 0.974986328125 0.8887861328125 0.971896484375 0.884853515625 0.9727392578125 0.8842919921875 0.978357421875 0.8800791015625 0.9775146484375 0.87108984375 0.9741435546875 0.8629443359375 0.97358203125 0.857853515625 0.974986328125 0.8508310546875 0.987345703125 0.8468984375 0.9828515625 0.8365048828125 0.9789189453125 0.830044921875 0.9730205078125 0.8218984375 0.9699306640625 0.80701171875 0.968806640625 0.7980224609375 0.9634697265625 0.789876953125 0.962626953125 0.7814501953125 0.9620654296875 0.774146484375 0.96150390625 0.771056640625 0.956728515625 0.7657197265625 0.953357421875 0.7609443359375 0.9578515625 0.7603828125 0.962908203125 0.7595400390625 0.976671875 0.7502705078125 0.9634697265625 0.743529296875 0.9623466796875 0.740158203125 0.963189453125 0.7353828125 0.9648740234375 0.7351025390625 0.9744248046875 0.7283603515625 0.9682451171875 0.7233046875 0.962626953125 0.7103837890625 0.9586943359375 0.7022373046875 0.959818359375 0.692125 0.959818359375 0.6884736328125 0.9634697265625 0.6898779296875 0.97330078125 0.699708984375 0.9828515625 0.7008330078125 0.98903125 0.7011142578125 0.997177734375 0.704484375 1 1 1
8 0.96625 1 0.9650361328125 0.987376953125 0.950708984375 0.8963134765625 0.9533798828125 0.893884765625 0.961150390625 0.888056640625 0.963822265625 0.879314453125 0.9759638671875 0.864501953125 0.977177734375 0.85503125 0.97644921875 0.84653125 0.983005859375 0.832689453125 0.981306640625 0.823705078125 0.9808203125 0.8205478515625 0.977177734375 0.814962890625 0.9810634765625 0.8023349609375 0.9761220703125 0.7944453125 0.9713349609375 0.7855888671875 0.9655068359375 0.779890625 0.96418359375 0.770439453125 0.9604033203125 0.7462451171875 0.9576962890625 0.7355859375 0.9547783203125 0.7386494140625 0.9532744140625 0.744166015625 0.95151953125 0.738900390625 0.9492626953125 0.7436640625 0.9477578125 0.74767578125 0.942259765625 0.743955078125 0.9397548828125 0.720576171875 0.9305703125 0.7101396484375 0.9234736328125 0.6846728515625 0.918880859375 0.676740234375 0.915123046875 0.677158203125 0.912201171875 0.6830029296875 0.9159365234375 0.7346875 0.9147802734375 0.75261328125 0.911310546875 0.768484375 0.911021484375 0.78669921875 0.9176708984375 0.8115634765625 0.919984375 0.8294892578125 0.912755859375 0.8106962890625 0.9078408203125 0.8092509765625 0.90234765625 0.816478515625 0.90032421875 0.8370068359375 0.89974609375 0.843078125 0.8870244140625 0.8393193359375 0.8763271484375 0.815033203125 0.870255859375 0.813298828125 0.86331640625 0.814744140625 0.86187109375 0.8196591796875 0.8650517578125 0.8274658203125 0.883265625 0.86360546875 0.892228515625 0.872279296875 0.908708984375 0.8850009765625 0.9208515625 0.8881806640625 0.9425361328125 0.8942529296875 0.9454267578125 0.9075517578125 0.95313671875 1 0.96625 1
0 0.32363671875 0.412814453125 0.3160419921875 0.4645078125 0.3915 0.4794521484375 0.395419921875 0.4289833984375 0.32363671875 0.412814453125
0 0.3046904296875 0.5602998046875 0.2968505859375 0.62179296875 0.3728798828125 0.6291435546875 0.380474609375 0.5708349609375 0.3046904296875 0.5602998046875
0 0.357853515625 0.806763671875 0.3625087890625 0.733755859375 0.2838662109375 0.728365234375 0.275291015625 0.8030888671875 0.357853515625 0.806763671875
0 0.4094384765625 0.61178125 0.7171044921875 0.64921875 0.7174013671875 0.642384765625 0.7150244140625 0.5850400390625 0.609248046875 0.5695888671875 0.4960361328125 0.551662109375 0.4152177734375 0.5388857421875 0.386857421875 0.5686982421875 0.3800234375 0.6382255859375 0.4094384765625 0.61178125
0 0.3921650390625 0.801416015625 0.7248125 0.8124404296875 0.7231591796875 0.738306640625 0.5382421875 0.725078125 0.39879296875 0.7162587890625 0.371771484375 0.7347236328125 0.364330078125 0.813818359375 0.3921650390625 0.801416015625
0 0.422494140625 0.4522431640625 0.709916015625 0.5081884765625 0.7078505859375 0.4522431640625 0.5474599609375 0.4164169921875 0.4262001953125 0.38803125 0.4010244140625 0.425787109375 0.3949345703125 0.4861416015625 0.422494140625 0.4522431640625
8 0.70743359375 0.47509375 0.707681640625 0.45947265625 0.707185546875 0.4517861328125 0.703962890625 0.4445947265625 0.7007392578125 0.4388916015625 0.69602734375 0.4391396484375 0.691564453125 0.44335546875 0.686109375 0.4475703125 0.6885888671875 0.4552568359375 0.6893330078125 0.4676552734375 0.692556640625 0.4795576171875 0.6955322265625 0.4845166015625 0.7014833984375 0.4855087890625 0.7049541015625 0.48228515625 0.70743359375 0.47509375
2 1 0.420951171875 0.976505859375 0.413458984375 0.8463681640625 0.3773076171875 0.7654560546875 0.354173828125 0.7649306640625 0.3503623046875 0.7146826171875 0.3357041015625 0.7142880859375 0.314541015625 0.71533984375 0.3119130859375 0.7150771484375 0.308232421875 0.6785048828125 0.29719140625 0.676533203125 0.2975849609375 0.6555615234375 0.3191728515625 0.642416015625 0.315021484375 0.6382646484375 0.3153671875 0.6346328125 0.31709765625 0.4234560546875 0.2558212890625 0.2452705078125 0.2037578125 0.2271494140625 0.19892578125 0.2237314453125 0.19853515625 0.2225595703125 0.19912109375 0.22158203125 0.2015625 0.215625 0.2306640625 0.21181640625 0.22744140625 0.20693359375 0.22705078125 0.20633203125 0.2290205078125 0.06538671875 0.190330078125 0 0.1725859375 0 1 1 1 1 0.420951171875
0 0.7437333984375 0.4997890625 0.745716796875 0.5434208984375 0.7855625 0.5490107421875 0.7823173828125 0.5075419921875 0.7437333984375 0.4997890625
0 0.677296875 0.486669921875 0.6766005859375 0.4934033203125 0.7084111328125 0.4992080078125 0.708875 0.5084951171875 0.675439453125 0.5305537109375 0.7195556640625 0.5365908203125 0.7193232421875 0.4947958984375 0.677296875 0.486669921875
0 0.7507099609375 0.6222578125 0.7543798828125 0.6714375 0.7942001953125 0.675107421875 0.7914482421875 0.627763671875 0.7507099609375 0.6222578125
0 0.7595185546875 0.760435546875 0.7631884765625 0.8186064453125 0.80502734375 0.817322265625 0.8017236328125 0.7626376953125 0.7595185546875 0.760435546875
0 0.8193408203125 0.973666015625 0.8145693359375 0.910357421875 0.769244140625 0.911826171875 0.77273046875 0.9760517578125 0.8193408203125 0.973666015625
0 0.6852548828125 0.912244140625 0.6874853515625 0.9822451171875 0.737755859375 0.9776123046875 0.7358681640625 0.9113857421875 0.6852548828125 0.912244140625
0 0.59528125 0.91334765625 0.595517578125 0.985130859375 0.6543134765625 0.9818251953125 0.65360546875 0.91334765625 0.59528125 0.91334765625
0 0.99995703125 0.827376953125 0.9989482421875 0.7746943359375 0.963625 0.774896484375 0.9710927734375 0.8269736328125 0.99995703125 0.827376953125
0 0.944650390625 0.650759765625 0.952119140625 0.6965791015625 0.982396484375 0.6990009765625 0.9763408203125 0.6521728515625 0.944650390625 0.650759765625
0 0.92890625 0.538330078125 0.933953125 0.57869921875 0.96544140625 0.5819287109375 0.9605966796875 0.5433759765625 0.92890625 0.538330078125
0 0.4932158203125 0.915314453125 0.49040234375 0.9938505859375 0.55844921875 0.990525390625 0.560751953125 0.916849609375 0.4932158203125 0.915314453125
0 0.3821279296875 0.9170078125 0.37520703125 0.9961025390625 0.45578515625 0.994125 0.4592451171875 0.9145361328125 0.3821279296875 0.9170078125