8 0.0017509765625 1 0.99799609375 0.9930048828125 0.99665625 0.563693359375 0.9839638671875 0.5661416015625 0.9686630859375 0.58524609375 0.951568359375 0.5858994140625 0.931271484375 0.588171875 0.9275 0.56131640625 0.9309375 0.537517578125 0.9292841796875 0.5177646484375 0.9092353515625 0.51577734375 0.893666015625 0.5399443359375 0.8761376953125 0.5288046875 0.8709873046875 0.542365234375 0.881259765625 0.5641376953125 0.881501953125 0.58914453125 0.8656796875 0.5826962890625 0.852708984375 0.5813828125 0.8408837890625 0.5870537109375 0.8210302734375 0.597966796875 0.809130859375 0.577685546875 0.7970966796875 0.577685546875 0.7911953125 0.585333984375 0.805248046875 0.6131748046875 0.7923564453125 0.6386748046875 0.788015625 0.668623046875 0.76695703125 0.6889833984375 0.7583046875 0.711017578125 0.7435703125 0.7208818359375 0.7431865234375 0.73491796875 0.749837890625 0.742234375 0.76675390625 0.7683828125 0.8018095703125 0.8012001953125 0.807755859375 0.82822265625 0.8338603515625 0.8573427734375 0.8639150390625 0.873638671875 0.8964560546875 0.8733115234375 0.93121875 0.8720546875 0.961533203125 0.9023466796875 0.902166015625 0.9159541015625 0.844310546875 0.9175546875 0.82818359375 0.8998046875 0.79984375 0.8816474609375 0.773478515625 0.8875927734375 0.7543408203125 0.8733212890625 0.7347568359375 0.8795107421875 0.726697265625 0.8975048828125 0.74019140625 0.9277548828125 0.7146728515625 0.917796875 0.679453125 0.9251708984375 0.684265625 0.8818681640625 0.6752197265625 0.8603798828125 0.651890625 0.8558974609375 0.65721484375 0.8362255859375 0.6452421875 0.8229873046875 0.6275107421875 0.789189453125 0.6309365234375 0.7665458984375 0.62423046875 0.7530517578125 0.608216796875 0.7490048828125 0.585978515625 0.74654296875 0.5610234375 0.755572265625 0.542455078125 0.774546875 0.5397265625 0.7425830078125 0.5405048828125 0.721251953125 0.546322265625 0.6810263671875 0.54550390625 0.6614365234375 0.52290625 0.6643271484375 0.5057373046875 0.6713818359375 0.460373046875 0.679208984375 0.412658203125 0.663451171875 0.359328125 0.6565302734375 0.3176513671875 0.6573076171875 0.2807646484375 0.6631025390625 0.26017578125 0.672357421875 0.2446328125 0.6885166015625 0.21775 0.7121826171875 0.1632001953125 0.7106376953125 0.12984375 0.684712890625 0.096568359375 0.675794921875 0.056517578125 0.6501318359375 0.0348955078125 0.6208681640625 0.013841796875 0.608216796875 0 0.6153642578125 0.0017509765625 1
2 0.0002939453125 0 0.0002939453125 1 0.999556640625 0.999720703125 0.99994921875 0.219478515625 0.9668056640625 0.2047275390625 0.946474609375 0.19338671875 0.8849609375 0.17946484375 0.8098662109375 0.132810546875 0.784529296875 0.1300400390625 0.7536494140625 0.1114345703125 0.729103515625 0.1126220703125 0.7140595703125 0.1090595703125 0.7037666015625 0.1177685546875 0.643986328125 0.1027255859375 0.631712890625 0.0758076171875 0.61821484375 0.0608427734375 0.573890625 0.0514794921875 0.5439248046875 0.058345703125 0.5108388671875 0.06271484375 0.484619140625 0.0620908203125 0.4527783203125 0.0346259765625 0.4290556640625 0.0071611328125 0.382083984375 0 0.2757314453125 0.000185546875 0.2298525390625 0 0.2310859375 0.009517578125 0.2265283203125 0.039353515625 0.17037109375 0.030341796875 0.1621572265625 0.0725712890625 0.075044921875 0.0515048828125 0.0807294921875 0 0.0002939453125 0
9 0 0 0 0.0375166015625 0.039533203125 0.0488388671875 0.0467451171875 0.0070537109375 0.020205078125 0 0 0
9 0.001470703125 0.2697861328125 0.02882421875 0.137595703125 0 0.1288359375 0.001470703125 0.2697861328125
9 0.35440234375 0.1274462890625 0.4418076171875 0.158794921875 0.4366416015625 0.0900263671875 0.2532802734375 0.0309560546875 0.2491689453125 0.10746484375 0.35440234375 0.1274462890625
9 0.4552509765625 0.38120703125 0.4485595703125 0.2568017578125 0.2433056640625 0.207001953125 0.2346904296875 0.340427734375 0.4552509765625 0.38120703125
9 0.4671064453125 0.6521826171875 0.456447265625 0.475919921875 0.2243896484375 0.444640625 0.2178779296875 0.6472880859375 0.4671064453125 0.6521826171875
9 0.7261611328125 0.655173828125 0.704498046875 0.506072265625 0.60348046875 0.4960390625 0.6164443359375 0.65095703125 0.7261611328125 0.655173828125
9 0.6924521484375 0.4268017578125 0.6744404296875 0.3114599609375 0.5799853515625 0.2889140625 0.5921455078125 0.4101826171875 0.6924521484375 0.4268017578125
9 0.662203125 0.2353623046875 0.6481884765625 0.1469716796875 0.5683359375 0.1184873046875 0.57859375 0.2122392578125 0.662203125 0.2353623046875
9 0.453234375 0.99858203125 0.4470966796875 0.79741015625 0.4147451171875 0.775583984375 0.3579892578125 0.7665712890625 0.3051162109375 0.7706669921875 0.26006640625 0.7778427734375 0.22792578125 0.795009765625 0.22076953125 0.8120712890625 0.2134521484375 1 0.453234375 0.99858203125
9 0.7670107421875 0.9340751953125 0.746404296875 0.7821142578125 0.722685546875 0.7647353515625 0.6903544921875 0.7568330078125 0.6605341796875 0.7592841796875 0.6444716796875 0.769435546875 0.6339765625 0.7881767578125 0.6327255859375 0.7972138671875 0.6478251953125 0.950298828125 0.7670107421875 0.9340751953125
9 0.92723046875 0.780390625 0.89758203125 0.627712890625 0.807896484375 0.626427734375 0.8373125 0.7881884765625 0.92723046875 0.780390625
9 0.8802646484375 0.5667509765625 0.848337890625 0.423083984375 0.769044921875 0.4096962890625 0.7960419921875 0.5592412109375 0.8802646484375 0.5667509765625
9 0.835939453125 0.3729609375 0.8188974609375 0.312849609375 0.803919921875 0.2942529296875 0.79328515625 0.284505859375 0.782998046875 0.2811630859375 0.765103515625 0.276888671875 0.75728515625 0.2790458984375 0.749609375 0.28925 0.74943359375 0.29995703125 0.758796875 0.3581337890625 0.835939453125 0.3729609375
9 0.73829296875 0.1506953125 0.73741796875 0.158513671875 0.7397744140625 0.1731591796875 0.7452021484375 0.1840830078125 0.7513583984375 0.1920068359375 0.76073046875 0.2003701171875 0.7714208984375 0.2044453125 0.7785576171875 0.20433203125 0.781892578125 0.1982421875 0.7824521484375 0.1922431640625 0.780431640625 0.1840546875 0.775458984375 0.172009765625 0.7680078125 0.1606220703125 0.758158203125 0.1529853515625 0.7528232421875 0.1503193359375 0.7495146484375 0.1486611328125 0.7422998046875 0.148177734375 0.73829296875 0.1506953125
9 0.9501455078125 0.314111328125 0.92883203125 0.2366982421875 0.8729306640625 0.2203896484375 0.891353515625 0.30158984375 0.9501455078125 0.314111328125
9 1 0.4804306640625 0.9995771484375 0.4518076171875 0.97048828125 0.3769521484375 0.90016015625 0.3618818359375 0.9308857421875 0.4716728515625 1 0.4804306640625
0 0.2010498046875 0.6893271484375 0.5254052734375 0.693142578125 0.5186630859375 0.605099609375 0.504490234375 0.6025439453125 0.435392578125 0.5917255859375 0.382 0.589634765625 0.21423046875 0.582814453125 0.197001953125 0.5847275390625 0.1854990234375 0.6139599609375 0.1836240234375 0.69283203125 0.2010498046875 0.6893271484375
0 0.2163056640625 0.3583271484375 0.232427734375 0.350146484375 0.3408466796875 0.3628408203125 0.5072421875 0.399814453125 0.5081357421875 0.3938701171875 0.5003447265625 0.3387431640625 0.4475029296875 0.3227802734375 0.4181005859375 0.311244140625 0.3599990234375 0.29744140625 0.254875 0.2846259765625 0.22379296875 0.278212890625 0.213546875 0.3190302734375 0.21054296875 0.3573359375 0.2163056640625 0.3583271484375
0 0.2494169921875 0.106939453125 0.295990234375 0.116888671875 0.349953125 0.1284365234375 0.4206845703125 0.1527783203125 0.480912109375 0.1769287109375 0.490376953125 0.1713408203125 0.4849931640625 0.1362177734375 0.473861328125 0.1261943359375 0.4322646484375 0.1075712890625 0.3883212890625 0.0880263671875 0.3374521484375 0.0750849609375 0.2644091796875 0.062408203125 0.244126953125 0.0525771484375 0.239533203125 0.056498046875 0.2329912109375 0.082568359375 0.231462890625 0.1078564453125 0.2494169921875 0.106939453125
3 0.21162109375 0.9981904296875 0.9978759765625 1 0.9978154296875 0.9193994140625 0.2182958984375 0.994927734375 0.21162109375 0.9981904296875
9 0.3890458984375 0.03369140625 0.42253125 0.0416083984375 0.422955078125 0.0266513671875 0.3917685546875 0.0175947265625 0.3890458984375 0.03369140625
9 0.5864716796875 0.08995703125 0.6154443359375 0.09731640625 0.614 0.077626953125 0.58668359375 0.070322265625 0.5864716796875 0.08995703125
9 0.8041640625 0.1661591796875 0.8238125 0.1698447265625 0.8232587890625 0.1548125 0.80343359375 0.149150390625 0.8041640625 0.1661591796875