9 0.0763046875 0.933470703125 0.09447265625 0.7838642578125 0.0247744140625 0.814248046875 0.0036337890625 0.948689453125 0.0763046875 0.933470703125
9 0.1127412109375 0.6313515625 0.1273310546875 0.520013671875 0.060748046875 0.5709462890625 0.0466884765625 0.6719375 0.1127412109375 0.6313515625
9 0.14214453125 0.4046396484375 0.1474453125 0.356341796875 0.10916015625 0.3926640625 0.1024853515625 0.4395869140625 0.14214453125 0.4046396484375
9 0.1626826171875 0.2264833984375 0.16904296875 0.1617314453125 0.1117958984375 0.2282177734375 0.1058203125 0.2870068359375 0.1626826171875 0.2264833984375
9 0.4614873046875 0.4101279296875 0.466697265625 0.47153515625 0.484189453125 0.4799091796875 0.4791650390625 0.4177578125 0.4614873046875 0.4101279296875
9 0.448919921875 0.236869140625 0.4538828125 0.302787109375 0.48287109375 0.319068359375 0.4785029296875 0.255333984375 0.448919921875 0.236869140625
9 0.474771484375 0.5765078125 0.4839365234375 0.679390625 0.5199111328125 0.690388671875 0.51143359375 0.59208984375 0.474771484375 0.5765078125
9 0.495177734375 0.8166220703125 0.5055849609375 0.9539267578125 0.548818359375 0.957529296875 0.5352080078125 0.8246279296875 0.495177734375 0.8166220703125
9 0.61940234375 0.849162109375 0.6360087890625 0.9665166015625 0.667876953125 0.9692099609375 0.65126953125 0.856390625 0.61940234375 0.849162109375
9 0.5902294921875 0.6382421875 0.5985625 0.7039111328125 0.624552734375 0.695578125 0.618798828125 0.6481611328125 0.5902294921875 0.6382421875
9 0.590234375 0.4765166015625 0.565259765625 0.464029296875 0.5699208984375 0.5078173828125 0.5925654296875 0.497828125 0.5907333984375 0.4791796875 0.590234375 0.4765166015625
9 0.5663232421875 0.335501953125 0.544541015625 0.31859765625 0.5464921875 0.3457431640625 0.5663232421875 0.335501953125
9 0.6559453125 0.446875 0.6632255859375 0.481849609375 0.67921875 0.4895205078125 0.6727177734375 0.45649609375 0.6559453125 0.446875
9 0.6853623046875 0.5968603515625 0.695392578125 0.646203125 0.714216796875 0.6530732421875 0.703224609375 0.6040048828125 0.6853623046875 0.5968603515625
9 0.72503125 0.77537890625 0.7297958984375 0.8022197265625 0.7266201171875 0.80333203125 0.7340849609375 0.845896484375 0.7531435546875 0.8500263671875 0.738849609375 0.7795078125 0.72503125 0.77537890625
9 0.8050634765625 0.7206298828125 0.7940673828125 0.7180771484375 0.8087939453125 0.7760029296875 0.815078125 0.7752177734375 0.8148818359375 0.7701123046875 0.8178271484375 0.7657919921875 0.806634765625 0.7249501953125 0.8050634765625 0.7206298828125
9 0.7578056640625 0.5647822265625 0.7672412109375 0.604951171875 0.7772158203125 0.6018505859375 0.7683203125 0.568421875 0.7578056640625 0.5647822265625
9 0.726013671875 0.4341611328125 0.730638671875 0.4585908203125 0.7402451171875 0.4570498046875 0.736212890625 0.439498046875 0.726013671875 0.4341611328125
9 0.841671875 0.5919931640625 0.8467001953125 0.614041015625 0.852888671875 0.623517578125 0.86178515625 0.6567822265625 0.881125 0.663357421875 0.8644921875 0.604951171875 0.841671875 0.5919931640625
9 0.886279296875 0.7534892578125 0.8951474609375 0.7837138671875 0.9008359375 0.786390625 0.9025087890625 0.79141015625 0.9020068359375 0.7952587890625 0.9075283203125 0.8113212890625 0.909369140625 0.810986328125 0.8921357421875 0.7535966796875 0.886279296875 0.7534892578125
9 0.93316796875 0.9203359375 0.9565185546875 0.999642578125 0.96177734375 0.99901171875 0.939689453125 0.9213876953125 0.93316796875 0.9203359375
9 1 0.7996953125 0.99605078125 0.7882392578125 0.978072265625 0.781716796875 0.97912890625 0.7855947265625 0.99922265625 0.850634765625 1 0.7996953125
9 0.9353203125 0.65098828125 0.9574755859375 0.70941796875 0.9746357421875 0.71723828125 0.9544345703125 0.6601103515625 0.9353203125 0.65098828125
9 0.89833984375 0.53678125 0.91602734375 0.58442578125 0.9310390625 0.59275 0.914689453125 0.5463759765625 0.89833984375 0.53678125
2 0.168791015625 0 0.000375 0.2277744140625 0 0.2295791015625 0 1 1 1 1 0.5281845703125 0.9014140625 0.4586650390625 0.9010234375 0.4572978515625 0.903171875 0.4533916015625 0.90307421875 0.4507548828125 0.769833984375 0.35308984375 0.784482421875 0.33941796875 0.784873046875 0.3350234375 0.785849609375 0.33433984375 0.789169921875 0.33043359375 0.789072265625 0.32750390625 0.6999169921875 0.2580830078125 0.6973779296875 0.2577900390625 0.6939599609375 0.2595478515625 0.6939599609375 0.2576923828125 0.69190625 0.2577900390625 0.6620234375 0.2745869140625 0.6128037109375 0.23837890625 0.6408310546875 0.220853515625 0.6441513671875 0.216458984375 0.6434677734375 0.213626953125 0.525 0.12353515625 0.5234375 0.12353515625 0.519921875 0.1263671875 0.51904296875 0.1232421875 0.5170341796875 0.1233701171875 0.48663671875 0.1468232421875 0.2853896484375 0 0.168791015625 0
9 0.8597568359375 0.9148037109375 0.8534892578125 0.905265625 0.84940234375 0.9003603515625 0.84013671875 0.89954296875 0.8673876953125 0.991650390625 0.8733828125 0.98865234375 0.8548515625 0.917255859375 0.8597568359375 0.9148037109375
0 0.584568359375 0.708337890625 0.585919921875 0.718130859375 0.6369130859375 0.7017529296875 0.718130859375 0.7301201171875 0.717962890625 0.7216767578125 0.7054677734375 0.7167802734375 0.7054677734375 0.7107021484375 0.6335361328125 0.6840234375 0.591998046875 0.6965185546875 0.5909853515625 0.7058046875 0.584568359375 0.708337890625
0 0.55849609375 0.51318359375 0.5587890625 0.5216796875 0.6044921875 0.49970703125 0.677869140625 0.5377421875 0.679529296875 0.535984375 0.679333984375 0.52983203125 0.670056640625 0.5254375 0.668787109375 0.52241015625 0.6012841796875 0.4872578125 0.564453125 0.504296875 0.56328125 0.5095703125 0.55849609375 0.51318359375
0 0.5376953125 0.353515625 0.53916015625 0.36005859375 0.5775390625 0.33544921875 0.647296875 0.37890625 0.64798046875 0.37666015625 0.6476875 0.37138671875 0.576861328125 0.325501953125 0.573638671875 0.325892578125 0.54365234375 0.3451171875 0.54228515625 0.3490234375 0.5376953125 0.353515625
0 0.72490234375 0.462890625 0.7255859375 0.46943359375 0.76435546875 0.45224609375 0.813275390625 0.483595703125 0.813666015625 0.480470703125 0.812689453125 0.475099609375 0.761419921875 0.441529296875 0.758294921875 0.442115234375 0.73017578125 0.45615234375 0.72890625 0.46005859375 0.72490234375 0.462890625
0 0.758984375 0.607421875 0.76005859375 0.61513671875 0.80166015625 0.60146484375 0.85437890625 0.6263671875 0.85584375 0.62353515625 0.85516015625 0.61650390625 0.79812890625 0.5873046875 0.76318359375 0.5990234375 0.7630859375 0.60517578125 0.758984375 0.607421875
0 0.7989150390625 0.77824609375 0.7999169921875 0.786513671875 0.84939453125 0.776994140625 0.9025146484375 0.79501953125 0.9031416015625 0.79113671875 0.9016376953125 0.785875 0.85228515625 0.76403125 0.84101171875 0.7603994140625 0.803548828125 0.7679755859375 0.8037998046875 0.7758662109375 0.7989150390625 0.77824609375
8 0.900978515625 0.76935546875 0.900119140625 0.7656728515625 0.8987685546875 0.7610068359375 0.8952080078125 0.75597265625 0.88833203125 0.7499560546875 0.882193359375 0.746150390625 0.8796142578125 0.745044921875 0.8780185546875 0.74578125 0.8769130859375 0.7418525390625 0.873720703125 0.74123828125 0.8707744140625 0.743203125 0.869423828125 0.746150390625 0.8670908203125 0.7454130859375 0.8632841796875 0.745291015625 0.8621796875 0.74774609375 0.8570224609375 0.7492197265625 0.8548125 0.7520439453125 0.8554267578125 0.7553583984375 0.8591103515625 0.75855078125 0.85653125 0.7610068359375 0.8581279296875 0.7626025390625 0.870283203125 0.76248046875 0.8899287109375 0.772302734375 0.893734375 0.7727939453125 0.8977861328125 0.7718115234375 0.900978515625 0.76935546875