2 0.535181640625 0 0.2952255859375 0.0407470703125 0.078359375 0.0808662109375 0.0388662109375 0.391794921875 0 0.661349609375 0 0.7039765625 0.97809765625 0.6656494140625 0.98573828125 0.7327236328125 0.9205947265625 0.747513671875 0.93827734375 0.894873046875 1 0.8938017578125 1 0.30214453125 0.9543369140625 0 0.535181640625 0
8 0.96572265625 0.8060302734375 0.962935546875 0.7932861328125 0.94979296875 0.7869150390625 0.9334658203125 0.7745693359375 0.9266953125 0.7709853515625 0.923111328125 0.775763671875 0.9171376953125 0.792091796875 0.908775390625 0.792888671875 0.885279296875 0.7897021484375 0.85700390625 0.7885078125 0.853818359375 0.7936845703125 0.87373046875 0.7940830078125 0.8992177734375 0.79607421875 0.9132705078125 0.802875 0.9215185546875 0.8335087890625 0.912359375 0.834703125 0.90479296875 0.829923828125 0.8956328125 0.82633984375 0.885279296875 0.830720703125 0.900810546875 0.8482431640625 0.907978515625 0.8665625 0.9253857421875 0.886212890625 0.9446513671875 0.8923134765625 0.9542841796875 0.8948818359375 0.970017578125 0.9141474609375 0.9719443359375 0.9468994140625 0.998916015625 0.9446513671875 1 0.9112578125 0.99634765625 0.865984375 0.98703515625 0.863736328125 0.98382421875 0.8454345703125 0.9761181640625 0.8383701171875 0.9664853515625 0.8133251953125 0.96572265625 0.8060302734375
5 0 0.941755859375 0.1534814453125 0.9444482421875 0.2248369140625 0.9484873046875 0.2520400390625 0.9942265625 0.3777373046875 1 0.3815234375 0.94955078125 0.394396484375 0.9472783203125 0.6072880859375 0.95863671875 0.9222900390625 0.9646943359375 0.9256982421875 0.8938125 0.9177265625 0.734380859375 0.4332578125 0.7436513671875 0 0.7490400390625 0 0.941755859375
9 0.40479296875 0.146099609375 0.4050947265625 0.073955078125 0.342912109375 0.0866337890625 0.337630859375 0.154599609375 0.40479296875 0.146099609375
9 0.4010234375 0.3066650390625 0.4017529296875 0.2225205078125 0.336333984375 0.2310322265625 0.33390234375 0.312501953125 0.4010234375 0.3066650390625
9 0.3973515625 0.47475390625 0.3983525390625 0.3890107421875 0.328291015625 0.3950166015625 0.324287109375 0.4794248046875 0.3973515625 0.47475390625
9 0.3188779296875 0.611046875 0.343544921875 0.6207783203125 0.340701171875 0.6716298828125 0.38955859375 0.6713046875 0.3928154296875 0.5908515625 0.32083203125 0.592806640625 0.3188779296875 0.611046875
9 0.5999462890625 0.662037109375 0.5959140625 0.5572080078125 0.512857421875 0.56177734375 0.5144697265625 0.6644560546875 0.5999462890625 0.662037109375
9 0.59295703125 0.4596357421875 0.589462890625 0.3706650390625 0.5131259765625 0.3773857421875 0.51339453125 0.4660869140625 0.59295703125 0.4596357421875
9 0.5875810546875 0.2803505859375 0.58301171875 0.2002509765625 0.509900390625 0.208314453125 0.5104375 0.289490234375 0.5875810546875 0.2803505859375
9 0.5819365234375 0.1147744140625 0.5787109375 0.043275390625 0.50775 0.0551025390625 0.508556640625 0.1266015625 0.5819365234375 0.1147744140625
8 0.233859375 0.9331650390625 0.236240234375 0.9197744140625 0.2415966796875 0.9063837890625 0.2493330078125 0.8992421875 0.252904296875 0.88406640625 0.256474609375 0.862046875 0.26926953125 0.8516318359375 0.2710556640625 0.83705078125 0.27254296875 0.8221728515625 0.2671865234375 0.8129482421875 0.258259765625 0.8114599609375 0.25230859375 0.8129482421875 0.2451669921875 0.8081875 0.253796875 0.807294921875 0.260044921875 0.809080078125 0.2645087890625 0.8037236328125 0.261310546875 0.7849052734375 0.2563583984375 0.7774775390625 0.2450791015625 0.77417578125 0.2384765625 0.7730751953125 0.22884765625 0.7794033203125 0.216466796875 0.7846298828125 0.203537109375 0.7865556640625 0.1961083984375 0.789857421875 0.187580078125 0.7986611328125 0.181513671875 0.8119267578125 0.1785361328125 0.8263857421875 0.2019375 0.8272724609375 0.2168759765625 0.830259765625 0.2237470703125 0.8374296875 0.2258388671875 0.846392578125 0.2153818359375 0.8619287109375 0.2007421875 0.8708916015625 0.1881943359375 0.875373046875 0.187 0.882244140625 0.1917802734375 0.8843359375 0.1935341796875 0.8950546875 0.1951552734375 0.92228515625 0.1945068359375 0.9453017578125 0.2236826171875 0.9459501953125 0.2308837890625 0.956671875 0.23534765625 0.9486376953125 0.233859375 0.9331650390625
8 0.4432314453125 0.9506982421875 0.4418037109375 0.887533203125 0.4981884765625 0.88610546875 0.51175 0.8803955078125 0.5174599609375 0.866833984375 0.534232421875 0.8589833984375 0.551005859375 0.8511318359375 0.56563671875 0.84042578125 0.582052734375 0.8347158203125 0.556001953125 0.8236533203125 0.563138671875 0.8133037109375 0.587048828125 0.81258984375 0.5941865234375 0.8036689453125 0.5540478515625 0.7884521484375 0.5377099609375 0.78667578125 0.5178212890625 0.780994140625 0.50775390625 0.7711474609375 0.4955185546875 0.7714873046875 0.4897412109375 0.7786240234375 0.474787109375 0.7786240234375 0.465951171875 0.766388671875 0.4576435546875 0.76156640625 0.44638671875 0.76825 0.4382958984375 0.7693046875 0.4337236328125 0.7812646484375 0.4245771484375 0.779857421875 0.41859765625 0.778802734375 0.415080078125 0.793224609375 0.4073408203125 0.792521484375 0.395380859375 0.806240234375 0.401712890625 0.8122197265625 0.4136728515625 0.82453125 0.412265625 0.83825 0.40523046875 0.8386025390625 0.4126171875 0.8463408203125 0.4302060546875 0.83086328125 0.4516630859375 0.8259384765625 0.476287109375 0.8294560546875 0.4896533203125 0.8378984375 0.4928193359375 0.8509140625 0.483322265625 0.864984375 0.463271484375 0.874833984375 0.439703125 0.8804619140625 0.4218466796875 0.8820419921875 0.4052958984375 0.8784091796875 0.415791015625 0.89415234375 0.4319384765625 0.9115107421875 0.42709375 0.938154296875 0.4283056640625 0.95187890625 0.4432314453125 0.9506982421875
3 0 0.990146484375 0.0941591796875 0.9942841796875 0.2027578125 0.9997998046875 0.2613671875 0.9997998046875 0.2617119140625 0.9505 0.2220244140625 0.886029296875 0.0972216796875 0.883271484375 0 0.8839609375 0 0.990146484375
3 1 0.9681201171875 0.9857294921875 0.96666796875 0.9794365234375 0.8940595703125 0.520365234375 0.8872822265625 0.3945087890625 0.8848623046875 0.3949931640625 0.9473056640625 0.3833759765625 0.9511787109375 0.37853515625 1 1 1 1 0.9681201171875
7 0.15372265625 0.841986328125 0.1474228515625 0.8505830078125 0.147041015625 0.8626171875 0.150859375 0.8721689453125 0.1670859375 0.8803837890625 0.182931640625 0.87847265625 0.1869404296875 0.873697265625 0.212140625 0.8624267578125 0.223404296875 0.84714453125 0.2207314453125 0.8383564453125 0.217294921875 0.8330078125 0.20622265625 0.8295693359375 0.1922861328125 0.828041015625 0.1863681640625 0.828232421875 0.181234375 0.828158203125 0.1661318359375 0.8330078125 0.15372265625 0.841986328125
7 0.4261943359375 0.8786435546875 0.44476953125 0.877416015625 0.4622939453125 0.8732080078125 0.483322265625 0.863037109375 0.4917333984375 0.8498857421875 0.4889296875 0.8395400390625 0.475611328125 0.830421875 0.4500263671875 0.8277919921875 0.431451171875 0.832 0.413751953125 0.8467294921875 0.4104228515625 0.851814453125 0.408712890625 0.8596728515625 0.414978515625 0.8714541015625 0.4261943359375 0.8786435546875