9 0.4849091796875 0.1110634765625 0.4781337890625 0.0262314453125 0.362650390625 0.082794921875 0.3658916015625 0.1629130859375 0.4849091796875 0.1110634765625
9 0.5049189453125 0.3209140625 0.4950615234375 0.216498046875 0.370201171875 0.26578515625 0.3753115234375 0.363994140625 0.5049189453125 0.3209140625
9 0.527314453125 0.5721923828125 0.515607421875 0.443412109375 0.3785341796875 0.483412109375 0.3848759765625 0.604875 0.527314453125 0.5721923828125
9 0.19581640625 0.617412109375 0.200880859375 0.4975595703125 0.0966201171875 0.5256669921875 0.08851171875 0.643232421875 0.19581640625 0.617412109375
9 0.2051904296875 0.372025390625 0.2083095703125 0.273171875 0.1072734375 0.314646484375 0.108208984375 0.406015625 0.2051904296875 0.372025390625
9 0.212189453125 0.1685244140625 0.214078125 0.0871611328125 0.1227353515625 0.13430078125 0.1227353515625 0.208177734375 0.212189453125 0.1685244140625
9 0.1343095703125 0 0.133830078125 0.0374150390625 0.2005048828125 0 0.1343095703125 0
9 0.0622841796875 0.1447060546875 0.0681376953125 0.084060546875 0.031142578125 0.1051337890625 0.0273955078125 0.161564453125 0.0622841796875 0.1447060546875
9 0.0465478515625 0.3018466796875 0.0534013671875 0.2275986328125 0.0128505859375 0.2475888671875 0.009708984375 0.3169814453125 0.0465478515625 0.3018466796875
9 0 0.4926982421875 0.028072265625 0.4858603515625 0.036349609375 0.3926474609375 0 0.40740234375 0 0.4926982421875
9 0 0.6978994140625 0.0028759765625 0.6935849609375 0.0167763671875 0.5857373046875 0 0.587654296875 0 0.6978994140625
9 0.828890625 0.4822158203125 0.81423828125 0.4612353515625 0.833220703125 0.5591435546875 0.843876953125 0.5571455078125 0.83022265625 0.4882099609375 0.828890625 0.4822158203125
0 0.8539169921875 0.10807421875 0.89065234375 0.2297333984375 0.89630859375 0.2084130859375 0.8610654296875 0.0787529296875 0.780171875 0.0984111328125 0.7837314453125 0.1251123046875 0.8539169921875 0.10807421875
0 0.8921923828125 0.2686689453125 0.931236328125 0.3864765625 0.9329951171875 0.36053515625 0.8987001953125 0.2321494140625 0.8125234375 0.249296875 0.8150400390625 0.2829033203125 0.8921923828125 0.2686689453125
0 0.9353779296875 0.440865234375 0.972861328125 0.531650390625 0.976537109375 0.5090009765625 0.9761142578125 0.5064619140625 0.9439580078125 0.4044931640625 0.8476865234375 0.420232421875 0.8518125 0.4518701171875 0.9353779296875 0.440865234375
5 0.8329697265625 1 0.7775185546875 0.6750556640625 0 0.7956005859375 0 1 0.8329697265625 1
5 0.9352421875 0.9995654296875 0.97690625 0.956439453125 0.97690625 0.950591796875 0.996275390625 0.9282978515625 0.9999306640625 0.9282978515625 0.954125 0.764330078125 0.843146484375 0.693736328125 0.9043583984375 1 0.9352421875 0.9995654296875
2 0 0 0 1 0.9224619140625 1 0.935634765625 1 0.9774326171875 0.956787109375 0.9774326171875 0.9509609375 0.99655859375 0.929048828125 1 0.929111328125 1 0.4674873046875 0.9919365234375 0.4621982421875 0.981154296875 0.461791015625 0.9768818359375 0.458740234375 0.9766787109375 0.456298828125 0.975865234375 0.4532470703125 0.9671171875 0.445720703125 0.933787109375 0.32179296875 0.8992626953125 0.1908544921875 0.8471875 0 0 0
6 1 0.9294921875 0.99662109375 0.9294921875 0.977734375 0.951171875 0.97783203125 0.9568359375 0.937109375 0.99853515625 0.9355859375 1 1 1 1 0.9294921875