9 0.4092509765625 0.794810546875 0.4061220703125 0.6844169921875 0.3652197265625 0.6908994140625 0.366560546875 0.7992802734375 0.4092509765625 0.794810546875
9 0.4774921875 0.7881806640625 0.471634765625 0.674361328125 0.4257958984375 0.68249609375 0.4313984375 0.7935283203125 0.4774921875 0.7881806640625
9 0.3646103515625 0.53027734375 0.36643359375 0.60916015625 0.40211328125 0.6018681640625 0.39976953125 0.521943359375 0.3646103515625 0.53027734375
9 0.4633154296875 0.588845703125 0.4586279296875 0.5018720703125 0.418 0.5130888671875 0.421125 0.595357421875 0.4633154296875 0.588845703125
9 0.396904296875 0.427115234375 0.39586328125 0.379455078125 0.36565234375 0.389091796875 0.3653916015625 0.43701171875 0.396904296875 0.427115234375
9 0.444564453125 0.36252734375 0.411228515625 0.3729443359375 0.412791015625 0.420865234375 0.4466474609375 0.411228515625 0.444564453125 0.36252734375
9 0.415478515625 0.9408056640625 0.414783203125 0.895892578125 0.365935546875 0.8973173828125 0.3657373046875 0.9402705078125 0.415478515625 0.9408056640625
9 0.436435546875 0.941515625 0.4899990234375 0.9434658203125 0.4870087890625 0.89354296875 0.436435546875 0.894453125 0.436435546875 0.941515625
9 0.7188095703125 0.94831640625 0.7109296875 0.8830595703125 0.631390625 0.884291015625 0.6336064453125 0.9461005859375 0.7188095703125 0.94831640625
9 0.6971396484375 0.8005654296875 0.671283203125 0.64346875 0.5996240234375 0.6555224609375 0.616861328125 0.8069677734375 0.6971396484375 0.8005654296875
9 0.652171875 0.5425068359375 0.64099609375 0.4505361328125 0.575103515625 0.46846484375 0.586978515625 0.5564765625 0.652171875 0.5425068359375
9 0.619109375 0.35623828125 0.614685546875 0.315724609375 0.5671875 0.3338857421875 0.570912109375 0.37044140625 0.619109375 0.35623828125
9 0.8478095703125 0.2246103515625 0.863412109375 0.2790712890625 0.9314130859375 0.255814453125 0.9113955078125 0.1998828125 0.8478095703125 0.2246103515625
9 1 0.4383291015625 0.9729208984375 0.36620703125 0.8863740234375 0.38828515625 0.91433984375 0.485724609375 1 0.467767578125 1 0.4383291015625
9 1 0.584126953125 0.94269140625 0.59647265625 0.9928994140625 0.7758828125 1 0.775333984375 1 0.584126953125
9 0.6046748046875 0.2153466796875 0.601576171875 0.194896484375 0.561294921875 0.212712890625 0.5637744140625 0.2308388671875 0.6046748046875 0.2153466796875
9 0.878994140625 0.1088779296875 0.8717978515625 0.08928515625 0.82075 0.109291015625 0.8254150390625 0.1316689453125 0.878994140625 0.1088779296875
9 0.40507421875 0.294146484375 0.404607421875 0.2763857421875 0.3753173828125 0.28931640625 0.3757841796875 0.305052734375 0.40507421875 0.294146484375
9 0.2628369140625 0.397294921875 0.2624931640625 0.436765625 0.2793359375 0.448939453125 0.280169921875 0.408748046875 0.2628369140625 0.397294921875
9 0.260916015625 0.5352138671875 0.2584619140625 0.60326953125 0.272755859375 0.608611328125 0.2746337890625 0.5459453125 0.260916015625 0.5352138671875
9 0 0.575552734375 0.00875 0.574677734375 0.0196884765625 0.51189453125 0 0.51670703125 0 0.575552734375
9 0.0380634765625 0.3780146484375 0.041345703125 0.350669921875 0.0155322265625 0.359638671875 0.0109375 0.3876396484375 0.0380634765625 0.3780146484375
9 0.055564453125 0.253322265625 0.056439453125 0.2371337890625 0.0374072265625 0.246103515625 0.0236259765625 0.255947265625 0.0236259765625 0.267541015625 0.055564453125 0.253322265625
9 0.255583984375 0.690673828125 0.251896484375 0.80083984375 0.2715859375 0.8035556640625 0.2736669921875 0.6981708984375 0.255583984375 0.690673828125
9 0.2498828125 0.9023291015625 0.2501083984375 0.93728515625 0.2742392578125 0.9361572265625 0.273111328125 0.9039072265625 0.2498828125 0.9023291015625
0 0 0.8181611328125 0.0380634765625 0.818361328125 0.042470703125 0.7598642578125 0 0.7482705078125 0 0.8181611328125
0 1 0.3981884765625 0.7501474609375 0.4601123046875 0.5100068359375 0.519880859375 0.5138046875 0.573615234375 0.5150595703125 0.580798828125 0.7658935546875 0.52591796875 1 0.4777216796875 1 0.3981884765625
0 1 0.68101953125 0.740150390625 0.713814453125 0.535259765625 0.73891796875 0.54740625 0.8279931640625 1 0.7879091796875 1 0.68101953125
1 0.999794921875 1 1 0.9945390625 0.993611328125 0.9890419921875 0.8654775390625 0.97564453125 0.669208984375 0.9667119140625 0.5111826171875 0.9708349609375 0.4199716796875 0.9803095703125 0.3169619140625 0.9889990234375 0.2588046875 0.99525 0.252693359375 0.9954150390625 0.2480693359375 0.99343359375 0.2411279296875 0.988208984375 0.2233544921875 0.98307421875 0.197681640625 0.9678681640625 0.18366015625 0.9684599609375 0.1818828125 0.97102734375 0.1816845703125 0.9799140625 0.184251953125 0.988603515625 0.1767421875 1 0.999794921875 1
8 1 0.9172177734375 0.991490234375 0.9127431640625 0.96956640625 0.9109541015625 0.9561435546875 0.9167705078125 0.9498798828125 0.92482421875 0.9344140625 0.9174169921875 0.9220107421875 0.929361328125 0.914201171875 0.9247666015625 0.9027158203125 0.9201728515625 0.8958251953125 0.9137412109375 0.88571875 0.912822265625 0.8567763671875 0.91236328125 0.84712890625 0.9174169921875 0.838859375 0.911904296875 0.8457509765625 0.897662109375 0.8549384765625 0.8769892578125 0.8457509765625 0.862748046875 0.8370224609375 0.8645859375 0.8310498046875 0.84253515625 0.8282939453125 0.808080078125 0.8177275390625 0.7782197265625 0.8071611328125 0.758005859375 0.79337890625 0.7524931640625 0.7718935546875 0.710517578125 0.76864453125 0.7014921875 0.7621455078125 0.6996865234375 0.7598447265625 0.7122646484375 0.754158203125 0.7144462890625 0.7467109375 0.7141220703125 0.738939453125 0.690162109375 0.7279306640625 0.6843330078125 0.726958984375 0.6878955078125 0.7366728515625 0.7273984375 0.7276064453125 0.7144462890625 0.72275 0.70894140625 0.7159501953125 0.7160654296875 0.709474609375 0.6804482421875 0.70429296875 0.6768857421875 0.703322265625 0.680771484375 0.705912109375 0.71509375 0.6994365234375 0.7186552734375 0.6948642578125 0.7288623046875 0.6841787109375 0.7321005859375 0.68320703125 0.7421376953125 0.678998046875 0.7499091796875 0.6705791015625 0.7515283203125 0.6712265625 0.758328125 0.6741416015625 0.76383203125 0.66572265625 0.78487890625 0.6663701171875 0.80009765625 0.65633203125 0.8033349609375 0.645775390625 0.782083984375 0.6325634765625 0.7485712890625 0.6261181640625 0.7237587890625 0.624185546875 0.70732421875 0.61741796875 0.6741328125 0.612583984375 0.6667216796875 0.6074287109375 0.6631767578125 0.6019501953125 0.6638212890625 0.5974384765625 0.670587890625 0.592927734375 0.679611328125 0.594216796875 0.696044921875 0.5974404296875 0.7366943359375 0.6154091796875 0.8350693359375 0.6023818359375 0.8206953125 0.57318359375 0.7407373046875 0.56958984375 0.7151318359375 0.5637509765625 0.7124375 0.5579111328125 0.71288671875 0.5592587890625 0.7182763671875 0.5615048828125 0.7326513671875 0.58306640625 0.819796875 0.5574619140625 0.7717314453125 0.5439853515625 0.744779296875 0.534552734375 0.742982421875 0.530958984375 0.748373046875 0.536798828125 0.767240234375 0.5399423828125 0.7892509765625 0.537697265625 0.7937431640625 0.531857421875 0.7968876953125 0.535451171875 0.805421875 0.533654296875 0.81216015625 0.530509765625 0.819796875 0.5516220703125 0.8548349609375 0.5557197265625 0.87234375 0.55359765625 0.881541015625 0.5481728515625 0.8895595703125 0.5326083984375 0.890974609375 0.5250615234375 0.89451171875 0.5101376953125 0.8952197265625 0.5018837890625 0.8963984375 0.4992890625 0.9022939453125 0.5018837890625 0.910548828125 0.500232421875 0.918802734375 0.502826171875 0.92611328125 0.5054208984375 0.9357822265625 0.4992890625 0.940970703125 0.4782998046875 0.9435654296875 0.4716962890625 0.940970703125 0.46698046875 0.9388486328125 0.459638671875 0.9426220703125 0.4296884765625 0.9414423828125 0.4072841796875 0.9426220703125 0.3959638671875 0.939083984375 0.384408203125 0.942857421875 0.3726171875 0.9414423828125 0.3624755859375 0.9397919921875 0.3401015625 0.9386123046875 0.3320830078125 0.938140625 0.3245361328125 0.9331884765625 0.315810546875 0.926349609375 0.3085 0.919509765625 0.3143955078125 0.9110205078125 0.3134521484375 0.8980498046875 0.3089716796875 0.89191796875 0.3068486328125 0.8876728515625 0.3023681640625 0.8857861328125 0.2903408203125 0.9013505859375 0.2839736328125 0.9107841796875 0.2790205078125 0.92351953125 0.2794921875 0.93743359375 0.253787109375 0.938376953125 0.2523720703125 0.9218681640625 0.2521357421875 0.9063037109375 0.2514287109375 0.8930966796875 0.2457685546875 0.881541015625 0.2389296875 0.8782392578125 0.2337412109375 0.8744658203125 0.2290244140625 0.8791826171875 0.2280810546875 0.8883798828125 0.224041015625 0.9006435546875 0.2216826171875 0.911255859375 0.21932421875 0.920689453125 0.220974609375 0.928236328125 0.218380859375 0.9294150390625 0.2136640625 0.9265849609375 0.2084755859375 0.92611328125 0.2056455078125 0.928236328125 0.196212890625 0.940970703125 0.174515625 0.9449794921875 0.143150390625 0.9449794921875 0.12333984375 0.9452158203125 0.08537109375 0.947337890625 0.07523046875 0.945451171875 0.07263671875 0.948517578125 0.048345703125 0.948517578125 0.044572265625 0.9426220703125 0.0391484375 0.9395556640625 0.0386767578125 0.93625390625 0.046458984375 0.9258779296875 0.0478740234375 0.917623046875 0.0568359375 0.907482421875 0.0801826171875 0.8671552734375 0.079947265625 0.8596083984375 0.076173828125 0.8570146484375 0.0693349609375 0.856306640625 0.0700419921875 0.8459306640625 0.065796875 0.83885546875 0.0643818359375 0.8331953125 0.0620234375 0.8298935546875 0.0569267578125 0.829083984375 0.051212890625 0.83057421875 0.0489765625 0.8347978515625 0.0459951171875 0.8347978515625 0.049970703125 0.8211337890625 0.0532001953125 0.8174072265625 0.0581689453125 0.8111962890625 0.0569267578125 0.807220703125 0.0522060546875 0.8037431640625 0.0579208984375 0.7880908203125 0.0571748046875 0.7826259765625 0.0517099609375 0.7791474609375 0.0479833984375 0.7793955078125 0.0464921875 0.7875947265625 0.0432626953125 0.793556640625 0.0430146484375 0.7843642578125 0.0407783203125 0.78088671875 0.035560546875 0.7788994140625 0.035064453125 0.7694580078125 0.0310888671875 0.7664775390625 0.023138671875 0.76722265625 0.0211513671875 0.772439453125 0.025623046875 0.7880908203125 0.021400390625 0.78709765625 0.0191640625 0.788587890625 0.0184189453125 0.7943017578125 0.0141953125 0.7943017578125 0.009474609375 0.7962900390625 0.005251953125 0.8000166015625 0 0.8027490234375 0 1 0.1757666015625 1 0.1834677734375 0.9880390625 0.1794931640625 0.974126953125 0.1849580078125 0.9674189453125 0.1986220703125 0.9676669921875 0.2279384765625 0.9835673828125 0.23986328125 0.9862998046875 0.2517880859375 0.99425 0.2579990234375 0.9949951171875 0.301169921875 0.989529296875 0.3687451171875 0.9843125 0.4596640625 0.974623046875 0.517798828125 0.969654296875 0.5868623046875 0.9681640625 0.6705859375 0.965927734375 0.741888671875 0.968412109375 0.8066787109375 0.971890625 0.8672978515625 0.9751201171875 0.936861328125 0.982076171875 0.9944990234375 0.9885361328125 1 0.992494140625 1 0.9172177734375
2 0 0.9464833984375 0.0224755859375 0.9464833984375 0.03567578125 0.942203125 0.0424541015625 0.947197265625 0.0756328125 0.9464833984375 0.13806640625 0.943986328125 0.1452197265625 0.947103515625 0.1896806640625 0.943630859375 0.2170263671875 0.9375546875 0.2803984375 0.9392900390625 0.300798828125 0.936251953125 0.3215908203125 0.9398818359375 0.43601953125 0.9408583984375 0.55710546875 0.9432998046875 0.6640205078125 0.9481826171875 0.74848828125 0.9452529296875 0.8197724609375 0.9516005859375 0.9432998046875 0.9437880859375 0.99066015625 0.9447646484375 0.999865234375 0.9427763671875 1 0.059408203125 0.9192119140625 0.09164453125 0.87748828125 0.06106640625 0.8390390625 0.073349609375 0.7986171875 0.0928408203125 0.805826171875 0.1343046875 0.6272890625 0.203228515625 0.6084111328125 0.1712333984375 0.5776083984375 0.179580078125 0.5472041015625 0.195142578125 0.54919140625 0.232501953125 0.4341181640625 0.2786064453125 0.4114638671875 0.2525732421875 0.4060986328125 0.2525732421875 0.355720703125 0.273244140625 0.355720703125 0.2784111328125 0.3592978515625 0.282783203125 0.3608876953125 0.310802734375 0.3428037109375 0.3173603515625 0.341015625 0.2759052734375 0.31120703125 0.2484814453125 0.2929248046875 0.2524560546875 0.2919306640625 0.2597763671875 0.2921298828125 0.327740234375 0.2867646484375 0.332310546875 0.143279296875 0.2082119140625 0.1391064453125 0.2080126953125 0.0784951171875 0.23787109375 0.0592197265625 0.2249541015625 0.035173828125 0.2331025390625 0.013314453125 0.246615234375 0.0101494140625 0.2515068359375 0.011734375 0.2549951171875 0.00824609375 0.2724384765625 0 0.27578125 0 0.9464833984375