2 1 0.946892578125 0.92310546875 0.735189453125 0.90766796875 0.6923349609375 0.8837421875 0.6290380859375 0.8841962890625 0.6270693359375 0.8854072265625 0.623283203125 0.8835908203125 0.61980078125 0.8779921875 0.618802734375 0.7565263671875 0.53838671875 0.4100810546875 0.318994140625 0.039470703125 0.07894140625 0 0.053513671875 0 1 1 1 1 0.946892578125
9 0.0796015625 0.4010791015625 0.076134765625 0.4493212890625 0.1996455078125 0.4958349609375 0.1996005859375 0.4542265625 0.0796015625 0.4010791015625
9 0.10042578125 0.543931640625 0.097140625 0.599783203125 0.2034873046875 0.6303779296875 0.20206640625 0.576169921875 0.10042578125 0.543931640625
9 0.0830791015625 0.282771484375 0.0844267578125 0.3247626953125 0.19921484375 0.3815849609375 0.1991943359375 0.3449833984375 0.0830791015625 0.282771484375
9 0.0895927734375 0.1855146484375 0.0900419921875 0.217630859375 0.1973974609375 0.278271484375 0.1964990234375 0.247951171875 0.0895927734375 0.1855146484375
9 0 0.1639482421875 0.0407236328125 0.188845703125 0.0428330078125 0.1546640625 0 0.1287109375 0 0.1639482421875
9 0 0.283796875 0.031439453125 0.29898828125 0.033548828125 0.257421875 0 0.238220703125 0 0.283796875
9 0.0994296875 0.700322265625 0.10887890625 0.7696669921875 0.2057314453125 0.78534375 0.2044423828125 0.7207236328125 0.0994296875 0.700322265625
9 0.3625390625 0.782966796875 0.364005859375 0.8123115234375 0.398552734375 0.817646484375 0.3961513671875 0.7904365234375 0.3625390625 0.782966796875
9 0.4293642578125 0.82178125 0.424962890625 0.786568359375 0.4082900390625 0.7928369140625 0.410291015625 0.8199140625 0.4293642578125 0.82178125
9 0.3964619140625 0.6756494140625 0.396806640625 0.68689453125 0.4136748046875 0.691599609375 0.4104619140625 0.6678466796875 0.3964619140625 0.6756494140625
9 0.364373046875 0.67023828125 0.3636787109375 0.6773056640625 0.3812890625 0.68182421875 0.38059375 0.6746416015625 0.364373046875 0.67023828125
9 0.3883212890625 0.9211494140625 0.3924677734375 0.971529296875 0.413615234375 0.9719443359375 0.4086396484375 0.923015625 0.3883212890625 0.9211494140625
9 0.38236328125 0.570212890625 0.3975126953125 0.574908203125 0.39705859375 0.562486328125 0.38236328125 0.570212890625
9 0.2276630859375 0.9097880859375 0.2339208984375 0.96416796875 0.2796689453125 0.9684833984375 0.2768642578125 0.9121611328125 0.2276630859375 0.9097880859375
9 0.2252890625 0.7580849609375 0.226583984375 0.7895908203125 0.272763671875 0.7967119140625 0.27233203125 0.765421875 0.2252890625 0.7580849609375
9 0.22548046875 0.6282294921875 0.2238408203125 0.6365927734375 0.2645087890625 0.6490556640625 0.2645087890625 0.638068359375 0.22548046875 0.6282294921875
9 0.41342578125 0.3767568359375 0.4156650390625 0.4053076171875 0.4779443359375 0.4387568359375 0.4750048828125 0.412865234375 0.41342578125 0.3767568359375
9 0.42644140625 0.46380859375 0.4285400390625 0.492919921875 0.4925 0.523708984375 0.4876015625 0.4943193359375 0.42644140625 0.46380859375
9 0.4394638671875 0.5541181640625 0.4429853515625 0.5911630859375 0.5108759765625 0.6179248046875 0.5048193359375 0.583556640625 0.4394638671875 0.5541181640625
9 0.4526787109375 0.6591044921875 0.458474609375 0.704283203125 0.530255859375 0.7236025390625 0.5216357421875 0.682734375 0.4526787109375 0.6591044921875
9 0.471716796875 0.779994140625 0.47861328125 0.82952734375 0.551763671875 0.8408134765625 0.54361328125 0.7948330078125 0.471716796875 0.779994140625
9 0.4898994140625 0.9122919921875 0.500140625 0.9676767578125 0.57224609375 0.9674677734375 0.5611689453125 0.9152177734375 0.4898994140625 0.9122919921875
9 0.597853515625 0.9208125 0.6070576171875 0.97296875 0.6649404296875 0.97296875 0.65594140625 0.9240849609375 0.597853515625 0.9208125
9 0.573513671875 0.800341796875 0.5818994140625 0.8455439453125 0.6401923828125 0.854134765625 0.6303740234375 0.8117958984375 0.573513671875 0.800341796875
9 0.554287109375 0.694802734375 0.5591962890625 0.7324365234375 0.615443359375 0.74777734375 0.6093076171875 0.7119833984375 0.554287109375 0.694802734375
9 0.5352626953125 0.6023466796875 0.5397626953125 0.6295556640625 0.59478515625 0.6504189453125 0.5888505859375 0.6256640625 0.5352626953125 0.6023466796875
9 0.5184912109375 0.5121533203125 0.522376953125 0.537515625 0.57473828125 0.563287109375 0.5704423828125 0.5362880859375 0.5184912109375 0.5121533203125
9 0.503150390625 0.4307294921875 0.507650390625 0.4563154296875 0.559806640625 0.4829052734375 0.5536708984375 0.46038671875 0.503150390625 0.4307294921875
9 0.7391767578125 0.94008203125 0.73931640625 0.9461787109375 0.755505859375 0.964283203125 0.746466796875 0.965158203125 0.7467373046875 0.9735244140625 0.762716796875 0.9741396484375 0.75433984375 0.94008203125 0.7391767578125 0.94008203125
9 0.7146669921875 0.846357421875 0.721671875 0.86859765625 0.737607421875 0.87069921875 0.7302529296875 0.84390625 0.7146669921875 0.846357421875
9 0.67878515625 0.682818359375 0.67878515625 0.6860166015625 0.6894931640625 0.6889365234375 0.6868505859375 0.6792021484375 0.67878515625 0.682818359375
9 0.68980078125 0.5431015625 0.6923642578125 0.5576669921875 0.725572265625 0.5752607421875 0.7217275390625 0.560462890625 0.68980078125 0.5431015625
9 0.7066962890625 0.6047841796875 0.7120556640625 0.6292099609375 0.74573046875 0.64482421875 0.739205078125 0.6214462890625 0.7066962890625 0.6047841796875
9 0.7253095703125 0.6760947265625 0.732462890625 0.7052568359375 0.76928515625 0.718390625 0.7626005859375 0.69087109375 0.7253095703125 0.6760947265625
9 0.7491650390625 0.756048828125 0.7562861328125 0.7845341796875 0.7892822265625 0.7933173828125 0.781685546875 0.766494140625 0.7491650390625 0.756048828125
9 0.7724287109375 0.842455078125 0.7800244140625 0.875212890625 0.8158681640625 0.881384765625 0.80494921875 0.8493388671875 0.7724287109375 0.842455078125
9 0.7932080078125 0.9364501953125 0.800001953125 0.971552734375 0.839634765625 0.970703125 0.8314248046875 0.938998046875 0.7932080078125 0.9364501953125
9 0.7392880859375 0.568322265625 0.742537109375 0.5860146484375 0.769978515625 0.601359375 0.7651044921875 0.5818623046875 0.7392880859375 0.568322265625
9 0.7564384765625 0.631328125 0.7611328125 0.653353515625 0.7896572265625 0.6668935546875 0.7844208984375 0.6446875 0.7564384765625 0.631328125
9 0.7748662109375 0.6968662109375 0.7811259765625 0.7244716796875 0.811298828125 0.735544921875 0.803916015625 0.7100263671875 0.7748662109375 0.6968662109375
9 0.7971748046875 0.7713359375 0.8050390625 0.800224609375 0.8345703125 0.80841015625 0.8271875 0.7804833984375 0.7971748046875 0.7713359375
9 0.822701171875 0.8535478515625 0.8323408203125 0.884919921875 0.859681640625 0.8875498046875 0.8507431640625 0.8582802734375 0.822701171875 0.8535478515625
9 0.8415322265625 0.6352578125 0.8439912109375 0.644833984375 0.8602958984375 0.65350390625 0.85835546875 0.6441865234375 0.8415322265625 0.6352578125
9 0.858873046875 0.6830087890625 0.8643076171875 0.7030673828125 0.883072265625 0.7121259765625 0.878154296875 0.6934912109375 0.858873046875 0.6830087890625
9 0.8785068359375 0.7430576171875 0.8850556640625 0.7654189453125 0.907578125 0.7729267578125 0.900708984375 0.75136328125 0.8785068359375 0.7430576171875
9 0.9003896484375 0.805990234375 0.9056611328125 0.82994921875 0.92930078125 0.8369775390625 0.922751953125 0.8138173828125 0.9003896484375 0.805990234375
9 0.920880859375 0.87234765625 0.929431640625 0.9005126953125 0.9533212890625 0.9052900390625 0.943513671875 0.8768740234375 0.920880859375 0.87234765625
9 0.866236328125 0.643373046875 0.8711123046875 0.6604306640625 0.8884921875 0.6701826171875 0.8826904296875 0.6534130859375 0.866236328125 0.643373046875
9 0.8856767578125 0.6985 0.8932158203125 0.717986328125 0.906869140625 0.7239599609375 0.899189453125 0.7053271484375 0.8856767578125 0.6985
9 0.9048779296875 0.7545390625 0.911990234375 0.7750205078125 0.926498046875 0.7805673828125 0.9203818359375 0.761224609375 0.9048779296875 0.7545390625
9 0.9287734375 0.81641015625 0.93531640625 0.8385986328125 0.9481171875 0.84201171875 0.94299609375 0.8222421875 0.9287734375 0.81641015625
9 0.947974609375 0.8792763671875 0.9577880859375 0.9051630859375 0.9732919921875 0.9067275390625 0.964615234375 0.882263671875 0.947974609375 0.8792763671875
9 0.973806640625 0.9474814453125 0.9834814453125 0.9765068359375 0.996306640625 0.9765068359375 0.9877568359375 0.94883203125 0.973806640625 0.9474814453125
9 0.6958916015625 0.763544921875 0.69769921875 0.7720654296875 0.71007421875 0.7746591796875 0.70751171875 0.7619951171875 0.6958916015625 0.763544921875
9 0.2027548828125 0.8905673828125 0.13345703125 0.88669921875 0.1312001953125 0.96824609375 0.2053173828125 0.969212890625 0.2027548828125 0.8905673828125
8 0.12673046875 1 0.1286826171875 0.9962431640625 0.1318125 0.9915478515625 0.13146484375 0.9772890625 0.132681640625 0.9724609375 0.1345947265625 0.9642880859375 0.15371484375 0.96411328125 0.1571923828125 0.9616796875 0.1577138671875 0.956984375 0.1559755859375 0.9540283203125 0.1512802734375 0.9500283203125 0.14362890625 0.946724609375 0.138412109375 0.9460283203125 0.1375419921875 0.9395947265625 0.13962890625 0.9345517578125 0.1404990234375 0.92252734375 0.13962890625 0.9150498046875 0.1375419921875 0.911572265625 0.133716796875 0.90774609375 0.134064453125 0.8962783203125 0.1351083984375 0.8844541015625 0.1351083984375 0.877150390625 0.13284765625 0.8754111328125 0.1319775390625 0.85784765625 0.1319775390625 0.8545439453125 0.1302392578125 0.85071875 0.1265869140625 0.8505439453125 0.123109375 0.8547177734375 0.12276171875 0.84776171875 0.12415234375 0.8448056640625 0.1247802734375 0.841841796875 0.12879296875 0.8296708984375 0.1290595703125 0.8220478515625 0.1275888671875 0.8058984375 0.1262509765625 0.793861328125 0.124646484375 0.7897158203125 0.1217041015625 0.787576171875 0.119029296875 0.788779296875 0.11648828125 0.794931640625 0.1143486328125 0.8012177734375 0.1107373046875 0.8071015625 0.1127431640625 0.7970712890625 0.112208984375 0.78958203125 0.10859765625 0.7658349609375 0.107794921875 0.75526953125 0.106591796875 0.75192578125 0.10752734375 0.7461748046875 0.10966796875 0.736263671875 0.1061904296875 0.7259658203125 0.10191015625 0.718208984375 0.100439453125 0.7142197265625 0.1016435546875 0.7068642578125 0.1008408203125 0.6964326171875 0.100171875 0.685599609375 0.0992353515625 0.6756953125 0.1017763671875 0.66941015625 0.1024453125 0.6648623046875 0.1011083984375 0.6565703125 0.100439453125 0.641302734375 0.100974609375 0.6339462890625 0.1003056640625 0.6281953125 0.0980322265625 0.6201708984375 0.0962939453125 0.6176298828125 0.0962939453125 0.614287109375 0.0969619140625 0.5999912109375 0.100171875 0.5820703125 0.1031142578125 0.574580078125 0.1028466796875 0.566087890625 0.099369140625 0.56301171875 0.1012421875 0.550841796875 0.100439453125 0.541345703125 0.0991015625 0.536189453125 0.098166015625 0.534048828125 0.0995029296875 0.5301708984375 0.1013759765625 0.5260244140625 0.102712890625 0.515458984375 0.1016435546875 0.5093076171875 0.100974609375 0.5023525390625 0.0972294921875 0.497431640625 0.094287109375 0.4932861328125 0.0913447265625 0.4926171875 0.0873330078125 0.4940888671875 0.0842568359375 0.4924833984375 0.083052734375 0.4902099609375 0.0850595703125 0.4884716796875 0.0857275390625 0.480982421875 0.084658203125 0.477103515625 0.083587890625 0.4744287109375 0.0817158203125 0.4689658203125 0.0797099609375 0.4674951171875 0.0806455078125 0.4644189453125 0.0822509765625 0.461208984375 0.0825185546875 0.4554580078125 0.0825185546875 0.4518466796875 0.08158203125 0.4495732421875 0.07917578125 0.4464384765625 0.0781064453125 0.44349609375 0.07917578125 0.4385478515625 0.0778388671875 0.4319951171875 0.0736923828125 0.4233017578125 0.0699482421875 0.4131376953125 0.067541015625 0.398224609375 0.0639296875 0.3935439453125 0.058580078125 0.3889970703125 0.0572421875 0.38551953125 0.05991796875 0.3803037109375 0.062859375 0.3744189453125 0.0635283203125 0.368400390625 0.064197265625 0.361044921875 0.0629931640625 0.356498046875 0.0592392578125 0.353109375 0.05627734375 0.353533203125 0.054162109375 0.343166015625 0.0518349609375 0.338087890625 0.0495068359375 0.33597265625 0.0495068359375 0.3279326171875 0.0514111328125 0.3248310546875 0.052892578125 0.3186953125 0.051623046875 0.3131943359375 0.0473916015625 0.3072705078125 0.045064453125 0.299654296875 0.041890625 0.2962685546875 0.037236328125 0.295845703125 0.0308896484375 0.298595703125 0.026234375 0.3060009765625 0.026234375 0.310232421875 0.0192529296875 0.3159453125 0.0135400390625 0.3256767578125 0.012482421875 0.332447265625 0.00909765625 0.3373134765625 0.0082509765625 0.3426025390625 0.0074052734375 0.3457763671875 0.002115234375 0.3445068359375 0 0.348103515625 0 1 0.12673046875 1
8 0.292626953125 1 0.293138671875 0.996890625 0.294333984375 0.994841796875 0.2916025390625 0.993134765625 0.296724609375 0.9873291015625 0.2974072265625 0.9840859375 0.29467578125 0.9835732421875 0.281529296875 0.9922802734375 0.2851142578125 0.9876708984375 0.2851142578125 0.9840859375 0.2822119140625 0.982890625 0.2784560546875 0.9868173828125 0.2743583984375 0.9886953125 0.2750419921875 0.982548828125 0.2735048828125 0.97998828125 0.269408203125 0.9813544921875 0.2700908203125 0.9781103515625 0.281017578125 0.967525390625 0.27948046875 0.96428125 0.2772607421875 0.9578046875 0.27828515625 0.9525126953125 0.2777734375 0.9479033203125 0.2743583984375 0.9458544921875 0.267529296875 0.947732421875 0.26326171875 0.945341796875 0.263603515625 0.9417568359375 0.275724609375 0.927416015625 0.275212890625 0.9248544921875 0.2654814453125 0.9257080078125 0.2601884765625 0.9263916015625 0.258310546875 0.920416015625 0.2552373046875 0.918025390625 0.2506279296875 0.9253671875 0.253701171875 0.9168310546875 0.2535302734375 0.897708984375 0.24345703125 0.879783203125 0.23884765625 0.8746611328125 0.23304296875 0.873978515625 0.229287109375 0.877904296875 0.2291162109375 0.884392578125 0.2304814453125 0.8876357421875 0.2345791015625 0.8937822265625 0.236798828125 0.9067578125 0.2359453125 0.9173427734375 0.2335546875 0.9202451171875 0.2282626953125 0.9220986328125 0.23304296875 0.93268359375 0.2335546875 0.94087890625 0.2236533203125 0.936439453125 0.2217744140625 0.9391708984375 0.22604296875 0.944634765625 0.2236533203125 0.944634765625 0.22262890625 0.9490732421875 0.216994140625 0.9490732421875 0.2197265625 0.9593173828125 0.216482421875 0.9606826171875 0.2139208984375 0.9618779296875 0.212384765625 0.9639267578125 0.21904296875 0.9775849609375 0.213580078125 0.978609375 0.213580078125 0.983560546875 0.210677734375 0.9845849609375 0.2105068359375 0.993974609375 0.2093115234375 0.9996083984375 0.2134091796875 1 0.292626953125 1
8 0.3874853515625 0.9569697265625 0.3867216796875 0.951240234375 0.38462109375 0.9439833984375 0.3798466796875 0.9464658203125 0.3788916015625 0.937681640625 0.3741171875 0.927177734375 0.3779375 0.9707197265625 0.3798466796875 0.9711015625 0.3817568359375 0.9691923828125 0.38633984375 0.9630810546875 0.3874853515625 0.9569697265625
8 0.45031640625 0.970337890625 0.4602470703125 0.97129296875 0.4663583984375 0.9699560546875 0.4678857421875 0.965181640625 0.465021484375 0.9430283203125 0.4602470703125 0.9275595703125 0.456236328125 0.92278515625 0.452798828125 0.9208759765625 0.4489794921875 0.9338623046875 0.4464970703125 0.9384453125 0.445732421875 0.942837890625 0.4489794921875 0.9457021484375 0.45031640625 0.9508583984375 0.449361328125 0.9571611328125 0.4487880859375 0.9630810546875 0.4480244140625 0.9670908203125 0.4487880859375 0.968619140625 0.45031640625 0.970337890625
8 0.60701171875 0.999919921875 0.603802734375 0.9963544921875 0.6023759765625 0.992076171875 0.5989892578125 0.9867275390625 0.5920361328125 0.9801318359375 0.587580078125 0.9724658203125 0.5841923828125 0.970861328125 0.5820537109375 0.97157421875 0.581162109375 0.977279296875 0.577775390625 0.981736328125 0.57456640625 0.9858359375 0.5720703125 0.99171875 0.5729619140625 0.9977802734375 0.568326171875 0.9990283203125 0.566365234375 0.995998046875 0.5606611328125 0.994927734375 0.554599609375 0.996888671875 0.55192578125 0.9926103515625 0.5528173828125 0.98833203125 0.551390625 0.985123046875 0.5471123046875 0.9842314453125 0.538912109375 0.9874404296875 0.5469345703125 0.980666015625 0.5515693359375 0.9788837890625 0.55388671875 0.975318359375 0.55388671875 0.9722880859375 0.5508564453125 0.9710400390625 0.544794921875 0.97157421875 0.5346337890625 0.9701484375 0.5419423828125 0.963017578125 0.5449736328125 0.9567783203125 0.5449736328125 0.953212890625 0.5405166015625 0.950716796875 0.534990234375 0.956421875 0.535703125 0.953748046875 0.53427734375 0.9498251953125 0.5298203125 0.9489345703125 0.5205498046875 0.9523212890625 0.520728515625 0.945546875 0.5239375 0.9393076171875 0.5223330078125 0.9360986328125 0.518767578125 0.935029296875 0.5141328125 0.93716796875 0.5053974609375 0.9366337890625 0.5032578125 0.9380595703125 0.5036142578125 0.942337890625 0.506466796875 0.9466171875 0.508962890625 0.953212890625 0.5048623046875 0.9528564453125 0.4945224609375 0.9514296875 0.4911357421875 0.952677734375 0.49291796875 0.9567783203125 0.5004052734375 0.9601650390625 0.50521875 0.9653349609375 0.4977314453125 0.9664052734375 0.493630859375 0.96961328125 0.4982666015625 0.9730009765625 0.50183203125 0.977279296875 0.5016533203125 0.9801318359375 0.497375 0.981736328125 0.4950576171875 0.9853017578125 0.497552734375 0.9904716796875 0.5041494140625 0.9963544921875 0.502009765625 1 0.60701171875 0.999919921875
8 0.9617236328125 1 0.9653076171875 0.9929541015625 0.9660751953125 0.9855302734375 0.9688916015625 0.97503515625 0.9660751953125 0.967611328125 0.9645400390625 0.9617236328125 0.9576279296875 0.9548125 0.950716796875 0.954556640625 0.938685546875 0.9530205078125 0.9325419921875 0.9530205078125 0.927166015625 0.9527646484375 0.9248623046875 0.9458525390625 0.93023828125 0.9402216796875 0.9212783203125 0.92691015625 0.9082236328125 0.907029296875 0.902080078125 0.89960546875 0.8918408203125 0.8934619140625 0.88108984375 0.8885986328125 0.8728984375 0.8845029296875 0.86521875 0.883478515625 0.860611328125 0.8862939453125 0.8503720703125 0.892865234375 0.839876953125 0.89747265625 0.83296484375 0.894400390625 0.8266416015625 0.895359375 0.8232724609375 0.89940234375 0.8239462890625 0.9071494140625 0.818556640625 0.9091708984375 0.8158623046875 0.9162451171875 0.8263046875 0.92837109375 0.8279892578125 0.9384775390625 0.8289990234375 0.9472353515625 0.824283203125 0.947572265625 0.823609375 0.9536357421875 0.8303466796875 0.9644150390625 0.824283203125 0.9650888671875 0.8263046875 0.9731728515625 0.832705078125 0.9772158203125 0.838431640625 0.9829423828125 0.84213671875 0.992037109375 0.85089453125 0.997763671875 0.86137890625 1 0.9617236328125 1
8 1 0.7529853515625 0.9977587890625 0.751416015625 0.9914775390625 0.7501943359375 0.98798828125 0.74844921875 0.9850224609375 0.74234375 0.981533203125 0.7418203125 0.978916015625 0.7454833984375 0.9689716796875 0.7411220703125 0.9684482421875 0.73815625 0.967576171875 0.735015625 0.955712890625 0.734318359375 0.9534443359375 0.7315263671875 0.9479462890625 0.73144921875 0.945650390625 0.7328271484375 0.9438134765625 0.728923828125 0.93807421875 0.72961328125 0.9332529296875 0.7344345703125 0.9325634765625 0.74269921875 0.9277421875 0.7383369140625 0.922837890625 0.7363095703125 0.9797529296875 0.8944541015625 0.9936865234375 0.9277578125 0.9972353515625 0.9356494140625 1 0.9436748046875 1 0.7529853515625
8 0 0 0.0054228515625 0.0052900390625 0.0079619140625 0.0106611328125 0.0064970703125 0.01962890625 0.0051298828125 0.03017578125 0 0.02763671875 0 0.0357421875 0.0028837890625 0.0455078125 0.0035673828125 0.054296875 0 0.05322265625 0.0093291015625 0.060982421875 0.0187041015625 0.066744140625 0.0186064453125 0.061470703125 0.0130400390625 0.054634765625 0.0138212890625 0.043404296875 0.0121611328125 0.0274287109375 0.0138212890625 0.0187373046875 0.0155791015625 0.0148310546875 0.01640625 0.01162109375 0.028515625 0.02021484375 0.0349609375 0.0216796875 0.0392578125 0.02421875 0.04443359375 0.03134765625 0.04814453125 0.04375 0.050390625 0.04765625 0.04892578125 0.0494140625 0.0396484375 0.04521484375 0.03818359375 0.047265625 0.0462890625 0.05390625 0.04150390625 0.05751953125 0.032421875 0.0560546875 0.028515625 0.0583984375 0.02919921875 0.062109375 0.033203125 0.0625 0.03505859375 0.06279296875 0.03525390625 0.0650390625 0.03974609375 0.06474609375 0.04208984375 0.066796875 0.04609375 0.0642578125 0.04755859375 0.06005859375 0.05390625 0.0541015625 0.06357421875 0.0744140625 0.0671875 0.07392578125 0.07353515625 0.0716796875 0.0773095703125 0.07607421875 0.0798486328125 0.0826171875 0.0859033203125 0.08232421875 0.0941064453125 0.07763671875 0.0972314453125 0.075390625 0.0975244140625 0.07119140625 0.0969384765625 0.06279296875 0.0942041015625 0.06220703125 0.0871728515625 0.06767578125 0.0808251953125 0.06875 0.0756494140625 0.06416015625 0.0734033203125 0.06337890625 0.0690087890625 0.06611328125 0.0622705078125 0.0609384765625 0.0595361328125 0.0520517578125 0.0540673828125 0.0385751953125 0.0695947265625 0.0405283203125 0.0785791015625 0.0518564453125 0.0824853515625 0.0506845703125 0.0979150390625 0.0592783203125 0.1063134765625 0.0681650390625 0.1121416015625 0.0735361328125 0.1155595703125 0.0788095703125 0.1194658203125 0.0792001953125 0.1218095703125 0.0748056640625 0.1441279296875 0.0729501953125 0.1558466796875 0.0743173828125 0.1628779296875 0.0733408203125 0.1624873046875 0.0698251953125 0.1515498046875 0.0648447265625 0.1427607421875 0.0613291015625 0.1282099609375 0.0676767578125 0.1152216796875 0.0658212890625 0.1020380859375 0.0524423828125 0.1065302734375 0.0476572265625 0.1153193359375 0.0456064453125 0.1234248046875 0.0330087890625 0.1218623046875 0.0307626953125 0.1177607421875 0.0303720703125 0.0960810546875 0.0446298828125 0.0930537109375 0.0468759765625 0.0797197265625 0.038203125 0.0865556640625 0.02580078125 0.0884111328125 0.018671875 0.0916337890625 0.0106640625 0.0888017578125 0.00548828125 0.0836259765625 0.002265625 0.0744462890625 0.0020703125 0.0633134765625 0.0071484375 0.0560869140625 0.006755859375 0.056873046875 0 0.049802734375 0 0.045875 0.0105263671875 0.03503515625 0.01146875 0.0287626953125 0.0101728515625 0.0185087890625 0.0040205078125 0.0186064453125 0 0 0