2 1 0.5860791015625 0.9878662109375 0.5751064453125 0.972109375 0.55316015625 0.9490380859375 0.4937919921875 0.947912109375 0.4853515625 0.9453798828125 0.481693359375 0.9400341796875 0.4819755859375 0.9400341796875 0.4876025390625 0.9431298828125 0.49604296875 0.96344921875 0.5537783203125 0.9415390625 0.557658203125 0.923783203125 0.5468974609375 0.913291015625 0.528603515625 0.9095244140625 0.5280654296875 0.890154296875 0.532638671875 0.882138671875 0.52890625 0.846626953125 0.498775390625 0.846626953125 0.470796875 0.7729091796875 0.4247060546875 0.75816796875 0.396494140625 0.698185546875 0.3715859375 0.6765751953125 0.3552236328125 0.6533134765625 0.3584755859375 0.5888916015625 0.3171591796875 0.5701328125 0.314408203125 0.5501220703125 0.300400390625 0.5362890625 0.277138671875 0.47391015625 0.159330078125 0.3864443359375 0.096548828125 0.3371689453125 0.13231640625 0.330166015625 0.1313154296875 0.3244130859375 0.128314453125 0.300650390625 0.1405703125 0.221861328125 0.089794921875 0.2121484375 0.082439453125 0.2160869140625 0.0721484375 0.188513671875 0.053740234375 0.1904833984375 0.0320751953125 0.1498046875 0.0082783203125 0.115759765625 0.01559375 0.0848095703125 0 0 0.000400390625 0 1 1 1 1 0.5860791015625
9 0.4009736328125 0.7572509765625 0.3970986328125 0.7479501953125 0.387796875 0.739166015625 0.3797880859375 0.7347734375 0.3686787109375 0.73270703125 0.361703125 0.73632421875 0.355244140625 0.74769140625 0.357310546875 0.7934208984375 0.36351171875 0.8709287109375 0.4132099609375 0.8718603515625 0.4034033203125 0.774115234375 0.4009736328125 0.7572509765625
9 0.345625 0.5015830078125 0.352470703125 0.607107421875 0.3950947265625 0.6181494140625 0.3862607421875 0.5166005859375 0.345625 0.5015830078125
9 0.3317119140625 0.3179052734375 0.33612890625 0.399732421875 0.376322265625 0.4171796875 0.369255859375 0.3376748046875 0.3317119140625 0.3179052734375
9 0.3716279296875 0.2181123046875 0.3683974609375 0.2124130859375 0.3615576171875 0.205953125 0.353578125 0.2013935546875 0.350158203125 0.2013935546875 0.3541484375 0.24433203125 0.377517578125 0.2564912109375 0.374857421875 0.225142578125 0.3716279296875 0.2181123046875
9 0.45128515625 0.2241787109375 0.439921875 0.2054912109375 0.432517578125 0.1963662109375 0.4221865234375 0.1884453125 0.415126953125 0.184658203125 0.4087568359375 0.1832802734375 0.404796875 0.1834521484375 0.406001953125 0.2245234375 0.45765625 0.25758203125 0.4552451171875 0.234166015625 0.45128515625 0.2241787109375
9 0.412888671875 0.2815185546875 0.4208095703125 0.35451953125 0.4748740234375 0.3800029296875 0.4660927734375 0.3114775390625 0.412888671875 0.2815185546875
9 0.5079326171875 0.2997666015625 0.5032841796875 0.2944287109375 0.49536328125 0.2901240234375 0.4945029296875 0.2899521484375 0.4991513671875 0.3285205078125 0.5146474609375 0.33471875 0.5113759765625 0.3063095703125 0.5079326171875 0.2997666015625
9 0.430451171875 0.4287294921875 0.4430205078125 0.529455078125 0.4989794921875 0.5487392578125 0.4850322265625 0.4530068359375 0.430451171875 0.4287294921875
9 0.45155078125 0.611337890625 0.46700390625 0.7416435546875 0.5289677734375 0.7519462890625 0.511453125 0.628263671875 0.45155078125 0.611337890625
9 0.5914619140625 0.856138671875 0.5942939453125 0.879169921875 0.6245 0.8801142578125 0.6212900390625 0.8531181640625 0.5914619140625 0.856138671875
9 0.6048662109375 0.78053125 0.5992021484375 0.773357421875 0.5931611328125 0.7692041015625 0.5871201171875 0.76731640625 0.58258984375 0.7720361328125 0.5816455078125 0.7837412109375 0.5854208984375 0.819798828125 0.6141162109375 0.8254619140625 0.60901953125 0.79383984375 0.6048662109375 0.78053125
9 0.736375 0.8001923828125 0.7287734375 0.789740234375 0.7178466796875 0.7845146484375 0.709294921875 0.780951171875 0.70240625 0.7814267578125 0.69504296875 0.7859404296875 0.6929052734375 0.7975791015625 0.69741796875 0.823708984375 0.7109580078125 0.8819873046875 0.756328125 0.8831748046875 0.74373828125 0.8214140625 0.736375 0.8001923828125
9 0.6735546875 0.721578125 0.6866337890625 0.7195341796875 0.68009375 0.6866337890625 0.6839765625 0.685611328125 0.66905859375 0.617765625 0.6500537109375 0.6120439453125 0.6735546875 0.721578125
9 0.7018125 0.628560546875 0.6854072265625 0.6236005859375 0.698951171875 0.6831181640625 0.7159296875 0.6884599609375 0.7018125 0.628560546875
9 0.551662109375 0.5727890625 0.566755859375 0.664486328125 0.593330078125 0.6699169921875 0.57719140625 0.5818857421875 0.551662109375 0.5727890625
9 0.5249091796875 0.4132685546875 0.5352841796875 0.483810546875 0.5608212890625 0.4953818359375 0.5502470703125 0.4258369140625 0.5249091796875 0.4132685546875
9 0.6193798828125 0.4654013671875 0.634068359375 0.5315810546875 0.6518916015625 0.5390078125 0.63769921875 0.474478515625 0.6193798828125 0.4654013671875
9 0.653443359375 0.4812646484375 0.66915625 0.5464580078125 0.6848701171875 0.5513056640625 0.669658203125 0.4892880859375 0.653443359375 0.4812646484375
9 0.732740234375 0.5589599609375 0.7584013671875 0.6570263671875 0.7794892578125 0.6496591796875 0.7982900390625 0.6450859375 0.796765625 0.63949609375 0.781775390625 0.5805556640625 0.732740234375 0.5589599609375
9 0.7233388671875 0.4603759765625 0.7228310546875 0.4639326171875 0.7167333984375 0.47079296875 0.7309609375 0.5175419921875 0.74773046875 0.51957421875 0.75581640625 0.5136953125 0.7433857421875 0.471541015625 0.7233388671875 0.4603759765625
9 0.765521484375 0.6984521484375 0.7738740234375 0.7269501953125 0.7866494140625 0.73677734375 0.7969677734375 0.77805078125 0.8335732421875 0.77583984375 0.818095703125 0.7122099609375 0.765521484375 0.6984521484375
9 0.81876171875 0.8578056640625 0.830294921875 0.9239814453125 0.8734814453125 0.9198017578125 0.858853515625 0.8626845703125 0.81876171875 0.8578056640625
9 0.884400390625 0.84925390625 0.8903681640625 0.876 0.90495703125 0.8753369140625 0.896115234375 0.8463798828125 0.884400390625 0.84925390625
9 0.8337802734375 0.6854599609375 0.8461591796875 0.7312158203125 0.863732421875 0.73641015625 0.849474609375 0.6843544921875 0.8337802734375 0.6854599609375
9 0.80719921875 0.572150390625 0.8154677734375 0.605458984375 0.8275751953125 0.6081689453125 0.817357421875 0.572150390625 0.80719921875 0.572150390625
9 0.8528720703125 0.6184111328125 0.8623134765625 0.655052734375 0.879173828125 0.6597734375 0.8692822265625 0.6260546875 0.8528720703125 0.6184111328125
9 0.88389453125 0.626728515625 0.90569921875 0.6894462890625 0.917837890625 0.6939423828125 0.8991806640625 0.6318994140625 0.88389453125 0.626728515625
9 0.8875673828125 0.7378779296875 0.899865234375 0.7809208984375 0.91427734375 0.779 0.9029404296875 0.7432587890625 0.8875673828125 0.7378779296875
9 0.9194658203125 0.7413369140625 0.9415634765625 0.8108974609375 0.9544375 0.8118583984375 0.9352216796875 0.744603515625 0.9194658203125 0.7413369140625
9 0.845751953125 0.5320234375 0.8515009765625 0.5427001953125 0.8500224609375 0.556333984375 0.857578125 0.576208984375 0.87416796875 0.5837646484375 0.86102734375 0.5405654296875 0.845751953125 0.5320234375
9 0.891580078125 0.5610634765625 0.9025322265625 0.6003779296875 0.92569921875 0.61175 0.9134833984375 0.57412109375 0.891580078125 0.5610634765625
9 0.9260791015625 0.651607421875 0.9455078125 0.7060830078125 0.96931640625 0.7028447265625 0.9563642578125 0.66398828125 0.9260791015625 0.651607421875
9 1 0.7800986328125 0.9944921875 0.76648046875 0.9615517578125 0.7585673828125 0.9840029296875 0.8312587890625 1 0.8321787109375 1 0.7800986328125
9 0.9403466796875 0.86508203125 0.9333779296875 0.8627587890625 0.9285 0.8627587890625 0.92548046875 0.866244140625 0.940115234375 0.910380859375 0.9559111328125 0.9080576171875 0.9452255859375 0.86949609375 0.9403466796875 0.86508203125
9 0.99447265625 0.9338427734375 0.9816962890625 0.8825048828125 0.976353515625 0.876232421875 0.9703134765625 0.8739091796875 0.9638095703125 0.872748046875 0.9605576171875 0.8746064453125 0.9854130859375 0.9366298828125 0.99447265625 0.9338427734375
9 0.9989033203125 0.705173828125 0.9912666015625 0.6785390625 0.9819541015625 0.674814453125 0.99089453125 0.7053603515625 0.9989033203125 0.705173828125
9 0.9480546875 0.58298828125 0.9603486328125 0.61930859375 0.970033203125 0.6189365234375 0.9594169921875 0.5872724609375 0.9480546875 0.58298828125
9 0.5169013671875 0.8919951171875 0.5124228515625 0.8811201171875 0.5077314453125 0.874509765625 0.5028271484375 0.871310546875 0.496642578125 0.870884765625 0.4945107421875 0.8742958984375 0.494083984375 0.8917822265625 0.4972822265625 0.9131064453125 0.5000546875 0.9227021484375 0.5064521484375 0.9224892578125 0.5126357421875 0.9188642578125 0.5171142578125 0.915025390625 0.5181806640625 0.903083984375 0.5169013671875 0.8919951171875
9 0.1855908203125 0.7309697265625 0.1811806640625 0.7172861328125 0.165009765625 0.7044228515625 0.14847265625 0.702953125 0.127892578125 0.7022177734375 0.1183369140625 0.7080986328125 0.1117216796875 0.7246357421875 0.109884765625 0.863271484375 0.186693359375 0.8665791015625 0.1863251953125 0.75265234375 0.1855908203125 0.7309697265625
9 0.126421875 0.4321982421875 0.12164453125 0.551626953125 0.1888984375 0.5688994140625 0.1877958984375 0.4546162109375 0.126421875 0.4321982421875
9 0.1319345703125 0.223443359375 0.128259765625 0.3164228515625 0.1903681640625 0.3421484375 0.1881630859375 0.25284375 0.1319345703125 0.223443359375
9 0.1365654296875 0.06599609375 0.1378720703125 0.1094482421875 0.1852451171875 0.1378720703125 0.184591796875 0.093439453125 0.1365654296875 0.06599609375
4 0.4675595703125 0.8528466796875 0.471470703125 0.8552275390625 0.4772509765625 0.85063671875 0.4804814453125 0.8531865234375 0.4859228515625 0.84774609375 0.4930634765625 0.8526767578125 0.49834375 0.84706640625 0.5048046875 0.850806640625 0.5090556640625 0.8463857421875 0.5150068359375 0.8496162109375 0.520447265625 0.845025390625 0.5252080078125 0.847916015625 0.5309892578125 0.841455078125 0.53676953125 0.84774609375 0.542041015625 0.84417578125 0.5468017578125 0.84774609375 0.54969140625 0.844515625 0.5539423828125 0.847916015625 0.559212890625 0.84485546875 0.564654296875 0.857607421875 0.5672041015625 0.861177734375 0.5731552734375 0.857947265625 0.5770654296875 0.861177734375 0.5826767578125 0.857607421875 0.587607421875 0.859818359375 0.5932177734375 0.856587890625 0.5984892578125 0.8582880859375 0.60291015625 0.854546875 0.6046103515625 0.8559072265625 0.610560546875 0.85709765625 0.6141318359375 0.853697265625 0.6217822265625 0.854037109375 0.626033203125 0.850466796875 0.6246728515625 0.82768359375 0.5832177734375 0.81771484375 0.5108603515625 0.80706640625 0.4627021484375 0.8259423828125 0.4651220703125 0.850384765625 0.4675595703125 0.8528466796875
0 0.79767578125 0.667400390625 0.8568916015625 0.6869072265625 0.843306640625 0.641275390625 0.7872255859375 0.6196787109375 0.7485615234375 0.6304775390625 0.758314453125 0.68063671875 0.79767578125 0.667400390625
0 1 0.706431640625 0.9766142578125 0.70096484375 0.942255859375 0.707732421875 0.9563115234375 0.748078125 0.9901494140625 0.7381875 1 0.74026953125 1 0.706431640625
0 0.707392578125 0.7345234375 0.7891181640625 0.7485908203125 0.7859736328125 0.7370205078125 0.7732119140625 0.7276064453125 0.76484375 0.69852734375 0.69905859375 0.6828369140625 0.6584921875 0.6896416015625 0.6665302734375 0.739546875 0.707392578125 0.7345234375
0 0.9518359375 0.62242578125 0.98298828125 0.641548828125 0.9740439453125 0.609470703125 0.9499853515625 0.595591796875 0.940115234375 0.594666015625 0.917908203125 0.5999091796875 0.9262353515625 0.632603515625 0.9518359375 0.62242578125
0 0.7609580078125 0.528587890625 0.819224609375 0.5551044921875 0.8237607421875 0.5421953125 0.81748046875 0.51812109375 0.7532822265625 0.484626953125 0.722578125 0.494046875 0.7379296875 0.5387060546875 0.7609580078125 0.528587890625
8 0 1 0.041330078125 0.9986533203125 0.0355634765625 0.976546875 0.0346015625 0.9563623046875 0.0624755859375 0.9140703125 0.058630859375 0.89484765625 0.0384462890625 0.904458984375 0.04709765625 0.8669736328125 0.0297958984375 0.8352548828125 0.024029296875 0.8093037109375 0.0509423828125 0.7939248046875 0.0461357421875 0.7698955078125 0.0231015625 0.782943359375 0.0499482421875 0.7417353515625 0.0730498046875 0.73923828125 0.085537109375 0.748603515625 0.115505859375 0.7548466796875 0.1317392578125 0.7554716796875 0.149220703125 0.737365234375 0.1679521484375 0.7198828125 0.19292578125 0.7198828125 0.2091591796875 0.7173857421875 0.2322607421875 0.698654296875 0.2684736328125 0.6892890625 0.300939453125 0.6794873046875 0.3028125 0.6694970703125 0.2834580078125 0.67074609375 0.2909501953125 0.6588828125 0.3103046875 0.6526396484375 0.287828125 0.645771484375 0.30718359375 0.6357822265625 0.3152998046875 0.623294921875 0.312802734375 0.6076865234375 0.2890771484375 0.61767578125 0.2797119140625 0.623294921875 0.2584833984375 0.6376552734375 0.22351953125 0.6751162109375 0.202916015625 0.6901015625 0.191677734375 0.68573046875 0.2060380859375 0.6588828125 0.19292578125 0.6582587890625 0.1941748046875 0.64826953125 0.2147783203125 0.64077734375 0.227265625 0.63640625 0.257859375 0.6332841796875 0.2609814453125 0.6289140625 0.241001953125 0.6276650390625 0.2509912109375 0.6139296875 0.270970703125 0.608310546875 0.26909765625 0.5989453125 0.242875 0.6064375 0.2528642578125 0.593326171875 0.2434990234375 0.589580078125 0.221646484375 0.603939453125 0.252240234375 0.5708486328125 0.2453720703125 0.5677275390625 0.20853515625 0.60206640625 0.2035400390625 0.59457421875 0.2172763671875 0.5683515625 0.2091591796875 0.5639814453125 0.187931640625 0.582087890625 0.187931640625 0.5533671875 0.1816875 0.500376953125 0.176068359375 0.50225 0.17794140625 0.5565693359375 0.15171875 0.5715537109375 0.137982421875 0.5659345703125 0.146099609375 0.553447265625 0.1510947265625 0.526599609375 0.1436015625 0.5034990234375 0.126744140625 0.50225 0.136734375 0.4597939453125 0.136734375 0.4341953125 0.1198759765625 0.4635400390625 0.108013671875 0.500376953125 0.1030185546875 0.485392578125 0.0749228515625 0.492259765625 0.0880341796875 0.4579208984375 0.0830390625 0.4541748046875 0.0842880859375 0.4335703125 0.0599384765625 0.458544921875 0.0468271484375 0.4878896484375 0.03433984375 0.4535498046875 0.0181064453125 0.4366923828125 0.0081162109375 0.43794140625 0.0143603515625 0.44543359375 0 0.4572958984375 0 0.4791484375 0.01873046875 0.4685341796875 0.031841796875 0.49101171875 0.0162333984375 0.4860166015625 0.001873046875 0.4860166015625 0.0062431640625 0.49787890625 0 0.5091181640625 0 0.5184833984375 0.0218525390625 0.5147373046875 0.0218525390625 0.5222294921875 0.009365234375 0.522853515625 0 0.5428330078125 0 1
8 0.5891904296875 1 0.589529296875 0.9898935546875 0.590884765625 0.9749775390625 0.58851171875 0.9661630859375 0.5827490234375 0.9600615234375 0.5786806640625 0.945484375 0.573595703125 0.939720703125 0.5644423828125 0.9332802734375 0.5441025390625 0.928873046875 0.5332548828125 0.9237880859375 0.515287109375 0.9180244140625 0.5051171875 0.9183642578125 0.4912177734375 0.9180244140625 0.4783359375 0.9156513671875 0.4715556640625 0.920736328125 0.4651142578125 0.9180244140625 0.453587890625 0.921076171875 0.4481640625 0.919380859375 0.43731640625 0.921076171875 0.42639453125 0.9201455078125 0.4191572265625 0.925935546875 0.4215693359375 0.93655078125 0.4254296875 0.94475390625 0.4235 0.9515087890625 0.4288076171875 0.96887890625 0.4289296875 0.9756240234375 0.4295400390625 0.9878349609375 0.4342646484375 0.993623046875 0.4424013671875 0.99430078125 0.4501982421875 1 0.5891904296875 1
8 1 0.8877509765625 0.97759765625 0.88198046875 0.960287109375 0.8828046875 0.9470986328125 0.8902236328125 0.9303876953125 0.8960869140625 0.9218125 0.910787109375 0.901599609375 0.910787109375 0.892412109375 0.9022119140625 0.8850625 0.8746494140625 0.8948623046875 0.8642373046875 0.9052744140625 0.839125 0.9132373046875 0.8299375 0.93008203125 0.81073828125 0.93368359375 0.7968486328125 0.925966796875 0.781416015625 0.91670703125 0.759294921875 0.8863564453125 0.7371748046875 0.8693798828125 0.732544921875 0.8508603515625 0.7289443359375 0.833884765625 0.719169921875 0.8122783203125 0.70991015625 0.790158203125 0.705794921875 0.7675234375 0.7037373046875 0.7376865234375 0.705794921875 0.7150517578125 0.71351171875 0.7027060546875 0.725857421875 0.6960185546875 0.7423193359375 0.68881640625 0.7551796875 0.6697822265625 0.76032421875 0.6733837890625 0.7783291015625 0.694474609375 0.804564453125 0.716595703125 0.816396484375 0.7217392578125 0.82719921875 0.6985908203125 0.8220556640625 0.7011630859375 0.83645703125 0.7109365234375 0.855490234375 0.7268837890625 0.8719521484375 0.7613505859375 0.8981875 0.7829560546875 0.9357412109375 0.7788408203125 0.94705859375 0.768552734375 0.952716796875 0.761865234375 0.956318359375 0.764951171875 0.9686640625 0.763408203125 0.9907841796875 0.7736962890625 1 1 1 1 0.8877509765625
9 0.598662109375 0.3477275390625 0.6061875 0.3848359375 0.619421875 0.390025390625 0.6126748046875 0.3555126953125 0.598662109375 0.3477275390625
9 0.62954296875 0.3648544921875 0.6362890625 0.401703125 0.6513408203125 0.4084501953125 0.6430361328125 0.3744560546875 0.62954296875 0.3648544921875
8 0.76689453125 0.515669921875 0.7729970703125 0.5204169921875 0.7787607421875 0.523806640625 0.7801162109375 0.5295703125 0.7899482421875 0.53465625 0.7997802734375 0.5356728515625 0.8038486328125 0.527197265625 0.8113076171875 0.5309267578125 0.82209375 0.5302626953125 0.8270615234375 0.52219140625 0.8283037109375 0.5110146484375 0.830166015625 0.494560546875 0.83823828125 0.493939453125 0.843515625 0.4852470703125 0.843826171875 0.4765537109375 0.831408203125 0.4687919921875 0.81805859375 0.4579267578125 0.8115390625 0.45326953125 0.8149541015625 0.4455078125 0.8071923828125 0.444576171875 0.7988095703125 0.45140625 0.78825390625 0.453580078125 0.7860810546875 0.44675 0.7798720703125 0.4424033203125 0.774283203125 0.4483017578125 0.7733525390625 0.4573056640625 0.7659013671875 0.461341796875 0.7581396484375 0.4647568359375 0.74789453125 0.459478515625 0.7444794921875 0.4622724609375 0.749447265625 0.4703447265625 0.7503779296875 0.4765537109375 0.753482421875 0.48183203125 0.75627734375 0.487419921875 0.761244140625 0.48897265625 0.7705576171875 0.4908349609375 0.767763671875 0.500458984375 0.7665224609375 0.5113251953125 0.76689453125 0.515669921875
9 0 0.2504140625 0.0156513671875 0.2568583984375 0.012888671875 0.164794921875 0 0.1574296875 0 0.2504140625