2 0 1 0.704341796875 0.999849609375 0.616173828125 0.346625 0.6403505859375 0.2835087890625 0.64558203125 0.27925 0.64751953125 0.2751845703125 0.6471318359375 0.2656982421875 0.6681796875 0.210822265625 0.65585546875 0.2106240234375 0.6514814453125 0.2078427734375 0.6431328125 0.2080419921875 0.6323984375 0.210822265625 0 0.2262060546875 0 1
9 0.164744140625 0.3639921875 0.1695322265625 0.3015263671875 0.0761220703125 0.3032578125 0.06862109375 0.3657392578125 0.164744140625 0.3639921875
9 0.1528466796875 0.507845703125 0.158125 0.436162109375 0.0586162109375 0.4378662109375 0.05087109375 0.509044921875 0.1528466796875 0.507845703125
9 0.137712890625 0.6701826171875 0.1453154296875 0.587310546875 0.037896484375 0.59019140625 0.02929296875 0.6714853515625 0.137712890625 0.6701826171875
9 0.1209033203125 0.862904296875 0.1283544921875 0.76531640625 0.01577734375 0.767455078125 0.0149150390625 0.7679326171875 0.00178515625 0.8634140625 0.1209033203125 0.862904296875
9 0.0754521484375 0.994849609375 0.0785361328125 0.9660107421875 0.0277509765625 0.9661923828125 0.0264814453125 0.9943056640625 0.0754521484375 0.994849609375
9 0.219853515625 0.994384765625 0.2200185546875 0.9651044921875 0.166419921875 0.965765625 0.166916015625 0.994880859375 0.219853515625 0.994384765625
9 0.36443359375 0.9934638671875 0.364859375 0.96430078125 0.3090869140625 0.965365234375 0.3090869140625 0.9941025390625 0.36443359375 0.9934638671875
9 0.586107421875 0.8613515625 0.57709765625 0.76080859375 0.457978515625 0.7614580078125 0.463646484375 0.8616455078125 0.586107421875 0.8613515625
9 0.5665751953125 0.6658876953125 0.557609375 0.5812080078125 0.447005859375 0.583291015625 0.4511357421875 0.666083984375 0.5665751953125 0.6658876953125
9 0.5511435546875 0.5001689453125 0.5430458984375 0.4261923828125 0.439994140625 0.4300576171875 0.443859375 0.50145703125 0.5511435546875 0.5001689453125
9 0.5366982421875 0.355849609375 0.5314775390625 0.2909033203125 0.4347880859375 0.29403515625 0.4349970703125 0.2954970703125 0.43666796875 0.3577294921875 0.5366982421875 0.355849609375
8 1 0.894806640625 0.985595703125 0.8969873046875 0.9779619140625 0.8991689453125 0.9771435546875 0.9070751953125 0.980142578125 0.9283408203125 0.985595703125 0.9476982421875 0.9877763671875 0.95833203125 0.9757802734375 0.9591494140625 0.9697822265625 0.9577861328125 0.965419921875 0.93951953125 0.9711455078125 0.928068359375 0.96896484375 0.9163447265625 0.957513671875 0.9010771484375 0.937611328125 0.8915341796875 0.91552734375 0.889353515625 0.909529296875 0.8953515625 0.9125283203125 0.9138916015625 0.92861328125 0.935974609375 0.93161328125 0.954787109375 0.918798828125 0.961603515625 0.880083984375 0.9558779296875 0.8709013671875 0.9509970703125 0.8682890625 0.9251689453125 0.857841796875 0.908046875 0.845943359375 0.899630859375 0.825048828125 0.8961484375 0.8038642578125 0.9007919921875 0.795158203125 0.9071767578125 0.7826796875 0.905435546875 0.7774560546875 0.897599609375 0.7577216796875 0.8941171875 0.746984375 0.8941171875 0.7350859375 0.906015625 0.7263798828125 0.9092080078125 0.7214462890625 0.9147216796875 0.7269599609375 0.92894140625 0.7350859375 0.9475146484375 0.730087890625 0.964830078125 0.717283203125 0.9690986328125 0.6984541015625 0.97813671875 0.6929306640625 0.9685966796875 0.695943359375 0.9399755859375 0.6912138671875 0.9398740234375 0.6846806640625 0.977345703125 0.6775703125 0.98061328125 0.6685380859375 0.9717734375 0.664119140625 0.9708125 0.65969921875 0.9706201171875 0.6541259765625 0.9740791015625 0.64490234375 0.968314453125 0.6422119140625 0.9685068359375 0.6381767578125 0.9646630859375 0.6327958984375 0.9652392578125 0.6344892578125 0.9725361328125 0.6253046875 0.97217578125 0.6116171875 0.97235546875 0.6044130859375 0.974697265625 0.5959482421875 0.970375 0.592166015625 0.9530849609375 0.5909052734375 0.9192265625 0.5891044921875 0.915984375 0.5847822265625 0.9158046875 0.5829814453125 0.92426953125 0.5849287109375 0.9582421875 0.580390625 0.95884765625 0.5788779296875 0.9624775390625 0.570861328125 0.95340234375 0.556642578125 0.9475029296875 0.5533154296875 0.9488642578125 0.55255859375 0.9518896484375 0.562087890625 0.95551953125 0.5673828125 0.9589990234375 0.572525390625 0.967318359375 0.577970703125 0.9777548828125 0.5678359375 0.9807802734375 0.562087890625 0.9762421875 0.5557353515625 0.9762421875 0.562390625 0.9709482421875 0.562087890625 0.9679228515625 0.5573994140625 0.96641015625 0.54544921875 0.9724609375 0.5330458984375 0.9709482421875 0.5322900390625 0.9679228515625 0.5300205078125 0.967771484375 0.52366796875 0.9723095703125 0.5212470703125 0.9729150390625 0.51775390625 0.9723017578125 0.521416015625 0.9664111328125 0.5199833984375 0.962908203125 0.515525390625 0.9608388671875 0.5077236328125 0.96848046875 0.498330078125 0.9697548828125 0.5048583984375 0.965615234375 0.5048583984375 0.962908203125 0.49880859375 0.9608388671875 0.48623046875 0.9665703125 0.4814541015625 0.960361328125 0.4771552734375 0.955107421875 0.4722197265625 0.9539921875 0.4683984375 0.95669921875 0.465533203125 0.9670478515625 0.4515224609375 0.9695947265625 0.4373525390625 0.9597236328125 0.42436328125 0.9546142578125 0.4156201171875 0.9534814453125 0.383076171875 0.9581767578125 0.37967578125 0.9610908203125 0.3842099609375 0.96821484375 0.3809716796875 0.970966796875 0.3761142578125 0.9704814453125 0.369314453125 0.969833984375 0.3631611328125 0.97582421875 0.3565234375 0.974529296875 0.348103515625 0.9738818359375 0.342275390625 0.9769580078125 0.3376298828125 0.9757109375 0.33080078125 0.9755595703125 0.3107705078125 0.98178125 0.307583984375 0.9804150390625 0.3072802734375 0.974193359375 0.3039423828125 0.972828125 0.2995419921875 0.9760146484375 0.3010595703125 0.9839052734375 0.297265625 0.986181640625 0.29635546875 0.9913408203125 0.2914990234375 0.9869404296875 0.2836083984375 0.9857265625 0.280876953125 0.986181640625 0.279056640625 0.9917958984375 0.2757177734375 0.9902783203125 0.271166015625 0.991037109375 0.2708623046875 0.98951953125 0.2775390625 0.985271484375 0.2781455078125 0.983298828125 0.2758701171875 0.98178125 0.2675244140625 0.984208984375 0.265248046875 0.982236328125 0.2606953125 0.981326171875 0.251439453125 0.989671875 0.24582421875 0.9829951171875 0.2426376953125 0.983298828125 0.23990625 0.98557421875 0.2391474609375 0.98951953125 0.2459765625 0.9998388671875 1 1 1 0.894806640625
8 0.6971171875 0.934091796875 0.6993505859375 0.9511494140625 0.7257490234375 0.9578505859375 0.729607421875 0.9580537109375 0.73326171875 0.947494140625 0.7243271484375 0.9251572265625 0.7058486328125 0.9263759765625 0.7024326171875 0.900765625 0.6880498046875 0.7977421875 0.73248828125 0.77114453125 0.73019140625 0.754826171875 0.773173828125 0.7283232421875 0.7707958984375 0.722716796875 0.763150390625 0.72084765625 0.7561845703125 0.7256044921875 0.754486328125 0.731890625 0.7483701171875 0.7279833984375 0.7381767578125 0.7250947265625 0.729001953125 0.7281533203125 0.72288671875 0.733419921875 0.7167705078125 0.7262841796875 0.70878515625 0.7249248046875 0.7052529296875 0.7267607421875 0.700630859375 0.7346083984375 0.6951943359375 0.7380068359375 0.692240234375 0.74448828125 0.6878994140625 0.7480244140625 0.686453125 0.753330078125 0.6800224609375 0.758474609375 0.672099609375 0.756064453125 0.6971171875 0.934091796875
2 1 0.5916630859375 0.7322470703125 0.7550302734375 0.733525390625 0.77227734375 0.6894453125 0.7986162109375 0.706673828125 0.9253515625 0.8594296875 0.9111123046875 0.86804296875 0.957314453125 1 0.9620126953125 1 0.5916630859375
9 0.711568359375 0.814951171875 0.7095029296875 0.7930634765625 0.6918828125 0.8020107421875 0.693671875 0.82266015625 0.711568359375 0.814951171875
9 0.7345458984375 0.8036630859375 0.73171484375 0.7807529296875 0.71112109375 0.791822265625 0.71356640625 0.8137021484375 0.7345458984375 0.8036630859375
9 0.7610751953125 0.7916162109375 0.757486328125 0.7674970703125 0.733458984375 0.7800322265625 0.7369697265625 0.8023818359375 0.7610751953125 0.7916162109375
9 0.7913134765625 0.7784267578125 0.7879443359375 0.7510029296875 0.759900390625 0.7661142578125 0.7633525390625 0.7913134765625 0.7913134765625 0.7784267578125
9 0.830265625 0.7604970703125 0.8247177734375 0.731927734375 0.7908359375 0.74975390625 0.79555859375 0.77643359375 0.830265625 0.7604970703125
9 0.873455078125 0.7403935546875 0.8671083984375 0.7095361328125 0.8264462890625 0.731251953125 0.8325830078125 0.7586748046875 0.873455078125 0.7403935546875
9 0.929357421875 0.7159697265625 0.9213701171875 0.6814755859375 0.8698984375 0.708302734375 0.8771318359375 0.73955078125 0.929357421875 0.7159697265625
9 0.996544921875 0.6855283203125 0.9855712890625 0.6482109375 0.92335546875 0.6803583984375 0.9328876953125 0.71444921875 0.996544921875 0.6855283203125
9 0.71824609375 0.85666796875 0.71507421875 0.834083984375 0.696296875 0.8418232421875 0.6989609375 0.863900390625 0.71824609375 0.85666796875
9 0.742009765625 0.8489775390625 0.738671875 0.825 0.7171875 0.83359375 0.717232421875 0.8339150390625 0.7206162109375 0.856400390625 0.742009765625 0.8489775390625
9 0.76962890625 0.840234375 0.76533203125 0.8142578125 0.7404296875 0.82451171875 0.74443359375 0.84814453125 0.76962890625 0.840234375
9 0.8019716796875 0.83115625 0.7979130859375 0.8023837890625 0.7679013671875 0.814384765625 0.7719951171875 0.83987109375 0.8019716796875 0.83115625
9 0.84108984375 0.8184765625 0.83559375 0.7880107421875 0.801044921875 0.801044921875 0.8062275390625 0.8293115234375 0.84108984375 0.8184765625
9 0.8883662109375 0.803662109375 0.8809765625 0.77041015625 0.8390791015625 0.78649609375 0.8448798828125 0.816998046875 0.8883662109375 0.803662109375
9 0.945794921875 0.786068359375 0.936970703125 0.7489814453125 0.8846259765625 0.7694677734375 0.8921044921875 0.8026689453125 0.945794921875 0.786068359375
9 0.99993359375 0.76897265625 1 0.72451171875 0.9397314453125 0.748310546875 0.949705078125 0.78450390625 0.99993359375 0.76897265625
9 0.7246982421875 0.901955078125 0.72199609375 0.87790625 0.703216796875 0.8829052734375 0.705513671875 0.904927734375 0.7246982421875 0.901955078125
9 0.749283203125 0.897107421875 0.745587890625 0.8718154296875 0.7236455078125 0.8778212890625 0.72687890625 0.9010341796875 0.749283203125 0.897107421875
9 0.777755859375 0.891962890625 0.7743291015625 0.86496875 0.7486845703125 0.8713017578125 0.751798828125 0.8962197265625 0.777755859375 0.891962890625
9 0.8120703125 0.886427734375 0.807107421875 0.8575390625 0.7766298828125 0.86448828125 0.7805009765625 0.891689453125 0.8120703125 0.886427734375
9 0.8534794921875 0.878763671875 0.8475390625 0.8467412109375 0.8098251953125 0.8566787109375 0.8153984375 0.8857822265625 0.8534794921875 0.878763671875
9 0.90234375 0.8705107421875 0.895517578125 0.834962890625 0.8500458984375 0.8464560546875 0.8565087890625 0.8780498046875 0.90234375 0.8705107421875
9 0.9634560546875 0.8590869140625 0.9547080078125 0.8203251953125 0.9002607421875 0.8340498046875 0.8995068359375 0.834955078125 0.90674609375 0.8700966796875 0.9634560546875 0.8590869140625
9 1 0.808943359375 0.95815625 0.82020703125 0.9662529296875 0.8519833984375 0.988556640625 0.8470947265625 0.9906953125 0.8535107421875 1 0.853052734375 1 0.808943359375
9 0.917064453125 0.9399462890625 0.9117998046875 0.90309375 0.86340625 0.9081552734375 0.8690751953125 0.9417685546875 0.917064453125 0.9399462890625