9 0.47915625 0.2244189453125 0.480185546875 0.134810546875 0.3933408203125 0.1320576171875 0.390634765625 0.2182392578125 0.47915625 0.2244189453125
9 0.5930068359375 0.22630859375 0.5963642578125 0.1504736328125 0.542326171875 0.145267578125 0.5364072265625 0.2258291015625 0.5930068359375 0.22630859375
9 0.8076123046875 0.242251953125 0.8094345703125 0.1683798828125 0.763126953125 0.1619482421875 0.757939453125 0.24133984375 0.8076123046875 0.242251953125
9 0.7908857421875 0.3570009765625 0.792259765625 0.304748046875 0.7287607421875 0.30174609375 0.7256103515625 0.3576884765625 0.7908857421875 0.3570009765625
9 0.68026171875 0.3528759765625 0.683697265625 0.2985595703125 0.5784033203125 0.2957314453125 0.5758203125 0.3515009765625 0.68026171875 0.3528759765625
9 0.531158203125 0.3521884765625 0.5304716796875 0.2951220703125 0.435779296875 0.292294921875 0.4335888671875 0.3556259765625 0.531158203125 0.3521884765625
9 0.7778310546875 0.4965732421875 0.779205078125 0.4422568359375 0.7124365234375 0.4469482421875 0.7118681640625 0.49863671875 0.7778310546875 0.4965732421875
9 0.672703125 0.4972607421875 0.672015625 0.4484453125 0.6033203125 0.4460888671875 0.6060537109375 0.50344921875 0.672703125 0.4972607421875
9 0.524287109375 0.50619921875 0.5236005859375 0.4505078125 0.4374970703125 0.450384765625 0.4397734375 0.50826171875 0.524287109375 0.50619921875
9 0.7702724609375 0.6283173828125 0.771646484375 0.5788134765625 0.70728125 0.5818408203125 0.7049970703125 0.6317548828125 0.7702724609375 0.6283173828125
9 0.6575869140625 0.6317548828125 0.656212890625 0.585689453125 0.56465625 0.5904326171875 0.5641396484375 0.636568359375 0.6575869140625 0.6317548828125
9 0.2285712890625 0.3622744140625 0.230634765625 0.22396484375 0.154951171875 0.21772265625 0.1591171875 0.3595224609375 0.2285712890625 0.3622744140625
9 0.1254208984375 0.358146484375 0.1240458984375 0.21501953125 0.0429013671875 0.207451171875 0.04565234375 0.358146484375 0.1254208984375 0.358146484375
9 0.127171875 0.5635556640625 0.127171875 0.424828125 0.0498408203125 0.4254521484375 0.05857421875 0.5657236328125 0.127171875 0.5635556640625
9 0.231150390625 0.5628330078125 0.2325947265625 0.4233828125 0.15999609375 0.423646484375 0.16038671875 0.56716796875 0.231150390625 0.5628330078125
9 0.1639970703125 0.7480986328125 0.2239296875 0.743041015625 0.2304287109375 0.6086484375 0.157287109375 0.6123544921875 0.1639970703125 0.7480986328125
9 0.0549638671875 0.763994140625 0.13150390625 0.75532421875 0.129337890625 0.6180419921875 0.050630859375 0.621654296875 0.0549638671875 0.763994140625
0 0.885724609375 0.3663984375 0.9304814453125 0.365392578125 0.930984375 0.4021259765625 0.9983701171875 0.404138671875 0.9993759765625 0.3548251953125 0.925955078125 0.3533154296875 0.88673046875 0.3528125 0.885724609375 0.3663984375
0 1 0.487669921875 0.9732255859375 0.4891796875 0.9138857421875 0.4896826171875 0.8867587890625 0.4855732421875 0.882205078125 0.5007529296875 0.9043310546875 0.50326953125 0.91941796875 0.5067919921875 0.916400390625 0.537990234375 1 0.5334609375 1 0.487669921875
0 0.871458984375 0.627904296875 0.90687109375 0.63891796875 0.913091796875 0.6441845703125 0.9465888671875 0.65041015625 0.96955859375 0.648015625 0.99970703125 0.6408330078125 1 0.6173701171875 0.9571171875 0.6178486328125 0.9025634765625 0.6231162109375 0.8761455078125 0.61644921875 0.871458984375 0.627904296875
0 0.364955078125 0.2229375 0.8291337890625 0.2477421875 0.8904873046875 0.2508427734375 0.92705078125 0.2477421875 0.9983203125 0.248982421875 1 0.1919306640625 0.940685546875 0.186349609375 0.892345703125 0.19255078125 0.867556640625 0.1931708984375 0.477291015625 0.1626240234375 0.3688251953125 0.15340234375 0.364955078125 0.2229375
0 0.0025576171875 0.3027587890625 0.0203388671875 0.3049287109375 0.0199052734375 0.3652490234375 0.330419921875 0.370890625 0.332587890625 0.2953818359375 0.0307470703125 0.28323046875 0.003904296875 0.281556640625 0.0025576171875 0.3027587890625
0 0.0086533203125 0.513666015625 0.025662109375 0.5164365234375 0.030408203125 0.5825341796875 0.3227158203125 0.5667021484375 0.32073828125 0.4962509765625 0.0466259765625 0.50575 0.013400390625 0.5041669921875 0.0086533203125 0.513666015625
0 0.02038671875 0.7250869140625 0.032931640625 0.7268798828125 0.039501953125 0.7896416015625 0.326228515625 0.7543759765625 0.327423828125 0.68563671875 0.0430859375 0.7125341796875 0.0233046875 0.7134814453125 0.02038671875 0.7250869140625
0 0 0.105603515625 0.349189453125 0.1398330078125 0.3523837890625 0.0705869140625 0.36143359375 0.0530087890625 0.0044873046875 0.0072919921875 0 0.105603515625
2 0 0 0 0.72373828125 0.0137470703125 0.72825 0.018255859375 0.818474609375 0.170376953125 0.80040234375 0.3482958984375 0.7721171875 0.3586865234375 0.7367880859375 0.72389453125 0.6986904296875 0.8580380859375 0.68397265625 0.8933388671875 0.69221484375 1 0.6875048828125 1 0.1876650390625 0.918048828125 0.182955078125 0.9209912109375 0.1393896484375 0.2699775390625 0.0769453125 0.2699775390625 0.03753515625 0.1760595703125 0.0259140625 0.174544921875 0 0 0
8 1 0.652462890625 0.97628515625 0.65123828125 0.9487490234375 0.6604228515625 0.919990234375 0.65123828125 0.8985732421875 0.6457275390625 0.873484375 0.647564453125 0.8636943359375 0.647564453125 0.8661416015625 0.635318359375 0.8581875 0.63164453125 0.8428896484375 0.6389921875 0.8373818359375 0.6481767578125 0.81780078125 0.64633984375 0.8098466796875 0.6408291015625 0.79699609375 0.61694921875 0.7872060546875 0.6175615234375 0.7884296875 0.6347060546875 0.8000556640625 0.6536875 0.819025390625 0.67573046875 0.7896533203125 0.6781796875 0.7706845703125 0.6616474609375 0.7547744140625 0.654912109375 0.7364169921875 0.6567490234375 0.747431640625 0.6775673828125 0.714388671875 0.6579736328125 0.6978671875 0.6408291015625 0.70643359375 0.5955185546875 0.6923603515625 0.59735546875 0.6721669921875 0.6487890625 0.6452431640625 0.6383798828125 0.64401953125 0.6102138671875 0.635453125 0.5581689453125 0.621990234375 0.53673828125 0.646466796875 0.5410244140625 0.6972548828125 0.55878125 0.7339697265625 0.5581689453125 0.747431640625 0.5440859375 0.7254033203125 0.540412109375 0.6758388671875 0.5202060546875 0.6574814453125 0.50734765625 0.68930078125 0.4944892578125 0.6948076171875 0.4785703125 0.6984794921875 0.4657119140625 0.7052099609375 0.454078125 0.7027626953125 0.433259765625 0.6807333984375 0.408767578125 0.669107421875 0.3897861328125 0.656869140625 0.398970703125 0.6495263671875 0.406318359375 0.6183193359375 0.4069306640625 0.606693359375 0.3659072265625 0.5748740234375 0.355498046875 0.5384296875 0.35947265625 0.503341796875 0.35947265625 0.4741025390625 0.3640234375 0.4721533203125 0.3939326171875 0.4578583984375 0.403685546875 0.442263671875 0.39133203125 0.440314453125 0.3685751953125 0.42212109375 0.3692255859375 0.413673828125 0.40303515625 0.4143232421875 0.4173388671875 0.383134765625 0.41473828125 0.3818349609375 0.4316435546875 0.4110751953125 0.44074609375 0.4253701171875 0.438794921875 0.4273193359375 0.471955078125 0.415623046875 0.4862587890625 0.4091259765625 0.4921103515625 0.4084755859375 0.520068359375 0.40327734375 0.533072265625 0.3818349609375 0.544775390625 0.364291015625 0.5616806640625 0.3714384765625 0.583787109375 0.377287109375 0.5980908203125 0.3876826171875 0.605892578125 0.379236328125 0.6091435546875 0.3571435546875 0.6045927734375 0.3363515625 0.6019921875 0.3142587890625 0.6045927734375 0.297365234375 0.620197265625 0.3006142578125 0.6611591796875 0.352310546875 0.6708388671875 0.347630859375 0.688787109375 0.30941796875 0.6755205078125 0.26964453125 0.6708388671875 0.259505859375 0.671619140625 0.2634052734375 0.6872265625 0.2875810546875 0.7067353515625 0.264185546875 0.7082958984375 0.24312890625 0.720001953125 0.25638671875 0.737169921875 0.226751953125 0.719220703125 0.210375 0.733267578125 0.22987109375 0.760580078125 0.2306513671875 0.778529296875 0.213494140625 0.7941357421875 0.2041357421875 0.80740234375 0.1589033203125 0.80740234375 0.15500390625 0.7894541015625 0.1214697265625 0.778529296875 0.0785771484375 0.777748046875 0.1050927734375 0.7426318359375 0.1160107421875 0.7145390625 0.1378466796875 0.6864462890625 0.1322861328125 0.6205771484375 0.0906201171875 0.6194501953125 0.0714765625 0.646494140625 0.037693359375 0.6645224609375 0.0208017578125 0.673537109375 0.006162109375 0.7050888671875 0 0.7279189453125 0 1 1 0.999986328125 1 0.652462890625