9 0.17973828125 0.073654296875 0.1822119140625 0.0299560546875 0.1371396484375 0.0225361328125 0.1335673828125 0.0676083984375 0.17973828125 0.073654296875
9 0.332169921875 0.10033984375 0.33319140625 0.05719140625 0.290552734375 0.0523408203125 0.2890205078125 0.09395703125 0.332169921875 0.10033984375
9 0.5125146484375 0.14206640625 0.5110205078125 0.1028125 0.4692353515625 0.0948740234375 0.470212890625 0.134486328125 0.5125146484375 0.14206640625
9 0.6398427734375 0.1695517578125 0.6392294921875 0.1348837890625 0.60738671875 0.1264501953125 0.60738671875 0.1615029296875 0.6398427734375 0.1695517578125
9 0.73965625 0.201091796875 0.740583984375 0.1762744140625 0.7197099609375 0.1676923828125 0.719013671875 0.19459765625 0.73965625 0.201091796875
9 0.182904296875 0.1678125 0.184111328125 0.13159375 0.1110703125 0.1198232421875 0.109259765625 0.1578525390625 0.182904296875 0.1678125
9 0.3498330078125 0.2118955078125 0.35130078125 0.152318359375 0.2820380859375 0.1452744140625 0.277828125 0.20433984375 0.3498330078125 0.2118955078125
9 0.53941796875 0.239982421875 0.5403466796875 0.18703125 0.45271484375 0.1743349609375 0.4514755859375 0.227595703125 0.53941796875 0.239982421875
0 0.60077734375 0.2687080078125 0.717416015625 0.2981904296875 0.7176748046875 0.2676728515625 0.721294921875 0.269224609375 0.7218642578125 0.261783203125 0.60310546875 0.2319833984375 0.585001953125 0.24336328125 0.5847431640625 0.2787939453125 0.60077734375 0.2687080078125
9 0.1577451171875 0.2866220703125 0.16145703125 0.2214619140625 0.1097001953125 0.2169248046875 0.1057822265625 0.2810537109375 0.1577451171875 0.2866220703125
9 0.197501953125 0.301712890625 0.201142578125 0.2404130859375 0.1865830078125 0.2323671875 0.182177734375 0.2927099609375 0.197501953125 0.301712890625
9 0.3446123046875 0.323591796875 0.347845703125 0.2591162109375 0.2746787109375 0.252244140625 0.2720517578125 0.31611328125 0.3446123046875 0.323591796875
9 0.08019140625 0.2817978515625 0.0853447265625 0.2186748046875 0.071939453125 0.223205078125 0.0675634765625 0.2833828125 0.08019140625 0.2817978515625
9 0.0679931640625 0.414650390625 0.0730791015625 0.344248046875 0.0586240234375 0.3471923828125 0.0505927734375 0.41598828125 0.0679931640625 0.414650390625
9 0.145869140625 0.4166572265625 0.1505244140625 0.345533203125 0.09724609375 0.3424296875 0.09233203125 0.414587890625 0.145869140625 0.4166572265625
9 0.1920595703125 0.4279677734375 0.1981982421875 0.35985546875 0.17802734375 0.35079296875 0.171595703125 0.4224130859375 0.1920595703125 0.4279677734375
9 0.05186328125 0.5507822265625 0.0594453125 0.4767783203125 0.0461005859375 0.4773857421875 0.039125 0.55017578125 0.05186328125 0.5507822265625
9 0.1343173828125 0.5515712890625 0.1396455078125 0.4778232421875 0.085525390625 0.475580078125 0.0782353515625 0.5498896484375 0.1343173828125 0.5515712890625
9 0.1776162109375 0.5572978515625 0.1826494140625 0.4851484375 0.165630859375 0.4805947265625 0.15987890625 0.554181640625 0.1776162109375 0.5572978515625
9 0.3314013671875 0.5643271484375 0.3342900390625 0.4963134765625 0.2604990234375 0.494212890625 0.25603515625 0.5619638671875 0.3314013671875 0.5643271484375
9 0.3374404296875 0.44116796875 0.3411171875 0.3776181640625 0.2686396484375 0.370265625 0.2662763671875 0.435390625 0.3374404296875 0.44116796875
9 0.533416015625 0.569326171875 0.5345380859375 0.513216796875 0.4432666015625 0.5072314453125 0.44214453125 0.5655859375 0.533416015625 0.569326171875
9 0.5337900390625 0.456359375 0.531919921875 0.4021201171875 0.4466337890625 0.3931416015625 0.4466337890625 0.4503740234375 0.5337900390625 0.456359375
9 0.5371181640625 0.34795703125 0.5379052734375 0.2910224609375 0.4503740234375 0.281296875 0.44850390625 0.3407734375 0.5371181640625 0.34795703125
0 0.600017578125 0.37674609375 0.719783203125 0.3981611328125 0.7201796875 0.359693359375 0.6004140625 0.3378818359375 0.582568359375 0.3458134765625 0.5841552734375 0.384677734375 0.600017578125 0.37674609375
0 0.6013525390625 0.489947265625 0.7220888671875 0.5048212890625 0.7217978515625 0.4657421875 0.59814453125 0.4488271484375 0.5821044921875 0.4552431640625 0.5826875 0.4940302734375 0.6013525390625 0.489947265625
0 0.724876953125 0.6172001953125 0.724322265625 0.5764052734375 0.60332421875 0.565859375 0.581955078125 0.5680791015625 0.581955078125 0.60915234375 0.724876953125 0.6172001953125
9 0.7816220703125 0.30607421875 0.7811943359375 0.2576240234375 0.729755859375 0.2382001953125 0.730609375 0.287078125 0.7816220703125 0.30607421875
9 0.786578125 0.39953515625 0.7853994140625 0.3490927734375 0.7307138671875 0.3323564453125 0.731892578125 0.3856279296875 0.786578125 0.39953515625
9 0.7889833984375 0.4968017578125 0.7878447265625 0.4444951171875 0.7330576171875 0.4303642578125 0.7335537109375 0.4873828125 0.7889833984375 0.4968017578125
7 0.798421875 0.8482099609375 0.8029208984375 0.8476103515625 0.80651953125 0.847310546875 0.807119140625 0.84401171875 0.8020205078125 0.66855078125 0.801720703125 0.6505546875 0.810119140625 0.649955078125 0.8062197265625 0.5785703125 0.79422265625 0.5797705078125 0.7939228515625 0.5677734375 0.81071875 0.5680732421875 0.80921875 0.506287109375 0.7939228515625 0.507486328125 0.792123046875 0.5017880859375 0.7909228515625 0.497888671875 0.7861240234375 0.4987880859375 0.7834248046875 0.499388671875 0.7813251953125 0.5029873046875 0.7813251953125 0.506287109375 0.7822255859375 0.510185546875 0.7702275390625 0.513185546875 0.77202734375 0.57047265625 0.784625 0.57047265625 0.784625 0.5791708984375 0.767828125 0.5800703125 0.767228515625 0.5839697265625 0.761830078125 0.58276953125 0.75553125 0.58426953125 0.7543310546875 0.593267578125 0.7585302734375 0.597466796875 0.767228515625 0.600166015625 0.7675283203125 0.604365234375 0.75823046875 0.60496484375 0.7564306640625 0.6085634765625 0.7558310546875 0.6136630859375 0.7573310546875 0.6157626953125 0.763029296875 0.6196611328125 0.7675283203125 0.6211611328125 0.768728515625 0.6259599609375 0.7579306640625 0.62566015625 0.7564306640625 0.6313583984375 0.75823046875 0.6352578125 0.7624296875 0.63945703125 0.767828125 0.6406572265625 0.7681279296875 0.64785546875 0.769328125 0.649654296875 0.783125 0.6514541015625 0.7729267578125 0.6715498046875 0.7870244140625 0.695544921875 0.7888232421875 0.700943359375 0.79122265625 0.7399345703125 0.7882236328125 0.740234375 0.7849248046875 0.74443359375 0.784625 0.754630859375 0.7861240234375 0.7585302734375 0.789423828125 0.761529296875 0.7930224609375 0.7606298828125 0.7939228515625 0.8401123046875 0.794822265625 0.8455107421875 0.798421875 0.8482099609375
7 0.8436328125 0.66140234375 0.850177734375 0.7954052734375 0.8570673828125 0.7950615234375 0.8487998046875 0.6283330078125 0.8494892578125 0.6173095703125 0.847078125 0.6138642578125 0.8436328125 0.611453125 0.83984375 0.6117978515625 0.83812109375 0.614208984375 0.83812109375 0.6176533203125 0.83812109375 0.621443359375 0.831576171875 0.6231650390625 0.8322646484375 0.662091796875 0.8436328125 0.66140234375
9 0.8077919921875 0.2317119140625 0.807986328125 0.220271484375 0.798291015625 0.2136787109375 0.797515625 0.22802734375 0.8077919921875 0.2317119140625
0 0.8336787109375 0.33755078125 0.8824462890625 0.368150390625 0.8832431640625 0.3357978515625 0.8347939453125 0.3067919921875 0.80865625 0.311095703125 0.8092939453125 0.34312890625 0.8336787109375 0.33755078125
0 0.8364931640625 0.4304580078125 0.8875595703125 0.453771484375 0.888669921875 0.42351953125 0.8350517578125 0.3987041015625 0.811591796875 0.402427734375 0.8134580078125 0.43406640625 0.8364931640625 0.4304580078125
0 0.84258984375 0.528451171875 0.893640625 0.544625 0.893640625 0.5198583984375 0.898189453125 0.51960546875 0.898189453125 0.5117705078125 0.8415791015625 0.4918056640625 0.81504296875 0.4958486328125 0.8163056640625 0.52971484375 0.84258984375 0.528451171875
0 0.830771484375 0.6263154296875 0.8312587890625 0.6228193359375 0.837560546875 0.6210361328125 0.8376796875 0.613783203125 0.839462890625 0.6114052734375 0.8439814453125 0.6109296875 0.8477861328125 0.61390234375 0.8499267578125 0.6169931640625 0.8495703125 0.627576171875 0.8981376953125 0.6343408203125 0.898291015625 0.633880859375 0.8978232421875 0.6009345703125 0.8461455078125 0.59155078125 0.8199189453125 0.59277734375 0.8208720703125 0.6266953125 0.830771484375 0.6263154296875
0 0.910765625 0.4050947265625 0.9100673828125 0.3841416015625 0.88806640625 0.3865869140625 0.889462890625 0.4071904296875 0.910765625 0.4050947265625
0 0.9157197265625 0.483697265625 0.914818359375 0.4611640625 0.8925859375 0.4608642578125 0.8925859375 0.4839970703125 0.9157197265625 0.483697265625
0 0.9211826171875 0.5597626953125 0.9199326171875 0.535751953125 0.896671875 0.536001953125 0.897671875 0.5592626953125 0.9211826171875 0.5597626953125
0 0.9245673828125 0.62366796875 0.9241015625 0.60784765625 0.9016123046875 0.6080029296875 0.9020771484375 0.6232021484375 0.9245673828125 0.62366796875
9 0.6060595703125 0.349236328125 0.635650390625 0.3539833984375 0.634859375 0.3305634765625 0.590078125 0.3218603515625 0.5907109375 0.3509765625 0.6060595703125 0.349236328125
9 0.679345703125 0.3612216796875 0.679 0.34010546875 0.639537109375 0.332490234375 0.6397099609375 0.3549912109375 0.679345703125 0.3612216796875
9 0.6032265625 0.2352919921875 0.6372197265625 0.244845703125 0.636998046875 0.231736328125 0.5907841796875 0.221072265625 0.5901171875 0.2432900390625 0.6032265625 0.2352919921875
9 0.67832421875 0.2550654296875 0.6781015625 0.240845703125 0.640552734375 0.2332919921875 0.640775390625 0.2452900390625 0.67832421875 0.2550654296875
9 0.60144140625 0.460455078125 0.6362578125 0.46428125 0.6354931640625 0.4306123046875 0.58766796875 0.4244912109375 0.5882421875 0.4625595703125 0.60144140625 0.460455078125
9 0.681095703125 0.4686484375 0.6799443359375 0.4360234375 0.639833984375 0.43141796875 0.6409853515625 0.463466796875 0.681095703125 0.4686484375
9 0.634498046875 0.5728681640625 0.634255859375 0.5357451171875 0.58718359375 0.5328330078125 0.587912109375 0.571412109375 0.634498046875 0.5728681640625
9 0.684724609375 0.5757802734375 0.68351171875 0.5388994140625 0.6410498046875 0.5372001953125 0.64177734375 0.573353515625 0.684724609375 0.5757802734375
9 0.84380078125 0.5994326171875 0.8431376953125 0.5693828125 0.8201591796875 0.565626953125 0.821263671875 0.59876953125 0.84380078125 0.5994326171875
9 0.8495927734375 0.50160546875 0.84887109375 0.4727568359375 0.8153349609375 0.461939453125 0.8171376953125 0.50160546875 0.8495927734375 0.50160546875
9 0.8388134765625 0.3924150390625 0.81141015625 0.3784384765625 0.8125068359375 0.4115966796875 0.8377177734375 0.4088564453125 0.8388134765625 0.3924150390625
9 0.8316884765625 0.337333984375 0.8316884765625 0.310478515625 0.8146982421875 0.306642578125 0.8155205078125 0.33980078125 0.8316884765625 0.337333984375
5 0 0.757109375 0.7339521484375 0.7595712890625 0.7339521484375 0.6349375 0.3984423828125 0.6158369140625 0.39854296875 0.5980859375 0.189212890625 0.59210546875 0.14843359375 0.5844931640625 0 0.582318359375 0 0.757109375
8 0.43178515625 0.7921728515625 0.4340517578125 0.7011318359375 0.43291796875 0.613490234375 0.4332958984375 0.5885576171875 0.4321630859375 0.5689140625 0.4340517578125 0.56098046875 0.4487841796875 0.5496474609375 0.4514287109375 0.570046875 0.4548291015625 0.5840244140625 0.4623837890625 0.5949794921875 0.4669169921875 0.6048017578125 0.4729619140625 0.6078232421875 0.4888271484375 0.60366796875 0.49373828125 0.598001953125 0.49373828125 0.5912021484375 0.4869384765625 0.587423828125 0.484671875 0.5802470703125 0.4895830078125 0.57911328125 0.499783203125 0.5840244140625 0.5058271484375 0.5976240234375 0.5092265625 0.60366796875 0.516404296875 0.6048017578125 0.535669921875 0.6048017578125 0.548892578125 0.6010234375 0.5560693359375 0.595357421875 0.5606025390625 0.5881796875 0.5715576171875 0.5723134765625 0.582513671875 0.561736328125 0.587423828125 0.55342578125 0.592712890625 0.52887109375 0.593845703125 0.5133818359375 0.591390625 0.5058271484375 0.5866689453125 0.4960048828125 0.5866689453125 0.486560546875 0.5866689453125 0.4729619140625 0.5881796875 0.4597392578125 0.5859130859375 0.446517578125 0.582513671875 0.43707421875 0.5742021484375 0.4412294921875 0.571935546875 0.4408515625 0.5666474609375 0.4332958984375 0.5723134765625 0.4193193359375 0.570802734375 0.4113857421875 0.5621142578125 0.405341796875 0.5496474609375 0.4023193359375 0.5390703125 0.4113857421875 0.516404296875 0.4178076171875 0.4986494140625 0.4215859375 0.4895830078125 0.414408203125 0.488072265625 0.403830078125 0.5084716796875 0.39438671875 0.5160263671875 0.390986328125 0.5179150390625 0.3853203125 0.5160263671875 0.3751201171875 0.512626953125 0.3777646484375 0.5084716796875 0.374365234375 0.51073828125 0.3641650390625 0.512626953125 0.354720703125 0.5097177734375 0.3509052734375 0.505046875 0.3465263671875 0.4997919921875 0.342439453125 0.4919091796875 0.3430234375 0.485779296875 0.341271484375 0.48081640625 0.336892578125 0.4805244140625 0.330177734375 0.4825673828125 0.3179169921875 0.4825673828125 0.309158203125 0.4761455078125 0.3001083984375 0.4711826171875 0.2963134765625 0.467970703125 0.289890625 0.46651171875 0.27908984375 0.46417578125 0.268580078125 0.460380859375 0.2621572265625 0.4519150390625 0.255734375 0.4452001953125 0.256318359375 0.4399453125 0.2589462890625 0.43323046875 0.268580078125 0.4288515625 0.2808408203125 0.4176953125 0.29160546875 0.414853515625 0.2901845703125 0.4116572265625 0.2948017578125 0.4113017578125 0.3022607421875 0.410591796875 0.3100751953125 0.4070400390625 0.3185986328125 0.4020673828125 0.3217958984375 0.3988701171875 0.322505859375 0.39816015625 0.3285439453125 0.40277734375 0.3431064453125 0.390345703125 0.3487900390625 0.3846630859375 0.3459482421875 0.381466796875 0.340265625 0.3793349609375 0.3313857421875 0.3704560546875 0.3221513671875 0.3651279296875 0.32073046875 0.35447265625 0.322505859375 0.34985546875 0.3239267578125 0.3484345703125 0.329609375 0.34914453125 0.3384892578125 0.3512763671875 0.3463037109375 0.3555380859375 0.361931640625 0.3580244140625 0.3729423828125 0.354828125 0.3800458984375 0.3502099609375 0.3772041015625 0.3434619140625 0.366904296875 0.33991015625 0.3640625 0.337779296875 0.3679697265625 0.341685546875 0.376494140625 0.346658203125 0.386439453125 0.3557373046875 0.3983798828125 0.3518955078125 0.405294921875 0.345365234375 0.4033740234375 0.3411396484375 0.40260546875 0.338833984375 0.4033740234375 0.338833984375 0.40913671875 0.3445966796875 0.417587890625 0.3511279296875 0.4271923828125 0.3507431640625 0.43564453125 0.333072265625 0.440638671875 0.325388671875 0.440638671875 0.317705078125 0.434107421875 0.3127109375 0.4325703125 0.3084853515625 0.432955078125 0.307716796875 0.4371806640625 0.310021484375 0.44255859375 0.3169365234375 0.452931640625 0.2969599609375 0.4571572265625 0.2904296875 0.4567734375 0.287740234375 0.454083984375 0.2835146484375 0.4471689453125 0.277751953125 0.44025390625 0.2735263671875 0.4391015625 0.271220703125 0.4421748046875 0.2731416015625 0.45139453125 0.2808251953125 0.4636884765625 0.295423828125 0.482896484375 0.292734375 0.4882744140625 0.2869716796875 0.482896484375 0.2831298828125 0.47790234375 0.278904296875 0.4775185546875 0.2746787109375 0.4782861328125 0.2742939453125 0.4848173828125 0.2858193359375 0.50441015625 0.3043037109375 0.5287451171875 0.3161787109375 0.54002734375 0.3250849609375 0.54269921875 0.3351787109375 0.54507421875 0.3479443359375 0.54715234375 0.3390380859375 0.55071484375 0.3336943359375 0.55071484375 0.3250849609375 0.54952734375 0.3146943359375 0.54596484375 0.3057880859375 0.54180859375 0.3069755859375 0.54982421875 0.3132099609375 0.55427734375 0.3274599609375 0.55902734375 0.3322099609375 0.56258984375 0.3420068359375 0.56496484375 0.3393349609375 0.56852734375 0.3331005859375 0.57238671875 0.3230068359375 0.57505859375 0.3152880859375 0.57476171875 0.3081630859375 0.57327734375 0.3054912109375 0.57476171875 0.3054912109375 0.57683984375 0.3072724609375 0.58010546875 0.3149912109375 0.5848564453125 0.3215224609375 0.5872314453125 0.3280537109375 0.5916845703125 0.3331005859375 0.5970283203125 0.3446787109375 0.5979189453125 0.3553671875 0.5907939453125 0.3630859375 0.5830751953125 0.3678359375 0.57327734375 0.3743671875 0.56051171875 0.3788203125 0.56051171875 0.3850546875 0.56585546875 0.4108837890625 0.56852734375 0.4174150390625 0.56912109375 0.4180087890625 0.5973251953125 0.4206806640625 0.632654296875 0.4183056640625 0.637701171875 0.4177119140625 0.645419921875 0.4200869140625 0.654919921875 0.4186025390625 0.7184521484375 0.4180087890625 0.7917822265625 0.43178515625 0.7921728515625
6 1 0.715736328125 0.977876953125 0.71464453125 0.9751474609375 0.7188740234375 0.971599609375 0.719693359375 0.969416015625 0.719693359375 0.968734375 0.71669140625 0.95009765625 0.7173828125 0.94833984375 0.7197265625 0.9455078125 0.71923828125 0.94287109375 0.7189453125 0.94140625 0.717578125 0.94091796875 0.71533203125 0.93125 0.7154296875 0.92998046875 0.71708984375 0.92490234375 0.7169921875 0.92236328125 0.71572265625 0.92138671875 0.71376953125 0.9205234375 0.71000390625 0.9085087890625 0.7103486328125 0.90941796875 0.7429619140625 0.8555771484375 0.74926953125 0.858669921875 0.796958984375 0.84851953125 0.7961474609375 0.846490234375 0.75108203125 0.805484375 0.7498642578125 0.808732421875 0.8477080078125 0.7957412109375 0.8497373046875 0.7924931640625 0.845677734375 0.7900576171875 0.76326171875 0.729970703125 0.7612314453125 0.433505859375 0.7596328125 0.432892578125 0.7927666015625 0.4166318359375 0.7930732421875 0.4169384765625 0.760552734375 0.3190703125 0.759326171875 0 0.7583955078125 0 0.7817978515625 0 0.787087890625 0 1 1 0.9998818359375 1 0.7395478515625 1 0.715736328125
9 0.753533203125 0.594296875 0.7553095703125 0.583513671875 0.7617724609375 0.5820322265625 0.766619140625 0.583244140625 0.7674267578125 0.579609375 0.7837177734375 0.5786669921875 0.784255859375 0.571126953125 0.7711962890625 0.571126953125 0.770388671875 0.538544921875 0.735439453125 0.53401171875 0.7367919921875 0.5934990234375 0.753533203125 0.594296875
5 0.8463544921875 0.7494130859375 0.9085087890625 0.7419296875 0.9077509765625 0.6457392578125 0.8512021484375 0.644662109375 0.8105400390625 0.644662109375 0.8110791015625 0.65085546875 0.8024619140625 0.651125 0.8062314453125 0.7472587890625 0.8463544921875 0.7494130859375
1 0.92972265625 0.7163671875 0.931119140625 0.7153193359375 0.941392578125 0.7151259765625 0.9417177734375 0.71740625 0.9433466796875 0.718873046875 0.94546484375 0.7191982421875 0.9480712890625 0.7191982421875 0.94986328125 0.7172431640625 0.969248046875 0.7162666015625 0.969248046875 0.7178955078125 0.9707138671875 0.71903515625 0.9719716796875 0.718927734375 0.9746494140625 0.7184619140625 0.9766279296875 0.7159013671875 0.9774423828125 0.7131083984375 0.978140625 0.71008203125 0.978140625 0.70554296875 0.977326171875 0.7028662109375 0.9748818359375 0.6991416015625 0.97376171875 0.6951123046875 0.9729208984375 0.694271484375 0.970904296875 0.6930947265625 0.935076171875 0.6922744140625 0.9323994140625 0.6934384765625 0.9304208984375 0.6954169921875 0.9255322265625 0.6997236328125 0.922623046875 0.703564453125 0.9212255859375 0.70658984375 0.9212255859375 0.7093837890625 0.9219248046875 0.7133740234375 0.92285546875 0.715435546875 0.9244853515625 0.7163671875 0.9280927734375 0.716599609375 0.92972265625 0.7163671875
9 0 0.0419775390625 0.0076962890625 0.0419775390625 0.009794921875 0.003498046875 0 0 0 0.0419775390625
9 0 0.15973046875 0.0037392578125 0.1613330078125 0.0106845703125 0.09776171875 0 0.096158203125 0 0.15973046875
2 0 0.58098046875 0.147443359375 0.58175 0.1890693359375 0.5897744140625 0.3998974609375 0.596994140625 0.3996123046875 0.6146787109375 0.7347607421875 0.6333369140625 0.73513671875 0.638595703125 0.8110166015625 0.6438544921875 0.9098115234375 0.6434794921875 0.9098115234375 0.6494892578125 0.9270908203125 0.6494892578125 0.927841796875 0.6277021484375 0.9248369140625 0.604412109375 0.901171875 0.6040361328125 0.901171875 0.5856298828125 0.904927734375 0.5796201171875 0.9169482421875 0.5784931640625 0.92183203125 0.5698525390625 0.9206396484375 0.535236328125 0.8989951171875 0.534564453125 0.898677734375 0.506939453125 0.9144248046875 0.5041767578125 0.916634765625 0.485943359375 0.9157890625 0.4600244140625 0.891986328125 0.4592724609375 0.8917802734375 0.440630859375 0.8966640625 0.4364990234375 0.9098115234375 0.43499609375 0.9143193359375 0.391421875 0.9113134765625 0.3816552734375 0.88990234375 0.383533203125 0.89027734375 0.379025390625 0.901970703125 0.367310546875 0.9030869140625 0.326138671875 0.8844912109375 0.2908310546875 0.869703125 0.2722099609375 0.8196298828125 0.237765625 0.8202900390625 0.216630859375 0.793169921875 0.1932939453125 0.7673564453125 0.1974892578125 0.753583984375 0.200779296875 0.7542158203125 0.1662646484375 0.7138544921875 0.1506025390625 0.669705078125 0.166435546875 0.6523359375 0.16266796875 0.654001953125 0.1221396484375 0.6001494140625 0.1093701171875 0.5812734375 0.1226943359375 0.5231669921875 0.1110791015625 0.52546875 0.0880576171875 0.456404296875 0.0759716796875 0.4512236328125 0.0932373046875 0.3422998046875 0.06833203125 0.346205078125 0.048162109375 0.2798955078125 0.03769140625 0.2752451171875 0.0542822265625 0.1943837890625 0.0431025390625 0.1943837890625 0.02112890625 0.1264462890625 0.0108564453125 0.123892578125 0.028099609375 0.0338056640625 0.0126767578125 0.0346513671875 0.0008447265625 0.0095791015625 0.00127734375 0 0 0 0.58098046875
2 1 0.420365234375 0.9110576171875 0.44026953125 0.9111904296875 0.4496904296875 0.9113232421875 0.459376953125 0.916498046875 0.459642578125 0.9174267578125 0.4867109375 0.916365234375 0.4924169921875 0.9150380859375 0.5050224609375 0.899248046875 0.50780859375 0.899646484375 0.53394921875 0.9212744140625 0.5347451171875 0.9223359375 0.570173828125 0.9174267578125 0.579064453125 0.9053515625 0.5802587890625 0.90163671875 0.5862294921875 0.90176953125 0.6032138671875 0.925123046875 0.6036123046875 0.9283076171875 0.6265673828125 0.9279091796875 0.65363671875 0.908203125 0.654296875 0.9087890625 0.70986328125 0.920703125 0.7095703125 0.92060546875 0.70791015625 0.9212890625 0.705078125 0.924609375 0.6998046875 0.93203125 0.6931640625 0.9354208984375 0.69189453125 0.971017578125 0.6923203125 0.97421484375 0.6949853515625 0.97528125 0.6995673828125 0.9785849609375 0.7030849609375 0.978904296875 0.7094794921875 0.978158203125 0.713955078125 1 0.71475390625 1 0.4313212890625 1 0.420365234375