9 0.04560546875 0.44404296875 0.0494140625 0.44423828125 0.05263671875 0.393359375 0.0353515625 0.3984375 0.03427734375 0.4482421875 0.04560546875 0.44404296875
9 0.094341796875 0.3752666015625 0.091455078125 0.4289326171875 0.10940234375 0.422201171875 0.11252734375 0.365853515625 0.094341796875 0.3752666015625
9 0.0870830078125 0.491861328125 0.086654296875 0.5187470703125 0.0850478515625 0.5550576171875 0.1030419921875 0.5516298828125 0.1071123046875 0.4853271484375 0.0870830078125 0.491861328125
9 0.02568359375 0.53994140625 0.0240234375 0.60078125 0.0392578125 0.60078125 0.0431640625 0.5369140625 0.02568359375 0.53994140625
9 0.0729755859375 0.6796943359375 0.0958876953125 0.6786640625 0.0981796875 0.644638671875 0.099439453125 0.6109580078125 0.07515234375 0.61233203125 0.0729755859375 0.6796943359375
9 0.328908203125 0.345578125 0.3578994140625 0.3347060546875 0.3667646484375 0.3244306640625 0.36703125 0.258603515625 0.3302119140625 0.2752734375 0.328908203125 0.345578125
9 0.363466796875 0.506521484375 0.36503125 0.4493564453125 0.3644619140625 0.42248046875 0.3623291015625 0.42176953125 0.327916015625 0.429875 0.3262099609375 0.5133466796875 0.363466796875 0.506521484375
9 0.323822265625 0.5914130859375 0.3232197265625 0.6707109375 0.3330185546875 0.6793037109375 0.3619638671875 0.6793037109375 0.3634716796875 0.5883984375 0.323822265625 0.5914130859375
9 0.4645654296875 0.246896484375 0.4666806640625 0.2888154296875 0.508984375 0.2824697265625 0.50876953125 0.2662216796875 0.5084560546875 0.22859375 0.4645654296875 0.246896484375
9 0.46130078125 0.4533935546875 0.4592900390625 0.4582177734375 0.4623720703125 0.548681640625 0.508609375 0.5450634765625 0.5084755859375 0.44052734375 0.46130078125 0.4533935546875
1 0.3840078125 1 0.38419921875 0.948814453125 0.380751953125 0.9281298828125 0.3776875 0.91357421875 0.3769208984375 0.9022744140625 0.374431640625 0.8867607421875 0.368494140625 0.878333984375 0.3633232421875 0.87009765625 0.3520234375 0.84998828125 0.343212890625 0.8308359375 0.3378505859375 0.81915234375 0.3357431640625 0.8082353515625 0.329998046875 0.80019140625 0.3171123046875 0.790634765625 0.2903564453125 0.77576953125 0.2557177734375 0.762330078125 0.2316083984375 0.75509765625 0.2036416015625 0.748990234375 0.1772822265625 0.7460966796875 0.1445712890625 0.7437421875 0.0986181640625 0.74150390625 0.051546875 0.7425927734375 0.0270126953125 0.743087890625 0 0.7449462890625 0 1 0.3840078125 1
8 0.11376953125 0 0.11416015625 0.00234375 0.11552734375 0.003125 0.11708984375 0.00439453125 0.1173828125 0.00595703125 0.11640625 0.00791015625 0.11572265625 0.00927734375 0.113671875 0.01044921875 0.1109375 0.0119140625 0.109375 0.01337890625 0.10625 0.01455078125 0.10224609375 0.01533203125 0.0998046875 0.01689453125 0.10078125 0.0181640625 0.10703125 0.0181640625 0.10712890625 0.0205078125 0.1072265625 0.0220703125 0.1083984375 0.02412109375 0.1099609375 0.02509765625 0.112109375 0.02431640625 0.11279296875 0.02275390625 0.11669921875 0.02333984375 0.11962890625 0.0248046875 0.11923828125 0.0265625 0.11630859375 0.02919921875 0.1162109375 0.0314453125 0.1138671875 0.03251953125 0.11162109375 0.0326171875 0.10830078125 0.03271484375 0.105859375 0.03349609375 0.10576171875 0.0357421875 0.10556640625 0.0384765625 0.10390625 0.04052734375 0.101953125 0.041015625 0.09931640625 0.04228515625 0.09765625 0.04453125 0.098046875 0.044921875 0.09521484375 0.0462890625 0.09189453125 0.047265625 0.08994140625 0.04814453125 0.08984375 0.050390625 0.09091796875 0.0521484375 0.0921875 0.05205078125 0.09375 0.05400390625 0.0943359375 0.05517578125 0.09755859375 0.05458984375 0.10087890625 0.0533203125 0.10283203125 0.05673828125 0.10439453125 0.0587890625 0.10810546875 0.05966796875 0.1109375 0.06201171875 0.1111328125 0.065234375 0.11005859375 0.06708984375 0.10849609375 0.06748046875 0.10673828125 0.06533203125 0.10439453125 0.062890625 0.10244140625 0.0607421875 0.10087890625 0.0595703125 0.1001953125 0.0607421875 0.10029296875 0.062890625 0.1005859375 0.0642578125 0.1 0.066015625 0.09794921875 0.0662109375 0.0970703125 0.066796875 0.09697265625 0.0689453125 0.0974609375 0.07060546875 0.09833984375 0.07080078125 0.09951171875 0.07080078125 0.1009765625 0.07001953125 0.1029296875 0.0693359375 0.1060546875 0.069140625 0.1080078125 0.06962890625 0.10908203125 0.071875 0.10625 0.07373046875 0.10322265625 0.0740234375 0.10048828125 0.0744140625 0.098828125 0.074609375 0.0966796875 0.075390625 0.09658203125 0.076953125 0.09794921875 0.07841796875 0.09794921875 0.0802734375 0.09990234375 0.080859375 0.0998046875 0.082421875 0.09794921875 0.08388671875 0.09697265625 0.0859375 0.09775390625 0.08779296875 0.1001953125 0.08935546875 0.1005859375 0.0908203125 0.10224609375 0.0927734375 0.10302734375 0.09619140625 0.101171875 0.09560546875 0.10009765625 0.09814453125 0.09716796875 0.09951171875 0.0966796875 0.1005859375 0.0978515625 0.10224609375 0.09921875 0.1044921875 0.097265625 0.1048828125 0.09521484375 0.104296875 0.093359375 0.10400390625 0.0927734375 0.1068359375 0.09248046875 0.10751953125 0.0912109375 0.109375 0.09130859375 0.1123046875 0.0923828125 0.1126953125 0.09423828125 0.11220703125 0.097265625 0.11123046875 0.0982421875 0.11103515625 0.09794921875 0.1134765625 0.09853515625 0.11533203125 0.09853515625 0.11845703125 0.09697265625 0.1185546875 0.09453125 0.11767578125 0.092578125 0.11728515625 0.09130859375 0.11748046875 0.09091796875 0.1193359375 0.090625 0.12041015625 0.0884765625 0.12099609375 0.087109375 0.1220703125 0.0865234375 0.123828125 0.08662109375 0.12666015625 0.08818359375 0.12900390625 0.0896484375 0.1306640625 0.0900390625 0.1328125 0.08974609375 0.133984375 0.0873046875 0.13349609375 0.0865234375 0.1333984375 0.0845703125 0.1357421875 0.08447265625 0.1388671875 0.08583984375 0.14033203125 0.0845703125 0.14248046875 0.082421875 0.14248046875 0.08076171875 0.14306640625 0.0796875 0.1458984375 0.0794921875 0.148046875 0.0806640625 0.1490234375 0.08251953125 0.1490234375 0.0826171875 0.15048828125 0.08173828125 0.15244140625 0.08056640625 0.155078125 0.07958984375 0.1572265625 0.07861328125 0.15849609375 0.07958984375 0.160546875 0.08095703125 0.16259765625 0.0814453125 0.16455078125 0.07890625 0.16572265625 0.0759765625 0.1662109375 0.073828125 0.16728515625 0.07333984375 0.16875 0.073828125 0.1703125 0.07568359375 0.17158203125 0.07880859375 0.17158203125 0.08134765625 0.17177734375 0.08359375 0.1732421875 0.083984375 0.1748046875 0.0857421875 0.17568359375 0.08359375 0.17783203125 0.0826171875 0.18017578125 0.08330078125 0.18291015625 0.08388671875 0.18369140625 0.0830078125 0.1861328125 0.08212890625 0.18720703125 0.08056640625 0.18896484375 0.07890625 0.1912109375 0.078125 0.19306640625 0.07802734375 0.19482421875 0.07880859375 0.1962890625 0.0810546875 0.1966796875 0.0830078125 0.19482421875 0.08349609375 0.19404296875 0.08427734375 0.19228515625 0.08701171875 0.18955078125 0.0884765625 0.18779296875 0.090625 0.18662109375 0.09345703125 0.18681640625 0.094921875 0.18701171875 0.09375 0.19013671875 0.0935546875 0.19248046875 0.0955078125 0.19365234375 0.0974609375 0.19365234375 0.09970703125 0.19208984375 0.1017578125 0.19033203125 0.1041015625 0.1892578125 0.10517578125 0.190234375 0.1021484375 0.19296875 0.1009765625 0.1958984375 0.10126953125 0.1986328125 0.10283203125 0.1998046875 0.1060546875 0.2 0.10859375 0.1986328125 0.11103515625 0.1974609375 0.116015625 0.19775390625 0.11328125 0.20009765625 0.11416015625 0.2021484375 0.11572265625 0.2037109375 0.1171875 0.2046875 0.1189453125 0.203515625 0.12060546875 0.19921875 0.1220703125 0.1974609375 0.12353515625 0.19990234375 0.124609375 0.201953125 0.12763671875 0.20390625 0.12919921875 0.2033203125 0.12978515625 0.2015625 0.12958984375 0.19951171875 0.130859375 0.198828125 0.13271484375 0.200390625 0.13505859375 0.20078125 0.1353515625 0.2015625 0.13291015625 0.20361328125 0.13056640625 0.2072265625 0.12880859375 0.209765625 0.12607421875 0.21064453125 0.12353515625 0.2119140625 0.12158203125 0.21171875 0.11943359375 0.21103515625 0.11748046875 0.21083984375 0.1162109375 0.212890625 0.11494140625 0.2142578125 0.11220703125 0.21435546875 0.11103515625 0.21318359375 0.11015625 0.2126953125 0.10625 0.2126953125 0.10625 0.21416015625 0.10615234375 0.21494140625 0.10439453125 0.2162109375 0.1033203125 0.2171875 0.1029296875 0.21826171875 0.10283203125 0.22109375 0.10322265625 0.221875 0.10400390625 0.2224609375 0.10517578125 0.22255859375 0.1064453125 0.22216796875 0.10849609375 0.2208984375 0.116015625 0.22041015625 0.1162109375 0.22177734375 0.11279296875 0.2236328125 0.10927734375 0.2251953125 0.10693359375 0.2263671875 0.10634765625 0.22763671875 0.10634765625 0.231640625 0.10546875 0.23291015625 0.1017578125 0.23359375 0.1 0.23466796875 0.09970703125 0.2361328125 0.10029296875 0.2380859375 0.10283203125 0.2388671875 0.1046875 0.23876953125 0.10869140625 0.2375 0.10576171875 0.240234375 0.103515625 0.24287109375 0.1029296875 0.2453125 0.10458984375 0.24697265625 0.105078125 0.2484375 0.10458984375 0.2517578125 0.1044921875 0.25380859375 0.10400390625 0.25615234375 0.10283203125 0.26142578125 0.1021484375 0.2634765625 0.10126953125 0.265234375 0.10009765625 0.26787109375 0.09892578125 0.269921875 0.09755859375 0.27099609375 0.095703125 0.27158203125 0.0927734375 0.27216796875 0.090234375 0.27255859375 0.08818359375 0.27373046875 0.08818359375 0.27568359375 0.08916015625 0.277734375 0.09072265625 0.2787109375 0.093359375 0.27880859375 0.097265625 0.2779296875 0.09951171875 0.27646484375 0.10234375 0.27529296875 0.1033203125 0.27314453125 0.1041015625 0.27177734375 0.1072265625 0.269921875 0.108203125 0.26767578125 0.10888671875 0.2646484375 0.11025390625 0.2646484375 0.11083984375 0.2671875 0.11025390625 0.27041015625 0.10869140625 0.27255859375 0.1064453125 0.27431640625 0.1044921875 0.27578125 0.1041015625 0.27734375 0.1044921875 0.27861328125 0.10546875 0.27919921875 0.10888671875 0.27841796875 0.11083984375 0.27724609375 0.11259765625 0.276171875 0.11376953125 0.273828125 0.1140625 0.27119140625 0.11474609375 0.26923828125 0.11640625 0.26640625 0.11826171875 0.26455078125 0.11884765625 0.26298828125 0.1189453125 0.25302734375 0.1216015625 0.2509453125 0.122673828125 0.2533271484375 0.123865234375 0.2547568359375 0.1255322265625 0.2551142578125 0.128748046875 0.2553515625 0.1311298828125 0.2543994140625 0.13351171875 0.2529697265625 0.1363701171875 0.2486826171875 0.1380380859375 0.2479677734375 0.1360126953125 0.2529697265625 0.1363701171875 0.255708984375 0.1375615234375 0.2572578125 0.1377998046875 0.2590439453125 0.133869140625 0.261306640625 0.132796875 0.262498046875 0.134345703125 0.2648798828125 0.13541796875 0.2667861328125 0.1361318359375 0.268453125 0.134822265625 0.2713115234375 0.13303515625 0.2721455078125 0.1307724609375 0.2726220703125 0.12815234375 0.273693359375 0.127556640625 0.27500390625 0.128509765625 0.2764326171875 0.1299384765625 0.2778623046875 0.1299384765625 0.28083984375 0.1300576171875 0.2826259765625 0.1311298828125 0.2844130859375 0.1324404296875 0.28476953125 0.134345703125 0.28524609375 0.1364892578125 0.2859609375 0.138751953125 0.286556640625 0.1414912109375 0.284888671875 0.1426826171875 0.2832216796875 0.1424443359375 0.2785771484375 0.14446875 0.279291015625 0.146494140625 0.27941015625 0.1491142578125 0.2770283203125 0.1476845703125 0.274646484375 0.1480419921875 0.2738125 0.1503046875 0.27452734375 0.1512578125 0.2761943359375 0.1501865234375 0.279171875 0.1480419921875 0.28131640625 0.14613671875 0.2834599609375 0.146017578125 0.28619921875 0.1474462890625 0.2881044921875 0.1495908203125 0.2890576171875 0.1532822265625 0.2903671875 0.156974609375 0.291439453125 0.1599521484375 0.290962890625 0.16959765625 0.287646484375 0.1794169921875 0.2829599609375 0.184326171875 0.2820673828125 0.19213671875 0.278720703125 0.1995 0.277828125 0.2093486328125 0.277955078125 0.213888671875 0.283755859375 0.216916015625 0.2900615234375 0.2217080078125 0.29939453125 0.224734375 0.3051953125 0.2267529296875 0.3099873046875 0.231796875 0.3132666015625 0.242642578125 0.31805859375 0.2504619140625 0.3205810546875 0.256263671875 0.3243642578125 0.264376953125 0.3286279296875 0.26901171875 0.3317880859375 0.2759638671875 0.337265625 0.2787021484375 0.341689453125 0.2782802734375 0.3431640625 0.2742783203125 0.3448486328125 0.2713291015625 0.3477978515625 0.26880078125 0.350537109375 0.2641669921875 0.35201171875 0.2595322265625 0.353064453125 0.2580576171875 0.3545390625 0.25721484375 0.35791015625 0.2591103515625 0.3604375 0.2624814453125 0.3610693359375 0.267748046875 0.3606484375 0.2757529296875 0.3583310546875 0.283546875 0.3568564453125 0.2898671875 0.3555927734375 0.2974501953125 0.3545390625 0.3022958984375 0.3539072265625 0.3079833984375 0.353064453125 0.3128291015625 0.35180078125 0.31662109375 0.3494833984375 0.321044921875 0.347166015625 0.326732421875 0.344638671875 0.337265625 0.3370546875 0.34569140625 0.33410546875 0.3524326171875 0.33431640625 0.35791015625 0.3376865234375 0.3602275390625 0.3431640625 0.3610693359375 0.3477978515625 0.36310546875 0.3553046875 0.3657060546875 0.3597958984375 0.369251953125 0.361923828125 0.37492578125 0.3626328125 0.383435546875 0.36854296875 0.3921826171875 0.37090625 0.40873046875 0.3784716796875 0.4134580078125 0.38225390625 0.4200771484375 0.3874541015625 0.4252783203125 0.3954921875 0.4113310546875 0.39501953125 0.40234765625 0.390291015625 0.395728515625 0.3881640625 0.39052734375 0.3853271484375 0.3846181640625 0.3881640625 0.3713798828125 0.3917099609375 0.3600322265625 0.3954921875 0.3508125 0.3997470703125 0.3479765625 0.403529296875 0.3472666015625 0.408021484375 0.3479765625 0.4125126953125 0.3498671875 0.416767578125 0.349630859375 0.4205498046875 0.341830078125 0.423150390625 0.3333193359375 0.4262236328125 0.327646484375 0.4283515625 0.323154296875 0.42882421875 0.3203173828125 0.4269326171875 0.3181904296875 0.4229140625 0.3170078125 0.417240234375 0.3120439453125 0.4125126953125 0.3047158203125 0.4122763671875 0.2971513671875 0.414640625 0.2919501953125 0.41794921875 0.2917138671875 0.42196875 0.2969140625 0.42433203125 0.3004599609375 0.429060546875 0.2973876953125 0.430951171875 0.2907685546875 0.428115234375 0.2855673828125 0.4248056640625 0.2787119140625 0.42338671875 0.2728017578125 0.4200771484375 0.2676015625 0.415349609375 0.260794921875 0.410798828125 0.250794921875 0.407640625 0.243953125 0.4071142578125 0.242900390625 0.4100087890625 0.2431630859375 0.4134306640625 0.2471103515625 0.4173779296875 0.2552685546875 0.420798828125 0.26105859375 0.4234306640625 0.2657958984375 0.4273779296875 0.25605859375 0.430798828125 0.25105859375 0.4334306640625 0.245794921875 0.435798828125 0.2423740234375 0.4376416015625 0.2413212890625 0.439220703125 0.241583984375 0.4434306640625 0.2442158203125 0.4455361328125 0.24605859375 0.446326171875 0.2515849609375 0.446326171875 0.2555322265625 0.445009765625 0.258953125 0.4426416015625 0.2615849609375 0.4394833984375 0.2665849609375 0.4355361328125 0.2747431640625 0.43316796875 0.28026953125 0.4334306640625 0.28526953125 0.4373779296875 0.2926376953125 0.4423779296875 0.2960595703125 0.4452734375 0.2957958984375 0.4515888671875 0.2879013671875 0.4555361328125 0.2839541015625 0.457115234375 0.284216796875 0.459220703125 0.287111328125 0.4602734375 0.2918486328125 0.4597470703125 0.2979013671875 0.4579052734375 0.302638671875 0.4557998046875 0.3065859375 0.45316796875 0.317638671875 0.4515888671875 0.32369140625 0.4507998046875 0.3273759765625 0.4518525390625 0.3313232421875 0.456326171875 0.3331650390625 0.4586943359375 0.3413232421875 0.4700107421875 0.344744140625 0.4752734375 0.3442177734375 0.4771162109375 0.33790234375 0.4800107421875 0.3334287109375 0.48237890625 0.3310595703125 0.4860634765625 0.3310595703125 0.4886953125 0.3315859375 0.4913271484375 0.333955078125 0.4923798828125 0.33711328125 0.491853515625 0.34211328125 0.489484375 0.344744140625 0.4881689453125 0.3463232421875 0.490537109375 0.34790234375 0.493431640625 0.350796875 0.4923798828125 0.35211328125 0.4902744140625 0.3534287109375 0.4868525390625 0.3550078125 0.484484375 0.3573759765625 0.4863271484375 0.361060546875 0.488431640625 0.3665869140625 0.4892216796875 0.3718505859375 0.49080078125 0.374482421875 0.4942216796875 0.3829033203125 0.49790625 0.385271484375 0.49580078125 0.3868505859375 0.49158984375 0.3889560546875 0.487642578125 0.392376953125 0.48237890625 0.3971142578125 0.474484375 0.399482421875 0.4660634765625 0.40053515625 0.461326171875 0.399482421875 0.455009765625 0.4063251953125 0.454220703125 0.4121142578125 0.4565888671875 0.416587890625 0.458431640625 0.4192197265625 0.461326171875 0.4221142578125 0.4652734375 0.422904296875 0.47237890625 0.4210703125 0.4784375 0.4176787109375 0.4843720703125 0.416548828125 0.4877626953125 0.4185263671875 0.4931318359375 0.4210703125 0.49821875 0.4205048828125 0.505849609375 0.4224833984375 0.51376171875 0.4222001953125 0.557564453125 0.4148525390625 0.5699990234375 0.4123095703125 0.57932421875 0.4148525390625 0.5863896484375 0.4179609375 0.595998046875 0.4176787109375 0.6217138671875 0.4145703125 0.7375791015625 0.4357646484375 0.7384267578125 0.45639453125 0.738708984375 0.4671337890625 0.7423828125 0.4750458984375 0.7449267578125 0.4823935546875 0.7437958984375 0.4886103515625 0.74323046875 0.491154296875 0.7406875 0.4942626953125 0.7401220703125 0.49821875 0.742666015625 0.5033056640625 0.74323046875 0.5117841796875 0.745208984375 0.5388212890625 0.747634765625 0.5453798828125 0.7395029296875 0.5514130859375 0.7329443359375 0.5595458984375 0.7269111328125 0.5663662109375 0.7313701171875 0.5666279296875 0.7381904296875 0.566890625 0.744486328125 0.57030078125 0.7507822265625 0.576859375 0.751044921875 0.5823681640625 0.7489462890625 0.594435546875 0.7452734375 0.604666015625 0.7439619140625 0.6070263671875 0.7497333984375 0.613322265625 0.752619140625 0.619880859375 0.75340625 0.6308984375 0.7552421875 0.63745703125 0.7555048828125 0.643478515625 0.7517705078125 0.6480615234375 0.7493583984375 0.6533671875 0.751529296875 0.6579501953125 0.7532177734375 0.664220703125 0.7508056640625 0.6724208984375 0.7546650390625 0.6777275390625 0.7568349609375 0.68641015625 0.7582822265625 0.6941279296875 0.7585234375 0.7071513671875 0.759970703125 0.7170400390625 0.7621416015625 0.7286171875 0.7635888671875 0.736576171875 0.7635888671875 0.7433291015625 0.7635888671875 0.7476708984375 0.761900390625 0.7517705078125 0.7546650390625 0.75490625 0.748634765625 0.756353515625 0.7404345703125 0.752494140625 0.73705859375 0.7503232421875 0.72765234375 0.7565947265625 0.720658203125 0.7602119140625 0.7136630859375 0.759970703125 0.708357421875 0.7551474609375 0.704498046875 0.7568349609375 0.6921982421875 0.7606943359375 0.6883388671875 0.7672060546875 0.6996748046875 0.772271484375 0.7071513671875 0.7761298828125 0.7110107421875 0.7773359375 0.714869140625 0.7773359375 0.721140625 0.7761298828125 0.7278935546875 0.7766123046875 0.73512890625 0.7790244140625 0.7409169921875 0.780712890625 0.74453515625 0.782642578125 0.7462236328125 0.7850537109375 0.7483935546875 0.7889130859375 0.7493583984375 0.7985576171875 0.743748046875 0.8065234375 0.7383310546875 0.816083984375 0.7329140625 0.82851171875 0.7313203125 0.843169921875 0.7316396484375 0.8517734375 0.7341884765625 0.8613330078125 0.7367373046875 0.855916015625 0.7469345703125 0.8546416015625 0.75171484375 0.8508173828125 0.7574501953125 0.8406201171875 0.75840625 0.8399833984375 0.7638232421875 0.8462470703125 0.7749228515625 0.854728515625 0.770681640625 0.864751953125 0.771453125 0.880173828125 0.772224609375 0.890197265625 0.77530859375 0.907546875 0.7760791015625 0.9256669921875 0.777236328125 0.9395458984375 0.7776220703125 0.95458203125 0.777236328125 0.9599794921875 0.77530859375 0.9630634765625 0.7668271484375 0.9688466796875 0.768369140625 0.9730869140625 0.774537109375 0.975400390625 0.7768505859375 0.980412109375 0.7776220703125 0.9775634765625 0.768275390625 0.9842119140625 0.7658828125 0.9943173828125 0.7640205078125 0.998572265625 0.7595 1 0.73556640625 0.9996357421875 0.6943466796875 0.99990234375 0.6754658203125 1 0.1088876953125 0.99834765625 0.09862109375 0.9933701171875 0.098310546875 0.9855927734375 0.099244140625 0.981859375 0.10484375 0.9731484375 0.110443359375 0.970970703125 0.1151103515625 0.97128125 0.1203994140625 0.9737705078125 0.1238212890625 0.9768818359375 0.1272431640625 0.981859375 0.135021484375 0.983103515625 0.141865234375 0.983103515625 0.1443544921875 0.9803037109375 0.1465322265625 0.9719033203125 0.1474658203125 0.9697255859375 0.14933203125 0.9747041015625 0.1543095703125 0.977814453125 0.1574208984375 0.978748046875 0.15991015625 0.9771923828125 0.1639541015625 0.9715927734375 0.1670654296875 0.967859375 0.171732421875 0.967859375 0.1776435546875 0.9697255859375 0.1857314453125 0.9740810546875 0.193509765625 0.9750146484375 0.1981767578125 0.967859375 0.1981767578125 0.959458984375 0.20004296875 0.9554150390625 0.2009765625 0.9523037109375 0.196931640625 0.9501259765625 0.1919541015625 0.94608203125 0.1888427734375 0.9423486328125 0.18791015625 0.9370595703125 0.18791015625 0.93021484375 0.1857314453125 0.9218154296875 0.184798828125 0.919015625 0.18262109375 0.92150390625 0.178576171875 0.9239931640625 0.1754658203125 0.9261708984375 0.1692431640625 0.9264814453125 0.164265625 0.9227490234375 0.160220703125 0.91808203125 0.1589765625 0.912482421875 0.1589765625 0.90750390625 0.1592880859375 0.9031484375 0.162087890625 0.9025263671875 0.16519921875 0.90408203125 0.1701767578125 0.9068818359375 0.1754658203125 0.9059482421875 0.1813759765625 0.90937109375 0.187287109375 0.9012822265625 0.18946484375 0.89194921875 0.1941318359375 0.8891484375 0.1997314453125 0.8885263671875 0.2062646484375 0.8745263671875 0.210931640625 0.86737109375 0.217154296875 0.8558603515625 0.219642578125 0.8546162109375 0.227109375 0.8567939453125 0.2320869140625 0.851193359375 0.23333203125 0.8471494140625 0.2407978515625 0.8462158203125 0.24888671875 0.84652734375 0.2523095703125 0.84652734375 0.25759765625 0.841548828125 0.26475390625 0.8399931640625 0.2653759765625 0.8378154296875 0.256353515625 0.8362607421875 0.2544873046875 0.830349609375 0.2535537109375 0.81759375 0.246708984375 0.8160380859375 0.24204296875 0.8157275390625 0.2342646484375 0.8116826171875 0.228353515625 0.80794921875 0.22617578125 0.80308203125 0.2291298828125 0.79728125 0.2239736328125 0.78890234375 0.2249404296875 0.78245703125 0.2288076171875 0.77858984375 0.2326748046875 0.7805234375 0.2368642578125 0.7715 0.2349306640625 0.767955078125 0.2294521484375 0.763765625 0.2291298828125 0.76054296875 0.2336416015625 0.759576171875 0.2458876953125 0.760865234375 0.2526552734375 0.760220703125 0.2607119140625 0.753775390625 0.2661904296875 0.747974609375 0.2678017578125 0.74378515625 0.2665126953125 0.743140625 0.2610341796875 0.742173828125 0.2523330078125 0.738306640625 0.2433095703125 0.730572265625 0.2326748046875 0.72440625 0.2094228515625 0.7378779296875 0.2075859375 0.74951171875 0.2045234375 0.7605341796875 0.1950322265625 0.772474609375 0.183091796875 0.778904296875 0.1772744140625 0.7877841796875 0.1745185546875 0.7966630859375 0.16502734375 0.801255859375 0.14971875 0.798193359375 0.146044921875 0.7834970703125 0.1448203125 0.7813544921875 0.1261435546875 0.7813544921875 0.1246123046875 0.781095703125 0.10794140625 0.7896884765625 0.10364453125 0.793984375 0.102302734375 0.797744140625 0.1033759765625 0.801771484375 0.10794140625 0.8060673828125 0.114921875 0.8092900390625 0.1151904296875 0.811974609375 0.1138486328125 0.8154658203125 0.11196875 0.8205673828125 0.10794140625 0.821373046875 0.103107421875 0.8211044921875 0.098005859375 0.8267431640625 0.1004228515625 0.829427734375 0.10069140625 0.8323818359375 0.1004228515625 0.835603515625 0.09854296875 0.8358720703125 0.0958583984375 0.8323818359375 0.0947841796875 0.8245947265625 0.091025390625 0.816001953125 0.087265625 0.8240576171875 0.0853857421875 0.8262060546875 0.0808212890625 0.825400390625 0.07598828125 0.8219091796875 0.0711552734375 0.8194931640625 0.066859375 0.815197265625 0.065248046875 0.8127802734375 0.0614892578125 0.81466015625 0.056923828125 0.8165390625 0.0520908203125 0.8173447265625 0.043767578125 0.820298828125 0.052359375 0.821373046875 0.0553134765625 0.8245947265625 0.0574609375 0.82781640625 0.0593408203125 0.8331875 0.0609521484375 0.836140625 0.06068359375 0.837751953125 0.0582666015625 0.8385576171875 0.055044921875 0.8369462890625 0.0526279296875 0.830501953125 0.05128515625 0.8296962890625 0.0496748046875 0.8337236328125 0.0472578125 0.8364091796875 0.0448408203125 0.838826171875 0.0440361328125 0.8415107421875 0.0400078125 0.8425849609375 0.037591796875 0.841779296875 0.031416015625 0.8420478515625 0.024703125 0.8420478515625 0.017453125 0.84231640625 0.012888671875 0.843927734375 0.0064443359375 0.8393623046875 0 0.11376953125 0
9 0.82395703125 0.201228515625 0.82395703125 0.238828125 0.847517578125 0.25544921875 0.845904296875 0.2015517578125 0.8438056640625 0.1967109375 0.8234736328125 0.182025390625 0.82395703125 0.201228515625
8 0.23150390625 0.7238740234375 0.2359169921875 0.7223466796875 0.2435546875 0.719630859375 0.2457607421875 0.718103515625 0.2533984375 0.71606640625 0.2571318359375 0.7157275390625 0.261884765625 0.7172548828125 0.266296875 0.71606640625 0.2722373046875 0.715896484375 0.2827607421875 0.7145390625 0.288701171875 0.7138603515625 0.293283203125 0.7133505859375 0.29871484375 0.713181640625 0.29990234375 0.711314453125 0.2975263671875 0.7050341796875 0.2931142578125 0.6982451171875 0.2926044921875 0.6948505859375 0.2956591796875 0.693154296875 0.296677734375 0.6880625 0.2973564453125 0.686365234375 0.3051640625 0.6843330078125 0.3107646484375 0.6865390625 0.3146689453125 0.68806640625 0.3192509765625 0.6911220703125 0.3228154296875 0.693498046875 0.3262099609375 0.6938369140625 0.3275673828125 0.691630859375 0.327228515625 0.6862001953125 0.33011328125 0.6877275390625 0.332490234375 0.686708984375 0.33384765625 0.681787109375 0.333677734375 0.678052734375 0.3313017578125 0.6738095703125 0.32671875 0.6677001953125 0.325361328125 0.6637958984375 0.325021484375 0.6559892578125 0.326888671875 0.6539521484375 0.330283203125 0.6571767578125 0.3350361328125 0.658025390625 0.337072265625 0.6558193359375 0.3384296875 0.649708984375 0.3377509765625 0.6442783203125 0.3346962890625 0.6391865234375 0.3294345703125 0.6335849609375 0.3279072265625 0.62730078125 0.32671875 0.623736328125 0.325701171875 0.6201728515625 0.323833984375 0.617626953125 0.3229853515625 0.6160986328125 0.32705859375 0.6140625 0.3297744140625 0.6130439453125 0.3314716796875 0.6093095703125 0.3313017578125 0.604048828125 0.329095703125 0.5981083984375 0.325361328125 0.5931865234375 0.3216279296875 0.591828125 0.3161962890625 0.5914892578125 0.315517578125 0.5892822265625 0.315177734375 0.5850390625 0.3175537109375 0.5758740234375 0.3175537109375 0.572310546875 0.315517578125 0.5673876953125 0.312123046875 0.5628056640625 0.3024482421875 0.5604296875 0.2993935546875 0.56195703125 0.2944716796875 0.566708984375 0.289888671875 0.56195703125 0.2890400390625 0.55822265625 0.2856455078125 0.5561865234375 0.28021484375 0.56008984375 0.2769013671875 0.5584189453125 0.2748486328125 0.554828125 0.273181640625 0.551365234375 0.27048828125 0.5487998046875 0.2683076171875 0.5473896484375 0.2653583984375 0.5457216796875 0.2621513671875 0.545978515625 0.2586884765625 0.5464912109375 0.2561240234375 0.54790234375 0.25355859375 0.549826171875 0.2495830078125 0.5500830078125 0.2494541015625 0.5468759765625 0.25125 0.5454658203125 0.2536865234375 0.5422587890625 0.252404296875 0.5395654296875 0.2490693359375 0.537513671875 0.2472744140625 0.537513671875 0.245607421875 0.5404638671875 0.2445810546875 0.5445673828125 0.24214453125 0.5453369140625 0.2388095703125 0.5480302734375 0.235859375 0.5491845703125 0.2334228515625 0.546748046875 0.22983203125 0.5440546875 0.225470703125 0.5449521484375 0.2226494140625 0.5461064453125 0.219828125 0.5484150390625 0.2182890625 0.5514931640625 0.2182890625 0.5557255859375 0.218673828125 0.5577783203125 0.2220078125 0.560599609375 0.223931640625 0.5607275390625 0.225599609375 0.560984375 0.22585546875 0.563677734375 0.224830078125 0.56701171875 0.222521484375 0.5726552734375 0.2195712890625 0.57470703125 0.2168779296875 0.57406640625 0.2111240234375 0.570673828125 0.2086806640625 0.5683466796875 0.202283203125 0.56404296875 0.1942568359375 0.56253125 0.185173828125 0.5616396484375 0.183869140625 0.562341796875 0.1820634765625 0.5644482421875 0.180158203125 0.566654296875 0.17775 0.565150390625 0.175744140625 0.5650498046875 0.1703271484375 0.568259765625 0.1690234375 0.570767578125 0.1641083984375 0.572974609375 0.1616005859375 0.57307421875 0.157587890625 0.5736767578125 0.15528125 0.57558203125 0.1526728515625 0.5762841796875 0.1490615234375 0.5767861328125 0.1467548828125 0.5786923828125 0.1448486328125 0.583306640625 0.141638671875 0.585814453125 0.1389306640625 0.5869169921875 0.1370244140625 0.588923828125 0.13491796875 0.5916318359375 0.1358203125 0.5959453125 0.1350185546875 0.5977509765625 0.1329111328125 0.601763671875 0.1339150390625 0.605173828125 0.1353193359375 0.6069794921875 0.1381279296875 0.6085849609375 0.1432431640625 0.6078828125 0.144748046875 0.6071806640625 0.147255859375 0.605474609375 0.149462890625 0.60316796875 0.1518701171875 0.60567578125 0.15197265625 0.58733203125 0.1534033203125 0.609970703125 0.155615234375 0.6123125 0.154705078125 0.6138740234375 0.149890625 0.6164765625 0.147548828125 0.62025 0.1462470703125 0.623892578125 0.14442578125 0.630138671875 0.145076171875 0.634171875 0.150541015625 0.63248046875 0.1548349609375 0.6315693359375 0.157046875 0.6307890625 0.1592587890625 0.6300078125 0.163421875 0.6277958984375 0.1660244140625 0.629357421875 0.173330078125 0.6337802734375 0.1740869140625 0.6358330078125 0.17322265625 0.6375615234375 0.1718173828125 0.640587890625 0.1708447265625 0.6441533203125 0.17062890625 0.647828125 0.1716015625 0.649556640625 0.173005859375 0.6496650390625 0.174302734375 0.649125 0.175923828125 0.6454501953125 0.1774365234375 0.6459912109375 0.1767880859375 0.6480439453125 0.1760322265625 0.650529296875 0.1779765625 0.6506376953125 0.179166015625 0.6497724609375 0.1816513671875 0.647287109375 0.1866220703125 0.6490166015625 0.185025390625 0.659861328125 0.1841123046875 0.6623974609375 0.181373046875 0.6639189453125 0.1759970703125 0.663716796875 0.1709248046875 0.663716796875 0.1677802734375 0.6611806640625 0.1644326171875 0.6590498046875 0.159158203125 0.660369140625 0.155505859375 0.66209375 0.1540859375 0.6639189453125 0.1544921875 0.666251953125 0.1565205078125 0.6687880859375 0.158751953125 0.6709189453125 0.158751953125 0.6724404296875 0.1544921875 0.675990234375 0.1542890625 0.6783232421875 0.1578388671875 0.6807578125 0.160578125 0.6817724609375 0.1633173828125 0.682380859375 0.1646357421875 0.68461328125 0.165650390625 0.6868447265625 0.1676787109375 0.686236328125 0.1693017578125 0.6819755859375 0.17031640625 0.67751171875 0.17051953125 0.672947265625 0.173458984375 0.6785927734375 0.175751953125 0.67994140625 0.183439453125 0.6862802734375 0.18505859375 0.6927548828125 0.1869462890625 0.698689453125 0.18249609375 0.7061083984375 0.18101171875 0.709615234375 0.1931513671875 0.709884765625 0.203537109375 0.709884765625 0.2114951171875 0.71001953125 0.221341796875 0.71150390625 0.2306552734375 0.712501953125 0.23150390625 0.7238740234375
6 0.8876044921875 1 0.77393359375 0.9759638671875 0.5405830078125 0.9242841796875 0.38894140625 0.8933291015625 0.3749375 0.8912109375 0.3763271484375 0.8970703125 0.3775966796875 0.90703125 0.3787685546875 0.91728515625 0.3815029296875 0.9296875 0.3827724609375 0.93759765625 0.3845302734375 0.94912109375 0.3843349609375 0.97802734375 0.3840419921875 1 0.8876044921875 1
2 1 0.2004375 0.95848828125 0.2042373046875 0.9458212890625 0.1890390625 0.8862861328125 0.20550390625 0.8660185546875 0.1877724609375 0.89388671875 0.17890625 0.85338671875 0.0961640625 0.8059462890625 0.114681640625 0.7709365234375 0.08383984375 0.7458212890625 0.093986328125 0.734912109375 0.0851083984375 0.7321220703125 0.07623046875 0.726033203125 0.0731865234375 0.68163671875 0.0749619140625 0.601330078125 0.0641787109375 0.5899140625 0.073818359375 0.4544677734375 0.13776171875 0.426482421875 0.1650927734375 0.3971953125 0.1716005859375 0.3445966796875 0.1974951171875 0.3257470703125 0.188642578125 0.279765625 0.21148828125 0.2803359375 0.2163427734375 0.2843349609375 0.2189130859375 0.286333984375 0.226337890625 0.2746240234375 0.2334775390625 0.2769091796875 0.1849306640625 0.2794794921875 0.1815029296875 0.28005078125 0.1795048828125 0.26234375 0.170080078125 0.2406376953125 0.184359375 0.23978125 0.188357421875 0.243779296875 0.1889287109375 0.238923828125 0.2488984375 0.1426767578125 0.2974453125 0.1366435546875 0.3003251953125 0.136787109375 0.2935712890625 0.1297451171875 0.292708984375 0.1290263671875 0.3027685546875 0.1024384765625 0.3177138671875 0.078150390625 0.3122529296875 0.0749892578125 0.309953125 0.061767578125 0.303630859375 0.06078515625 0.295189453125 0.0566171875 0.2954775390625 0.05604296875 0.3005068359375 0.0482822265625 0.307404296875 0.0482822265625 0.311427734375 0.04770703125 0.320193359375 0.043251953125 0.324361328125 0.043251953125 0.327953125 0.0472763671875 0.33140234375 0.0464140625 0.3419765625 0.0433955078125 0.344275390625 0.0431083984375 0.35016796875 0.039083984375 0.3549091796875 0.0244248046875 0.351748046875 0.0155146484375 0.3478681640625 0.0120654296875 0.348443359375 0 0.355197265625 0 0.392953125 0.0004931640625 0.7149267578125 0.1212490234375 0.7168974609375 0.13012109375 0.7141875 0.1394853515625 0.71196875 0.180564453125 0.7106220703125 0.3386591796875 0.7170419921875 0.341869140625 0.7210546875 0.3382578125 0.7294814453125 0.709283203125 0.761220703125 0.827109375 0.768806640625 1 0.781248046875 1 0.4871630859375 1 0.2004375
3 1 0.7817490234375 0.33834765625 0.7334326171875 0.335779296875 0.7324990234375 0.3400849609375 0.7301650390625 0.341953125 0.7215283203125 0.3386845703125 0.71709375 0.2924638671875 0.7163935546875 0.2722646484375 0.7154599609375 0.2580244140625 0.7154599609375 0.23211328125 0.7238623046875 0.23211328125 0.7124248046875 0.171185546875 0.709390625 0.16978515625 0.709857421875 0.169318359375 0.71989453125 0.1718857421875 0.7247958984375 0.1704853515625 0.7404345703125 0.00030859375 0.72736328125 0 0.743703125 0.0542421875 0.74066796875 0.09509375 0.7404345703125 0.12520703125 0.741134765625 0.21509765625 0.7509384765625 0.266455078125 0.7653359375 0.287697265625 0.7737392578125 0.3308876953125 0.7989482421875 0.335556640625 0.8064169921875 0.337484375 0.8143740234375 1 0.9185029296875 1 0.7817490234375
9 0.153611328125 0.371935546875 0.1755439453125 0.377892578125 0.175857421875 0.3669189453125 0.15737109375 0.362216796875 0.153611328125 0.371935546875