2 1 0.3247353515625 0.8767177734375 0.2824052734375 0.8677578125 0.2827138671875 0.7873916015625 0.3231904296875 0.4792236328125 0.237294921875 0.4789150390625 0.231423828125 0.5042509765625 0.1909482421875 0.5061044921875 0.1782802734375 0.51012109375 0.17302734375 0.5113857421875 0.1646201171875 0 0 0 1 1 1 1 0.3247353515625
9 0 0.8849306640625 0.320955078125 0.8681708984375 0.32179296875 0.8794833984375 0.3473525390625 0.8828359375 0.3481904296875 0.9029482421875 0.3965859375 0.898728515625 0.3842109375 0.7434345703125 0 0.7366044921875 0 0.8849306640625
9 0 0.5547451171875 0.0045 0.559654296875 0.0057919921875 0.5531943359375 0.0081171875 0.5467353515625 0.0150751953125 0.5467353515625 0.029802734375 0.559654296875 0.07527734375 0.5575869140625 0.081220703125 0.5630126953125 0.0817373046875 0.5813583984375 0.1096796875 0.579291015625 0.117689453125 0.5831669921875 0.1166552734375 0.5966025390625 0.1714326171875 0.5999619140625 0.1732412109375 0.59634375 0.1422353515625 0.5937607421875 0.1419765625 0.5893681640625 0.17892578125 0.563529296875 0.3164970703125 0.5772236328125 0.3198564453125 0.5831669921875 0.2976357421875 0.5960859375 0.2976357421875 0.6115888671875 0.3268330078125 0.6136552734375 0.331224609375 0.60512890625 0.366365234375 0.6053876953125 0.36558984375 0.589884765625 0.37256640625 0.5878173828125 0.3712744140625 0.5097861328125 0 0.464736328125 0 0.5547451171875
9 0.0262265625 0.238412109375 0.0253916015625 0.2457158203125 0.02518359375 0.2699208984375 0.1694296875 0.299228515625 0.18194921875 0.2871259765625 0.187166015625 0.3040283203125 0.20740625 0.308619140625 0.215544921875 0.2994375 0.268345703125 0.3109140625 0.2975595703125 0.31633984375 0.3015244140625 0.30987109375 0.3036103515625 0.3127919921875 0.2994375 0.329068359375 0.3538994140625 0.3399189453125 0.353064453125 0.315712890625 0.0262265625 0.238412109375
9 0.854150390625 0.8822177734375 0.9517490234375 0.8630810546875 0.8117216796875 0.33 0.7398232421875 0.36668359375 0.854150390625 0.8822177734375
0 0.9083076171875 0.406876953125 1 0.4285166015625 0.9998994140625 0.4084365234375 0.9032001953125 0.38387109375 0.8504052734375 0.4082412109375 0.8558642578125 0.4306611328125 0.9083076171875 0.406876953125
0 1 0.5926455078125 0.9611455078125 0.58877734375 0.902146484375 0.6059443359375 0.90819140625 0.6313330078125 0.967916015625 0.6146494140625 1 0.616583984375 1 0.5926455078125
0 0.6047021484375 1 0.5886162109375 0.8868251953125 0.567693359375 0.88758203125 0.5669375 0.8631396484375 0.5840791015625 0.85986328125 0.5820625 0.853560546875 0 0.88347265625 0 1 0.6047021484375 1
0 0 0.6335107421875 0.556087890625 0.661166015625 0.541646484375 0.5620478515625 0.5255126953125 0.5588740234375 0.5249833984375 0.54855859375 0.5368857421875 0.5424755859375 0.5376787109375 0.5369208984375 0.0010576171875 0.4684169921875 0 0.468501953125 0 0.6335107421875
0 0 0.27623828125 0.5187265625 0.38215234375 0.5099716796875 0.3017392578125 0.4922587890625 0.2970556640625 0.4922587890625 0.295427734375 0.50366015625 0.2860615234375 0.50345703125 0.2823974609375 0.005701171875 0.1512724609375 0 0.150087890625 0 0.27623828125
8 0.2960712890625 0.9997392578125 0.2970341796875 0.9966572265625 0.2927958984375 0.99415234375 0.2835478515625 0.998583984375 0.2829697265625 0.9960791015625 0.29241015625 0.9879873046875 0.3455859375 0.9515732421875 0.3467421875 0.9467568359375 0.3403837890625 0.9450224609375 0.3330625 0.9533076171875 0.315337890625 0.964482421875 0.290869140625 0.9771982421875 0.284318359375 0.9745009765625 0.284896484375 0.954078125 0.274107421875 0.9536923828125 0.2667861328125 0.9623623046875 0.272373046875 0.9504169921875 0.2760341796875 0.9396279296875 0.280658203125 0.929498046875 0.27083203125 0.929498046875 0.2704462890625 0.9352783203125 0.2461708984375 0.9560859375 0.2479052734375 0.945296875 0.26967578125 0.924681640625 0.292025390625 0.904451171875 0.2916396484375 0.89925 0.3041630859375 0.8826806640625 0.3026220703125 0.8797900390625 0.28759375 0.89269921875 0.256189453125 0.9108095703125 0.2404462890625 0.9162041015625 0.2300419921875 0.9009833984375 0.21520703125 0.8767080078125 0.210775390625 0.8776708984375 0.22541796875 0.9004052734375 0.2261884765625 0.931232421875 0.2219501953125 0.934892578125 0.2225283203125 0.922369140625 0.2213720703125 0.9183232421875 0.2153994140625 0.920828125 0.214244140625 0.9177451171875 0.210390625 0.9177451171875 0.2090419921875 0.92564453125 0.2057666015625 0.9304609375 0.198830078125 0.9264150390625 0.19189453125 0.912158203125 0.187078125 0.913314453125 0.1857294921875 0.916974609375 0.18110546875 0.9113876953125 0.1780224609375 0.9136181640625 0.186884765625 0.926912109375 0.1836103515625 0.9272978515625 0.17821484375 0.93616015625 0.176095703125 0.9390498046875 0.1774443359375 0.944251953125 0.171279296875 0.9658310546875 0.1508564453125 0.952537109375 0.14739453125 0.9436953125 0.143703125 0.943958984375 0.141857421875 0.94738671875 0.14633984375 0.9563515625 0.170333984375 0.9711171875 0.16426953125 0.994583984375 0.147921875 0.980345703125 0.1363203125 0.972962890625 0.114171875 0.958197265625 0.110216796875 0.9500234375 0.10520703125 0.9500234375 0.107052734375 0.95740625 0.1131171875 0.965052734375 0.1363203125 0.9837734375 0.159787109375 0.9993310546875 0.2960712890625 0.9997392578125
8 0.422533203125 1 0.4279248046875 0.993607421875 0.450572265625 0.9744111328125 0.4488466796875 0.967078125 0.4438857421875 0.96621484375 0.4423759765625 0.9703134765625 0.438494140625 0.9752744140625 0.4380625 0.97117578125 0.4343955078125 0.97009765625 0.4331015625 0.9767841796875 0.4279248046875 0.9847646484375 0.4210234375 0.9843330078125 0.4242587890625 0.9737646484375 0.44496484375 0.960017578125 0.4458271484375 0.9526845703125 0.426630859375 0.963900390625 0.4462587890625 0.9108408203125 0.4406513671875 0.90372265625 0.43892578125 0.90998828125 0.420591796875 0.9630478515625 0.4108857421875 0.948380859375 0.4098076171875 0.950322265625 0.4173564453125 0.97383203125 0.412611328125 0.98979296875 0.4052783203125 0.9805185546875 0.4029052734375 0.982890625 0.409568359375 0.9985166015625 0.4102392578125 1 0.422533203125 1
8 1 0.8254658203125 0.99822265625 0.816013671875 0.99012109375 0.82681640625 0.9896708984375 0.8515712890625 0.9716669921875 0.852470703125 0.942412109375 0.852021484375 0.9190068359375 0.852021484375 0.8997236328125 0.8497705078125 0.8925224609375 0.83896875 0.8862216796875 0.8254658203125 0.87676953125 0.8173642578125 0.8691181640625 0.8232158203125 0.8520146484375 0.81286328125 0.8488642578125 0.8205146484375 0.8610166015625 0.84121875 0.8610166015625 0.8547216796875 0.8416630859375 0.8569716796875 0.8335615234375 0.85922265625 0.8349111328125 0.86957421875 0.8317607421875 0.880376953125 0.8236591796875 0.8790263671875 0.8182578125 0.8983798828125 0.8065556640625 0.886677734375 0.8043056640625 0.8974794921875 0.7984541015625 0.919984375 0.79800390625 0.905130859375 0.7872021484375 0.91008203125 0.7890029296875 0.8902783203125 0.782701171875 0.896580078125 0.7881025390625 0.872724609375 0.77369921875 0.8655234375 0.7669482421875 0.876775390625 0.768298828125 0.8596728515625 0.7588466796875 0.850220703125 0.74939453125 0.8466201171875 0.744443359375 0.85337109375 0.74534375 0.8623662109375 0.743994140625 0.8745185546875 0.735892578125 0.871818359375 0.7336416015625 0.87676953125 0.7349921875 0.883970703125 0.74534375 0.89297265625 0.740392578125 0.9015244140625 0.74714453125 0.9087255859375 0.7426435546875 0.916376953125 0.7354423828125 0.9339306640625 0.732291015625 0.940681640625 0.729140625 0.934380859375 0.7255400390625 0.932580078125 0.7192392578125 0.9420322265625 0.7061865234375 0.9208779296875 0.70078515625 0.9208779296875 0.69853515625 0.9280791015625 0.7021357421875 0.9411318359375 0.6949345703125 0.93978125 0.696734375 0.9474326171875 0.7106875 0.96813671875 0.731841796875 0.99829296875 0.734921875 1 1 1 1 0.8254658203125
9 0.642359375 0.442642578125 0.6857021484375 0.4495810546875 0.6722783203125 0.379298828125 0.63030078125 0.3692080078125 0.642359375 0.442642578125
9 0.67884765625 0.63853125 0.723513671875 0.6414755859375 0.7065546875 0.5506884765625 0.663140625 0.5457724609375 0.67884765625 0.63853125
9 0.716150390625 0.860796875 0.7657255859375 0.857736328125 0.7452734375 0.749408203125 0.6983173828125 0.7497353515625 0.716150390625 0.860796875
9 0.5064736328125 0.8686611328125 0.5686123046875 0.8642822265625 0.5565185546875 0.7480263671875 0.4935478515625 0.7461611328125 0.5064736328125 0.8686611328125
9 0.4757138671875 0.5917080078125 0.5128466796875 0.573830078125 0.5065205078125 0.529275390625 0.469662109375 0.5254248046875 0.4757138671875 0.5917080078125