9 0.78463671875 0.1611953125 0.727142578125 0.1382685546875 0.726966796875 0.19541015625 0.784107421875 0.2160439453125 0.78463671875 0.1611953125
9 0.825583984375 0.1765546875 0.8268330078125 0.2325693359375 0.879267578125 0.251474609375 0.8771279296875 0.1988486328125 0.825583984375 0.1765546875
9 0.801150390625 0.1032646484375 0.8009716796875 0.1223486328125 0.8082841796875 0.1250234375 0.8086416015625 0.10469140625 0.801150390625 0.1032646484375
9 0.8177138671875 0.31849609375 0.81973046875 0.3902373046875 0.8400576171875 0.395046875 0.8366435546875 0.32516796875 0.8177138671875 0.31849609375
9 0.7824912109375 0.3080576171875 0.7846640625 0.379220703125 0.804990234375 0.38558203125 0.80297265625 0.3144609375 0.7824912109375 0.3080576171875
9 0.7478896484375 0.2959287109375 0.7482001953125 0.370220703125 0.770388671875 0.3761171875 0.7699228515625 0.30303515625 0.7478896484375 0.2959287109375
9 0.7488212890625 0.468294921875 0.748666015625 0.5568828125 0.7744228515625 0.5601416015625 0.772095703125 0.4745009765625 0.7488212890625 0.468294921875
9 0.786525390625 0.47864453125 0.7876123046875 0.5632451171875 0.8107314453125 0.56696875 0.8073173828125 0.483298828125 0.786525390625 0.47864453125
9 0.8225234375 0.4861650390625 0.827333984375 0.57146875 0.8471953125 0.5741064453125 0.843005859375 0.4919052734375 0.8225234375 0.4861650390625
9 0.7499072265625 0.66303515625 0.7500625 0.7680615234375 0.7778369140625 0.7691474609375 0.7772158203125 0.6669140625 0.7499072265625 0.66303515625
9 0.7913359375 0.668541015625 0.793818359375 0.7705439453125 0.820041015625 0.7727158203125 0.816162109375 0.67248046875 0.7913359375 0.668541015625
9 0.8305927734375 0.6751220703125 0.835091796875 0.775974609375 0.8589873046875 0.7769052734375 0.8540224609375 0.6772939453125 0.8305927734375 0.6751220703125
9 0.6730947265625 0.3444716796875 0.674900390625 0.2649267578125 0.591240234375 0.2373388671875 0.5866259765625 0.318390625 0.6730947265625 0.3444716796875
9 0.5850205078125 0.4313251953125 0.5794033203125 0.516005859375 0.6600537109375 0.5314541015625 0.6602548828125 0.45 0.5850205078125 0.4313251953125
9 0.5741865234375 0.64011328125 0.5665634765625 0.742109375 0.651828125 0.748529296875 0.6536337890625 0.6521513671875 0.5741865234375 0.64011328125
9 0.9208232421875 0.6899384765625 0.925140625 0.772515625 1 0.7787109375 0.9996708984375 0.7006142578125 0.9225126953125 0.6904765625 0.9208232421875 0.6899384765625
9 0.3991494140625 0.3896533203125 0.4009501953125 0.3541259765625 0.388998046875 0.3659140625 0.385232421875 0.4055341796875 0.3991494140625 0.3896533203125
9 0.376646484375 0.560515625 0.3837275390625 0.5091240234375 0.3711650390625 0.5173466796875 0.364541015625 0.569423828125 0.376646484375 0.560515625
9 0.3518056640625 0.753583984375 0.360912109375 0.682068359375 0.348251953125 0.6885087890625 0.3400341796875 0.75602734375 0.3518056640625 0.753583984375
9 0.2562158203125 0.708404296875 0.2678837890625 0.6362548828125 0.2624072265625 0.639826171875 0.2528828125 0.7103095703125 0.2562158203125 0.708404296875
9 0.28145703125 0.55029296875 0.289552734375 0.496478515625 0.2852666015625 0.49957421875 0.278123046875 0.55076953125 0.28145703125 0.55029296875
0 0.282390625 0.55038671875 0.2832373046875 0.5404375 0.274134765625 0.5463642578125 0.2732880859375 0.5573720703125 0.282390625 0.55038671875
0 0.25676953125 0.70878515625 0.2600263671875 0.6885185546875 0.252607421875 0.69195703125 0.2509794921875 0.710775390625 0.25676953125 0.70878515625
9 0.2023125 0.6060419921875 0.208126953125 0.5707080078125 0.18889453125 0.588896484375 0.18367578125 0.6239326171875 0.2023125 0.6060419921875
9 0.2163603515625 0.5608564453125 0.2109189453125 0.5921884765625 0.22378125 0.5799853515625 0.22905859375 0.547828125 0.2163603515625 0.5608564453125
9 0.120169921875 0.732671875 0.1232021484375 0.712404296875 0.1153828125 0.715755859375 0.1112333984375 0.7385771484375 0.120169921875 0.732671875
1 1 0.9542490234375 0.994205078125 0.9457705078125 0.979908203125 0.9386220703125 0.943400390625 0.922828125 0.912146484375 0.8965615234375 0.8858017578125 0.8788720703125 0.8520537109375 0.862912109375 0.833279296875 0.8565947265625 0.8334453125 0.85326953125 0.8356064453125 0.8522724609375 0.8367705078125 0.848615234375 0.8352744140625 0.8464541015625 0.7716025390625 0.844791015625 0.7657099609375 0.84196484375 0.679109375 0.8411337890625 0.6696337890625 0.8427958984375 0.6693017578125 0.846287109375 0.6749541015625 0.8476171875 0.6737900390625 0.8506103515625 0.64901953125 0.8499453125 0.6084580078125 0.8539345703125 0.5983173828125 0.8592548828125 0.586513671875 0.8622470703125 0.5828564453125 0.86457421875 0.579033203125 0.86873046875 0.5549267578125 0.9162802734375 0.5472802734375 0.9386220703125 0.5449521484375 0.9868330078125 0.53846875 0.999134765625 0.5384091796875 1 1 1 1 0.9542490234375
7 0 0.3633466796875 0.0029443359375 0.3586044921875 0.0671279296875 0.125298828125 0.0742802734375 0.11902734375 0.0742802734375 0.1118681640625 0.084572265625 0.1020234375 0.0948642578125 0.0868095703125 0.08994140625 0.0648837890625 0.068015625 0.0528017578125 0.042509765625 0.0496689453125 0.03311328125 0.0577236328125 0.0281904296875 0.0711474609375 0.03311328125 0.0863623046875 0.0536962890625 0.10291796875 0.050564453125 0.1203701171875 0 0.3038330078125 0 0.3633466796875
8 0 0.972490234375 0.0069541015625 0.9569775390625 0.014443359375 0.9382548828125 0.0203271484375 0.92327734375 0.032095703125 0.8885068359375 0.03583984375 0.865505859375 0.0465380859375 0.85159765625 0.0556318359375 0.8312705078125 0.058841796875 0.8093388671875 0.05402734375 0.7900810546875 0.0433291015625 0.7761728515625 0.049212890625 0.7676142578125 0.0476083984375 0.753171875 0.0700751953125 0.7585205078125 0.0829130859375 0.7547763671875 0.09040234375 0.747822265625 0.0839833984375 0.7328447265625 0.09040234375 0.731240234375 0.097890625 0.7248203125 0.094681640625 0.716796875 0.084517578125 0.7135869140625 0.066330078125 0.7060986328125 0.0657958984375 0.703958984375 0.07221484375 0.6970048828125 0.093611328125 0.6793525390625 0.0952158203125 0.6691884765625 0.0909365234375 0.6574208984375 0.077029296875 0.6424423828125 0.0818427734375 0.6419072265625 0.0962861328125 0.641373046875 0.11554296875 0.63548828125 0.139615234375 0.614091796875 0.1465693359375 0.604998046875 0.147638671875 0.59216015625 0.139080078125 0.5846708984375 0.147103515625 0.578251953125 0.15298828125 0.568087890625 0.1492431640625 0.558994140625 0.13480078125 0.56380859375 0.121427734375 0.5536455078125 0.0898671875 0.5354580078125 0.0973564453125 0.532248046875 0.1198232421875 0.532248046875 0.134265625 0.5263642578125 0.139615234375 0.5183408203125 0.138544921875 0.5092470703125 0.1321259765625 0.506572265625 0.120892578125 0.51138671875 0.112869140625 0.5033623046875 0.13373046875 0.4953388671875 0.1454990234375 0.478755859375 0.152453125 0.4632431640625 0.148173828125 0.4552197265625 0.143359375 0.4504052734375 0.1315908203125 0.4504052734375 0.112869140625 0.4450556640625 0.1262421875 0.4423818359375 0.1417548828125 0.433822265625 0.15298828125 0.425798828125 0.1497783203125 0.4193798828125 0.120357421875 0.42044921875 0.143271484375 0.41779296875 0.149283203125 0.3927451171875 0.141267578125 0.3747109375 0.1302470703125 0.36869921875 0.0971845703125 0.37671484375 0.1112109375 0.365693359375 0.1402666015625 0.344654296875 0.14226953125 0.328623046875 0.1322509765625 0.3176025390625 0.11722265625 0.3135947265625 0.107203125 0.233443359375 0.0971845703125 0.1402666015625 0.0851611328125 0.0891689453125 0.0470888671875 0.06812890625 0.0250478515625 0.0641220703125 0 0.070609375 0 0.972490234375
8 1 0.87049609375 0.9975498046875 0.86540234375 0.9861630859375 0.8633046875 0.9777724609375 0.8651025390625 0.9705810546875 0.8707958984375 0.9705810546875 0.87978515625 0.9705810546875 0.888775390625 0.9711796875 0.8995625 0.9744765625 0.917841796875 0.9777724609375 0.9337236328125 0.9418134765625 0.9163427734375 0.942712890625 0.90675390625 0.94840625 0.8920712890625 0.949904296875 0.8767890625 0.943611328125 0.87259375 0.934921875 0.8737919921875 0.9289287109375 0.8713955078125 0.9226357421875 0.8722939453125 0.9196396484375 0.8773876953125 0.913046875 0.883380859375 0.9196396484375 0.8695966796875 0.91514453125 0.86120703125 0.907953125 0.859708984375 0.9007607421875 0.86120703125 0.891171875 0.8675 0.8842802734375 0.8734921875 0.882482421875 0.875787109375 0.940015625 0.9180380859375 1 0.946908203125 1 0.87049609375
2 1 0.2394267578125 0.8200732421875 0.00928125 0.8160908203125 0.008783203125 0.4612705078125 0.1307236328125 0.4391201171875 0.16058984375 0.4291640625 0.1650703125 0.3823740234375 0.237744140625 0.3858583984375 0.24346875 0.3542998046875 0.2861669921875 0.3167177734375 0.2931357421875 0.304771484375 0.2981142578125 0.258478515625 0.3721318359375 0.261216796875 0.3798466796875 0.2754765625 0.3952060546875 0.21898046875 0.481568359375 0.1966181640625 0.523435546875 0.164263671875 0.5306533203125 0.14733984375 0.5590263671875 0.14634375 0.564501953125 0.1627705078125 0.5625107421875 0.16028125 0.5784072265625 0.12294921875 0.6242021484375 0.1256865234375 0.6301748046875 0.14634375 0.63341015625 0.14385546875 0.641873046875 0.137134765625 0.6446103515625 0.1062734375 0.6811962890625 0.0576796875 0.7131318359375 0.0414248046875 0.861001953125 0.0513876953125 0.865720703125 0.1827431640625 0.9224951171875 0.1635673828125 0.9257294921875 0.16382421875 0.931279296875 0.1876474609375 0.9443955078125 0.23797265625 0.9441279296875 0.2636708984375 0.9540322265625 0.28053515625 0.955638671875 0.2941865234375 0.9524267578125 0.3336875 0.9695712890625 0.3342724609375 0.973666015625 0.33602734375 0.976005859375 0.3405908203125 0.9763564453125 0.344919921875 0.974484375 0.402716796875 1 0.537693359375 0.999990234375 0.5441279296875 0.9873544921875 0.5465849609375 0.9391513671875 0.5547705078125 0.9148154296875 0.578638671875 0.8681328125 0.585892578125 0.8613466796875 0.5972412109375 0.8587724609375 0.60929296875 0.8531572265625 0.6487119140625 0.8491787109375 0.6730478515625 0.8502314453125 0.6738671875 0.8481259765625 0.6686015625 0.8459033203125 0.6693037109375 0.8422763671875 0.6793662109375 0.8405205078125 0.765763671875 0.84157421875 0.77184765625 0.8441474609375 0.8358408203125 0.84613671875 0.8372451171875 0.8482431640625 0.8357236328125 0.852572265625 0.83396875 0.8538583984375 0.8341552734375 0.856224609375 0.85842578125 0.86540234375 0.886701171875 0.878578125 0.914005859375 0.89698046875 0.9442060546875 0.922740234375 0.9610830078125 0.9289580078125 0.9937998046875 0.945390625 1 0.9535322265625 1 0.9504892578125 1 0.2394267578125
6 0.402576171875 1 0.344921875 0.9748046875 0.34013671875 0.976953125 0.335546875 0.976171875 0.3337890625 0.97392578125 0.333203125 0.9697578125 0.2938642578125 0.95266796875 0.2805830078125 0.95618359375 0.26368359375 0.954328125 0.2381953125 0.9446005859375 0.1875380859375 0.9447958984375 0.1632216796875 0.9312216796875 0.1632216796875 0.9256552734375 0.1812880859375 0.9224326171875 0.0407705078125 0.8611611328125 0.0364736328125 0.8654580078125 0.0324697265625 0.88935546875 0.0197744140625 0.92607421875 0.0070771484375 0.95771484375 0 0.9740234375 0 1 0.402576171875 1
9 0.9625380859375 0.9294501953125 0.98303125 0.929236328125 0.977908203125 0.86818359375 0.940763671875 0.868611328125 0.9439658203125 0.921978515625 0.9625380859375 0.9294501953125