8 0 0.99901953125 0.9982158203125 0.9972353515625 1 0.6340625 0.9687880859375 0.6641923828125 0.9409765625 0.6711455078125 0.91437109375 0.688314453125 0.8552880859375 0.6784677734375 0.866810546875 0.6433330078125 0.8436337890625 0.608568359375 0.838998046875 0.587708984375 0.8552216796875 0.5830732421875 0.8923046875 0.55526171875 0.8691279296875 0.5251318359375 0.8366806640625 0.481095703125 0.8552216796875 0.4532841796875 0.8691279296875 0.3976591796875 0.79264453125 0.3860712890625 0.781240234375 0.348560546875 0.7543525390625 0.3545361328125 0.748609375 0.32812890625 0.7379208984375 0.3425859375 0.7170078125 0.3649921875 0.681396484375 0.3605771484375 0.6512822265625 0.359017578125 0.6378388671875 0.388892578125 0.6392763671875 0.4069013671875 0.6245693359375 0.4088623046875 0.605939453125 0.3882724609375 0.596134765625 0.362779296875 0.57958203125 0.3873994140625 0.588291015625 0.4235693359375 0.5539248046875 0.4185185546875 0.591232421875 0.45592578125 0.6088818359375 0.48141796875 0.579466796875 0.48730078125 0.580447265625 0.5157353515625 0.5631953125 0.54830859375 0.5330654296875 0.594662109375 0.47048828125 0.62015625 0.4867119140625 0.654921875 0.431087890625 0.6456513671875 0.42181640625 0.708228515625 0.382416015625 0.7035927734375 0.352287109375 0.759216796875 0.2873916015625 0.8078876953125 0.2804384765625 0.7754404296875 0.30593359375 0.7314052734375 0.3082509765625 0.6780986328125 0.29202734375 0.6317451171875 0.2618974609375 0.6039326171875 0.2340849609375 0.680416015625 0.1761435546875 0.661875 0.1344248046875 0.70591015625 0.0625771484375 0.70591015625 0.0695302734375 0.654921875 0.1032509765625 0.613607421875 0.0901396484375 0.57099609375 0.02622265625 0.5513291015625 0.039333984375 0.4972451171875 0.107982421875 0.47234375 0.1331787109375 0.43994921875 0.127779296875 0.4147529296875 0.0809873046875 0.412953125 0.082787109375 0.36076171875 0.0575908203125 0.30137109375 0.13137890625 0.2869736328125 0.1439765625 0.2833740234375 0.1493759765625 0.2563779296875 0.0575908203125 0.2563779296875 0.0539912109375 0.2275830078125 0.11878125 0.225783203125 0.174572265625 0.2167841796875 0.194369140625 0.1879892578125 0.167373046875 0.166392578125 0.1331787109375 0.1393974609375 0.1205810546875 0.10340234375 0.1133818359375 0.0638095703125 0.059390625 0.0728076171875 0.02699609375 0.0728076171875 0.02699609375 0.0512109375 0 0.0101103515625 0 0.99901953125
0 0.187591796875 0.307048828125 0.18670703125 0.3654501953125 0.5017197265625 0.3681044921875 0.5034892578125 0.2955458984375 0.174318359375 0.2858125 0.17343359375 0.3017392578125 0.187591796875 0.307048828125
0 0.207841796875 0.1141328125 0.525009765625 0.13816015625 0.5202041015625 0.0468544921875 0.1681953125 0.0048056640625 0.1609873046875 0.0324375 0 0.0048056640625 0.001201171875 0.0997158203125 0.207841796875 0.1141328125
0 0.190048828125 0.5310458984375 0.1918671875 0.587423828125 0.49921875 0.5674189453125 0.4983095703125 0.497400390625 0.1782275390625 0.506494140625 0.190048828125 0.5310458984375
0 1 0.1952333984375 0.53169921875 0.157962890625 0.53169921875 0.21903125 1 0.24716796875 1 0.1952333984375
9 0.694078125 0.3621025390625 0.69644140625 0.2941708984375 0.5995654296875 0.2888544921875 0.6003359375 0.3576787109375 0.694078125 0.3621025390625
9 0.5233193359375 0.360296875 0.55820703125 0.3590283203125 0.56137890625 0.2892529296875 0.529662109375 0.287349609375 0.5233193359375 0.360296875
9 0.8482841796875 0.3550302734375 0.8503896484375 0.3017060546875 0.74444140625 0.2967939453125 0.74093359375 0.353626953125 0.8482841796875 0.3550302734375
9 0.9583759765625 0.30084375 0.8938173828125 0.29923046875 0.889943359375 0.3563642578125 0.95676171875 0.3563642578125 0.9583759765625 0.30084375
9 0.9444833984375 0.498896484375 0.948037109375 0.4544716796875 0.882732421875 0.456248046875 0.88006640625 0.5020068359375 0.9444833984375 0.498896484375
0 0.4983369140625 0.683369140625 0.1850322265625 0.7151533203125 0.1918427734375 0.79348046875 0.49947265625 0.751478515625 0.4983369140625 0.683369140625
9 0.3959521484375 0.5549111328125 0.3969150390625 0.4219638671875 0.326587890625 0.420037109375 0.3246611328125 0.5587646484375 0.3959521484375 0.5549111328125
9 0.39375390625 0.74005078125 0.392271484375 0.6110234375 0.32330859375 0.6139892578125 0.3262744140625 0.7474658203125 0.3930126953125 0.741533203125 0.39375390625 0.74005078125
9 0.4011875 0.366064453125 0.398333984375 0.2212177734375 0.324357421875 0.21552734375 0.3262578125 0.3621611328125 0.4011875 0.366064453125
9 0.2909345703125 0.364458984375 0.29014453125 0.2134580078125 0.207923828125 0.2055517578125 0.214248046875 0.360505859375 0.2909345703125 0.364458984375
9 0.301234375 0.76863671875 0.295013671875 0.6175751953125 0.2185947265625 0.62112890625 0.2230380859375 0.7730791015625 0.301234375 0.76863671875
9 0.2945283203125 0.5596044921875 0.2925654296875 0.422158203125 0.21140625 0.4228125 0.2218779296875 0.56222265625 0.2945283203125 0.5596044921875
9 0.6465595703125 0.2234384765625 0.64784375 0.13419140625 0.5618076171875 0.1258447265625 0.5566708984375 0.218302734375 0.6465595703125 0.2234384765625
9 0.7574150390625 0.23040625 0.7645986328125 0.14676171875 0.7066123046875 0.1400908203125 0.7009677734375 0.2273271484375 0.7574150390625 0.23040625
9 0.9785146484375 0.243333984375 0.983220703125 0.1642626953125 0.9281533203125 0.1609677734375 0.9229755859375 0.243333984375 0.9785146484375 0.243333984375
2 0 0 0.0061884765625 1 1 0.996302734375 0.9989130859375 0.1308564453125 0.4395947265625 0.0776826171875 0.434111328125 0.0438681640625 0.3407666015625 0.0294970703125 0.34154296875 0 0.12264453125 0 0.128078125 0.104015625 0.025615234375 0.0962529296875 0.021734375 0 0 0
9 0.8353662109375 0.6352099609375 0.8384775390625 0.5797265625 0.7275107421875 0.5895791015625 0.7269921875 0.64713671875 0.8353662109375 0.6352099609375
9 0.339501953125 0.123267578125 0.395970703125 0.1287763671875 0.39700390625 0.0798828125 0.3401904296875 0.0723076171875 0.339501953125 0.123267578125