2 0.2135498046875 0 0 0.6231845703125 0 1 1 1 1 0.24876953125 0.9580263671875 0.114328125 0.5070654296875 0 0.2135498046875 0
8 1 0.7752353515625 0.984474609375 0.7659765625 0.9647236328125 0.7598046875 0.9381826171875 0.7456083984375 0.9264560546875 0.7548671875 0.9655859375 0.794720703125 0.9602880859375 0.809953125 0.9225390625 0.825185546875 0.87485546875 0.82584765625 0.858298828125 0.8212119140625 0.842404296875 0.8231982421875 0.819224609375 0.8205498046875 0.8059794921875 0.80862890625 0.8145888671875 0.79141015625 0.809953125 0.774853515625 0.84306640625 0.7483623046875 0.852337890625 0.7384287109375 0.8493681640625 0.7189765625 0.804205078125 0.7437431640625 0.783080078125 0.735001953125 0.75394140625 0.7699677734375 0.7437431640625 0.7685107421875 0.754669921875 0.718248046875 0.742287109375 0.7124208984375 0.7262607421875 0.7255322265625 0.7073212890625 0.7248037109375 0.69348046875 0.7466572265625 0.673083984375 0.739373046875 0.6708994140625 0.6832822265625 0.6847392578125 0.6526875 0.680369140625 0.638119140625 0.6657998046875 0.63593359375 0.6497744140625 0.6286494140625 0.612623046875 0.65997265625 0.597326171875 0.6628857421875 0.6242783203125 0.616265625 0.614080078125 0.61480859375 0.5532578125 0.6606162109375 0.5160400390625 0.6570380859375 0.4974306640625 0.6634794921875 0.48383203125 0.6620478515625 0.48741015625 0.6226826171875 0.4902734375 0.602642578125 0.4702333984375 0.6062216796875 0.450908203125 0.654890625 0.422279296875 0.6684892578125 0.409396484375 0.6463017578125 0.3979443359375 0.631271484375 0.3800517578125 0.629125 0.3693154296875 0.643439453125 0.3800517578125 0.675646484375 0.3771884765625 0.703560546875 0.36716796875 0.67994140625 0.346412109375 0.6684892578125 0.3349609375 0.67063671875 0.316619140625 0.71748828125 0.2914794921875 0.7202060546875 0.2765322265625 0.7113740234375 0.2479951171875 0.7208857421875 0.2235361328125 0.71884765625 0.1644248046875 0.6950673828125 0.15015625 0.6937080078125 0.1420029296875 0.701181640625 0.1589892578125 0.7249619140625 0.22421484375 0.7521396484375 0.2214970703125 0.7738818359375 0.2174208984375 0.794265625 0.2160615234375 0.829595703125 0.2011142578125 0.842505859375 0.1623857421875 0.862208984375 0.1161845703125 0.8656064453125 0.085609375 0.86764453125 0.0441640625 0.852017578125 0.03329296875 0.8615302734375 0.064546875 0.894142578125 0.0400869140625 0.8921044921875 0 0.8710419921875 0 1 0.8900390625 1 0.9264560546875 0.977068359375 0.922751953125 0.9597861328125 0.854857421875 0.977685546875 0.8418955078125 0.9708955078125 0.858560546875 0.94805859375 0.848685546875 0.9369482421875 0.8326376953125 0.94312109375 0.82091015625 0.94126953125 0.8141201171875 0.9313935546875 0.8443642578125 0.919048828125 0.846216796875 0.909791015625 0.8351064453125 0.9030009765625 0.793134765625 0.910408203125 0.7659765625 0.9011494140625 0.791283203125 0.8943603515625 0.8307861328125 0.8962119140625 0.853623046875 0.8851015625 0.8616474609375 0.8709052734375 0.8647333984375 0.856708984375 0.9079384765625 0.851154296875 0.94188671875 0.8425126953125 0.9678095703125 0.8332548828125 0.9931162109375 0.850537109375 0.9943505859375 0.8721396484375 0.9702783203125 0.8653505859375 0.94126953125 0.8702880859375 0.920283203125 0.8727568359375 0.9030009765625 0.88325 0.8999150390625 0.8999150390625 0.94558984375 0.9042353515625 0.9628720703125 0.912876953125 0.974599609375 0.9264560546875 0.975833984375 0.9369482421875 0.975216796875 0.94991015625 0.9721298828125 0.95608203125 0.972748046875 0.9641064453125 0.986326171875 0.9690439453125 1 0.9634892578125 1 0.7752353515625
9 0.818328125 0.983546875 0.8013828125 0.896701171875 0.7364248046875 0.89811328125 0.745603515625 0.971896484375 0.818328125 0.983546875
9 0.7739052734375 0.7358037109375 0.7547197265625 0.640146484375 0.7009462890625 0.6396064453125 0.7133759765625 0.7325615234375 0.7739052734375 0.7358037109375
9 0.6432802734375 0.728318359375 0.6335810546875 0.632998046875 0.5712587890625 0.628818359375 0.5753076171875 0.7260048828125 0.6432802734375 0.728318359375
9 0.7335849609375 0.5227998046875 0.7216259765625 0.457876953125 0.6740009765625 0.4521103515625 0.6825439453125 0.517033203125 0.7335849609375 0.5227998046875
9 0.561240234375 0.436595703125 0.56374609375 0.504044921875 0.6207138671875 0.5092861328125 0.61410546875 0.4445712890625 0.561240234375 0.436595703125
9 0.6029189453125 0.346314453125 0.5990478515625 0.2980439453125 0.5532373046875 0.291037109375 0.554876953125 0.338572265625 0.6029189453125 0.346314453125
9 0.7049111328125 0.363271484375 0.6964365234375 0.3148798828125 0.6547353515625 0.3099736328125 0.6591953125 0.3552431640625 0.7049111328125 0.363271484375
9 0.6810830078125 0.235806640625 0.675005859375 0.2023798828125 0.63866796875 0.1980400390625 0.6417822265625 0.2272978515625 0.6810830078125 0.235806640625
9 0.547115234375 0.2092080078125 0.5931484375 0.217240234375 0.589818359375 0.178845703125 0.54633203125 0.17003125 0.547115234375 0.2092080078125
9 0.5809501953125 0.111197265625 0.579728515625 0.083791015625 0.5414990234375 0.0748876953125 0.5425458984375 0.102294921875 0.5809501953125 0.111197265625
9 0.66357421875 0.1317998046875 0.6591748046875 0.10329296875 0.624861328125 0.096078125 0.6271484375 0.1226494140625 0.66357421875 0.1317998046875
8 0.3344921875 0 0.3324365234375 0.001076171875 0.3501884765625 0.0209794921875 0.3910703125 0.0473369140625 0.37278125 0.054330078125 0.37278125 0.0623994140625 0.3862294921875 0.0688544921875 0.4082841796875 0.0511025390625 0.4265732421875 0.063474609375 0.42980078125 0.0817646484375 0.4367939453125 0.0860673828125 0.4507802734375 0.0812265625 0.4615380859375 0.07208203125 0.4809033203125 0.07208203125 0.5024208984375 0.0833779296875 0.5207099609375 0.0919853515625 0.52232421875 0.105970703125 0.513716796875 0.1334052734375 0.4997314453125 0.1516943359375 0.4782138671875 0.152232421875 0.4755244140625 0.161376953125 0.4975791015625 0.1683701171875 0.5013447265625 0.1721357421875 0.5067236328125 0.1694462890625 0.51102734375 0.16030078125 0.5169443359375 0.1646044921875 0.5233994140625 0.1608388671875 0.5190966796875 0.1500810546875 0.5346962890625 0.12372265625 0.5384619140625 0.0909091796875 0.572888671875 0.06831640625 0.585798828125 0.048951171875 0.6094677734375 0.0511025390625 0.6196884765625 0.06078515625 0.6202255859375 0.076384765625 0.6110810546875 0.095212890625 0.5976328125 0.1027431640625 0.6067783203125 0.1129638671875 0.619150390625 0.1054326171875 0.6304462890625 0.0935986328125 0.64228125 0.1038193359375 0.64766015625 0.1156533203125 0.6648740234375 0.155998046875 0.67509375 0.1581494140625 0.6767080078125 0.15115625 0.67724609375 0.144701171875 0.6949970703125 0.146853515625 0.7079072265625 0.1570732421875 0.7283486328125 0.2006455078125 0.726197265625 0.215169921875 0.73265234375 0.2183974609375 0.73803125 0.20871484375 0.742873046875 0.20118359375 0.73803125 0.1931142578125 0.7197421875 0.15115625 0.698224609375 0.1366328125 0.69015625 0.1291015625 0.682625 0.11619140625 0.6847763671875 0.105970703125 0.689080078125 0.1038193359375 0.6912314453125 0.113501953125 0.698224609375 0.1140400390625 0.7009150390625 0.105970703125 0.7116728515625 0.0973642578125 0.7165146484375 0.0860673828125 0.7229697265625 0.076384765625 0.7321142578125 0.0726201171875 0.7348037109375 0.0849921875 0.74717578125 0.0812265625 0.7504033203125 0.0677783203125 0.7595478515625 0.061861328125 0.7719208984375 0.0629375 0.777837890625 0.0688544921875 0.789576171875 0.07769921875 0.814318359375 0.0846435546875 0.8151865234375 0.090287109375 0.80563671875 0.09549609375 0.793482421875 0.101572265625 0.803900390625 0.1089521484375 0.8299443359375 0.09896875 0.8581591796875 0.083775390625 0.8690107421875 0.090287109375 0.880296875 0.08551171875 0.900263671875 0.075962890625 0.89071484375 0.0894189453125 0.8872421875 0.0963642578125 0.89071484375 0.1020068359375 0.899830078125 0.11025390625 0.89462109375 0.1237099609375 0.882466796875 0.125880859375 0.8811650390625 0.1302216796875 0.889412109375 0.1415068359375 0.874654296875 0.1519248046875 0.8668408203125 0.150623046875 0.8585927734375 0.140638671875 0.853384765625 0.1454140625 0.849912109375 0.1536611328125 0.8546865234375 0.168853515625 0.86640625 0.1810078125 0.885505859375 0.1875185546875 0.8860634765625 0.211380859375 0.88425390625 0.2222392578125 0.8759287109375 0.2323740234375 0.8704990234375 0.213552734375 0.8647080078125 0.2153623046875 0.863259765625 0.2269453125 0.852763671875 0.22803125 0.8498681640625 0.2341845703125 0.8578310546875 0.2414228515625 0.8618125 0.2526435546875 0.856021484375 0.2537294921875 0.839009765625 0.2526435546875 0.8299599609375 0.2613310546875 0.835751953125 0.272189453125 0.8476962890625 0.27363671875 0.8628984375 0.2696552734375 0.8770146484375 0.24938671875 0.883529296875 0.2504716796875 0.876291015625 0.258796875 0.87991015625 0.266759765625 0.8882353515625 0.2692939453125 0.8987314453125 0.2577109375 0.8904072265625 0.232736328125 0.8961982421875 0.208123046875 0.8972841796875 0.1972646484375 0.911400390625 0.1994365234375 0.91393359375 0.2063134765625 0.9121240234375 0.2171728515625 0.91501953125 0.2175341796875 0.9233447265625 0.215724609375 0.9266025390625 0.2222392578125 0.9436142578125 0.2262216796875 0.9519384765625 0.213552734375 0.9573681640625 0.2063134765625 0.9682265625 0.193283203125 0.9703984375 0.178443359375 0.9649697265625 0.178443359375 0.9515771484375 0.191111328125 0.95012890625 0.1896640625 0.947595703125 0.1766337890625 0.9526630859375 0.1588974609375 0.967865234375 0.1223408203125 0.9790859375 0.1107578125 0.9808955078125 0.1169111328125 0.978 0.141162109375 0.9653310546875 0.1541923828125 0.9617119140625 0.1596220703125 0.970037109375 0.1632412109375 0.975103515625 0.16179296875 0.98849609375 0.1440576171875 1 0.137904296875 1 0 0.3344921875 0