9 0.0370263671875 0.22347265625 0.0217568359375 0.2971806640625 0.2105517578125 0.324197265625 0.2196806640625 0.2546005859375 0.0370263671875 0.22347265625
9 0.002375 0.39026953125 0 0.402896484375 0.00061328125 0.4774853515625 0.1885537109375 0.4942236328125 0.1997119140625 0.4140556640625 0.002375 0.39026953125
9 0 0.6874501953125 0.1603623046875 0.689798828125 0.1729892578125 0.5940673828125 0 0.5852578125 0 0.6874501953125
9 0.313513671875 0.80020703125 0.3038095703125 0.907697265625 0.4356845703125 0.9062041015625 0.44165625 0.800455078125 0.313513671875 0.80020703125
9 0.3301845703125 0.603388671875 0.3244619140625 0.685998046875 0.446134765625 0.6894814453125 0.448375 0.6106044921875 0.3301845703125 0.603388671875
9 0.342875 0.4282197265625 0.3376494140625 0.5011240234375 0.4531025390625 0.5110771484375 0.4555908203125 0.4424033203125 0.342875 0.4282197265625
9 0.355564453125 0.276619140625 0.3513349609375 0.3369033203125 0.46056640625 0.35506640625 0.460318359375 0.2943544921875 0.355564453125 0.276619140625
9 0.5072626953125 0.3078095703125 0.506373046875 0.36225390625 0.557259765625 0.3700830078125 0.557615234375 0.317951171875 0.5072626953125 0.3078095703125
9 0.5581494140625 0.4563759765625 0.5051279296875 0.449259765625 0.5037041015625 0.517048828125 0.5579716796875 0.520962890625 0.5581494140625 0.4577998046875 0.5581494140625 0.4563759765625
9 0.502814453125 0.612072265625 0.50103515625 0.691560546875 0.5601064453125 0.691916015625 0.5602841796875 0.615974609375 0.502814453125 0.612072265625
9 0.4983232421875 0.7999189453125 0.496943359375 0.886455078125 0.56021875 0.8854697265625 0.5596279296875 0.799130859375 0.4983232421875 0.7999189453125
9 0.8495751953125 0.79678125 0.8515830078125 0.8177265625 0.892326171875 0.8170087890625 0.8904609375 0.79620703125 0.8495751953125 0.79678125
9 0.8825712890625 0.857751953125 0.8835751953125 0.871380859375 0.8963427734375 0.870806640625 0.896056640625 0.8580390625 0.8825712890625 0.857751953125
9 1 0.7945146484375 0.9386142578125 0.79496875 0.9486044921875 0.870197265625 1 0.8688349609375 1 0.7945146484375
9 0.9156064453125 0.6382373046875 0.925142578125 0.706724609375 0.9968896484375 0.7092978515625 0.9853857421875 0.641484375 0.9156064453125 0.6382373046875
9 0.8950908203125 0.4977626953125 0.9036494140625 0.555283203125 0.97025 0.56103515625 0.9607138671875 0.50510546875 0.8950908203125 0.4977626953125
9 0.8776845703125 0.36857421875 0.8846474609375 0.4200380859375 0.9492802734375 0.4294228515625 0.9426201171875 0.3791689453125 0.8776845703125 0.36857421875
9 0.8302998046875 0.63210546875 0.8386103515625 0.702115234375 0.8801630859375 0.703375 0.8718525390625 0.636134765625 0.8302998046875 0.63210546875
9 0.8149375 0.48730078125 0.8219892578125 0.5474892578125 0.8592607421875 0.5502587890625 0.852712890625 0.4918330078125 0.8149375 0.48730078125
9 0.801548828125 0.3557529296875 0.8075 0.40893359375 0.84359375 0.4129658203125 0.8387939453125 0.3634326171875 0.801548828125 0.3557529296875
8 0.857130859375 1 0.8579404296875 0.98000390625 0.85753515625 0.9581611328125 0.856322265625 0.9307421875 0.8579404296875 0.904044921875 0.847828125 0.8943369140625 0.8389345703125 0.884224609375 0.8267998046875 0.87128125 0.8065751953125 0.867640625 0.7932265625 0.871685546875 0.7863505859375 0.8765390625 0.781091796875 0.8838203125 0.7786650390625 0.8971689453125 0.769361328125 0.8894833984375 0.7597919921875 0.8822021484375 0.7488701171875 0.88301171875 0.746443359375 0.88826953125 0.742802734375 0.899595703125 0.73592578125 0.8854384765625 0.728240234375 0.8822021484375 0.72338671875 0.88301171875 0.715701171875 0.8894833984375 0.7132744140625 0.9 0.706802734375 0.895955078125 0.69628515625 0.8866513671875 0.6934541015625 0.8737080078125 0.6890048828125 0.8664267578125 0.6772744140625 0.8656181640625 0.67120703125 0.8741123046875 0.6667568359375 0.8785615234375 0.6655439453125 0.8898876953125 0.66028515625 0.8862470703125 0.652599609375 0.8785615234375 0.648150390625 0.8704716796875 0.6428916015625 0.8696630859375 0.6348017578125 0.8733037109375 0.62954296875 0.876943359375 0.6234755859375 0.8866513671875 0.605677734375 0.8906962890625 0.5959697265625 0.8927197265625 0.58626171875 0.898787109375 0.5830263671875 0.8967646484375 0.5833134765625 0.8902919921875 0.5760322265625 0.8838203125 0.566728515625 0.887056640625 0.5610654296875 0.8927197265625 0.5533798828125 0.892314453125 0.5456943359375 0.89191015625 0.5347734375 0.8975732421875 0.5331552734375 0.904044921875 0.52668359375 0.906876953125 0.518998046875 0.9008095703125 0.516166015625 0.891505859375 0.5088857421875 0.884224609375 0.4987734375 0.883416015625 0.4781435546875 0.8858427734375 0.4951328125 0.879775390625 0.499986328125 0.8704716796875 0.4975595703125 0.8631904296875 0.4866376953125 0.8583369140625 0.4979638671875 0.8514609375 0.5254697265625 0.84862890625 0.53032421875 0.8429658203125 0.5222333984375 0.8344716796875 0.4968671875 0.8381123046875 0.4802822265625 0.845392578125 0.469361328125 0.857123046875 0.4649111328125 0.85591015625 0.453181640625 0.8583369140625 0.457630859375 0.84862890625 0.4758330078125 0.8312353515625 0.4762373046875 0.824763671875 0.470169921875 0.8219326171875 0.4560126953125 0.8267861328125 0.446708984375 0.8231455078125 0.4285068359375 0.8223369140625 0.41475390625 0.828404296875 0.399787109375 0.829212890625 0.3969560546875 0.8368984375 0.3977646484375 0.8502470703125 0.391697265625 0.8575283203125 0.38239453125 0.8656181640625 0.3658095703125 0.86844921875 0.3467978515625 0.871685546875 0.3411357421875 0.8777529296875 0.3463935546875 0.88301171875 0.36419140625 0.8862470703125 0.3532705078125 0.9024267578125 0.344775390625 0.906876953125 0.3435625 0.8935283203125 0.338564453125 0.88826953125 0.3300703125 0.8906962890625 0.317935546875 0.896359375 0.3086318359375 0.903236328125 0.3045869140625 0.9097080078125 0.2940693359375 0.9060673828125 0.2823388671875 0.9093037109375 0.27505859375 0.903236328125 0.2807216796875 0.8967646484375 0.2807216796875 0.8826064453125 0.2819345703125 0.875326171875 0.2819345703125 0.8510556640625 0.2819345703125 0.8433701171875 0.2770810546875 0.8352802734375 0.2609013671875 0.8352802734375 0.2613056640625 0.8296171875 0.263328125 0.81788671875 0.25523828125 0.81788671875 0.2499794921875 0.823955078125 0.2422939453125 0.8231455078125 0.235822265625 0.8182919921875 0.2297548828125 0.805751953125 0.2147880859375 0.804943359375 0.2066982421875 0.809796875 0.200630859375 0.80898828125 0.1953720703125 0.81262890625 0.1965859375 0.7915947265625 0.196181640625 0.7839091796875 0.1917314453125 0.785123046875 0.1860693359375 0.819107421875 0.1800009765625 0.8174892578125 0.169888671875 0.814658203125 0.1593720703125 0.811017578125 0.1476416015625 0.818703125 0.137529296875 0.8211298828125 0.126607421875 0.8243662109375 0.1205400390625 0.82153515625 0.09829296875 0.8251748046875 0.0808994140625 0.8284111328125 0.069978515625 0.834478515625 0.0529892578125 0.8397373046875 0.048134765625 0.8320517578125 0.04247265625 0.8352880859375 0.0372138671875 0.849849609375 0.0335732421875 0.86279296875 0.03155078125 0.881400390625 0.019416015625 0.8955576171875 0.0173935546875 0.9072880859375 0.0173935546875 0.9226591796875 0.0064716796875 0.9323671875 0.00728125 0.941265625 0.0097080078125 0.9497607421875 0.011177734375 0.95865625 0.0095810546875 0.977287109375 0.00585546875 0.987400390625 0.0063876953125 0.9980458984375 0.009302734375 1 0.857130859375 1
9 0 0.98604296875 0.024310546875 0.842390625 0 0.8420224609375 0 0.98604296875
8 0.3519521484375 0.18701171875 0.363244140625 0.18872265625 0.3699169921875 0.18701171875 0.390791015625 0.1912890625 0.3940419921875 0.1885517578125 0.3906201171875 0.1820498046875 0.3849736328125 0.1808525390625 0.37830078125 0.1791416015625 0.370259765625 0.1791416015625 0.3652978515625 0.175376953125 0.3570849609375 0.174521484375 0.3545185546875 0.1649404296875 0.347673828125 0.1639130859375 0.3475029296875 0.161689453125 0.3475029296875 0.1548447265625 0.343568359375 0.1531337890625 0.3389482421875 0.1522783203125 0.334841796875 0.1570693359375 0.3324462890625 0.150396484375 0.3295380859375 0.1454345703125 0.325259765625 0.1462900390625 0.3168759765625 0.1536474609375 0.31294140625 0.159123046875 0.3108876953125 0.1683623046875 0.3105458984375 0.17674609375 0.3519521484375 0.18701171875
0 0.3074658203125 0.1899208984375 0.6011005859375 0.25017578125 0.6016142578125 0.24487109375 0.5928876953125 0.2426474609375 0.5915185546875 0.235119140625 0.4729853515625 0.21048046875 0.3634814453125 0.1887509765625 0.3086640625 0.176232421875 0.3071240234375 0.1834189453125 0.3074658203125 0.1899208984375
2 1 0.2796748046875 0.907599609375 0.2595869140625 0.90540234375 0.2603720703125 0.8812822265625 0.2840693359375 0.7769755859375 0.2627255859375 0.7774462890625 0.261 0.772267578125 0.1983154296875 0.7730517578125 0.1956474609375 0.772423828125 0.1787470703125 0.7738369140625 0.176392578125 0.774150390625 0.168388671875 0.7727314453125 0.1663154296875 0.6160244140625 0.127185546875 0.61044140625 0.125986328125 0.606603515625 0.125986328125 0.6044453125 0.1279052734375 0.5699052734375 0.2031611328125 0.530328125 0.1940458984375 0.522431640625 0.2099287109375 0.3108671875 0.16446484375 0 0.0980703125 0 1 1 1 1 0.2796748046875
8 0.4962890625 0.20380859375 0.50185546875 0.2052734375 0.5033203125 0.203125 0.50478515625 0.201171875 0.50947265625 0.19462890625 0.5115234375 0.19189453125 0.5103515625 0.18984375 0.50810546875 0.1896484375 0.5044921875 0.191015625 0.501171875 0.19345703125 0.4978515625 0.19501953125 0.49580078125 0.192578125 0.49296875 0.19248046875 0.4921875 0.19365234375 0.4921875 0.1962890625 0.49326171875 0.1990234375 0.49482421875 0.20048828125 0.49521484375 0.202734375 0.4962890625 0.20380859375
8 1 0.881046875 0.9960478515625 0.878205078125 0.989416015625 0.878205078125 0.98505859375 0.8825625 0.984869140625 0.8908994140625 0.98846875 0.899609375 0.992447265625 0.908134765625 0.9943427734375 0.9145771484375 0.989984375 0.9119248046875 0.98808984375 0.9145771484375 0.990173828125 0.91950390625 0.9945322265625 0.9310615234375 0.9932060546875 0.9350400390625 0.98960546875 0.9352275390625 0.98960546875 0.9399638671875 0.9915 0.94375390625 0.9814580078125 0.944322265625 0.9731220703125 0.948490234375 0.963837890625 0.9572060546875 0.963458984375 0.96175390625 0.966869140625 0.96402734375 0.9731220703125 0.961375 0.9816474609375 0.9534169921875 0.990931640625 0.9526591796875 0.988658203125 0.9551220703125 0.988658203125 0.9606162109375 0.983921875 0.964595703125 0.98202734375 0.971416015625 0.984490234375 0.9735009765625 0.988279296875 0.9744482421875 0.991310546875 0.96857421875 0.991689453125 0.9723642578125 0.992447265625 0.9757744140625 0.9928271484375 0.9788056640625 0.989037109375 0.9831640625 0.990173828125 0.98733203125 0.9933955078125 0.98846875 0.9987001953125 0.98846875 1 0.9879580078125 1 0.905109375 0.9983212890625 0.9005625 0.9958583984375 0.8939306640625 0.991689453125 0.8882470703125 0.9943427734375 0.885404296875 1 0.886541015625 1 0.881046875