8 1 0.33251171875 0.9922587890625 0.3082255859375 0.979060546875 0.30428125 0.9635009765625 0.305466796875 0.9559130859375 0.2935810546875 0.9505888671875 0.2612890625 0.933869140625 0.232349609375 0.9210302734375 0.2188466796875 0.89409375 0.2041669921875 0.875796875 0.1979521484375 0.864201171875 0.206646484375 0.84720703125 0.22706640625 0.8389111328125 0.2124384765625 0.8330615234375 0.198734375 0.8181279296875 0.1835595703125 0.8107314453125 0.1644365234375 0.7998857421875 0.1524775390625 0.78258984375 0.15301171875 0.76240234375 0.1613115234375 0.7483779296875 0.1711337890625 0.7303095703125 0.1603642578125 0.7065263671875 0.14923828125 0.682275390625 0.1449345703125 0.67165234375 0.148037109375 0.663830078125 0.163771484375 0.6476025390625 0.179763671875 0.64101953125 0.20240625 0.6436923828125 0.2373076171875 0.6353828125 0.2536962890625 0.6270869140625 0.2673115234375 0.6200458984375 0.2729375 0.6139296875 0.286275390625 0.59683203125 0.29790625 0.579802734375 0.309232421875 0.56764453125 0.324333984375 0.5521328125 0.34784765625 0.547462890625 0.367384765625 0.5530830078125 0.3911328125 0.5652255859375 0.4216005859375 0.5631240234375 0.437736328125 0.55066015625 0.4490712890625 0.5441064453125 0.4598984375 0.541951171875 0.476392578125 0.54166796875 0.49609765625 0.5473642578125 0.5183876953125 0.542033203125 0.537326171875 0.548435546875 0.5545390625 0.5464267578125 0.5769267578125 0.5460068359375 0.5923916015625 0.5390234375 0.604212890625 0.5337080078125 0.613650390625 0.533765625 0.6276875 0.5361337890625 0.6432509765625 0.546404296875 0.6546875 0.5760361328125 0.676205078125 0.578966796875 0.686103515625 0.59125 0.6977626953125 0.6177568359375 0.6907822265625 0.631171875 0.6877470703125 0.639150390625 0.691513671875 0.6338603515625 0.70867578125 0.6365048828125 0.7170009765625 0.646587890625 0.7255546875 0.6596015625 0.7327509765625 0.6837861328125 0.7381171875 0.6962275390625 0.7465087890625 0.711529296875 0.7498876953125 0.733888671875 0.761130859375 0.7460380859375 0.7609462890625 0.7566708984375 0.75721484375 0.773607421875 0.745103515625 0.78508203125 0.7268486328125 0.79921484375 0.71821484375 0.8093515625 0.6928291015625 0.8243076171875 0.684609375 0.8374072265625 0.686109375 0.842099609375 0.700185546875 0.8495693359375 0.714263671875 0.939072265625 0.9984677734375 0.9707109375 0.9999912109375 0.916109375 0.834947265625 0.8656279296875 0.689861328125 0.8803681640625 0.6861455078125 0.8999580078125 0.6810908203125 0.9047958984375 0.6636142578125 0.9065986328125 0.6461435546875 0.9104990234375 0.633693359375 0.9299560546875 0.6174619140625 0.9629130859375 0.608037109375 0.9741025390625 0.59958203125 0.990072265625 0.5873408203125 0.9915029296875 0.5744990234375 0.9747666015625 0.57664453125 0.96644140625 0.570712890625 0.9690859375 0.5575849609375 0.973791015625 0.548484375 0.989048828125 0.537091796875 1 0.527224609375 1 0.33251171875
2 1 0.2852158203125 0.691142578125 0.206345703125 0.0002626953125 0.0262236328125 0 0.9046904296875 1 0.9048671875 1 0.2852158203125
9 0.2846689453125 0.2220009765625 0.28425 0.170173828125 0.2228603515625 0.154353515625 0.2221240234375 0.2090048828125 0.2846689453125 0.2220009765625
9 0.2864052734375 0.3423515625 0.2858447265625 0.2846376953125 0.2216103515625 0.270974609375 0.2199345703125 0.3306796875 0.2864052734375 0.3423515625
9 0.28778515625 0.4802890625 0.287650390625 0.413732421875 0.2182568359375 0.40201953125 0.216740234375 0.4703720703125 0.28778515625 0.4802890625
9 0.29121484375 0.6442998046875 0.288720703125 0.561671875 0.21512109375 0.5537958984375 0.2129306640625 0.6373447265625 0.29121484375 0.6442998046875
9 0.482013671875 0.80054296875 0.46806640625 0.661607421875 0.3551728515625 0.652703125 0.3629814453125 0.79531640625 0.482013671875 0.80054296875
9 0.463296875 0.6225302734375 0.4525126953125 0.506318359375 0.348244140625 0.4918876953125 0.353923828125 0.61153515625 0.463296875 0.6225302734375
9 0.4492099609375 0.4738564453125 0.4398271484375 0.3738330078125 0.341001953125 0.357296875 0.3460849609375 0.459083984375 0.4492099609375 0.4738564453125
9 0.43674609375 0.344064453125 0.427662109375 0.25521875 0.3355693359375 0.2347783203125 0.34059375 0.3280869140625 0.43674609375 0.344064453125
9 0.4257236328125 0.23044921875 0.4238193359375 0.2055087890625 0.3337587890625 0.1834765625 0.3339150390625 0.2102216796875 0.4257236328125 0.23044921875
9 0.52410546875 0.27500390625 0.517021484375 0.2251650390625 0.46551171875 0.2143642578125 0.465576171875 0.2150859375 0.470126953125 0.264998046875 0.52410546875 0.27500390625
9 0.2933779296875 0.839447265625 0.2917705078125 0.740748046875 0.2094189453125 0.7363798828125 0.20791015625 0.8364775390625 0.2933779296875 0.839447265625
9 0.6136962890625 0.8440107421875 0.60040234375 0.75889453125 0.5327177734375 0.7553623046875 0.5446943359375 0.8412724609375 0.6136962890625 0.8440107421875
9 0.5831572265625 0.667423828125 0.573177734375 0.5961640625 0.5102666015625 0.589486328125 0.5197509765625 0.662671875 0.5831572265625 0.667423828125
9 0.5608857421875 0.51978125 0.5508173828125 0.4551044921875 0.49227734375 0.44623046875 0.5000205078125 0.5127197265625 0.5608857421875 0.51978125
9 0.540650390625 0.389830078125 0.5319638671875 0.3334033203125 0.476328125 0.322591796875 0.48415234375 0.3798671875 0.540650390625 0.389830078125
9 0 0.1716484375 0.1108369140625 0.195994140625 0.1165087890625 0.1551435546875 0 0.1263955078125 0 0.1716484375
9 0 0.3109228515625 0.1249189453125 0.3316044921875 0.12833984375 0.2812197265625 0 0.252748046875 0 0.3109228515625
9 0.1175576171875 0.488984375 0.120853515625 0.416001953125 0.001765625 0.398396484375 0.00179296875 0.4029150390625 0 0.4745322265625 0.1175576171875 0.488984375
9 0.1001416015625 0.675796875 0.111994140625 0.5666416015625 0.00086328125 0.556765625 0.000255859375 0.670111328125 0.1001416015625 0.675796875
9 0.085423828125 0.8969755859375 0.0956162109375 0.748966796875 0.00086328125 0.7440810546875 0.0001142578125 0.8979736328125 0.085423828125 0.8969755859375
9 0.6613173828125 0.31587890625 0.6559521484375 0.2842314453125 0.569103515625 0.26700390625 0.57414453125 0.2991103515625 0.6613173828125 0.31587890625
9 0.689775390625 0.4180830078125 0.683734375 0.380634765625 0.5806611328125 0.3622080078125 0.586650390625 0.4044013671875 0.689775390625 0.4180830078125
9 0.715322265625 0.5439716796875 0.7074384765625 0.503537109375 0.597525390625 0.4867119140625 0.6066162109375 0.5333642578125 0.715322265625 0.5439716796875
9 0.7455166015625 0.686791015625 0.7343203125 0.6312412109375 0.6231181640625 0.6244453125 0.634056640625 0.6841484375 0.7455166015625 0.686791015625
9 0.7828662109375 0.86221875 0.766169921875 0.781009765625 0.6499130859375 0.7772333984375 0.6622607421875 0.8629970703125 0.7828662109375 0.86221875
9 0.9603369140625 0.856734375 0.9385361328125 0.793837890625 0.875203125 0.794580078125 0.8937216796875 0.85981640625 0.9603369140625 0.856734375
9 0.907212890625 0.6880263671875 0.8968232421875 0.6541640625 0.8433037109375 0.6478232421875 0.8575341796875 0.68480078125 0.907212890625 0.6880263671875
9 0.864951171875 0.5528857421875 0.858353515625 0.5283642578125 0.80225390625 0.522234375 0.80784375 0.5503671875 0.864951171875 0.5528857421875
9 0.9441103515625 0.37421875 0.9275859375 0.3287236328125 0.8693076171875 0.31558203125 0.888970703125 0.364287109375 0.9441103515625 0.37421875
9 0.9998642578125 0.386318359375 0.999984375 0.3698125 0.9910966796875 0.3434287109375 0.9522138671875 0.3349453125 0.96816796875 0.3788505859375 0.9998642578125 0.386318359375
9 0.9813525390625 0.4750625 0.9655849609375 0.4249990234375 0.9057607421875 0.4156396484375 0.9187216796875 0.467935546875 0.9813525390625 0.4750625
9 0.9997216796875 0.432837890625 0.9906357421875 0.432916015625 1 0.4596376953125 0.9997216796875 0.432837890625
9 1 0.53101953125 0.9418798828125 0.523849609375 0.9648115234375 0.583326171875 1 0.5890234375 1 0.53101953125
9 1 0.6477783203125 0.984978515625 0.649576171875 1 0.6885166015625 1 0.6477783203125
0 0 0.171587890625 0.1848369140625 0.2124892578125 0.1846435546875 0.1703623046875 0.1905185546875 0.17105078125 0.19021875 0.16658984375 0 0.120236328125 0 0.171587890625
0 0.172998046875 0.4980703125 0.174404296875 0.442201171875 0.179865234375 0.4387197265625 0.181373046875 0.43246875 0.0005634765625 0.403443359375 0 0.47649609375 0.172998046875 0.4980703125
0 0 0.67069140625 0.1623623046875 0.677853515625 0.164216796875 0.6175517578125 0.170478515625 0.610517578125 0.17202734375 0.6004794921875 0 0.5850615234375 0 0.67069140625
0 0.1562890625 0.821880859375 0.1624248046875 0.8093251953125 0.157970703125 0.8058173828125 0.0000029296875 0.80309375 0.000251953125 0.904056640625 0.14666796875 0.89846875 0.150923828125 0.825529296875 0.1562890625 0.821880859375
0 0.647529296875 0.8396376953125 0.6697763671875 0.836109375 0.6764423828125 0.8401455078125 0.688275390625 0.9064140625 0.89290625 0.906029296875 0.8707431640625 0.8304970703125 0.6636083984375 0.8237158203125 0.6456484375 0.82657421875 0.644525390625 0.8325537109375 0.647529296875 0.8396376953125
0 0.642490234375 0.6589970703125 0.652654296875 0.7188125 0.8435537109375 0.731986328125 0.8248251953125 0.6656962890625 0.638564453125 0.6480146484375 0.6305673828125 0.647421875 0.61408984375 0.6551123046875 0.616115234375 0.664732421875 0.642490234375 0.6589970703125
0 1 0.6952158203125 0.9612021484375 0.69228515625 0.977890625 0.7424697265625 1 0.742638671875 1 0.6952158203125
0 0.8665556640625 0.5875478515625 0.8533193359375 0.5424072265625 0.80486328125 0.5371806640625 0.8162138671875 0.5822998046875 0.8665556640625 0.5875478515625
0 0.60483203125 0.507330078125 0.6141005859375 0.5103310546875 0.6217568359375 0.55552734375 0.796728515625 0.5779501953125 0.787990234375 0.52139453125 0.61905859375 0.49877734375 0.6014580078125 0.49773828125 0.5863359375 0.505134765625 0.588380859375 0.5187822265625 0.60483203125 0.507330078125
0 0.5789189453125 0.3760703125 0.58911328125 0.3765634765625 0.5952373046875 0.4201953125 0.7642939453125 0.44743359375 0.753958984375 0.397771484375 0.58690234375 0.3676953125 0.5775888671875 0.3678583984375 0.565294921875 0.3774853515625 0.5661630859375 0.3870966796875 0.5789189453125 0.3760703125
0 0.561154296875 0.2595830078125 0.570328125 0.2623896484375 0.574736328125 0.299275390625 0.7359326171875 0.33221484375 0.7255029296875 0.2907294921875 0.576935546875 0.2572578125 0.5597177734375 0.25373046875 0.54843359375 0.266205078125 0.5496669921875 0.2732236328125 0.561154296875 0.2595830078125
0 0.7916611328125 0.3447373046875 0.7824052734375 0.31045703125 0.7387177734375 0.3026337890625 0.748037109375 0.33719921875 0.7916611328125 0.3447373046875
0 0.9340439453125 0.478865234375 0.917994140625 0.4384091796875 0.872919921875 0.43223828125 0.88539453125 0.4717998046875 0.9340439453125 0.478865234375
0 0.9631220703125 0.9079375 0.9464677734375 0.8483408203125 0.8892841796875 0.8482421875 0.908291015625 0.9091953125 0.9631220703125 0.9079375
5 1 0.9058056640625 0 0.9072578125 0.0001708984375 1 1 1 1 0.9058056640625