2 0.1221875 0 0.0008203125 0.1372763671875 0 1 0.8493154296875 0.9989208984375 0.942791015625 0.9853076171875 1 0.9796923828125 1 0.4855517578125 0.9877236328125 0.446291015625 0.983341796875 0.4181240234375 0.980837890625 0.3802548828125 0.982359375 0.3420263671875 0.93896484375 0.24970703125 0.9375 0.2451171875 0.93662109375 0.242578125 0.7178291015625 0.0190224609375 0.7151923828125 0.0173623046875 0.7133369140625 0.0173623046875 0.6768486328125 0.0456376953125 0.491796875 0.19189453125 0.48935546875 0.19375 0.487255859375 0.1941865234375 0.184724609375 0 0.181490234375 0 0.1221875 0
9 0.380322265625 0.7873681640625 0.47374609375 0.7926689453125 0.5560302734375 0.7973076171875 0.62152734375 0.8003994140625 0.7363173828125 0.8068046875 0.7860107421875 0.809896484375 0.7584033203125 0.7175849609375 0.6666220703125 0.6994736328125 0.3673857421875 0.6375498046875 0.2220888671875 0.6095 0.2310576171875 0.778322265625 0.380322265625 0.7873681640625
9 0.78790625 0.9999365234375 0.842689453125 0.98637109375 0.8098193359375 0.877064453125 0.5784560546875 0.882951171875 0.239052734375 0.891560546875 0.2457451171875 1 0.78790625 0.9999365234375
9 0.7369560546875 0.6530009765625 0.716015625 0.5676533203125 0.20775 0.3860576171875 0.2156279296875 0.5175078125 0.7369560546875 0.6530009765625
9 0.6778125 0.441048828125 0.1957421875 0.207439453125 0.202017578125 0.3158896484375 0.7001845703125 0.5157705078125 0.6778125 0.441048828125
9 0.6615205078125 0.393345703125 0.642134765625 0.3307314453125 0.1853916015625 0.0554833984375 0.1907392578125 0.1435 0.6615205078125 0.393345703125
9 0.7622939453125 0.0879677734375 0.7804501953125 0.1306142578125 0.8019853515625 0.1506005859375 0.7846728515625 0.11105078125 0.7622939453125 0.0879677734375
9 0.79719921875 0.1721357421875 0.8183115234375 0.224353515625 0.8456171875 0.2482802734375 0.8246455078125 0.1974697265625 0.79719921875 0.1721357421875
9 0.8446767578125 0.285005859375 0.865923828125 0.3341591796875 0.888447265625 0.353423828125 0.865357421875 0.2994541015625 0.8446767578125 0.285005859375
9 0.885837890625 0.385849609375 0.91676171875 0.4581201171875 0.9426474609375 0.47653515625 0.9134609375 0.4073916015625 0.885837890625 0.385849609375
9 0.96662109375 0.5318447265625 0.941083984375 0.516556640625 0.9791298828125 0.6087666015625 0.9998037109375 0.617453125 1 0.6077001953125 0.96696875 0.533234375 0.96662109375 0.5318447265625
8 0.9018505859375 1 0.920623046875 0.9972705078125 0.9376630859375 0.992072265625 0.942396484375 0.987630859375 0.944900390625 0.980787109375 0.941896484375 0.9769482421875 0.9327158203125 0.9682685546875 0.928876953125 0.9607568359375 0.924203125 0.953580078125 0.9188623046875 0.95324609375 0.90751171875 0.95141015625 0.8964951171875 0.9540810546875 0.89148828125 0.95825390625 0.893658203125 0.9672666015625 0.8946591796875 0.973109375 0.8873154296875 0.9749453125 0.875103515625 0.97185546875 0.8670166015625 0.9707001953125 0.8597958984375 0.97214453125 0.8485322265625 0.973876953125 0.8410234375 0.9732998046875 0.829181640625 0.974166015625 0.8231171875 0.97127734375 0.815607421875 0.9727216796875 0.813875 0.979076171875 0.8098310546875 0.9802314453125 0.8060771484375 0.979076171875 0.797412109375 0.9822529296875 0.8008779296875 0.9860068359375 0.797990234375 0.98976171875 0.7855712890625 0.994671875 0.7766181640625 1 0.9018505859375 1
8 0.6671611328125 1 0.6718583984375 0.9935478515625 0.6709775390625 0.9913955078125 0.6689228515625 0.991296875 0.66491015625 0.995505859375 0.662365234375 0.9978544921875 0.6600166015625 0.995603515625 0.6575703125 0.98542578125 0.6555146484375 0.9852294921875 0.6538505859375 0.9868935546875 0.6528720703125 0.980140625 0.65023046875 0.9815107421875 0.649642578125 0.9852294921875 0.6490556640625 0.9877744140625 0.64523828125 0.9886552734375 0.643966796875 0.9873828125 0.6408349609375 0.9879697265625 0.6402470703125 0.99100390625 0.6407373046875 0.9940380859375 0.6378984375 0.991296875 0.637017578125 0.99090625 0.6335927734375 0.9906123046875 0.6320263671875 0.99119921875 0.631244140625 0.993939453125 0.63584375 1 0.6671611328125 1
8 0.6020185546875 1 0.6038486328125 0.999875 0.601142578125 0.997619140625 0.5974208984375 0.99457421875 0.592685546875 0.994236328125 0.5914453125 0.9909658203125 0.589189453125 0.9872451171875 0.58377734375 0.988373046875 0.57858984375 0.9913046875 0.5743046875 0.9940107421875 0.5725009765625 0.991642578125 0.5706962890625 0.9902900390625 0.564607421875 0.9914169921875 0.556037109375 0.994236328125 0.553556640625 0.9931083984375 0.5465654296875 0.9914169921875 0.541490234375 0.9918681640625 0.5319521484375 0.99378515625 0.5252998046875 0.995025390625 0.5205634765625 0.99637890625 0.517857421875 0.99637890625 0.514361328125 0.99637890625 0.5107529296875 0.9970556640625 0.510076171875 0.9987470703125 0.510076171875 1 0.6020185546875 1
7 0.0870361328125 1 0.0870361328125 0.99886328125 0.1062041015625 0.9963203125 0.1103115234375 0.995734375 0.1130498046875 0.9922138671875 0.1158203125 0.9880322265625 0.1130986328125 0.8928671875 0.1121083984375 0.8874228515625 0.1093857421875 0.884205078125 0.10319921875 0.8822255859375 0.05642578125 0.88866015625 0.05221875 0.8898974609375 0.048505859375 0.893857421875 0.0467734375 0.8968271484375 0.0480107421875 0.9983349609375 0.048505859375 1 0.0500703125 1 0.0870361328125 1
8 0.855552734375 0 0.8587861328125 0.0032333984375 0.8663310546875 0.0058203125 0.8723662109375 0.0047421875 0.8788330078125 0.00129296875 0.8833603515625 0.0032333984375 0.8818515625 0.0086220703125 0.8758154296875 0.0092685546875 0.8712890625 0.01401171875 0.8609423828125 0.0107783203125 0.8521044921875 0.007759765625 0.84460546875 0.00098828125 0.839 0 0.8328056640625 0.0003984375 0.8425400390625 0.013083984375 0.8490302734375 0.018689453125 0.8469658203125 0.0251787109375 0.8481455078125 0.03314453125 0.8428349609375 0.035208984375 0.83103515625 0.0239990234375 0.825134765625 0.0245888671875 0.8224794921875 0.02812890625 0.8230703125 0.034619140625 0.830150390625 0.041404296875 0.815990234375 0.0375693359375 0.8148095703125 0.042185546875 0.8180546875 0.04749609375 0.8230703125 0.0516259765625 0.830150390625 0.048970703125 0.8331005859375 0.0516259765625 0.8331005859375 0.0566416015625 0.8416552734375 0.0578212890625 0.851095703125 0.0566416015625 0.859060546875 0.053986328125 0.864666015625 0.046021484375 0.8687958984375 0.0501513671875 0.8744013671875 0.0554609375 0.8649609375 0.0657861328125 0.86378125 0.073162109375 0.870861328125 0.0752265625 0.8741064453125 0.0790615234375 0.870271484375 0.0855517578125 0.873220703125 0.0896826171875 0.878826171875 0.0896826171875 0.8693857421875 0.0982373046875 0.8667314453125 0.1041376953125 0.870861328125 0.1062021484375 0.878826171875 0.102662109375 0.898296875 0.0911572265625 0.9083271484375 0.0716865234375 0.9145224609375 0.0716865234375 0.924552734375 0.0578212890625 0.9227822265625 0.0696220703125 0.9159970703125 0.081716796875 0.9015419921875 0.09558203125 0.897412109375 0.1011875 0.89770703125 0.1062021484375 0.9006572265625 0.10679296875 0.925732421875 0.081716796875 0.9304521484375 0.087912109375 0.9342880859375 0.0858466796875 0.9363525390625 0.0767021484375 0.9419580078125 0.0719814453125 0.9499228515625 0.0713916015625 0.95316796875 0.0752265625 0.9570029296875 0.07581640625 0.9640830078125 0.06844140625 0.97175390625 0.0628369140625 0.9761787109375 0.066376953125 0.973228515625 0.0678515625 0.9643779296875 0.0722763671875 0.96496875 0.0781767578125 0.9699833984375 0.0784716796875 0.9773583984375 0.0764072265625 0.986798828125 0.06224609375 0.994173828125 0.0560517578125 0.99446875 0.060181640625 0.991814453125 0.0699169921875 0.999484375 0.0722763671875 0.9909287109375 0.0764072265625 0.9897490234375 0.082306640625 0.9832587890625 0.082306640625 0.974408203125 0.0858466796875 0.97234375 0.0920419921875 0.9617236328125 0.0976474609375 0.9631982421875 0.1047275390625 0.97175390625 0.102072265625 0.9832587890625 0.0988271484375 0.9912236328125 0.0973525390625 0.9974189453125 0.0979423828125 1 0.097224609375 1 0 0.855552734375 0
8 1 0.4822763671875 0.999611328125 0.2728623046875 0.9945087890625 0.2869111328125 0.9877607421875 0.311271484375 0.9823291015625 0.3543515625 0.9821640625 0.39203125 0.98562109375 0.4309208984375 0.9892421875 0.44919140625 0.9999404296875 0.4830986328125 1 0.4822763671875
3 1 1 0.9997763671875 0.9798212890625 0.9442333984375 0.985287109375 0.939912109375 0.98757421875 0.899875 1 1 1