2 0 0.99984375 0.6778515625 0.99984375 0.66865625 0.9624052734375 0.7575859375 0.9523525390625 1 0.938583984375 0.99891015625 0.146396484375 0.98265234375 0.1578759765625 0.975876953125 0.174603515625 0.9645771484375 0.186548828125 0.9378681640625 0.21316015625 0.9196044921875 0.2097607421875 0.9179296875 0.2068837890625 0.9142744140625 0.1924814453125 0.921595703125 0.185314453125 0.9235380859375 0.178427734375 0.92020703125 0.171501953125 0.8737314453125 0.1351982421875 0.8696552734375 0.13666796875 0.8411796875 0.1705078125 0.8191376953125 0.196697265625 0.7810791015625 0.192025390625 0.7782431640625 0.18113671875 0.78177734375 0.17456640625 0.7846455078125 0.173296875 0.78688671875 0.1688017578125 0.7916357421875 0.1654853515625 0.793283203125 0.1611240234375 0.792671875 0.1562958984375 0.752359375 0.1251796875 0.744314453125 0.1145380859375 0.7403876953125 0.1141259765625 0.7374091796875 0.1154130859375 0.7322333984375 0.1201064453125 0.70950390625 0.145609375 0.6889501953125 0.1777177734375 0.641337890625 0.17100390625 0.6402646484375 0.1648076171875 0.6541611328125 0.1432998046875 0.6550498046875 0.1399990234375 0.6541123046875 0.1377607421875 0.61038671875 0.1003740234375 0.6119462890625 0.09848828125 0.6079091796875 0.09453515625 0.6037958984375 0.092845703125 0.6005361328125 0.0926806640625 0.5974560546875 0.09418359375 0.595048828125 0.0979873046875 0.5909912109375 0.1018974609375 0.5654453125 0.1281640625 0.5500703125 0.158689453125 0.482623046875 0.148302734375 0.4978359375 0.115962890625 0.495921875 0.1121162109375 0.4557236328125 0.076708984375 0.4517333984375 0.068525390625 0.447337890625 0.0658818359375 0.4428349609375 0.066119140625 0.43958203125 0.0679384765625 0.437904296875 0.071435546875 0.4020712890625 0.0979521484375 0.399517578125 0.104251953125 0.3901572265625 0.13477734375 0.303412109375 0.121154296875 0.3133310546875 0.091052734375 0.3117080078125 0.0831376953125 0.269326171875 0.0448671875 0.267310546875 0.038646484375 0.261736328125 0.0352021484375 0.2556005859375 0.0358623046875 0.2516298828125 0.038822265625 0.2125791015625 0.0644287109375 0.207876953125 0.06896484375 0.205951171875 0.0791552734375 0.2028154296875 0.1085380859375 0.08865625 0.0905400390625 0.089349609375 0.0529931640625 0.07938671875 0.04134765625 0.0471630859375 0.0092470703125 0.0454873046875 0.0059033203125 0.043080078125 0.00155859375 0.037814453125 0 0.0340615234375 0.0003779296875 0.0308486328125 0.0022490234375 0.02843359375 0.004986328125 0.0215615234375 0.0082998046875 0.0002607421875 0.0196435546875 0 0.99984375
9 0.0528173828125 0.098283203125 0.0557607421875 0.074076171875 0.005451171875 0.0657607421875 0.00237109375 0.0909814453125 0.0528173828125 0.098283203125
9 0.2808095703125 0.1312158203125 0.280125 0.1079658203125 0.23503515625 0.10142578125 0.234455078125 0.124744140625 0.2808095703125 0.1312158203125
9 0.4708134765625 0.158080078125 0.4679384765625 0.135431640625 0.4263037109375 0.1297216796875 0.427466796875 0.1534765625 0.4708134765625 0.158080078125
9 0.6321572265625 0.179537109375 0.6266826171875 0.157736328125 0.5887919921875 0.1536689453125 0.5931015625 0.1758955078125 0.6321572265625 0.179537109375
9 0.7724892578125 0.1998212890625 0.7666494140625 0.181017578125 0.7309501953125 0.1773349609375 0.7374990234375 0.195462890625 0.7724892578125 0.1998212890625
9 0.1337177734375 0.27812890625 0.1380654296875 0.203390625 0.0665107421875 0.1952353515625 0.0593876953125 0.268333984375 0.1337177734375 0.27812890625
9 0.3040517578125 0.2961904296875 0.30004296875 0.224046875 0.2335634765625 0.216 0.233248046875 0.2901845703125 0.3040517578125 0.2961904296875
9 0.5241416015625 0.3713212890625 0.512755859375 0.29709765625 0.4465791015625 0.29070703125 0.4557685546875 0.36837890625 0.5241416015625 0.3713212890625
9 0.124638671875 0.440287109375 0.1299501953125 0.3495810546875 0.051255859375 0.3419736328125 0.0419189453125 0.4336259765625 0.124638671875 0.440287109375
9 0.308654296875 0.4556767578125 0.30568359375 0.3634873046875 0.2314814453125 0.356966796875 0.2331337890625 0.4496181640625 0.308654296875 0.4556767578125
9 0.55290234375 0.5427890625 0.5362822265625 0.4505859375 0.465279296875 0.4455595703125 0.4761240234375 0.5413251953125 0.55290234375 0.5427890625
9 0.111798828125 0.64011328125 0.11943359375 0.5241201171875 0.0338505859375 0.5199599609375 0.0209677734375 0.6365927734375 0.111798828125 0.64011328125
9 0.3132890625 0.6440830078125 0.3110400390625 0.534546875 0.23555078125 0.5309130859375 0.23554296875 0.64323046875 0.3132890625 0.6440830078125
9 0 0.89413671875 0.0935966796875 0.8915068359375 0.1028232421875 0.7426474609375 0.0059462890625 0.7419814453125 0 0.8225166015625 0 0.89413671875
9 0.3266279296875 0.8886005859375 0.3207587890625 0.742890625 0.23125 0.7419814453125 0.231234375 0.889904296875 0.3266279296875 0.8886005859375
9 0.6106298828125 1 0.6158955078125 0.98974609375 0.6143779296875 0.971296875 0.6085498046875 0.957951171875 0.5979013671875 0.946076171875 0.5838818359375 0.9418203125 0.569388671875 0.943638671875 0.5590126953125 0.9510966796875 0.5552216796875 0.9626484375 0.557529296875 0.975654296875 0.55858203125 0.9961376953125 0.5647763671875 1 0.6106298828125 1
9 0.587951171875 0.7509501953125 0.5682421875 0.631146484375 0.4816953125 0.6302470703125 0.4961982421875 0.7499794921875 0.587951171875 0.7509501953125
9 0.8105595703125 0.8563662109375 0.7823095703125 0.753580078125 0.7143994140625 0.7526142578125 0.7399462890625 0.8587626953125 0.8105595703125 0.8563662109375
9 0.9961455078125 0.8564248046875 0.9610849609375 0.75508203125 0.903294921875 0.755037109375 0.9378369140625 0.8566884765625 0.9961455078125 0.8564248046875
9 0.930841796875 0.6707080078125 0.89761328125 0.5713388671875 0.844904296875 0.5679267578125 0.8756962890625 0.66715625 0.930841796875 0.6707080078125
9 0.7570595703125 0.66687109375 0.7329287109375 0.562376953125 0.6722265625 0.55948828125 0.694990234375 0.662994140625 0.7570595703125 0.66687109375
9 0.8718583984375 0.4998076171875 0.8462724609375 0.4162744140625 0.7955126953125 0.4122255859375 0.8197138671875 0.4959375 0.8718583984375 0.4998076171875
9 0.7078291015625 0.483232421875 0.6897998046875 0.4023203125 0.634216796875 0.3984775390625 0.6502841796875 0.4800302734375 0.7078291015625 0.483232421875
9 0.668068359375 0.3237001953125 0.65537109375 0.2683974609375 0.603462890625 0.261263671875 0.61405859375 0.3181943359375 0.668068359375 0.3237001953125
9 0.819837890625 0.340474609375 0.8011845703125 0.285728515625 0.7526083984375 0.2807705078125 0.76951171875 0.336123046875 0.819837890625 0.340474609375
9 1 0.3828798828125 0.9879169921875 0.3496142578125 0.944484375 0.3468388671875 0.971509765625 0.4181533203125 1 0.4164921875 1 0.3828798828125
0 0.6048955078125 0.3168984375 0.610810546875 0.31763671875 0.9264248046875 0.35326953125 0.9265068359375 0.349966796875 0.914458984375 0.3204716796875 0.9131630859375 0.313927734375 0.9053095703125 0.3118291015625 0.805791015625 0.3020283203125 0.70174609375 0.289107421875 0.599783203125 0.2778935546875 0.59278515625 0.2786328125 0.5481962890625 0.3081064453125 0.554912109375 0.3477353515625 0.6048955078125 0.3168984375
0 0.63077734375 0.4888173828125 0.6435595703125 0.4831630859375 0.8627705078125 0.499451171875 0.9910615234375 0.5083486328125 0.9728232421875 0.467146484375 0.970076171875 0.4619443359375 0.9615126953125 0.4615595703125 0.7905458984375 0.44783984375 0.632814453125 0.4329755859375 0.625763671875 0.435880859375 0.5756025390625 0.4618974609375 0.585234375 0.5085068359375 0.63077734375 0.4888173828125
0 1 0.6335986328125 0.68015625 0.622091796875 0.671439453125 0.62125 0.6088076171875 0.642400390625 0.6212275390625 0.7016044921875 0.6832900390625 0.6835927734375 0.696787109375 0.682607421875 0.81616796875 0.6859365234375 1 0.6907734375 1 0.6335986328125
9 0.9046708984375 0.2144404296875 0.900904296875 0.202068359375 0.866298828125 0.201697265625 0.8697314453125 0.2126259765625 0.9046708984375 0.2144404296875
8 1 0.0002724609375 0.762583984375 0 0.7526083984375 0.011400390625 0.7574873046875 0.0226328125 0.78441015625 0.022029296875 0.804796875 0.0327421875 0.8099482421875 0.04743359375 0.7957021484375 0.0590029296875 0.7760078125 0.066345703125 0.7494609375 0.0677861328125 0.7327255859375 0.059853515625 0.72104296875 0.046755859375 0.7140361328125 0.045587890625 0.7084892578125 0.050763671875 0.7171337890625 0.066890625 0.7220126953125 0.074654296875 0.7171484375 0.0911767578125 0.730078125 0.114240234375 0.71321484375 0.1240966796875 0.7058369140625 0.13984765625 0.7087119140625 0.1501640625 0.718787109375 0.1596552734375 0.72009765625 0.178240234375 0.7224736328125 0.195435546875 0.732830078125 0.2051689453125 0.7573037109375 0.22074609375 0.7857216796875 0.22911328125 0.7999130859375 0.2403212890625 0.7923818359375 0.2489560546875 0.77940234375 0.2548837890625 0.7761123046875 0.26608203125 0.7750283203125 0.28148046875 0.77966015625 0.2942080078125 0.79199609375 0.3071669921875 0.8138076171875 0.321259765625 0.83757421875 0.330330078125 0.84985546875 0.3445263671875 0.8350849609375 0.3538193359375 0.805994140625 0.3473466796875 0.767001953125 0.3384892578125 0.7426025390625 0.3331650390625 0.7187080078125 0.336609375 0.7134521484375 0.3443779296875 0.7131552734375 0.3555810546875 0.7206279296875 0.3619091796875 0.7577841796875 0.37636328125 0.77301953125 0.3925244140625 0.7790712890625 0.397705078125 0.792080078125 0.398298828125 0.804880859375 0.3976064453125 0.833169921875 0.403 0.827390625 0.4209619140625 0.8288310546875 0.434693359375 0.8396767578125 0.4385927734375 0.853685546875 0.4355791015625 0.881138671875 0.411283203125 0.890173828125 0.393123046875 0.9292109375 0.391296875 0.9014755859375 0.425009765625 0.89797265625 0.44025 0.90747265625 0.4448564453125 0.91875 0.441779296875 0.9409873046875 0.40748828125 0.95058203125 0.41852734375 0.960087890625 0.4251376953125 0.9754072265625 0.42409375 1 0.4089130859375 1 0.0002724609375
8 0.5670380859375 1 0.5612255859375 0.9739228515625 0.5714111328125 0.9637216796875 0.5852734375 0.9585830078125 0.6172109375 0.9735029296875 0.6269345703125 0.9715498046875 0.6371982421875 0.969419921875 0.649939453125 0.972728515625 0.6688330078125 0.976384765625 0.701287109375 0.974712890625 0.7140419921875 0.9721533203125 0.7238349609375 0.9687197265625 0.72841796875 0.9607958984375 0.72696875 0.954638671875 0.7121328125 0.955314453125 0.701115234375 0.951716796875 0.695185546875 0.9398671875 0.6909501953125 0.929310546875 0.6890947265625 0.919060546875 0.68025390625 0.9105712890625 0.6726552734375 0.894466796875 0.6657548828125 0.858029296875 0.66423046875 0.83515625 0.65484375 0.80373046875 0.6485048828125 0.7754189453125 0.6433408203125 0.754759765625 0.654103515625 0.753212890625 0.6663125 0.744994140625 0.6722314453125 0.7295693359375 0.6746201171875 0.7167509765625 0.6898056640625 0.7184599609375 0.6939052734375 0.7238193359375 0.702859375 0.7301787109375 0.7077841796875 0.7275400390625 0.70921484375 0.7166796875 0.720455078125 0.7097109375 0.72466015625 0.70087890625 0.7220693359375 0.69033984375 0.7143330078125 0.6768828125 0.7033798828125 0.666705078125 0.6944951171875 0.660220703125 0.6818447265625 0.657982421875 0.66948828125 0.6604931640625 0.6537802734375 0.6530625 0.6426943359375 0.6465537109375 0.626947265625 0.6451513671875 0.61343359375 0.637072265625 0.6088818359375 0.6165380859375 0.6075947265625 0.5986337890625 0.615103515625 0.59523828125 0.6212890625 0.589677734375 0.621169921875 0.5814404296875 0.6128623046875 0.5761455078125 0.617564453125 0.566150390625 0.6191484375 0.5593173828125 0.609546875 0.5578173828125 0.5981923828125 0.5569609375 0.596990234375 0.5464111328125 0.5956826171875 0.5350166015625 0.5942685546875 0.51451171875 0.6029794921875 0.49434765625 0.6014951171875 0.48660546875 0.587095703125 0.4882880859375 0.5759423828125 0.49501953125 0.56076171875 0.5084638671875 0.5463916015625 0.5199853515625 0.5322373046875 0.5179365234375 0.5310849609375 0.4961171875 0.5355400390625 0.47344921875 0.5337509765625 0.459828125 0.5366396484375 0.446349609375 0.5338427734375 0.440013671875 0.5155361328125 0.4360390625 0.525056640625 0.4051171875 0.52455078125 0.39425390625 0.515044921875 0.3962958984375 0.5066875 0.404849609375 0.49981640625 0.42083984375 0.493498046875 0.4387138671875 0.4895966796875 0.456427734375 0.4815947265625 0.46951953125 0.46476171875 0.472900390625 0.4435146484375 0.4699619140625 0.4242265625 0.4711123046875 0.4012568359375 0.472419921875 0.38390234375 0.4793203125 0.3769326171875 0.4941884765625 0.366525390625 0.5185673828125 0.3523828125 0.541296875 0.335513671875 0.5648828125 0.331421875 0.59366015625 0.3224921875 0.6299267578125 0.3155419921875 0.6541787109375 0.33356640625 0.66042578125 0.3452041015625 0.6544638671875 0.361638671875 0.654072265625 0.371841796875 0.6699111328125 0.3727197265625 0.6908662109375 0.35369921875 0.70808203125 0.3320947265625 0.693298828125 0.3282314453125 0.69571875 0.3328466796875 0.704740234375 0.3435556640625 0.720515625 0.345041015625 0.7356767578125 0.322646484375 0.7619599609375 0.3158310546875 0.7850849609375 0.3145458984375 0.8009853515625 0.3152470703125 0.8453212890625 0.3199638671875 0.882080078125 0.3304013671875 0.8994638671875 0.34027734375 0.91016796875 0.3590146484375 0.91016796875 0.374375 0.9190556640625 0.374375 0.9400771484375 0.3649521484375 0.9566181640625 0.3513994140625 0.96542578125 0.3435712890625 0.9687822265625 0.3422099609375 0.972658203125 0.3443955078125 0.978888671875 0.3575009765625 0.984060546875 0.3747509765625 0.9847763671875 0.3950107421875 0.9831357421875 0.40809765625 0.976638671875 0.4213515625 0.967255859375 0.4475771484375 0.9619833984375 0.4596875 0.9614677734375 0.4751015625 0.9577783203125 0.4936015625 0.9552578125 0.4960595703125 0.9627900390625 0.501109375 0.9728037109375 0.5091279296875 0.9805712890625 0.5190888671875 0.979814453125 0.5233779296875 0.972876953125 0.5276611328125 0.963802734375 0.5336962890625 0.9660615234375 0.5414326171875 1 0.5670380859375 1
8 0.8179130859375 0.630134765625 0.8281123046875 0.6333388671875 0.8378466796875 0.6376669921875 0.84442578125 0.6377333984375 0.8491494140625 0.634619140625 0.8607529296875 0.6349453125 0.8661376953125 0.633005859375 0.8663486328125 0.63003515625 0.86283203125 0.62219921875 0.862923828125 0.6147900390625 0.8630048828125 0.6092109375 0.8589580078125 0.603943359375 0.8518916015625 0.600896484375 0.8450732421875 0.5991982421875 0.8388251953125 0.6007841796875 0.82921484375 0.5983271484375 0.82321875 0.600474609375 0.81801953125 0.598158203125 0.81377734375 0.59790234375 0.8099140625 0.6007021484375 0.8051015625 0.5980078125 0.802359375 0.599794921875 0.801779296875 0.603859375 0.7996015625 0.607923828125 0.80061328125 0.6127724609375 0.80421875 0.6189326171875 0.8076787109375 0.624708984375 0.8179130859375 0.630134765625
8 0.6925302734375 0.622025390625 0.7297509765625 0.623390625 0.73578125 0.622701171875 0.73834765625 0.6192021484375 0.7381611328125 0.615048828125 0.7335263671875 0.6106044921875 0.7263759765625 0.6089482421875 0.71255078125 0.6089482421875 0.699568359375 0.6086533203125 0.6908095703125 0.610734375 0.6887744140625 0.614447265625 0.6912861328125 0.6198271484375 0.6925302734375 0.622025390625
8 0.8996923828125 0.6212724609375 0.893134765625 0.623306640625 0.887162109375 0.6261923828125 0.88557421875 0.628625 0.887966796875 0.6299248046875 0.9118876953125 0.6296689453125 0.91188671875 0.6260068359375 0.909833984375 0.6222275390625 0.9073935546875 0.6207490234375 0.8996923828125 0.6212724609375
8 1 0.6314208984375 0.99884765625 0.6297421875 0.99566796875 0.6281884765625 0.98915234375 0.6272099609375 0.9805126953125 0.6282548828125 0.97446484375 0.6292529296875 0.9698681640625 0.6301044921875 0.969703125 0.6315791015625 0.9703125 0.6339365234375 0.9798994140625 0.634794921875 1 0.63546875 1 0.6314208984375
8 0.5626337890625 0.2712236328125 0.5554365234375 0.274849609375 0.550017578125 0.2812412109375 0.5443095703125 0.2802255859375 0.5341953125 0.2779287109375 0.5272685546875 0.2734130859375 0.523107421875 0.2752841796875 0.52269140625 0.2807109375 0.5245205078125 0.2899169921875 0.5309638671875 0.2989296875 0.5338662109375 0.3062880859375 0.5274921875 0.308037109375 0.5252314453125 0.3115927734375 0.5273232421875 0.31502734375 0.5326630859375 0.316630859375 0.541671875 0.3167353515625 0.5513125 0.314986328125 0.554498046875 0.324525390625 0.557150390625 0.3274521484375 0.5655380859375 0.3222490234375 0.5736689453125 0.3222490234375 0.5813134765625 0.3267978515625 0.5908447265625 0.323150390625 0.602921875 0.3159970703125 0.6223798828125 0.31490625 0.6369091796875 0.31505859375 0.6454814453125 0.312521484375 0.650912109375 0.3049287109375 0.652814453125 0.2968828125 0.653853515625 0.2887939453125 0.65243359375 0.2784873046875 0.647623046875 0.2728076171875 0.6345791015625 0.2686259765625 0.624271484375 0.266025390625 0.6142880859375 0.263984375 0.6045537109375 0.2638701171875 0.594822265625 0.2656142578125 0.5871220703125 0.26483203125 0.5719013671875 0.2678310546875 0.5626337890625 0.2712236328125
0 1 0.2320712890625 0.9991494140625 0.2233994140625 0 0.0804326171875 0.00003125 0.0924404296875 1 0.2320712890625
4 1 0.9393935546875 0.755251953125 0.953583984375 0.6700283203125 0.9636923828125 0.6793974609375 1 1 1 1 0.9393935546875