9 0.6969404296875 0.67287109375 0.6966298828125 0.5664169921875 0.6557890625 0.577287109375 0.652994140625 0.6803251953125 0.6969404296875 0.67287109375
9 0.6963193359375 0.48201953125 0.6972509765625 0.3952373046875 0.65889453125 0.409833984375 0.6565654296875 0.495064453125 0.6963193359375 0.48201953125
9 0.698337890625 0.2973798828125 0.6978720703125 0.2591787109375 0.6620009765625 0.277037109375 0.6612236328125 0.3163251953125 0.698337890625 0.2973798828125
9 0.962849609375 0.626431640625 0.949798828125 0.499802734375 0.88723828125 0.51699609375 0.8946953125 0.6369970703125 0.962849609375 0.626431640625
9 1 0.48729296875 0.9727451171875 0.495185546875 0.985125 0.6212890625 1 0.6189814453125 1 0.48729296875
9 0.591376953125 0.3457880859375 0.5919345703125 0.31599609375 0.586466796875 0.320236328125 0.58557421875 0.3467919921875 0.591376953125 0.3457880859375
9 0.533203125 0.3658203125 0.53564453125 0.33017578125 0.5169921875 0.33369140625 0.51455078125 0.36728515625 0.533203125 0.3658203125
9 0.4961796875 0.371556640625 0.5008046875 0.3677841796875 0.502873046875 0.3405224609375 0.4875390625 0.3470947265625 0.4854697265625 0.3760595703125 0.4961796875 0.371556640625
9 0.481177734375 0.487513671875 0.495576171875 0.4785869140625 0.4967275390625 0.462029296875 0.491544921875 0.462029296875 0.4842021484375 0.4657724609375 0.4774345703125 0.472107421875 0.4745546875 0.47570703125 0.47469921875 0.4902490234375 0.481177734375 0.487513671875
9 0.4798828125 0.614791015625 0.4846337890625 0.614646484375 0.4928408203125 0.53004296875 0.4685078125 0.5394013671875 0.4595810546875 0.62026171875 0.4798828125 0.614791015625
9 0.46865234375 0.791021484375 0.4774345703125 0.6923115234375 0.4647646484375 0.6928876953125 0.45123046875 0.697291015625 0.4430234375 0.791884765625 0.46865234375 0.791021484375
9 0.56386328125 0.8494716796875 0.5674580078125 0.781830078125 0.558798828125 0.78264453125 0.5565107421875 0.849634765625 0.56386328125 0.8494716796875
9 0.6983662109375 0.8883857421875 0.69755078125 0.76562109375 0.6510654296875 0.76969921875 0.64955859375 0.88750390625 0.6983662109375 0.8883857421875
9 0.5757646484375 0.657318359375 0.577939453125 0.59696875 0.5708720703125 0.599958984375 0.5695126953125 0.6578623046875 0.5757646484375 0.657318359375
9 0.5836328125 0.489421875 0.5858369140625 0.4407548828125 0.5801435546875 0.443509765625 0.5783076171875 0.4905234375 0.5836328125 0.489421875
9 0.3445859375 0.7379423828125 0.3469404296875 0.7307109375 0.3583759765625 0.65671484375 0.3402138671875 0.6607509765625 0.3302919921875 0.7399609375 0.3445859375 0.7379423828125
9 0.36403125 0.5922236328125 0.364255859375 0.583705078125 0.3705322265625 0.5816884765625 0.378826171875 0.5196826171875 0.3611171875 0.527666015625 0.351478515625 0.5940166015625 0.36403125 0.5922236328125
9 0.389623046875 0.4426015625 0.3933779296875 0.4123583984375 0.37669140625 0.4204921875 0.3733544921875 0.4494853515625 0.389623046875 0.4426015625
9 0.44666015625 0.415720703125 0.44834765625 0.38721875 0.44422265625 0.38871875 0.44216015625 0.416658203125 0.44666015625 0.415720703125
9 0.2944130859375 0.4869814453125 0.299021484375 0.4598125 0.2907587890625 0.462513671875 0.2878994140625 0.4901591796875 0.2944130859375 0.4869814453125
9 0.2696328125 0.6230703125 0.2838603515625 0.5510634765625 0.2618251953125 0.5607802734375 0.250546875 0.6268876953125 0.2696328125 0.6230703125
9 0.248484375 0.755892578125 0.262869140625 0.676533203125 0.2398994140625 0.680720703125 0.22737109375 0.75798046875 0.248484375 0.755892578125
9 0.128515625 0.76035546875 0.1429443359375 0.694083984375 0.136904296875 0.69576171875 0.1226435546875 0.76035546875 0.128515625 0.76035546875
9 0.1548564453125 0.631671875 0.1701240234375 0.5680859375 0.1530107421875 0.5739580078125 0.140427734375 0.6345244140625 0.1548564453125 0.631671875
9 0.1080654296875 0.7032724609375 0.122755859375 0.6424853515625 0.1176904296875 0.64316015625 0.1132998046875 0.6455244140625 0.1001298828125 0.70344140625 0.1080654296875 0.7032724609375
9 0.058572265625 0.7519853515625 0.06940234375 0.7108017578125 0.0564375 0.7126328125 0.0463701171875 0.7532060546875 0.058572265625 0.7519853515625
9 0.080408203125 0.81330078125 0.0925673828125 0.7607412109375 0.083154296875 0.763291015625 0.0721708984375 0.8127119140625 0.080408203125 0.81330078125
9 0.03344140625 0.6933193359375 0.0434150390625 0.652837890625 0.0372548828125 0.65591796875 0.0280146484375 0.6930263671875 0.03344140625 0.6933193359375
9 0.0106611328125 0.7486064453125 0 0.793416015625 0.0049970703125 0.7954150390625 0.018490234375 0.74594140625 0.0106611328125 0.7486064453125
9 0.3351376953125 0.821919921875 0.337767578125 0.8064345703125 0.320236328125 0.8084794921875 0.3190673828125 0.8195830078125 0.3351376953125 0.821919921875
1 0.4476435546875 1 0.44828125 0.9912568359375 0.4473251953125 0.9769091796875 0.4425419921875 0.959373046875 0.4415859375 0.936736328125 0.4388193359375 0.923810546875 0.429810546875 0.9189306640625 0.4215517578125 0.9170537109375 0.391896484375 0.8661884765625 0.360740234375 0.828275390625 0.337873046875 0.8218603515625 0.30035546875 0.81706640625 0.2930595703125 0.8091455078125 0.2748544921875 0.805810546875 0.19085546875 0.803517578125 0.0147509765625 0.821443359375 0.0064140625 0.8306142578125 0 0.8404111328125 0 1 0.4476435546875 1
8 0.772701171875 1 0.7696708984375 0.9874130859375 0.7666416015625 0.97962109375 0.76923828125 0.9718291015625 0.7748662109375 0.9653359375 0.773134765625 0.9610068359375 0.7605810546875 0.947154296875 0.767939453125 0.9406611328125 0.7666416015625 0.9289736328125 0.770537109375 0.911224609375 0.763177734375 0.899537109375 0.6623173828125 0.902134765625 0.5437060546875 0.9060302734375 0.463189453125 0.9060302734375 0.4565185546875 0.90829296875 0.457111328125 0.9278583984375 0.45592578125 0.947126953125 0.4523681640625 0.9646171875 0.4485146484375 0.9717314453125 0.4482177734375 1 0.772701171875 1
4 0.473361328125 0.9054248046875 0.5488994140625 0.9050107421875 0.6537685546875 0.90211328125 0.6465244140625 0.8948701171875 0.6276923828125 0.8830732421875 0.6072861328125 0.8797060546875 0.555248046875 0.877625 0.4306689453125 0.8698330078125 0.414150390625 0.8714853515625 0.401642578125 0.8778564453125 0.4011708984375 0.88116015625 0.4047109375 0.8832841796875 0.4169814453125 0.883755859375 0.4292529296875 0.884228515625 0.428544921875 0.9179736328125 0.43397265625 0.919861328125 0.4372763671875 0.8828125 0.4455361328125 0.8849365234375 0.45119921875 0.8908359375 0.45119921875 0.915849609375 0.456626953125 0.917501953125 0.459458984375 0.8943759765625 0.4651220703125 0.897443359375 0.4705498046875 0.904287109375 0.473361328125 0.9054248046875
4 1 0.356732421875 0.791931640625 0.4266357421875 0.7939873046875 0.4934580078125 1 0.4396572265625 1 0.356732421875
4 1 0.3659814453125 0.8806923828125 0.2628349609375 0.8813779296875 0.3207470703125 1 0.4170400390625 1 0.3659814453125
8 0.9467919921875 0.427560546875 0.9505537109375 0.426150390625 0.9627763671875 0.42403515625 0.9627763671875 0.42144921875 0.966771484375 0.4198037109375 0.974763671875 0.4174541015625 0.9853408203125 0.4141630859375 0.9900419921875 0.4080517578125 0.9886318359375 0.4021748046875 0.9836953125 0.3965341796875 0.97664453125 0.392068359375 0.963951171875 0.3821953125 0.97405859375 0.38337109375 0.9900419921875 0.379375 0.9893369140625 0.3734990234375 0.977583984375 0.3657421875 0.9663017578125 0.36315625 0.947498046875 0.366447265625 0.92258203125 0.3716181640625 0.91435546875 0.3756142578125 0.908244140625 0.3836064453125 0.9061279296875 0.392068359375 0.9065986328125 0.3986494140625 0.9087138671875 0.4038203125 0.920701171875 0.4035859375 0.92516796875 0.3986494140625 0.9399755859375 0.39159765625 0.9526689453125 0.3897177734375 0.9500830078125 0.3930078125 0.937625 0.4005302734375 0.9350400390625 0.405701171875 0.934099609375 0.4118125 0.9352744140625 0.4195693359375 0.937625 0.421919921875 0.9446767578125 0.4256806640625 0.9467919921875 0.427560546875
2 1 0.2129638671875 0.8837626953125 0.0918603515625 0.7676220703125 0.155431640625 0.695369140625 0.1212666015625 0.684103515625 0.1159306640625 0.66542578125 0.12482421875 0.660681640625 0.21162890625 0.6212783203125 0.2317890625 0.55907421875 0.1879111328125 0.5552197265625 0.1627109375 0.5504765625 0.157966796875 0.5469189453125 0.1624140625 0.5424716796875 0.1876142578125 0.44589453125 0.323451171875 0.4230654296875 0.3222646484375 0.3969765625 0.3385712890625 0.39964453125 0.3554697265625 0.3741474609375 0.3673291015625 0.3729619140625 0.32878125 0.3596201171875 0.3225556640625 0.3486513671875 0.3308564453125 0.34183203125 0.36821875 0.3184111328125 0.3860068359375 0.2508154296875 0.3530986328125 0.1686923828125 0.3729619140625 0.16115234375 0.3741533203125 0.0514541015625 0.4512568359375 0.0090556640625 0.5647626953125 0 0.5697021484375 0 0.840533203125 0.00515234375 0.8312119140625 0.0150244140625 0.820921875 0.1387373046875 0.8082099609375 0.1918076171875 0.8030966796875 0.2758330078125 0.80540625 0.2930986328125 0.808595703125 0.3016767578125 0.8166240234375 0.3382978515625 0.821462890625 0.3607041015625 0.82777734375 0.392046875 0.865498046875 0.42219140625 0.916013671875 0.4302197265625 0.9189833984375 0.4392373046875 0.9229423828125 0.4424267578125 0.9380087890625 0.443197265625 0.9597880859375 0.4481455078125 0.97679296875 0.448365234375 1 1 1 1 0.2129638671875
9 0.943841796875 0.9364619140625 0.933181640625 0.825349609375 0.8725 0.829859375 0.88398046875 0.9397421875 0.943841796875 0.9364619140625