2 0.0430166015625 0.2785068359375 0.0580595703125 0.3125390625 0.05972265625 0.31524609375 0.0134287109375 0.3345244140625 0.01459375 0.343212890625 0.020265625 0.346708984375 0.01789453125 0.3820625 0.023396484375 0.3851826171875 0.02335546875 0.393322265625 0.02180859375 0.3972060546875 0.022275390625 0.411783203125 0.0240087890625 0.4173994140625 0.0200546875 0.4520546875 0.017228515625 0.4602001953125 0.015919921875 0.47499609375 0.0068427734375 0.47782421875 0.0063134765625 0.4808076171875 0.0077802734375 0.48336328125 0.0121552734375 0.486740234375 0.00808203125 0.52060546875 0.006642578125 0.5281328125 0.0056796875 0.5383203125 0.008423828125 0.547435546875 0.00469921875 0.5874384765625 0.0010048828125 0.59845703125 0.0001572265625 0.6193955078125 0.0761640625 0.61168359375 0.1136181640625 0.6184345703125 0.2222783203125 0.62179296875 0.25374609375 0.62384765625 0.263470703125 0.607716796875 0.2834873046875 0.5555029296875 0.2923515625 0.5519345703125 0.3325 0.5539443359375 0.3518798828125 0.5973486328125 0.3654091796875 0.623978515625 0.379466796875 0.631009765625 0.5208330078125 0.63422265625 0.52355859375 0.7007685546875 0.526431640625 0.7856630859375 0.5310771484375 0.8859501953125 0.6443515625 0.8889287109375 0.6815751953125 0.8882919921875 0.680796875 0.8828369140625 0.6806455078125 0.88101953125 0.6765205078125 0.88136328125 0.6761044921875 0.87022265625 0.6906875 0.8649091796875 0.7143076171875 0.8669248046875 0.78687890625 0.8319033203125 0.7824755859375 0.7933115234375 0.774705078125 0.7927939453125 0.7687470703125 0.75741796875 0.7873974609375 0.754828125 0.776517578125 0.735662109375 0.7778134765625 0.732294921875 0.798017578125 0.7325537109375 0.7956865234375 0.7006962890625 0.799830078125 0.69966015625 0.800607421875 0.6921494140625 0.7920595703125 0.68256640625 0.77677734375 0.6815302734375 0.7736689453125 0.6267294921875 0.7832529296875 0.6267294921875 0.7845478515625 0.6213984375 0.771078125 0.590318359375 0.7609765625 0.590318359375 0.7640849609375 0.58824609375 0.7658974609375 0.5719287109375 0.769783203125 0.569080078125 0.7658974609375 0.5584609375 0.7679697265625 0.55768359375 0.76512109375 0.548359375 0.7542412109375 0.5475830078125 0.75683203125 0.5602734375 0.7459521484375 0.5400712890625 0.7311875 0.532560546875 0.7459521484375 0.5315244140625 0.7479072265625 0.52824609375 0.7329912109375 0.470478515625 0.6990302734375 0.465142578125 0.6990302734375 0.460291015625 0.709703125 0.46174609375 0.7029111328125 0.400138671875 0.71212890625 0.3962578125 0.6941787109375 0.3501728515625 0.6854453125 0.35211328125 0.686416015625 0.387525390625 0.693693359375 0.4074150390625 0.6941787109375 0.42487890625 0.7 0.43555078125 0.698544921875 0.4462236328125 0.6786533203125 0.4052734375 0.66361328125 0.3844130859375 0.6315927734375 0.32155078125 0.6309775390625 0.2641376953125 0.641859375 0.2473759765625 0.64337109375 0.225314453125 0.6301806640625 0.2082548828125 0.60093359375 0.189966796875 0.5574501953125 0.186544921875 0.524185546875 0.189390625 0.4971611328125 0.1966865234375 0.4655625 0.20992578125 0.4387998046875 0.200078125 0.4054755859375 0.19099609375 0.410462890625 0.1524228515625 0.3705400390625 0.106623046875 0.30024609375 0.0997177734375 0.27128515625 0.1330166015625 0.254060546875 0.140146484375 0.2560927734375 0.231484375 0.1718310546875 0.225134765625 0.1375810546875 0.2199912109375 0.1212451171875 0.2030986328125 0.088224609375 0.1280087890625 0.0286728515625 0.2673759765625 0.0430166015625 0.2785068359375
9 0.350966796875 0.2251083984375 0.351865234375 0.1720283203125 0.3090185546875 0.1697724609375 0.3072109375 0.2220205078125 0.350966796875 0.2251083984375
9 0.43845703125 0.230666015625 0.4382275390625 0.212435546875 0.4214453125 0.21201953125 0.4215185546875 0.230515625 0.43845703125 0.230666015625
9 0.5741513671875 0.2824736328125 0.573705078125 0.2254111328125 0.545693359375 0.22551171875 0.545431640625 0.2829736328125 0.5741513671875 0.2824736328125
9 0.60259375 0.2881494140625 0.6024892578125 0.234171875 0.5849677734375 0.22939453125 0.5870068359375 0.283869140625 0.60259375 0.2881494140625
9 0.601451171875 0.4149619140625 0.6013125 0.3496728515625 0.5647548828125 0.3458193359375 0.5650234375 0.412697265625 0.601451171875 0.4149619140625
9 0.6257001953125 0.4295625 0.625001953125 0.3729111328125 0.606294921875 0.3624248046875 0.6104267578125 0.42633203125 0.6257001953125 0.4295625
9 0.105025390625 0.3491103515625 0.1098173828125 0.2831416015625 0.0883642578125 0.2867958984375 0.0847265625 0.3519033203125 0.105025390625 0.3491103515625
9 0.2435888671875 0.3431572265625 0.246466796875 0.2787294921875 0.202119140625 0.275150390625 0.19909765625 0.339455078125 0.2435888671875 0.3431572265625
9 0.34940625 0.350134765625 0.3489423828125 0.2839599609375 0.3037548828125 0.2809541015625 0.3018154296875 0.3472783203125 0.34940625 0.350134765625
9 0.4494912109375 0.357654296875 0.448306640625 0.2931015625 0.4048837890625 0.2908837890625 0.4061474609375 0.354884765625 0.4494912109375 0.357654296875
9 0.449638671875 0.485326171875 0.448228515625 0.4144990234375 0.4042197265625 0.4143251953125 0.405357421875 0.484052734375 0.449638671875 0.485326171875
9 0.3454765625 0.4791572265625 0.3449453125 0.4093056640625 0.3001474609375 0.406498046875 0.299580078125 0.47688671875 0.3454765625 0.4791572265625
9 0.240158203125 0.4726376953125 0.2424091796875 0.403693359375 0.196181640625 0.401666015625 0.1927001953125 0.47057421875 0.240158203125 0.4726376953125
9 0.0914638671875 0.456072265625 0.121544921875 0.464212890625 0.1270751953125 0.3929833984375 0.09784375 0.3811005859375 0.037333984375 0.4062822265625 0.031552734375 0.4702080078125 0.0914638671875 0.456072265625
9 0.072998046875 0.60287890625 0.1038662109375 0.6064521484375 0.1096806640625 0.525388671875 0.0838828125 0.519072265625 0.0224970703125 0.534982421875 0.014728515625 0.6104599609375 0.072998046875 0.60287890625
9 0.2096923828125 0.610767578125 0.2126748046875 0.5333740234375 0.166763671875 0.5313408203125 0.161376953125 0.6094599609375 0.2096923828125 0.610767578125
9 0.4594072265625 0.6236328125 0.4583828125 0.5434482421875 0.39451171875 0.54121484375 0.3944423828125 0.6218291015625 0.4594072265625 0.6236328125
9 0.6038359375 0.543517578125 0.6029208984375 0.4793798828125 0.5700361328125 0.47693359375 0.5712392578125 0.54222265625 0.6038359375 0.543517578125
9 0.6301083984375 0.5589951171875 0.628642578125 0.4982626953125 0.61148828125 0.491572265625 0.61426171875 0.5565693359375 0.6301083984375 0.5589951171875
9 0.613017578125 0.690056640625 0.6094697265625 0.6119931640625 0.5760361328125 0.610154296875 0.5794755859375 0.689623046875 0.613017578125 0.690056640625
9 0.6369248046875 0.690580078125 0.6318798828125 0.6256357421875 0.620212890625 0.62260546875 0.6249951171875 0.6905048828125 0.6369248046875 0.690580078125
0 0.016876953125 0.3447734375 0.02089453125 0.346462890625 0.01833203125 0.3819365234375 0.02322265625 0.384640625 0.025859375 0.3847080078125 0.0987939453125 0.358154296875 0.1330107421875 0.3717705078125 0.140328125 0.363708984375 0.1415556640625 0.3324892578125 0.150775390625 0.3312548828125 0.1521494140625 0.3273955078125 0.1520400390625 0.3220263671875 0.10366015625 0.298798828125 0.0179462890625 0.3337275390625 0.0139345703125 0.334919921875 0.0138447265625 0.342330078125 0.016876953125 0.3447734375
7 0 0.768625 0.005275390625 0.7527568359375 0.0075615234375 0.7492392578125 0.0100595703125 0.736830078125 0.0168427734375 0.7293447265625 0.0237216796875 0.6697841796875 0.020517578125 0.667541015625 0.0080673828125 0.6670244140625 0.00304296875 0.6692763671875 0 0.6700205078125 0 0.768625
7 0.0267373046875 0.66892578125 0.026123046875 0.67151171875 0.029046875 0.6742041015625 0.0264794921875 0.6783017578125 0.0273173828125 0.6858203125 0.029421875 0.69059375 0.0257431640625 0.7325830078125 0.0187900390625 0.7339365234375 0.0181884765625 0.73616015625 0.023763671875 0.7383857421875 0.0025546875 0.9314306640625 0.0082568359375 0.933150390625 0.0126416015625 0.932673828125 0.014888671875 0.9317275390625 0.0271328125 0.8186474609375 0.0352666015625 0.737744140625 0.0441015625 0.7380009765625 0.0473056640625 0.73771484375 0.0513701171875 0.7368271484375 0.0582587890625 0.6742861328125 0.0554267578125 0.67069921875 0.0460185546875 0.6695830078125 0.0458291015625 0.6631728515625 0.045140625 0.6586416015625 0.0427607421875 0.656173828125 0.0381962890625 0.6553623046875 0.034630859375 0.657068359375 0.0317021484375 0.6598447265625 0.030166015625 0.6674072265625 0.0267373046875 0.66892578125
7 0.06080859375 0.7055224609375 0.0589345703125 0.70901171875 0.0569052734375 0.7495830078125 0.0615625 0.7525927734375 0.049828125 0.876533203125 0.0505908203125 0.8796572265625 0.0543935546875 0.881578125 0.05877734375 0.8805751953125 0.07025 0.753404296875 0.0721611328125 0.751740234375 0.07706640625 0.7047607421875 0.076572265625 0.69991015625 0.07490234375 0.695794921875 0.07191796875 0.6949169921875 0.0668447265625 0.6960703125 0.0643388671875 0.7015654296875 0.06080859375 0.7055224609375
5 0 0.879978515625 0.52874609375 0.8854423828125 0.5176025390625 0.63690234375 0.3808828125 0.633994140625 0.3648291015625 0.6261806640625 0.362921875 0.6292451171875 0.37628125 0.6433798828125 0.369662109375 0.6574345703125 0.3498232421875 0.663765625 0.3473046875 0.6881103515625 0.34129296875 0.6873125 0.339107421875 0.673615234375 0.328197265625 0.6737568359375 0.28680859375 0.673455078125 0.279025390625 0.67629296875 0.2708935546875 0.677419921875 0.267794921875 0.6873466796875 0.26203125 0.686955078125 0.262125 0.6736298828125 0.257958984375 0.6690986328125 0.240759765625 0.645974609375 0.2414072265625 0.638361328125 0.252953125 0.625052734375 0.1115849609375 0.6192919921875 0.07465234375 0.6126826171875 0 0.6205986328125 0.000021484375 0.6661650390625 0 0.879978515625
7 0.223349609375 0.9277734375 0.2249912109375 0.86810546875 0.2223564453125 0.8582939453125 0.22562109375 0.76210546875 0.22527734375 0.752384765625 0.2276494140625 0.7007197265625 0.22679296875 0.69577734375 0.223216796875 0.6973720703125 0.220853515625 0.7496728515625 0.2195009765625 0.756865234375 0.2146787109375 0.8593037109375 0.208875 0.864396484375 0.2051513671875 0.9267734375 0.223349609375 0.9277734375
6 1 1 0.9996640625 0.8576142578125 0.89384375 0.816828125 0.82246484375 0.8149365234375 0.7145556640625 0.8672734375 0.6915107421875 0.8654697265625 0.67684375 0.871322265625 0.6774521484375 0.8807373046875 0.6812568359375 0.8798017578125 0.682775390625 0.889021484375 0.6785927734375 0.890515625 0 0.881755859375 0 1 1 1
7 0.9722900390625 0.6084091796875 0.96821484375 0.6135146484375 0.967541015625 0.6189658203125 0.969548828125 0.6238564453125 0.976642578125 0.626474609375 0.9840615234375 0.62578125 0.9911044921875 0.622107421875 0.9929912109375 0.6151689453125 0.9916748046875 0.6099755859375 0.988919921875 0.6073671875 0.9836123046875 0.6058896484375 0.978134765625 0.6059609375 0.9722900390625 0.6084091796875
7 1 0.673853515625 0.9978095703125 0.672765625 0.951677734375 0.6724541015625 0.9436259765625 0.669818359375 0.935095703125 0.670578125 0.930025390625 0.673837890625 0.929201171875 0.6798681640625 0.9316904296875 0.6839169921875 0.9359287109375 0.688216796875 0.9439501953125 0.6898828125 0.950689453125 0.686263671875 0.9534892578125 0.681798828125 0.957291015625 0.6773759765625 1 0.6774052734375 1 0.673853515625
7 0.9621748046875 0.8188857421875 0.960822265625 0.80521875 0.96276171875 0.804146484375 0.9629375 0.8017001953125 0.962369140625 0.7995068359375 0.960185546875 0.7970771484375 0.957326171875 0.778779296875 0.9701923828125 0.7788046875 0.9724716796875 0.7827626953125 0.97768359375 0.783642578125 0.9813408203125 0.782044921875 0.98247265625 0.7779833984375 0.981189453125 0.7736455078125 0.9776279296875 0.77170703125 0.973271484375 0.77170703125 0.970478515625 0.7746640625 0.9626318359375 0.7747080078125 0.9395771484375 0.77468359375 0.938103515625 0.773990234375 0.935224609375 0.7724248046875 0.9318671875 0.772935546875 0.92992578125 0.77511328125 0.929625 0.780095703125 0.9316220703125 0.784650390625 0.9358056640625 0.785607421875 0.939443359375 0.78333203125 0.940275390625 0.7792099609375 0.952822265625 0.7789287109375 0.9552822265625 0.7972333984375 0.9544296875 0.7993662109375 0.954392578125 0.80175 0.9557041015625 0.8048232421875 0.9570595703125 0.8052353515625 0.958623046875 0.8190322265625 0.9621748046875 0.8188857421875
9 0.5719248046875 0.8197431640625 0.594208984375 0.820439453125 0.5918876953125 0.77401953125 0.5698359375 0.773787109375 0.5719248046875 0.8197431640625
7 0.7941669921875 0.88328125 0.7996015625 0.88339453125 0.79122265625 0.7951083984375 0.7965439453125 0.7923916015625 0.7940537109375 0.7506318359375 0.802431640625 0.73806640625 0.8034501953125 0.734443359375 0.801865234375 0.73240625 0.77876953125 0.7327451171875 0.7779765625 0.735236328125 0.787826171875 0.7508583984375 0.787826171875 0.75583984375 0.7723154296875 0.7569716796875 0.7719755859375 0.76761328125 0.7755986328125 0.7919384765625 0.7835244140625 0.7920517578125 0.793259765625 0.882361328125 0.7941669921875 0.88328125