2 0.71344140625 0 0.5236259765625 0.0277490234375 0.2197431640625 0.071998046875 0 0.1019970703125 0 0.6772294921875 0.261908203125 0.682478515625 0.240908203125 0.87897265625 0.2400517578125 0.89173828125 0.4149345703125 0.9016376953125 0.5770732421875 0.9074716796875 0.865064453125 0.9254716796875 1 0.9194716796875 1 0 0.71344140625 0
9 0.9993359375 0.08319140625 1 0.01601171875 0.9036142578125 0.0295869140625 0.907443359375 0.0936337890625 0.9993359375 0.08319140625
9 1 0.168796875 0.9109296875 0.17823828125 0.91321875 0.24976171875 1 0.2440400390625 1 0.168796875
9 1 0.330154296875 0.9192265625 0.3355908203125 0.9232314453125 0.4136943359375 1 0.41255078125 1 0.330154296875
9 1 0.5058173828125 0.926951171875 0.5086787109375 0.9321005859375 0.5879267578125 1 0.586783203125 1 0.5058173828125
9 0.6421962890625 0.58245703125 0.8068037109375 0.5821318359375 0.8045302734375 0.522068359375 0.641546875 0.524666015625 0.6421962890625 0.58245703125
9 0.657314453125 0.4104658203125 0.6580263671875 0.4165126953125 0.7377001953125 0.4133115234375 0.738412109375 0.405841796875 0.802080078125 0.4037080078125 0.8025830078125 0.3626552734375 0.6451181640625 0.373044921875 0.6451181640625 0.4103818359375 0.657314453125 0.4104658203125
9 0.658396484375 0.2523173828125 0.65728515625 0.2997431640625 0.68692578125 0.2982607421875 0.6883701171875 0.258248046875 0.7298125 0.2547578125 0.7328662109375 0.2451611328125 0.801353515625 0.238181640625 0.7982998046875 0.214625 0.6491337890625 0.230828125 0.649875 0.25305859375 0.658396484375 0.2523173828125
9 0.418099609375 0.587673828125 0.419701171875 0.5929375 0.4892705078125 0.59179296875 0.489728515625 0.583326171875 0.5627294921875 0.583783203125 0.5622724609375 0.5261142578125 0.42221875 0.529546875 0.418099609375 0.587673828125
9 0.5659921875 0.7962265625 0.5681591796875 0.693796875 0.5016259765625 0.6919404296875 0.497912109375 0.7922041015625 0.5659921875 0.7962265625
9 1 0.7056943359375 0.9422490234375 0.706416015625 0.9480283203125 0.8187353515625 1 0.8219853515625 1 0.7056943359375
9 0.429068359375 0.427796875 0.50384375 0.42525390625 0.50384375 0.417623046875 0.56361328125 0.41380859375 0.566666015625 0.3764208984375 0.4303408203125 0.38659375 0.429068359375 0.427796875
9 0.43669140625 0.280609375 0.510396484375 0.2741064453125 0.5130458984375 0.2661572265625 0.569408203125 0.261099609375 0.57061328125 0.235326171875 0.436208984375 0.246888671875 0.43669140625 0.280609375
9 0.44573828125 0.137603515625 0.513736328125 0.130107421875 0.5190908203125 0.1239501953125 0.5715615234375 0.1159189453125 0.5737041015625 0.1038720703125 0.446005859375 0.118328125 0.44573828125 0.137603515625
9 0.797302734375 0.131720703125 0.794044921875 0.0767978515625 0.6492919921875 0.0930888671875 0.6506884765625 0.14894140625 0.797302734375 0.131720703125
9 0.281123046875 0.589396484375 0.2819931640625 0.585048828125 0.33982421875 0.585048828125 0.344171875 0.5309140625 0.2234970703125 0.5333056640625 0.2171923828125 0.58983203125 0.281123046875 0.589396484375
9 0.292412109375 0.434041015625 0.2957841796875 0.4253701171875 0.3516875 0.4251298828125 0.354578125 0.3887587890625 0.236048828125 0.395744140625 0.23436328125 0.4342822265625 0.292412109375 0.434041015625
9 0.3044921875 0.29126171875 0.3097314453125 0.2849755859375 0.3640048828125 0.278689453125 0.3640048828125 0.2562822265625 0.296935546875 0.2611025390625 0.25125390625 0.2648740234375 0.249158203125 0.291697265625 0.3044921875 0.29126171875
9 0.3168212890625 0.15290625 0.3241513671875 0.1451689453125 0.37138671875 0.1400791015625 0.372201171875 0.1298984375 0.3540654296875 0.1311201171875 0.29094921875 0.13804296875 0.2632587890625 0.1419111328125 0.2616298828125 0.1586064453125 0.3168212890625 0.15290625
9 0.416955078125 0 0.4148955078125 0.033869140625 0.45860546875 0.0292919921875 0.4608935546875 0 0.416955078125 0
9 0.4011357421875 0.037345703125 0.4021806640625 0.0013056640625 0.361701171875 0.0078349609375 0.360134765625 0.0423076171875 0.4011357421875 0.037345703125
9 0.2416484375 0.0614365234375 0.2444638671875 0.0258544921875 0.20939453125 0.0304619140625 0.20504296875 0.0662998046875 0.2416484375 0.0614365234375
9 0.1907080078125 0.06834765625 0.1948037109375 0.0337900390625 0.1599892578125 0.036861328125 0.1543583984375 0.07167578125 0.1907080078125 0.06834765625
9 0.1016533203125 0.176607421875 0.141580078125 0.1721982421875 0.15284765625 0.162890625 0.1935087890625 0.1587265625 0.194244140625 0.1496630859375 0.1041025390625 0.1604404296875 0.1016533203125 0.176607421875
9 0.0874462890625 0.278015625 0.0852421875 0.303490234375 0.1271279296875 0.3007958984375 0.1344765625 0.2954072265625 0.179546875 0.292712890625 0.1829765625 0.2704228515625 0.0874462890625 0.278015625
9 0.0642998046875 0.4441337890625 0.1081171875 0.44465234375 0.11096875 0.436875 0.164638671875 0.435837890625 0.1680087890625 0.4008359375 0.067669921875 0.4036875 0.0642998046875 0.4441337890625
9 0.0890927734375 0.54297265625 0.0907294921875 0.550455078125 0.09376953125 0.557236328125 0.0907294921875 0.564017578125 0.0862861328125 0.574541015625 0.0717880859375 0.57875 0.0717880859375 0.5831923828125 0.088390625 0.5824912109375 0.145681640625 0.5820234375 0.1494228515625 0.5366591796875 0.0853505859375 0.5375947265625 0.0890927734375 0.54297265625
8 0.071169921875 0.5840302734375 0.071388671875 0.578994140625 0.0854033203125 0.57351953125 0.092849609375 0.5566572265625 0.0902216796875 0.550525390625 0.08803125 0.543080078125 0.085841796875 0.5400146484375 0.0854033203125 0.5338828125 0.0828486328125 0.5317255859375 0.072595703125 0.5306171875 0.0581875 0.52673828125 0.04183984375 0.5295087890625 0.0338046875 0.532556640625 0.02937109375 0.545302734375 0.0257685546875 0.5466884765625 0.0224443359375 0.55527734375 0.02078125 0.562205078125 0.0263232421875 0.56830078125 0.0368525390625 0.5838173828125 0.071169921875 0.5840302734375
5 0 0.8815751953125 0.2375546875 0.893916015625 0.26076171875 0.6857412109375 0 0.6821318359375 0 0.8815751953125
0 0.5814267578125 0.5878173828125 0.5811240234375 0.6015849609375 0.582822265625 0.63019140625 0.8236962890625 0.633306640625 0.818884765625 0.5789267578125 0.5814404296875 0.578591796875 0.5814267578125 0.5878173828125
0 0.585419921875 0.421328125 0.582822265625 0.435380859375 0.5842373046875 0.4637041015625 0.8169033203125 0.456056640625 0.815771484375 0.4028095703125 0.5851669921875 0.4127353515625 0.585419921875 0.421328125
0 0.589337890625 0.2786630859375 0.588779296875 0.3045751953125 0.8121044921875 0.2841826171875 0.81097265625 0.2360341796875 0.58719921875 0.2570595703125 0.589337890625 0.2786630859375
0 0.590935546875 0.128619140625 0.59187109375 0.1513974609375 0.81046484375 0.1279951171875 0.8079697265625 0.0846220703125 0.5911083984375 0.1107763671875 0.590935546875 0.128619140625
9 0.5849873046875 0 0.5858330078125 0.01042578125 0.635708984375 0.0028173828125 0.6351455078125 0 0.5849873046875 0
0 0.3490576171875 0.6285517578125 0.56912890625 0.629162109375 0.56689453125 0.581091796875 0.3843798828125 0.5792880859375 0.350095703125 0.5809599609375 0.3517685546875 0.58911328125 0.3490576171875 0.6285517578125
0 0.363755859375 0.433716796875 0.3614326171875 0.4718359375 0.5703896484375 0.463748046875 0.5737177734375 0.416173828125 0.4436650390625 0.4196884765625 0.3645068359375 0.424197265625 0.363755859375 0.433716796875
0 0.3745146484375 0.2870478515625 0.37260546875 0.3198291015625 0.57514453125 0.3060322265625 0.57680859375 0.260361328125 0.4537607421875 0.27091015625 0.37307421875 0.276673828125 0.3745146484375 0.2870478515625
0 0.3830654296875 0.1479384765625 0.3811630859375 0.1774345703125 0.57847265625 0.154599609375 0.5796611328125 0.115349609375 0.4634326171875 0.129650390625 0.3835205078125 0.1368857421875 0.3830654296875 0.1479384765625
0 0.201849609375 0.1971474609375 0.3701708984375 0.17941796875 0.372171875 0.1393837890625 0.27908984375 0.1505546875 0.20605859375 0.15713671875 0.201849609375 0.1971474609375
0 0.1862119140625 0.334703125 0.3588974609375 0.318662109375 0.3625537109375 0.2803876953125 0.1924697265625 0.291359375 0.1862119140625 0.334703125
0 0.1713056640625 0.4775595703125 0.3473662109375 0.472775390625 0.3515849609375 0.42633984375 0.250294921875 0.4302958984375 0.177662109375 0.43270703125 0.1713056640625 0.4775595703125
0 0.1601025390625 0.5831484375 0.158677734375 0.587814453125 0.158677734375 0.5907763671875 0.1554716796875 0.6265634765625 0.335033203125 0.628291015625 0.3379931640625 0.5853466796875 0.1610068359375 0.5834501953125 0.1601025390625 0.5831484375
0 0.0002109375 0.6318662109375 0.1366376953125 0.6297548828125 0.143669921875 0.586126953125 0 0.5865693359375 0.0002109375 0.6318662109375
0 0.0022099609375 0.451935546875 0 0.4844560546875 0.158365234375 0.4794326171875 0.1639130859375 0.4366015625 0.0057939453125 0.4401884765625 0.0022099609375 0.451935546875
0 0.0200576171875 0.3447509765625 0.1730908203125 0.336529296875 0.178283203125 0.2936015625 0.0253173828125 0.3050986328125 0.0200576171875 0.3447509765625
0 0.04413671875 0.1849365234375 0.040470703125 0.2117119140625 0.190388671875 0.1977734375 0.1940546875 0.157794921875 0.0455634765625 0.17321484375 0.04413671875 0.1849365234375
6 1 0.92391015625 0.8672294921875 0.9288603515625 0.5205244140625 0.9082373046875 0.26232421875 0.89586328125 0 0.8810146484375 0 1 1 1 1 0.92391015625