2 0.4588310546875 0 0.45862890625 0.0502119140625 0 0.000884765625 0.00152734375 0.832470703125 0.032416015625 0.8381005859375 0.049845703125 0.84350390625 0.155158203125 0.9053564453125 0.482599609375 0.8759423828125 0.48258203125 0.86380859375 0.473033203125 0.8503935546875 0.4789599609375 0.8400478515625 0.4985439453125 0.8359013671875 0.546201171875 0.83856640625 0.568626953125 0.8420146484375 0.572248046875 0.848802734375 0.564611328125 0.85891796875 0.5578759765625 0.8712265625 0.9212607421875 0.85765234375 0.9220673828125 0.8460947265625 0.9386982421875 0.8352685546875 0.968439453125 0.831015625 1 0.8355498046875 0.999873046875 0.1362265625 0.8351201171875 0.105677734375 0.852900390625 0.06419140625 0.607998046875 0.0307001953125 0.57052734375 0.0691201171875 0.51350390625 0.0601279296875 0.5100908203125 0 0.4588310546875 0
8 0.239578125 0.8962197265625 0.245619140625 0.8899697265625 0.2379453125 0.8823193359375 0.2196142578125 0.8814140625 0.2174580078125 0.8673974609375 0.2269560546875 0.8385087890625 0.218583984375 0.8203564453125 0.2065 0.80032421875 0.199302734375 0.790197265625 0.200056640625 0.765140625 0.215607421875 0.7508681640625 0.2106201171875 0.7410498046875 0.2133251953125 0.71126953125 0.23632421875 0.706974609375 0.255005859375 0.7157294921875 0.2685947265625 0.7310830078125 0.2760771484375 0.7243466796875 0.2914306640625 0.71228125 0.29689453125 0.70434375 0.2973662109375 0.7007802734375 0.293765625 0.6899775390625 0.28956640625 0.672123046875 0.292884765625 0.654228515625 0.301869140625 0.648666015625 0.304669921875 0.6360869140625 0.2985986328125 0.617140625 0.3054150390625 0.60013671875 0.3152470703125 0.59291796875 0.313068359375 0.586037109375 0.312533203125 0.5530869140625 0.319818359375 0.541921875 0.321861328125 0.537744140625 0.307080078125 0.52746875 0.306845703125 0.5073193359375 0.3092099609375 0.4928310546875 0.2976005859375 0.4809228515625 0.298169921875 0.46342578125 0.2957685546875 0.4572373046875 0.2769931640625 0.4562119140625 0.2640595703125 0.4497333984375 0.26780859375 0.432119140625 0.2665361328125 0.422923828125 0.2469990234375 0.4190947265625 0.239455078125 0.4108349609375 0.2196357421875 0.4049267578125 0.199654296875 0.3996884765625 0.1728798828125 0.404 0.1392783203125 0.4066650390625 0.1022275390625 0.4152099609375 0.07257421875 0.4225087890625 0.0458271484375 0.429927734375 0.034677734375 0.4422060546875 0.0283134765625 0.4591015625 0.01364453125 0.469072265625 0.0029638671875 0.48797265625 0 0.554359375 0.004837890625 0.6179306640625 0.0164326171875 0.6641630859375 0.0057919921875 0.6738671875 0.0122705078125 0.6886357421875 0.024337890625 0.69781640625 0.056478515625 0.7098447265625 0.0716904296875 0.7337353515625 0.0941513671875 0.7602646484375 0.1102138671875 0.7633056640625 0.1297080078125 0.766775390625 0.13250390625 0.79394921875 0.14079296875 0.8225322265625 0.124544921875 0.811140625 0.1194853515625 0.8128681640625 0.12103515625 0.8209716796875 0.140044921875 0.8532314453125 0.1570947265625 0.9006640625 0.239578125 0.8962197265625
9 0.1713037109375 0.2408662109375 0.1758720703125 0.1237421875 0.0914306640625 0.114880859375 0.0859287109375 0.2335 0.1713037109375 0.2408662109375
9 0.185275390625 0.472576171875 0.183162109375 0.3345263671875 0.085767578125 0.328798828125 0.084552734375 0.4675390625 0.185275390625 0.472576171875
9 0.418310546875 0.340021484375 0.41255078125 0.25494921875 0.34487890625 0.2466767578125 0.3492880859375 0.336427734375 0.418310546875 0.340021484375
9 0.549806640625 0.350533203125 0.5421708984375 0.2714921875 0.4825283203125 0.2681416015625 0.4880693359375 0.34673828125 0.549806640625 0.350533203125
9 0.4025146484375 0.567828125 0.393173828125 0.4456875 0.314296875 0.4443515625 0.3203876953125 0.5666455078125 0.4025146484375 0.567828125
9 0.6118759765625 0.5713212890625 0.59713671875 0.45687109375 0.531904296875 0.4537978515625 0.54285546875 0.5722138671875 0.6118759765625 0.5713212890625
9 0.1907236328125 0.7357978515625 0.1816259765625 0.5752958984375 0.0827900390625 0.57413671875 0.0796083984375 0.73949609375 0.1907236328125 0.7357978515625
9 0.806 0.7086513671875 0.7875615234375 0.577169921875 0.7273720703125 0.5780146484375 0.74764453125 0.710705078125 0.806 0.7086513671875
9 0.9705673828125 0.701455078125 0.9514052734375 0.58334765625 0.89233203125 0.5830205078125 0.91283984375 0.7054912109375 0.9705673828125 0.701455078125
9 0.7738681640625 0.493990234375 0.7603603515625 0.3841328125 0.7023720703125 0.3802998046875 0.7176025390625 0.492728515625 0.7738681640625 0.493990234375
9 0.9547861328125 0.50325390625 0.9358017578125 0.3967451171875 0.878591796875 0.3948291015625 0.8966708984375 0.502431640625 0.9547861328125 0.50325390625
9 0.7546181640625 0.2971005859375 0.7373984375 0.2114970703125 0.6759658203125 0.2013935546875 0.6937939453125 0.29135546875 0.7546181640625 0.2971005859375
9 0.8929208984375 0.310671875 0.879359375 0.229435546875 0.82991796875 0.222875 0.845783203125 0.3079208984375 0.8929208984375 0.310671875
9 0.70153515625 0.14974609375 0.69292578125 0.0863291015625 0.63987109375 0.079744140625 0.6476123046875 0.1457236328125 0.70153515625 0.14974609375
9 0.835791015625 0.1629482421875 0.8293671875 0.100419921875 0.7825380859375 0.0977197265625 0.78836328125 0.160265625 0.835791015625 0.1629482421875
9 0.92799609375 0.230298828125 0.96795703125 0.2327529296875 0.9602958984375 0.17369921875 0.9205390625 0.168478515625 0.92799609375 0.230298828125
8 0.922283203125 0.871443359375 0.924158203125 0.84683984375 0.93971875 0.836095703125 0.9639423828125 0.83288671875 0.999560546875 0.837255859375 1 0.687236328125 0.98210546875 0.6894951171875 0.952109375 0.6918046875 0.936638671875 0.70171484375 0.9157431640625 0.7031513671875 0.9003701171875 0.698302734375 0.877158203125 0.69456640625 0.8726865234375 0.69866015625 0.8860751953125 0.7133193359375 0.8842587890625 0.72099609375 0.9093740234375 0.8694169921875 0.922283203125 0.871443359375
8 0.168787109375 0.0272734375 0.2107802734375 0.0397294921875 0.2537626953125 0.043 0.2871376953125 0.0478623046875 0.340365234375 0.048365234375 0.3702373046875 0.0337509765625 0.3859287109375 0.0210107421875 0.389701171875 0.000009765625 0.0956083984375 0.0011689453125 0.1282421875 0.0291435546875 0.1577265625 0.03700390625 0.168787109375 0.0272734375
1 0.43437109375 1 0.42401171875 0.976693359375 0.4015419921875 0.9533583984375 0.355146484375 0.9330458984375 0.2947939453125 0.9165048828125 0.254994140625 0.9126171875 0.156826171875 0.9073935546875 0.0428818359375 0.8418330078125 0.0316923828125 0.83740625 0 0.8345400390625 0.0000478515625 1 0.43437109375 1
4 1 0.837734375 0.9642783203125 0.8332578125 0.941197265625 0.8366328125 0.9293818359375 0.8449970703125 0.927177734375 0.8473271484375 0.934193359375 0.85813671875 0.941580078125 0.871517578125 0.959458984375 0.974703125 0.9594150390625 0.9831748046875 0.9993642578125 0.997322265625 1 0.837734375
4 0.5766826171875 1 0.57527734375 0.985794921875 0.5680029296875 0.9782041015625 0.5595869140625 0.977271484375 0.558009765625 0.863328125 0.563435546875 0.8589453125 0.5705458984375 0.8489287109375 0.56735546875 0.8433017578125 0.5440302734375 0.8397177734375 0.49924609375 0.837568359375 0.482263671875 0.84190234375 0.4762373046875 0.846947265625 0.476537109375 0.851607421875 0.484626953125 0.861615234375 0.485626953125 0.8793251953125 0.4939443359375 1 0.5766826171875 1
7 0.9514482421875 0.937419921875 0.9407001953125 0.8761181640625 0.9278193359375 0.8076669921875 0.8919423828125 0.6122578125 0.888716796875 0.607087890625 0.853326171875 0.413443359375 0.8516083984375 0.4098369140625 0.8425107421875 0.350609375 0.851984375 0.336037109375 0.8671962890625 0.3361630859375 0.8846494140625 0.3307451171875 0.907890625 0.3183779296875 0.9221162109375 0.3059599609375 0.925482421875 0.2945625 0.91960546875 0.28466796875 0.90005859375 0.2796767578125 0.876560546875 0.2823388671875 0.8575048828125 0.29408984375 0.846083984375 0.3056708984375 0.8393994140625 0.3169677734375 0.840263671875 0.325359375 0.841380859375 0.33463671875 0.835201171875 0.34675 0.8332509765625 0.354375 0.843615234375 0.40975390625 0.843201171875 0.413865234375 0.863322265625 0.52548046875 0.8771650390625 0.608408203125 0.8757958984375 0.61432421875 0.91829296875 0.8454267578125 0.924408203125 0.8727666015625 0.9313544921875 0.91269140625 0.925384765625 0.914951171875 0.9240029296875 0.920541015625 0.92621875 0.93141796875 0.938041015625 0.936056640625 0.9514482421875 0.937419921875
3 0 0.8334384765625 0.0225947265625 0.8339560546875 0.035525390625 0.837576171875 0.0695712890625 0.8538671875 0.1675859375 0.9086875 0.2043095703125 0.91153125 0.260169921875 0.91256640625 0.283876953125 0.9160859375 0.3630126953125 0.9354794921875 0.40828515625 0.9605625 0.412681640625 0.96185546875 0.4532841796875 0.961080078125 0.4550947265625 0.95668359375 0.4914404296875 0.9554228515625 0.484974609375 0.8641416015625 0.474888671875 0.84966015625 0.4795439453125 0.8419033203125 0.49945703125 0.8367314453125 0.5400595703125 0.838283203125 0.5664384765625 0.8431962890625 0.5713515625 0.8486259765625 0.5587333984375 0.8713515625 0.562763671875 0.9438935546875 0.5739599609375 0.9421025390625 0.577990234375 0.9506103515625 0.774142578125 0.9434462890625 0.7459287109375 0.7219765625 0.7517509765625 0.7219765625 0.74886328125 0.70656640625 0.7298349609375 0.7045419921875 0.6802021484375 0.7092822265625 0.678177734375 0.721544921875 0.6866796875 0.7219501953125 0.6895146484375 0.742595703125 0.6684609375 0.743810546875 0.66967578125 0.7697197265625 0.615017578125 0.774982421875 0.6097548828125 0.7292373046875 0.6133984375 0.727212890625 0.6113740234375 0.71101953125 0.5712919921875 0.7106142578125 0.5356630859375 0.71547265625 0.5368779296875 0.7308564453125 0.5449755859375 0.73328515625 0.546189453125 0.748263671875 0.449830078125 0.7490732421875 0.446591796875 0.7166875 0.4198701171875 0.7134482421875 0.37816796875 0.7166875 0.375333984375 0.727212890625 0.3797880859375 0.747048828125 0 0.75211328125 0 0.8334384765625
3 1 0.75535546875 0.8946484375 0.76090625 0.8925673828125 0.752927734375 0.884587890625 0.7144228515625 0.893955078125 0.70956640625 0.893955078125 0.702974609375 0.884787109375 0.6994951171875 0.84790625 0.6994951171875 0.81661328125 0.7050830078125 0.8173583984375 0.7145810546875 0.824064453125 0.7162578125 0.8578740234375 0.9140888671875 0.878689453125 0.9217197265625 0.8849345703125 0.933861328125 0.925525390625 0.9317802734375 0.9529326171875 0.93490234375 0.9435654296875 0.8916845703125 0.9331572265625 0.8566484375 0.924484375 0.84936328125 0.924484375 0.8438134765625 0.940443359375 0.8365283203125 0.9688916015625 0.830978515625 1 0.836181640625 1 0.75535546875
6 1 1 0.9587578125 0.985109375 0.9549443359375 0.977720703125 0.95756640625 0.974623046875 0.9525615234375 0.9412578125 0.9501943359375 0.938224609375 0.9357119140625 0.937125 0.922880859375 0.933826171875 0.88328515625 0.9352919921875 0.87815234375 0.923927734375 0.777857421875 0.9373046875 0.7757119140625 0.9432626953125 0.5754599609375 0.9516044921875 0.5692626953125 0.948029296875 0.562828125 0.948744140625 0.5609208984375 0.9488837890625 0.5611591796875 0.974384765625 0.569978515625 0.977482421875 0.57712890625 0.98415625 0.5783203125 1 1 1
6 0.492650390625 1 0.489736328125 0.9569453125 0.4553525390625 0.9575283203125 0.453021484375 0.96291796875 0.41278125 0.961771484375 0.4243203125 0.97471875 0.43612109375 1 0.492650390625 1