3 1 0.8642578125 0.05126953125 1 0.7763671875 1 1 0.9716796875 1 0.8642578125
8 1 0.605060546875 0.9137646484375 0.6215244140625 0.6535087890625 0.67376171875 0.5373896484375 0.6859140625 0.305150390625 0.733171875 0.244390625 0.750724609375 0.140423828125 0.7642275390625 0.09046484375 0.779080078125 0 0.7802802734375 0 1 0.0214560546875 0.9986923828125 0.06371875 0.9941416015625 0.242892578125 0.9687265625 0.6362841796875 0.909767578125 1 0.860173828125 1 0.605060546875
9 0.4854189453125 0.8702431640625 0.4550380859375 0.683232421875 0.2768037109375 0.7149638671875 0.28760546875 0.9006240234375 0.4854189453125 0.8702431640625
9 0.8132666015625 0.885341796875 0.8025087890625 0.81864453125 0.9875380859375 0.7960546875 0.9272958984375 0.600267578125 0.686328125 0.6476005859375 0.7422666015625 0.8917958984375 0.8132666015625 0.885341796875
9 0.448642578125 0.5264912109375 0.4365322265625 0.4013564453125 0.2802578125 0.4388388671875 0.2814091796875 0.56579296875 0.448642578125 0.5264912109375
0 1 0.3406513671875 0.982408203125 0.3434267578125 0.9803271484375 0.335794921875 0.6304970703125 0.4195009765625 0.5881318359375 0.434453125 0.5728779296875 0.4453994140625 0.565703125 0.45605078125 0.5783193359375 0.509138671875 0.587009765625 0.481236328125 0.6164306640625 0.465125 1 0.380197265625 1 0.3406513671875
9 0.8617314453125 0.406087890625 0.8328232421875 0.2973388671875 0.842458984375 0.2739365234375 0.612572265625 0.3303759765625 0.622208984375 0.342765625 0.64836328125 0.454267578125 0.8617314453125 0.406087890625
9 0.7750078125 0.10599609375 0.759865234375 0.0591923828125 0.766748046875 0.0371669921875 0.571275390625 0.09911328125 0.5767822265625 0.1087490234375 0.59330078125 0.1651884765625 0.7750078125 0.10599609375
9 0.4184765625 0.2698076171875 0.41159375 0.1720712890625 0.2684306640625 0.217498046875 0.2615478515625 0.3111044921875 0.4184765625 0.2698076171875
9 0 0.941572265625 0.08534765625 0.9319365234375 0.09911328125 0.759865234375 0 0.773630859375 0 0.941572265625
9 0 0.6029365234375 0.0468037109375 0.5891708984375 0.1073720703125 0.59330078125 0.1111650390625 0.477955078125 0 0.503732421875 0 0.6029365234375
0 0 0.6097744140625 0.05543359375 0.598056640625 0.1225859375 0.6043662109375 0.15503515625 0.5935498046875 0.1559365234375 0.5786767578125 0.1230361328125 0.56515625 0.089685546875 0.56019921875 0.051828125 0.5611005859375 0 0.5714658203125 0 0.6097744140625
0 0 0.3436455078125 0.0535673828125 0.327302734375 0.086251953125 0.3214013671875 0.105013671875 0.3239580078125 0.123341796875 0.32990234375 0.154798828125 0.354994140625 0.15979296875 0.354994140625 0.1656943359375 0.327302734375 0.128923828125 0.299611328125 0.10441015625 0.2914404296875 0.071271484375 0.2914404296875 0 0.3127763671875 0 0.3436455078125
0 0 0.1395009765625 0.0930009765625 0.106861328125 0.1211689453125 0.1122265625 0.1377119140625 0.1220634765625 0.1636455078125 0.1515732421875 0.1743759765625 0.13458203125 0.1560439453125 0.107755859375 0.1278759765625 0.0831640625 0.105072265625 0.0786923828125 0.0795869140625 0.082716796875 0.001341796875 0.1041787109375 0 0.1395009765625
9 0 0.3367431640625 0.0633720703125 0.3168623046875 0.0876025390625 0.315619140625 0.1168037109375 0.3212109375 0.1230166015625 0.26156640625 0 0.29698046875 0 0.3367431640625
9 0.402376953125 0.0638251953125 0.39238671875 0 0.3701875 0.0011103515625 0.274171875 0.0327451171875 0.2730615234375 0.10267578125 0.402376953125 0.0638251953125
0 0.53394921875 0.2327841796875 0.53976953125 0.1993212890625 0.573958984375 0.1731337890625 0.689888671875 0.140650390625 0.8769990234375 0.0840087890625 0.8641240234375 0.0496962890625 0.5682607421875 0.142837890625 0.549091796875 0.15211328125 0.5258330078125 0.1717294921875 0.5225029296875 0.199107421875 0.5317783203125 0.23558984375 0.53394921875 0.2327841796875
2 0 0 0 1 0.4217275390625 0.999279296875 0.999314453125 0.923021484375 1 0 0 0