9 0.3294091796875 0.3276669921875 0.3298447265625 0.274298828125 0.2705859375 0.2997802734375 0.269279296875 0.350759765625 0.3294091796875 0.3276669921875
9 0.4739921875 0.2714013671875 0.47502734375 0.21037890625 0.3979375 0.243830078125 0.3969033203125 0.30045703125 0.4739921875 0.2714013671875
9 0.397197265625 0.3834580078125 0.3946123046875 0.4470654296875 0.48045703125 0.4235361328125 0.478388671875 0.3563076171875 0.397197265625 0.3834580078125
9 0.3281083984375 0.4652119140625 0.3293916015625 0.404560546875 0.2667216796875 0.4239306640625 0.2643681640625 0.481681640625 0.3281083984375 0.4652119140625
9 0.3270380859375 0.6123681640625 0.3270380859375 0.5447880859375 0.2618017578125 0.557826171875 0.2622294921875 0.6202822265625 0.3270380859375 0.6123681640625
9 0.484712890625 0.589314453125 0.4829794921875 0.5146044921875 0.400365234375 0.5305712890625 0.400365234375 0.600548828125 0.484712890625 0.589314453125
9 0.7554306640625 0.5245146484375 0.7483681640625 0.4619462890625 0.5693203125 0.497640625 0.5724853515625 0.552517578125 0.7554306640625 0.5245146484375
9 0.746294921875 0.773017578125 0.695154296875 0.6790908203125 0.57872265625 0.6832138671875 0.583607421875 0.7745732421875 0.746294921875 0.773017578125
9 0.4923603515625 0.768373046875 0.4899345703125 0.68784375 0.4014072265625 0.6936708984375 0.3987392578125 0.7691005859375 0.4923603515625 0.768373046875
9 0.724708984375 0.308373046875 0.734998046875 0.3158037109375 0.7304248046875 0.2753046875 0.561873046875 0.3306650390625 0.5624443359375 0.3586728515625 0.724708984375 0.308373046875
9 0.893076171875 0.2657900390625 0.8997080078125 0.308625 0.90902734375 0.317048828125 0.899349609375 0.2711669921875 0.893076171875 0.2657900390625
9 0.9136953125 0.403009765625 0.920478515625 0.454728515625 0.9292392578125 0.460380859375 0.9190654296875 0.4092275390625 0.9136953125 0.403009765625
9 0.9356337890625 0.5392998046875 0.947728515625 0.61248828125 0.96168359375 0.61962109375 0.9502099609375 0.5492236328125 0.9356337890625 0.5392998046875
9 0.990384765625 0.7849384765625 0.9795166015625 0.7274140625 0.9659970703125 0.72131640625 0.97421484375 0.7841435546875 0.990384765625 0.7849384765625
9 0.1628583984375 0.7242021484375 0.16316015625 0.7110947265625 0.128810546875 0.7122998046875 0.1291123046875 0.72375 0.1628583984375 0.7242021484375
9 0.1650048828125 0.6178896484375 0.192087890625 0.6217353515625 0.192755859375 0.5749248046875 0.138423828125 0.58462109375 0.1370859375 0.6215673828125 0.1650048828125 0.6178896484375
9 0.1732685546875 0.4770966796875 0.1948515625 0.4837841796875 0.195611328125 0.449890625 0.1460625 0.465697265625 0.1446943359375 0.4845439453125 0.1732685546875 0.4770966796875
9 0.0499833984375 0.674181640625 0.0513935546875 0.626908203125 0.0388154296875 0.629185546875 0.035888671875 0.673314453125 0.0499833984375 0.674181640625
9 0.042619140625 0.5436435546875 0.0449892578125 0.5091220703125 0.0377548828125 0.5125126953125 0.035681640625 0.54496484375 0.042619140625 0.5436435546875
9 0.17779296875 0.346748046875 0.202251953125 0.3557919921875 0.2006083984375 0.3303046875 0.151689453125 0.352296875 0.15189453125 0.3570244140625 0.17779296875 0.346748046875
0 0.17600390625 0.3978701171875 0.209998046875 0.4111455078125 0.2122109375 0.357927734375 0.177412109375 0.34545703125 0.0764365234375 0.386806640625 0.0756318359375 0.43588671875 0.17600390625 0.3978701171875
0 0.1663486328125 0.53283984375 0.2047685546875 0.5410869140625 0.207181640625 0.486576171875 0.1727861328125 0.4763173828125 0.0689931640625 0.5068916015625 0.06557421875 0.5577822265625 0.1663486328125 0.53283984375
0 0.16073828125 0.67841796875 0.198044921875 0.6816416015625 0.1992880859375 0.6230654296875 0.1645947265625 0.6173095703125 0.056419921875 0.63489453125 0.0531953125 0.6897021484375 0.16073828125 0.67841796875
0 0 0.6837841796875 0.0421494140625 0.6808798828125 0.052927734375 0.6814326171875 0.053619140625 0.66540234375 0.038970703125 0.664296875 0 0.6686669921875 0 0.6837841796875
0 0 0.567162109375 0.0528291015625 0.5518779296875 0.0654541015625 0.553041015625 0.065787109375 0.5373876953125 0.0506689453125 0.5345634765625 0 0.5485556640625 0 0.567162109375
0 0 0.4523671875 0.06379296875 0.4306044921875 0.075255859375 0.4335947265625 0.07508984375 0.4161513671875 0.060138671875 0.412330078125 0 0.434259765625 0 0.4523671875
9 0.0907080078125 1 0.0914423828125 0.9761220703125 0 0.955189453125 0 1 0.0907080078125 1
9 0.34887109375 1 0.347423828125 0.9512119140625 0.197537109375 0.97284375 0.197537109375 1 0.34887109375 1
9 0.52168359375 0.99968359375 0.518197265625 0.9254208984375 0.4091015625 0.940419921875 0.409921875 1 0.52168359375 0.99968359375
8 0.702876953125 1 0.70468359375 0.9973623046875 0.7140185546875 0.992845703125 0.7185361328125 0.9820048828125 0.7275693359375 0.96152734375 0.723353515625 0.9542998046875 0.706189453125 0.951890625 0.6986611328125 0.9555048828125 0.6923369140625 0.96373046875 0.6911318359375 0.9757763671875 0.683603515625 0.9872197265625 0.680291015625 0.9622255859375 0.678484375 0.9468671875 0.676376953125 0.938736328125 0.6712578125 0.9291005859375 0.6595126953125 0.9215712890625 0.656802734375 0.9248837890625 0.6510810546875 0.9297021484375 0.6423486328125 0.9324130859375 0.6311806640625 0.9230771484375 0.6173291015625 0.9197646484375 0.6134140625 0.92398046875 0.6001640625 0.9143447265625 0.5890224609375 0.91012890625 0.568845703125 0.90681640625 0.5564990234375 0.9110322265625 0.5465615234375 0.915548828125 0.5396357421875 0.9179580078125 0.5330107421875 0.9197646484375 0.5230732421875 0.9209697265625 0.5197607421875 0.92669140625 0.5182548828125 0.9363271484375 0.512533203125 0.9342197265625 0.4974765625 0.935423828125 0.4842265625 0.9411455078125 0.4736865234375 0.9510830078125 0.4676640625 0.9489755859375 0.455619140625 0.950083984375 0.449294921875 0.9546005859375 0.4465849609375 0.961828125 0.4477890625 0.9693564453125 0.4619423828125 0.983208984375 0.4676640625 0.9904365234375 0.4718798828125 0.996759765625 0.4761708984375 1 0.702876953125 1
8 1 0.483171875 0.9946298828125 0.47805078125 0.98877734375 0.4663447265625 0.9807294921875 0.4641494140625 0.9745107421875 0.468173828125 0.9759736328125 0.4762216796875 0.9745107421875 0.4864638671875 0.974876953125 0.50912890625 0.97853515625 0.5212001953125 0.9869482421875 0.53290625 0.978900390625 0.53802734375 0.971583984375 0.549001953125 0.968658203125 0.558587890625 0.9730478515625 0.5666357421875 0.9767060546875 0.576146484375 0.966462890625 0.5776103515625 0.9628046875 0.5830966796875 0.9679267578125 0.5966318359375 0.9704873046875 0.615654296875 0.9708525390625 0.6343095703125 0.95878125 0.639431640625 0.9547568359375 0.62845703125 0.951099609375 0.6171171875 0.9419541015625 0.614556640625 0.9357353515625 0.6138251953125 0.9232978515625 0.6178486328125 0.9097744140625 0.6166298828125 0.897568359375 0.622142578125 0.9011123046875 0.6130859375 0.9105625 0.5996982421875 0.9141064453125 0.5855224609375 0.911349609375 0.578041015625 0.9160751953125 0.572134765625 0.9207998046875 0.56347265625 0.919619140625 0.556384765625 0.906625 0.5528408203125 0.906625 0.545359375 0.9097744140625 0.53905859375 0.915287109375 0.5319716796875 0.91327734375 0.520158203125 0.90737109375 0.5079521484375 0.902251953125 0.494564453125 0.8920146484375 0.488263671875 0.8790205078125 0.4933828125 0.8672080078125 0.496138671875 0.8616953125 0.4874765625 0.8550009765625 0.4835390625 0.840431640625 0.478419921875 0.8420068359375 0.4740888671875 0.8431884765625 0.46542578125 0.8392509765625 0.4607001953125 0.83334375 0.460306640625 0.82546875 0.4626689453125 0.8093251953125 0.4736943359375 0.8036669921875 0.472119140625 0.79303515625 0.472119140625 0.783978515625 0.470544921875 0.7764970703125 0.472119140625 0.765865234375 0.4866884765625 0.75877734375 0.4973203125 0.7556279296875 0.5126767578125 0.752083984375 0.4937763671875 0.745783203125 0.4796015625 0.74105859375 0.47526953125 0.7264892578125 0.472119140625 0.7087705078125 0.472119140625 0.7087705078125 0.47920703125 0.7107392578125 0.5000771484375 0.709951171875 0.522126953125 0.7123134765625 0.5296083984375 0.7146767578125 0.540240234375 0.707982421875 0.5496904296875 0.704044921875 0.54102734375 0.698138671875 0.53512109375 0.69105078125 0.5282431640625 0.68711328125 0.5054052734375 0.67490625 0.4770546875 0.6650625 0.4506728515625 0.65915625 0.442009765625 0.6528564453125 0.44319140625 0.6485244140625 0.45106640625 0.64104296875 0.467998046875 0.62923046875 0.4884736328125 0.6185986328125 0.499892578125 0.6115107421875 0.499892578125 0.6071796875 0.4865048828125 0.604423828125 0.479810546875 0.6004853515625 0.4805986328125 0.59497265625 0.4912265625 0.5878857421875 0.495951171875 0.5859169921875 0.5046142578125 0.586310546875 0.52705859375 0.5839482421875 0.5534404296875 0.5878857421875 0.562890625 0.59497265625 0.575884765625 0.5855224609375 0.571947265625 0.5756787109375 0.5735224609375 0.574103515625 0.567447265625 0.5615029296875 0.565478515625 0.551265625 0.568234375 0.5489033203125 0.5757158203125 0.5528408203125 0.582015625 0.554021484375 0.593041015625 0.5587470703125 0.6009169921875 0.5815849609375 0.6198173828125 0.598123046875 0.63832421875 0.602060546875 0.6497431640625 0.604029296875 0.6603740234375 0.626080078125 0.678056640625 0.646162109375 0.6875068359375 0.6394677734375 0.6953818359375 0.634349609375 0.69892578125 0.6371484375 0.7131845703125 0.63996484375 0.726208984375 0.63398046875 0.7216328125 0.6258837890625 0.7089599609375 0.61884375 0.70649609375 0.6107470703125 0.705439453125 0.6048173828125 0.697951171875 0.596 0.6971240234375 0.5902138671875 0.6982265625 0.589111328125 0.701533203125 0.5888359375 0.7081455078125 0.5946220703125 0.7244033203125 0.5880087890625 0.719443359375 0.583048828125 0.719994140625 0.581947265625 0.7224736328125 0.57919140625 0.73349609375 0.575609375 0.740935546875 0.5772626953125 0.7472734375 0.5764365234375 0.7527841796875 0.575333984375 0.7574677734375 0.5789912109375 0.770259765625 0.5899267578125 0.7907783203125 0.5895498046875 0.7983203125 0.58691015625 0.8066162109375 0.577482421875 0.7960576171875 0.5635302734375 0.7866298828125 0.555234375 0.787384765625 0.551462890625 0.793041015625 0.551462890625 0.8020908203125 0.5548564453125 0.8111416015625 0.560890625 0.8269794921875 0.5842705078125 0.842818359375 0.59256640625 0.852623046875 0.5820078125 0.8503603515625 0.57559765625 0.8522451171875 0.5748427734375 0.8571474609375 0.5797451171875 0.862427734375 0.6050107421875 0.862427734375 0.61783203125 0.8545078125 0.63103125 0.8462119140625 0.64234375 0.8375390625 0.682173828125 0.842818359375 0.7085703125 0.853 0.72176953125 0.844326171875 0.752314453125 0.842818359375 0.785048828125 0.8560908203125 0.85114453125 0.9185703125 0.88179296875 0.946591796875 0.8952197265625 0.9734453125 0.90918359375 0.994158203125 0.9027060546875 0.9312841796875 0.8802236328125 0.9061357421875 0.8390703125 0.8425 0.8440244140625 0.8318310546875 0.841357421875 0.8043955078125 0.83487890625 0.788009765625 0.826876953125 0.771625 0.8543125 0.7701005859375 0.8668876953125 0.7807705078125 0.877556640625 0.794869140625 0.912994140625 0.8604091796875 0.96329296875 0.9190908203125 1 0.9183291015625 1 0.483171875
3 1 1 0.9996884765625 0.918869140625 0.9018076171875 0.923583984375 0.903603515625 0.931666015625 0.910337890625 1 1 1
0 0.7057099609375 0.111763671875 0.4761201171875 0.21298828125 0.477552734375 0.2831884765625 0.715611328125 0.19054296875 0.7416376953125 0.2189580078125 0.7359072265625 0.1408779296875 0.7057099609375 0.111763671875
0 0.7351171875 0.3920986328125 0.760447265625 0.40708984375 0.7477822265625 0.32322265625 0.7251669921875 0.30766796875 0.4798564453125 0.3831044921875 0.48101171875 0.45619921875 0.7351171875 0.3920986328125
0 0.511359375 0.6494951171875 0.753880859375 0.62414453125 0.742728515625 0.5286083984375 0.4847724609375 0.5661337890625 0.487970703125 0.644296875 0.511359375 0.6494951171875
2 0.775466796875 0 0.1018828125 0.3246259765625 0.100345703125 0.326017578125 0.1011875 0.328123046875 0.104134765625 0.33275390625 0.1094677734375 0.3323330078125 0.1097490234375 0.3335966796875 0.10552734375 0.3355732421875 0 0.3846171875 0 1 1 1 1 0.9988095703125 0.9998408203125 0.5291123046875 0.971322265625 0.3601611328125 1 0.354111328125 1 0.318029296875 0.8207822265625 0 0.775466796875 0