2 1 0.1870810546875 0.9630908203125 0.2018115234375 0.94161328125 0.1720556640625 0.9103837890625 0.180009765625 0.881216796875 0.1976875 0.8835732421875 0.2353994140625 0.8390947265625 0.2518974609375 0.7689755859375 0.280181640625 0.7431015625 0.2539599609375 0.7157021484375 0.26044140625 0.690365234375 0.276056640625 0.6897763671875 0.2790029296875 0.694490234375 0.2866630859375 0.695962890625 0.3087587890625 0.677107421875 0.31347265625 0.67533984375 0.273994140625 0.6434443359375 0.245416015625 0.62959765625 0.2524873046875 0.6260615234375 0.25484375 0.62547265625 0.273994140625 0.6266513671875 0.33085546875 0.62134765625 0.332623046875 0.478259765625 0.2089541015625 0.4749814453125 0.207642578125 0.4117607421875 0.2391171875 0.3966787109375 0.227095703125 0.3899033203125 0.2257841796875 0.3645771484375 0.2351826171875 0.3446875 0.2502646484375 0.3451240234375 0.25354296875 0.3434794921875 0.2724140625 0.332693359375 0.2768388671875 0.31665234375 0.2655 0.3122275390625 0.2657763671875 0.2892841796875 0.2751796875 0.2729677734375 0.2854130859375 0.268265625 0.2906669921875 0.2702021484375 0.2950927734375 0.267712890625 0.3083671875 0.26038671875 0.312171875 0.2407880859375 0.30283984375 0.2218115234375 0.3081279296875 0.2000341796875 0.322126953125 0.1953681640625 0.3462490234375 0.120705078125 0.3826474609375 0.116349609375 0.3870029296875 0.115416015625 0.3938466796875 0.1169716796875 0.400068359375 0.0607646484375 0.50006640625 0.05937890625 0.5065458984375 0.0271650390625 0.5204755859375 0.024009765625 0.5162109375 0.0190986328125 0.5164833984375 0.0174130859375 0.5216953125 0.014453125 0.52622265625 0.015671875 0.53196875 0.02437890625 0.5392822265625 0.03883203125 0.5457255859375 0.04492578125 0.554263671875 0.0417919921875 0.55652734375 0.04126953125 0.560880859375 0.0452744140625 0.5668017578125 0.0144150390625 0.6649091796875 0.010216796875 0.665888671875 0.0071376953125 0.66952734375 0.0074169921875 0.674845703125 0.0114755859375 0.6770849609375 0 0.7228486328125 0 0.9204560546875 0.0063388671875 0.9315556640625 0.0246376953125 0.963953125 0.0316083984375 0.977873046875 0.0407080078125 0.9988720703125 0.0439072265625 0.9988720703125 0.049607421875 0.9942724609375 0.0534072265625 0.993373046875 0.066505859375 0.996072265625 0.07290625 1 0.510666015625 1 0.5114658203125 0.9973720703125 0.5180654296875 0.9880732421875 0.515765625 0.9819736328125 0.515765625 0.9737734375 0.518666015625 0.9689736328125 0.528265625 0.9682744140625 0.54744140625 0.9794736328125 0.5568408203125 0.9844404296875 0.5721396484375 0.9890400390625 0.5818388671875 0.9955400390625 0.5920380859375 0.9982392578125 0.5968251953125 0.9975419921875 0.6156240234375 0.9950419921875 0.6566259765625 0.9897421875 0.68432421875 0.9864423828125 0.7334326171875 0.9812421875 0.761931640625 0.97854296875 0.7998408203125 0.974443359375 0.810240234375 0.9736435546875 0.8324384765625 0.9716435546875 0.8515 0.9707431640625 0.8770986328125 0.97004296875 0.9388447265625 0.96804296875 0.97084375 0.96754296875 1 0.96784375 1 0.1870810546875
9 0.7972177734375 0.5884228515625 0.7920595703125 0.5014208984375 0.7514150390625 0.511671875 0.754921875 0.5966748046875 0.7972177734375 0.5884228515625
9 0.735115234375 0.601626953125 0.7330517578125 0.5187470703125 0.6979775390625 0.52926953125 0.698802734375 0.6096728515625 0.735115234375 0.601626953125
9 0.7301640625 0.4274931640625 0.7293388671875 0.377357421875 0.6992158203125 0.38932421875 0.69962890625 0.4371904296875 0.7301640625 0.4274931640625
9 0.780505859375 0.41098828125 0.7778232421875 0.3612646484375 0.7443994140625 0.3732314453125 0.746462890625 0.421509765625 0.780505859375 0.41098828125
9 0.7413046875 0.7949482421875 0.73903515625 0.685068359375 0.698390625 0.69146484375 0.6998349609375 0.7998994140625 0.7413046875 0.7949482421875
9 0.810421875 0.7877265625 0.8050576171875 0.6746826171875 0.7594609375 0.6813544921875 0.7644130859375 0.792884765625 0.810421875 0.7877265625
9 0.7483193359375 0.895837890625 0.7014853515625 0.896869140625 0.7014853515625 0.9424658203125 0.7485263671875 0.9426728515625 0.7483193359375 0.895837890625
9 0.8233349609375 0.944271484375 0.8210126953125 0.892466796875 0.7692080078125 0.8946103515625 0.771708984375 0.9437353515625 0.8233349609375 0.944271484375
9 0.602173828125 0.9362978515625 0.6030390625 0.9039814453125 0.58399609375 0.9031162109375 0.58370703125 0.9362978515625 0.602173828125 0.9362978515625
9 0.5887333984375 0.6980390625 0.5852802734375 0.7998583984375 0.6027919921875 0.803310546875 0.604517578125 0.7044521484375 0.5887333984375 0.6980390625
9 0.593912109375 0.533978515625 0.5924326171875 0.6146298828125 0.6052578125 0.6195634765625 0.6087109375 0.542611328125 0.593912109375 0.533978515625
9 0.5958154296875 0.3974140625 0.5966298828125 0.43794921875 0.6133330078125 0.4477265625 0.61292578125 0.4090244140625 0.5958154296875 0.3974140625
9 0.7384990234375 0.29465625 0.7375693359375 0.2773046875 0.7101484375 0.2901630859375 0.7098388671875 0.3051904296875 0.7384990234375 0.29465625
9 0.93775390625 0.216076171875 0.9353623046875 0.195408203125 0.8957333984375 0.2121474609375 0.8969296875 0.2316201171875 0.93775390625 0.216076171875
9 0.951796875 0.3549189453125 0.9453671875 0.301650390625 0.8986806640625 0.316857421875 0.90419140625 0.37150390625 0.951796875 0.3549189453125
9 0.986859375 0.5417119140625 0.9741259765625 0.450888671875 0.9059482421875 0.4690234375 0.9165595703125 0.555771484375 0.986859375 0.5417119140625
9 0.9992822265625 0.8034970703125 1 0.6440751953125 0.9334033203125 0.655455078125 0.9519091796875 0.806828125 0.9992822265625 0.8034970703125
9 1 0.947517578125 0.9989755859375 0.883990234375 0.9637177734375 0.884625 0.9678466796875 0.9462470703125 1 0.947517578125
9 0.3083818359375 0.7770185546875 0.3290283203125 0.663193359375 0.29232421875 0.6734599609375 0.268400390625 0.7832451171875 0.3083818359375 0.7770185546875
9 0.3400390625 0.5745107421875 0.3448544921875 0.56117578125 0.3567080078125 0.482412109375 0.3233701171875 0.495376953125 0.307072265625 0.5822890625 0.3400390625 0.5745107421875
9 0.3695068359375 0.3790703125 0.3766796875 0.333642578125 0.3499443359375 0.34625 0.3401640625 0.3892861328125 0.3695068359375 0.3790703125
9 0.3875224609375 0.2539541015625 0.3884755859375 0.2406982421875 0.373228515625 0.24657421875 0.3578232421875 0.258009765625 0.3570283203125 0.268248046875 0.3875224609375 0.2539541015625
9 0.30809375 0.2918984375 0.309359375 0.280384765625 0.2945556640625 0.2854453125 0.280384765625 0.294681640625 0.279625 0.3055634765625 0.30809375 0.2918984375
9 0.2520634765625 0.4261318359375 0.2602275390625 0.3895400390625 0.2395263671875 0.3977041015625 0.2317998046875 0.4340048828125 0.2520634765625 0.4261318359375
9 0.202162109375 0.6105361328125 0.20762109375 0.61247265625 0.211142578125 0.6163466796875 0.2114951171875 0.6211015625 0.2095576171875 0.63184375 0.2123759765625 0.63201953125 0.232451171875 0.52982421875 0.2093818359375 0.5381005859375 0.196703125 0.6100078125 0.202162109375 0.6105361328125
9 0.1684404296875 0.7019853515625 0.144087890625 0.8241904296875 0.1684404296875 0.8241904296875 0.19761328125 0.6953232421875 0.1684404296875 0.7019853515625
9 0.066763671875 0.7271171875 0.0425263671875 0.821216796875 0.0614755859375 0.8218779296875 0.087255859375 0.7220498046875 0.066763671875 0.7271171875
9 0.1129892578125 0.6164580078125 0.1279443359375 0.56755859375 0.11037890625 0.57373046875 0.098984375 0.61978125 0.1129892578125 0.6164580078125
9 0.150259765625 0.4700810546875 0.1600009765625 0.43490625 0.1453896484375 0.443564453125 0.13546875 0.4747705078125 0.150259765625 0.4700810546875
9 0.233748046875 0.32889453125 0.2349677734375 0.3174580078125 0.224751953125 0.322947265625 0.211486328125 0.331943359375 0.211333984375 0.340177734375 0.233748046875 0.32889453125
0 0 0.8646494140625 0.3088408203125 0.826205078125 0.3673544921875 0.8327333984375 0.37630078125 0.75971484375 0.317189453125 0.74520703125 0.1729013671875 0.7713173828125 0.001451171875 0.80081640625 0 0.80105859375 0 0.8646494140625
9 0.01760546875 0.9476337890625 0.0298115234375 0.9485732421875 0.03779296875 0.920404296875 0.0197177734375 0.91899609375 0.01267578125 0.940826171875 0.01760546875 0.9476337890625
9 0.153349609375 0.9106015625 0.12794921875 0.912263671875 0.1205908203125 0.9438349609375 0.1457529296875 0.944310546875 0.153349609375 0.9106015625
0 0.2027666015625 0.5736171875 0.0874287109375 0.6065712890625 0.062294921875 0.6428759765625 0.060619140625 0.6590732421875 0.06033984375 0.670802734375 0.18878515625 0.6384072265625 0.2477109375 0.655443359375 0.2583232421875 0.5912109375 0.2027666015625 0.5736171875
0 1 0.7234775390625 0.86646484375 0.7411689453125 0.8725869140625 0.8141357421875 0.8764638671875 0.820697265625 1 0.8099609375 1 0.7234775390625
0 1 0.4804521484375 0.84366015625 0.5191982421875 0.8469404296875 0.5809296875 1 0.5463359375 1 0.4804521484375
1 0 1 0.071708984375 0.9998759765625 0.0672275390625 0.9966748046875 0.0552763671875 0.993900390625 0.0507939453125 0.993900390625 0.0450322265625 0.99880859375 0.0401611328125 0.9995341796875 0.0308935546875 0.9751005859375 0.0115146484375 0.9399951171875 0.001123046875 0.9237060546875 0 0.9219775390625 0 1
1 1 0.9662900390625 0.9671318359375 0.9660673828125 0.837212890625 0.9707392578125 0.7408798828125 0.9794169921875 0.6314365234375 0.991431640625 0.584935546875 0.994546875 0.573810546875 0.98809375 0.5540087890625 0.9820869140625 0.5304248046875 0.967625 0.5186328125 0.967625 0.515294921875 0.970517578125 0.515072265625 0.9787490234375 0.5181875 0.988984375 0.5075078125 1 1 1 1 0.9662900390625
8 1 0.860197265625 0.994294921875 0.844353515625 0.988884765625 0.8169169921875 0.973421875 0.771318359375 0.9645341796875 0.7407900390625 0.9591240234375 0.7125810546875 0.950236328125 0.6801201171875 0.949849609375 0.66852734375 0.94289453125 0.6642763671875 0.9359384765625 0.665822265625 0.9316875 0.6696865234375 0.9359384765625 0.682052734375 0.928982421875 0.682052734375 0.92627734375 0.6890078125 0.9278232421875 0.6986689453125 0.934779296875 0.7106484375 0.9382568359375 0.7322890625 0.9305283203125 0.734994140625 0.928595703125 0.739244140625 0.9316875 0.7485185546875 0.9407587890625 0.7960263671875 0.9490712890625 0.837587890625 0.9251123046875 0.795537109375 0.9001748046875 0.716326171875 0.894796875 0.714859375 0.8928408203125 0.7182822265625 0.90653125 0.784291015625 0.9070205078125 0.804828125 0.8972412109375 0.7818466796875 0.8791494140625 0.750064453125 0.8708369140625 0.744197265625 0.8639921875 0.747130859375 0.87279296875 0.7774462890625 0.8708369140625 0.7906484375 0.8664365234375 0.795048828125 0.8675888671875 0.8102138671875 0.86546484375 0.8189775390625 0.870775390625 0.831990234375 0.8917548828125 0.862263671875 0.89361328125 0.875541015625 0.8920205078125 0.8813837890625 0.8851162109375 0.890677734375 0.8612294921875 0.8959892578125 0.837861328125 0.8946611328125 0.8306904296875 0.89811328125 0.83016015625 0.9092666015625 0.82883203125 0.9188271484375 0.82909765625 0.9246689453125 0.8333466796875 0.9321044921875 0.837330078125 0.939275390625 0.8235205078125 0.9427275390625 0.76908203125 0.9413994140625 0.703248046875 0.9408681640625 0.6644775390625 0.938212890625 0.6541201171875 0.9329013671875 0.644826171875 0.923607421875 0.6474814453125 0.9164375 0.6490751953125 0.906611328125 0.645357421875 0.8949267578125 0.6403115234375 0.8874912109375 0.635 0.8866943359375 0.6328759765625 0.890677734375 0.6267685546875 0.8970517578125 0.6174736328125 0.9103291015625 0.6113662109375 0.9254658203125 0.6071171875 0.9347607421875 0.587677734375 0.936619140625 0.585552734375 0.92971484375 0.585552734375 0.9113916015625 0.585287109375 0.8970517578125 0.5823662109375 0.8866943359375 0.5767900390625 0.8784619140625 0.5693544921875 0.8744794921875 0.56483984375 0.8744794921875 0.5619189453125 0.8821796875 0.5600595703125 0.891740234375 0.555279296875 0.905283203125 0.556341796875 0.913515625 0.5528896484375 0.9180302734375 0.5542177734375 0.93051171875 0.5494375 0.9262626953125 0.5441259765625 0.9241376953125 0.5390810546875 0.9270595703125 0.5358935546875 0.9326357421875 0.53301171875 0.94148828125 0.492017578125 0.9441767578125 0.38631640625 0.948544921875 0.377244140625 0.9451845703125 0.3728759765625 0.934431640625 0.3799326171875 0.9243515625 0.38497265625 0.916958984375 0.3977412109375 0.8924306640625 0.4145419921875 0.8615166015625 0.410173828125 0.8564765625 0.4017734375 0.8564765625 0.4044619140625 0.847068359375 0.4004296875 0.83933984375 0.3987490234375 0.832283203125 0.393037109375 0.828923828125 0.3812763671875 0.831947265625 0.38463671875 0.8201875 0.3903486328125 0.814810546875 0.392365234375 0.8084267578125 0.3876611328125 0.7990185546875 0.395052734375 0.7879296875 0.3896767578125 0.780537109375 0.38262109375 0.779193359375 0.3785888671875 0.7912900390625 0.377244140625 0.7838974609375 0.3725400390625 0.780537109375 0.366828125 0.785578125 0.358763671875 0.795658203125 0.3463310546875 0.7929697265625 0.331546875 0.8010341796875 0.3211298828125 0.80540234375 0.31508203125 0.812123046875 0.307453125 0.8155068359375 0.300396484375 0.821890625 0.2953564453125 0.827939453125 0.297708984375 0.83600390625 0.28930859375 0.8437314453125 0.27284375 0.8514599609375 0.265451171875 0.85515625 0.264474609375 0.8628505859375 0.25875 0.8645927734375 0.2555146484375 0.8730546875 0.2502880859375 0.8795263671875 0.2485458984375 0.87579296875 0.2445634765625 0.872806640625 0.2375947265625 0.8760419921875 0.23709765625 0.8837568359375 0.221755859375 0.8855302734375 0.21603125 0.892748046875 0.214787109375 0.89847265625 0.2197646484375 0.9061875 0.216529296875 0.912658203125 0.2175244140625 0.925849609375 0.2207607421875 0.9358046875 0.2307158203125 0.9475029296875 0.2175244140625 0.9425244140625 0.2145380859375 0.9303291015625 0.20831640625 0.9268447265625 0.200849609375 0.9248544921875 0.2015966796875 0.91763671875 0.1988583984375 0.90544140625 0.1941298828125 0.891005859375 0.186912109375 0.883041015625 0.1779521484375 0.8790595703125 0.1670009765625 0.8815478515625 0.1627705078125 0.891005859375 0.160779296875 0.904943359375 0.1565478515625 0.91415234375 0.156796875 0.9233603515625 0.1545576171875 0.9335654296875 0.1565478515625 0.941529296875 0.159578125 0.9465478515625 0.1201201171875 0.945189453125 0.050482421875 0.9478935546875 0.01915625 0.9485693359375 0.018365234375 0.950564453125 0.0195126953125 0.953515625 0.0273837890625 0.9669619140625 0.033287109375 0.980080078125 0.040501953125 0.998609375 0.0426376953125 0.999080078125 0.0475751953125 0.9943671875 0.0542392578125 0.992193359375 0.0628759765625 0.9932294921875 0.072994140625 1 0.5075029296875 1 0.5176396484375 0.9893525390625 0.514501953125 0.9758359375 0.5176396484375 0.969560546875 0.5275361328125 0.9673876953125 0.543224609375 0.9765595703125 0.5579482421875 0.984283203125 0.57484375 0.9903173828125 0.5835322265625 0.9956279296875 0.59198046875 0.9977998046875 0.6731953125 0.9876630859375 0.717123046875 0.98259375 0.7933662109375 0.975111328125 0.8356044921875 0.970767578125 0.90632421875 0.9688359375 0.9611123046875 0.9669052734375 1 0.9673876953125 1 0.860197265625
8 0.082955078125 0.6544541015625 0.08998046875 0.651482421875 0.1010595703125 0.646078125 0.1221357421875 0.636080078125 0.1499677734375 0.6241904296875 0.1856357421875 0.6123017578125 0.210765625 0.6139228515625 0.2180615234375 0.6255419921875 0.231841796875 0.6325673828125 0.2434609375 0.63391796875 0.2461630859375 0.623650390625 0.2448125 0.61203125 0.2396787109375 0.603384765625 0.2329228515625 0.594197265625 0.229140625 0.5898740234375 0.2234658203125 0.589603515625 0.219412109375 0.6006826171875 0.2188720703125 0.5909541015625 0.21698046875 0.582037109375 0.212927734375 0.5847392578125 0.2064423828125 0.5931162109375 0.2026591796875 0.606626953125 0.196984375 0.5885224609375 0.1869873046875 0.5790654296875 0.1761787109375 0.5790654296875 0.16591015625 0.575552734375 0.160505859375 0.57636328125 0.1583447265625 0.57960546875 0.1461845703125 0.5785244140625 0.1383486328125 0.5790654296875 0.136998046875 0.5839287109375 0.132404296875 0.59203515625 0.1191640625 0.598791015625 0.1113271484375 0.6087890625 0.0943037109375 0.6171650390625 0.0818740234375 0.626623046875 0.078361328125 0.6395927734375 0.079712890625 0.6493203125 0.082955078125 0.6544541015625