2 0 0.2132763671875 0.0010009765625 0.7059150390625 0.073595703125 0.69940625 0.0700908203125 0.72644140625 0.06383984375 0.7637373046875 0.0433408203125 0.8650615234375 0.0386552734375 0.8691611328125 0.035634765625 0.87219140625 0.031392578125 0.8836455078125 0.056775390625 0.8831455078125 0.1751923828125 0.884021484375 0.235490234375 0.8874609375 0.291591796875 0.8949443359375 0.344953125 0.9130107421875 0.4466318359375 0.96258984375 0.6790234375 0.970970703125 0.999400390625 0.9813583984375 1 0.1853369140625 0.931783203125 0.20328125 0.9152265625 0.158669921875 0.907408203125 0.1508515625 0.88533203125 0.151771484375 0.8480791015625 0.1628095703125 0.84669921875 0.1540712890625 0.750537109375 0.1794873046875 0.7218388671875 0.1293857421875 0.7099267578125 0.120248046875 0.6572021484375 0.0975859375 0.6021494140625 0.1541044921875 0.60024609375 0.1621904296875 0.6088076171875 0.17360546875 0.6330654296875 0.202619140625 0.6344921875 0.2121318359375 0.5488779296875 0.2316328125 0.50173828125 0.187751953125 0.4561982421875 0.163384765625 0.4486083984375 0.16578125 0.4034677734375 0.2145166015625 0.406263671875 0.22450390625 0.4210439453125 0.23648828125 0.4342265625 0.24567578125 0.432501953125 0.2665869140625 0.3659921875 0.285142578125 0.286326171875 0.306439453125 0.2867197265625 0.316298828125 0.242548828125 0.3245810546875 0.2352734375 0.331193359375 0.17555078125 0.296806640625 0 0.2132763671875
9 0.0431484375 0.3594765625 0.0538662109375 0.2968154296875 0.01923828125 0.2792265625 0.0041220703125 0.3427119140625 0.0431484375 0.3594765625
9 0.1782265625 0.4178955078125 0.1872626953125 0.361423828125 0.160607421875 0.34741796875 0.1497646484375 0.4054716796875 0.1782265625 0.4178955078125
9 0.2850732421875 0.4716572265625 0.2907197265625 0.411119140625 0.270841796875 0.4011796875 0.2633876953125 0.46171875 0.2850732421875 0.4716572265625
9 0 0.4098056640625 0.0002900390625 0.50303515625 0.0151025390625 0.5071015625 0.0310771484375 0.42200390625 0 0.4098056640625
9 0.1645947265625 0.5492333984375 0.174517578125 0.471896484375 0.1374541015625 0.45934765625 0.12461328125 0.5396025390625 0.1645947265625 0.5492333984375
9 0.289654296875 0.5060859375 0.2362548828125 0.4911181640625 0.229376953125 0.5517998046875 0.282373046875 0.5619130859375 0.289654296875 0.5060859375
0 0 0.67598046875 0.076255859375 0.6700224609375 0.0710927734375 0.661681640625 0.0730791015625 0.6565185546875 0.072681640625 0.6450009765625 0.070298828125 0.6370576171875 0.083802734375 0.6255400390625 0.08936328125 0.5961494140625 0 0.606873046875 0 0.67598046875
0 0.27799609375 0.6074189453125 0.2915810546875 0.5977158203125 0.2993427734375 0.5433779296875 0.13293359375 0.5622998046875 0.1251708984375 0.620033203125 0.27799609375 0.6074189453125
9 0.470728515625 0.5230751953125 0.4788720703125 0.400158203125 0.4238115234375 0.4098525390625 0.41566796875 0.5312177734375 0.470728515625 0.5230751953125
9 0.7125673828125 0.4918564453125 0.7077470703125 0.35122265625 0.63926953125 0.3653603515625 0.6391630859375 0.50134375 0.7125673828125 0.4918564453125
9 0.7160546875 0.81401953125 0.71403515625 0.6105146484375 0.6307138671875 0.6185947265625 0.62919921875 0.815029296875 0.7160546875 0.81401953125
9 0.400533203125 0.6400791015625 0.382830078125 0.8193232421875 0.449216796875 0.8171103515625 0.4636005859375 0.63288671875 0.400533203125 0.6400791015625
9 0.377595703125 0.9282470703125 0.419947265625 0.9486572265625 0.42257421875 0.91839453125 0.3779326171875 0.9162275390625 0.377595703125 0.9282470703125
9 0.695359375 0.9670400390625 0.6935390625 0.9274482421875 0.6389296875 0.9274482421875 0.63801953125 0.9670400390625 0.695359375 0.9670400390625
0 0.8789609375 0.537595703125 0.999634765625 0.5207451171875 1 0.44083984375 0.8724384765625 0.46258203125 0.8789609375 0.537595703125
0 0.845525390625 0.1686533203125 0.845525390625 0.157359375 0.2878525390625 0.3074990234375 0.288765625 0.3161806640625 0.845525390625 0.1686533203125
9 0.4775615234375 0.2705380859375 0.48077734375 0.231544921875 0.4490205078125 0.2395849609375 0.44620703125 0.27817578125 0.4775615234375 0.2705380859375
9 0.6880107421875 0.214015625 0.6876513671875 0.17092578125 0.6488701171875 0.183134765625 0.6492294921875 0.2240703125 0.6880107421875 0.214015625
1 0 0.99969921875 0.5178623046875 1 0.3356337890625 0.9111298828125 0.2890419921875 0.897755859375 0.2359794921875 0.8895595703125 0.173365234375 0.8858486328125 0.085267578125 0.884494140625 0.0602392578125 0.884494140625 0 0.885619140625 0 0.99969921875
3 1 1 0.999494140625 0.7702529296875 0.3823544921875 0.781244140625 0.06962109375 0.7852666015625 0.056544921875 0.882099609375 0.121251953125 0.88101171875 0.235208984375 0.88515234375 0.2924677734375 0.89386328125 0.340298828125 0.9093740234375 0.376177734375 0.92768359375 0.4129814453125 0.9463623046875 0.4435830078125 0.959376953125 0.5246796875 0.99883984375 0.7816064453125 1 1 1
8 0.85530078125 0 0.8546513671875 0.008455078125 0.858173828125 0.019728515625 0.8659248046875 0.0338193359375 0.8652197265625 0.0457978515625 0.872265625 0.057775390625 0.875083984375 0.06834375 0.8793115234375 0.0873671875 0.872970703125 0.1000498046875 0.867333984375 0.10427734375 0.8546513671875 0.1134365234375 0.8461962890625 0.1169599609375 0.8518330078125 0.133869140625 0.844787109375 0.131755859375 0.8349228515625 0.1331650390625 0.8497197265625 0.1479609375 0.8497197265625 0.150779296875 0.856060546875 0.1550068359375 0.8595830078125 0.1528935546875 0.8659248046875 0.1493701171875 0.872265625 0.148666015625 0.8764931640625 0.1472568359375 0.87790234375 0.1402109375 0.8934033203125 0.131755859375 0.8990400390625 0.1303466796875 0.905380859375 0.12682421875 0.9096083984375 0.11555078125 0.9096083984375 0.10427734375 0.9138359375 0.095822265625 0.9138359375 0.082435546875 0.91594921875 0.074685546875 0.9215859375 0.0725712890625 0.9307451171875 0.0796171875 0.9286318359375 0.0873671875 0.93497265625 0.093708984375 0.9399052734375 0.090890625 0.9399052734375 0.0782080078125 0.9476552734375 0.0718671875 0.9807705078125 0.0648212890625 1 0.054251953125 1 0 0.85530078125 0
8 0.6452109375 0.9145771484375 0.6367490234375 0.9011796875 0.612068359375 0.8877822265625 0.5986708984375 0.86733203125 0.58386328125 0.8341904296875 0.571875 0.78835546875 0.5612978515625 0.7587392578125 0.5584775390625 0.7333544921875 0.566939453125 0.7150205078125 0.5796318359375 0.6988017578125 0.6043125 0.6741220703125 0.626171875 0.6402744140625 0.6382587890625 0.6213076171875 0.6571650390625 0.58740625 0.6636845703125 0.5665439453125 0.6636845703125 0.5502451171875 0.674115234375 0.526775390625 0.6734638671875 0.51699609375 0.6643359375 0.513736328125 0.6526015625 0.518951171875 0.6480380859375 0.506564453125 0.6480380859375 0.4915693359375 0.642822265625 0.4857021484375 0.6376064453125 0.4889619140625 0.6265234375 0.5033046875 0.6121806640625 0.5215595703125 0.5952294921875 0.545029296875 0.5893623046875 0.5378583984375 0.5926220703125 0.513736328125 0.6017490234375 0.4928740234375 0.6076171875 0.461580078125 0.60696484375 0.4335458984375 0.60109765625 0.40975 0.596533203125 0.41398828125 0.5919697265625 0.4368056640625 0.5834951171875 0.454408203125 0.5724111328125 0.4465849609375 0.5593720703125 0.4048603515625 0.5554609375 0.410728515625 0.54959375 0.435501953125 0.545681640625 0.455060546875 0.53003515625 0.449193359375 0.518951171875 0.4302861328125 0.50395703125 0.3826943359375 0.4952744140625 0.365146484375 0.4905419921875 0.3635693359375 0.4881767578125 0.3675126953125 0.4922216796875 0.3885615234375 0.4922216796875 0.404208984375 0.494177734375 0.4276787109375 0.49678515625 0.4641875 0.49678515625 0.4791826171875 0.5013486328125 0.4843984375 0.487658203125 0.4883095703125 0.4824423828125 0.49678515625 0.47787890625 0.5052607421875 0.4667958984375 0.4798349609375 0.4641875 0.4511484375 0.4570166015625 0.4302861328125 0.448541015625 0.41985546875 0.4446298828125 0.4211591796875 0.4433251953125 0.428982421875 0.4433251953125 0.4472373046875 0.4120322265625 0.429634765625 0.415943359375 0.442673828125 0.4250712890625 0.45766796875 0.4335458984375 0.473966796875 0.442021484375 0.49091796875 0.4413701171875 0.5013486328125 0.4315908203125 0.50982421875 0.429634765625 0.519603515625 0.4315908203125 0.53003515625 0.4394140625 0.54307421875 0.449193359375 0.55480859375 0.4478896484375 0.5606767578125 0.4178994140625 0.54176953125 0.40094921875 0.539162109375 0.397037109375 0.5476376953125 0.397689453125 0.561328125 0.402904296875 0.571759765625 0.416595703125 0.584798828125 0.44528125 0.610224609375 0.4700556640625 0.632390625 0.493525390625 0.6669443359375 0.50395703125 0.680634765625 0.519603515625 0.7047568359375 0.53669140625 0.7250556640625 0.5401689453125 0.7378056640625 0.539009765625 0.86647265625 0.5059736328125 0.8774853515625 0.491484375 0.88328125 0.465982421875 0.8699501953125 0.4497548828125 0.8705302734375 0.4335263671875 0.8740078125 0.4265712890625 0.8798037109375 0.4225146484375 0.8989296875 0.4248330078125 0.918634765625 0.4323671875 0.932544921875 0.4497548828125 0.952830078125 0.454970703125 0.955728515625 0.622646484375 0.96252734375 0.6388642578125 0.9350263671875 0.6452109375 0.9145771484375
8 0.2003203125 0.88128125 0.2933271484375 0.8916875 0.3043837890625 0.870875 0.3056845703125 0.841607421875 0.3056845703125 0.810388671875 0.3043837890625 0.78112109375 0.2946279296875 0.76291015625 0.2933271484375 0.7381953125 0.2926767578125 0.7225859375 0.3134892578125 0.709578125 0.3421064453125 0.679009765625 0.3655205078125 0.66665234375 0.3830810546875 0.655595703125 0.3817802734375 0.6445390625 0.3772275390625 0.62502734375 0.3785283203125 0.61462109375 0.3733251953125 0.6035634765625 0.3629189453125 0.6009619140625 0.3297490234375 0.621775390625 0.3395048828125 0.607466796875 0.3564150390625 0.5873037109375 0.3830810546875 0.5742958984375 0.3856826171875 0.5482802734375 0.4038935546875 0.5326708984375 0.4045439453125 0.5196630859375 0.3999912109375 0.5151103515625 0.3856826171875 0.5183623046875 0.3681220703125 0.5359228515625 0.3681220703125 0.5333212890625 0.3655205078125 0.5190126953125 0.3622685546875 0.5177119140625 0.3440576171875 0.5216142578125 0.3538134765625 0.5053544921875 0.3616181640625 0.4916962890625 0.3622685546875 0.4780380859375 0.3583662109375 0.4708837890625 0.3525126953125 0.4689326171875 0.3369033203125 0.4721845703125 0.3512119140625 0.4500712890625 0.3609677734375 0.4357626953125 0.3713740234375 0.4169013671875 0.3707236328125 0.4045439453125 0.3343017578125 0.4247060546875 0.3206435546875 0.4331611328125 0.3206435546875 0.4136494140625 0.3141396484375 0.3902353515625 0.2920263671875 0.4116982421875 0.2842216796875 0.4214541015625 0.2718642578125 0.4533232421875 0.2660107421875 0.4455185546875 0.2588564453125 0.4364130859375 0.2497509765625 0.4695830078125 0.2425966796875 0.4585263671875 0.2276376953125 0.4812900390625 0.2256865234375 0.4734853515625 0.2178818359375 0.4520224609375 0.2074755859375 0.4390146484375 0.19771875 0.4383642578125 0.2068251953125 0.4767373046875 0.19381640625 0.4643798828125 0.18861328125 0.4617783203125 0.18341015625 0.4617783203125 0.1847109375 0.4734853515625 0.189263671875 0.4884443359375 0.19901953125 0.5008017578125 0.2074755859375 0.5222646484375 0.1873125 0.5333212890625 0.180158203125 0.5320205078125 0.160646484375 0.5352724609375 0.15219140625 0.5339716796875 0.14178515625 0.5235654296875 0.12877734375 0.5164111328125 0.12357421875 0.5216142578125 0.124224609375 0.5333212890625 0.129427734375 0.5469794921875 0.1326796875 0.5612880859375 0.1274765625 0.5892548828125 0.124224609375 0.5983603515625 0.12617578125 0.60941796875 0.15479296875 0.6341328125 0.164548828125 0.65364453125 0.16780078125 0.66665234375 0.178857421875 0.679009765625 0.176255859375 0.686814453125 0.176255859375 0.698521484375 0.1847109375 0.70827734375 0.2100771484375 0.71478125 0.2276376953125 0.725837890625 0.2386943359375 0.7433984375 0.2282880859375 0.749251953125 0.2211337890625 0.76030859375 0.2165810546875 0.8006328125 0.2029228515625 0.824046875 0.19901953125 0.848111328125 0.2003203125 0.8734765625 0.2003203125 0.88128125
4 0 0.8834765625 0.030751953125 0.8803828125 0.03294921875 0.87379296875 0.0410029296875 0.862810546875 0.0680947265625 0.7324794921875 0 0.7266220703125 0 0.8834765625