9 0.699783203125 0.8301669921875 0.698609375 0.778189453125 0.56705078125 0.7784833984375 0.5649951171875 0.8301669921875 0.699783203125 0.8301669921875
9 0.6955869140625 0.7615654296875 0.693302734375 0.6296298828125 0.578513671875 0.6293447265625 0.5719462890625 0.7609775390625 0.6955869140625 0.7615654296875
9 0.6923623046875 0.5791748046875 0.6921025390625 0.543609375 0.5799541015625 0.5428310546875 0.57865625 0.5796943359375 0.6923623046875 0.5791748046875
9 0.6912099609375 0.5257578125 0.690287109375 0.4285517578125 0.58662109375 0.42762890625 0.58169921875 0.5272958984375 0.6912099609375 0.5257578125
9 0.6903623046875 0.3873173828125 0.6914130859375 0.36041796875 0.589908203125 0.359787109375 0.58927734375 0.388158203125 0.6903623046875 0.3873173828125
9 0.6886806640625 0.34780859375 0.6891015625 0.2664775390625 0.595162109375 0.267318359375 0.5922197265625 0.34780859375 0.6886806640625 0.34780859375
0 0.0419560546875 0.4119599609375 0.0376748046875 0.42244921875 0.028791015625 0.423412109375 0.0281494140625 0.42491015625 0.0684990234375 0.42491015625 0.0734228515625 0.4118525390625 0.0419560546875 0.4119599609375
0 0 0.6035673828125 0.0053212890625 0.5892001953125 0 0.589732421875 0 0.6035673828125
2 1 0.1947919921875 0.1515341796875 0.1964345703125 0.1483466796875 0.1969658203125 0.147638671875 0.2017470703125 0.1504716796875 0.2049345703125 0.1122470703125 0.303705078125 0.0729345703125 0.3045908203125 0.0718720703125 0.3099033203125 0.0738203125 0.312205078125 0.0695703125 0.324955078125 0.0750595703125 0.333455078125 0.0424765625 0.40924609375 0.0364560546875 0.4216416015625 0.0286640625 0.4232353515625 0.0059970703125 0.4814970703125 0.0341533203125 0.506642578125 0.0040498046875 0.588146484375 0 0.5890322265625 0 1 1 1 1 0.1947919921875
9 0 0.6024345703125 0.0442470703125 0.4827626953125 0.0137607421875 0.4831689453125 0 0.521375 0 0.6024345703125
9 0.0379462890625 0.4235908203125 0.0686357421875 0.4237939453125 0.10524609375 0.3275791015625 0.0785947265625 0.3284833984375 0.0379462890625 0.4235908203125