9 0.614513671875 0.9563701171875 0.603416015625 0.76993359375 0.4321689453125 0.7594326171875 0.4204384765625 0.956033203125 0.614513671875 0.9563701171875
9 0.4410751953125 0.6329267578125 0.5978740234375 0.6499619140625 0.5920380859375 0.527310546875 0.4469580078125 0.5041533203125 0.4410751953125 0.6329267578125
9 0.5912744140625 0.4336572265625 0.5849375 0.3445712890625 0.4582138671875 0.3153974609375 0.4546044921875 0.4074482421875 0.5912744140625 0.4336572265625
9 0.461080078125 0.2373408203125 0.5809228515625 0.2678291015625 0.578330078125 0.1957451171875 0.4655146484375 0.1654638671875 0.461080078125 0.2373408203125
9 0.1557607421875 0.4336806640625 0.1793388671875 0.421798828125 0.1893642578125 0.370001953125 0.1693134765625 0.3842978515625 0.1557607421875 0.4336806640625
9 0.1386396484375 0.5841015625 0.155943359375 0.510244140625 0.13230859375 0.5252265625 0.1126845703125 0.59612890625 0.1386396484375 0.5841015625
9 0.0574228515625 0.7975087890625 0.088578125 0.7886513671875 0.109958984375 0.6906044921875 0.0849130859375 0.704349609375 0.0574228515625 0.7975087890625
9 0.0337431640625 1 0.0538916015625 0.9132421875 0.0264599609375 0.922953125 0.006796875 1 0.0337431640625 1
9 0.9691630859375 0.9549443359375 0.969720703125 0.9546650390625 0.9331650390625 0.7972373046875 0.8572138671875 0.793779296875 0.8877490234375 0.9568955078125 0.9691630859375 0.9549443359375
9 0.906671875 0.69669921875 0.8790029296875 0.572470703125 0.8142978515625 0.563578125 0.8396123046875 0.692302734375 0.906671875 0.69669921875
0 1 0.6462265625 0.932333984375 0.638611328125 0.8593017578125 0.628400390625 0.8098251953125 0.6695322265625 0.824384765625 0.737041015625 0.8719287109375 0.701759765625 1 0.71628125 1 0.6462265625
0 1 0.458673828125 0.8135654296875 0.4188515625 0.7731259765625 0.466248046875 0.7819921875 0.516099609375 0.82374609375 0.47328125 1 0.5074501953125 1 0.458673828125
0 1 0.342033203125 0.991123046875 0.312986328125 0.780142578125 0.2549140625 0.747330078125 0.30625390625 0.747583984375 0.3062333984375 0.758861328125 0.3359462890625 0.7879462890625 0.297443359375 1 0.3519052734375 1 0.342033203125
8 0 0.9200576171875 0.01551953125 0.8527392578125 0.0134228515625 0.8372197265625 0.01426171875 0.82463671875 0.031458984375 0.8049228515625 0.055392578125 0.7214609375 0.076630859375 0.628740234375 0.0864833984375 0.6134140625 0.108013671875 0.539337890625 0.1107265625 0.5248291015625 0.1197041015625 0.487421875 0.1159638671875 0.4769482421875 0.100626953125 0.4653515625 0.089404296875 0.46048828125 0.073693359375 0.461984375 0.0549892578125 0.46834375 0.0366591796875 0.4780703125 0.0265595703125 0.4840556640625 0.0123447265625 0.502384765625 0 0.5158515625 0 0.51615234375 0 0.9200576171875
2 0.1967021484375 0 0.183728515625 0.29567578125 0.1615107421875 0.322166015625 0.1563828125 0.3401123046875 0.15296484375 0.357630859375 0.14741015625 0.380703125 0.130357421875 0.4507265625 0.12151953125 0.4767978515625 0.107896484375 0.5234365234375 0.10709375 0.5390791015625 0.086705078125 0.610017578125 0.07394140625 0.632904296875 0.030044921875 0.801208984375 0.0100146484375 0.8262470703125 0.0093896484375 0.838765625 0.01745703125 0.853078125 0 0.927853515625 0 1 1 1 1 0.0925751953125 0.945482421875 0.071833984375 0.901470703125 0.1411396484375 0.8895400390625 0.1307861328125 0.8839541015625 0.1222421875 0.873767578125 0.11994140625 0.87015234375 0.12519921875 0.844849609375 0.1432724609375 0.828748046875 0.170546875 0.802130859375 0.1652890625 0.8001591796875 0.152802734375 0.8136318359375 0.13045703125 0.763146484375 0.0812197265625 0.7234072265625 0.1007900390625 0.708775390625 0.1327978515625 0.66430078125 0.1215224609375 0.6658662109375 0.110560546875 0.6780810546875 0.0851904296875 0.62454296875 0.0308017578125 0.5775302734375 0.05066015625 0.5629404296875 0.0895673828125 0.2765888671875 0 0.1967021484375 0
9 0.798322265625 0.4980146484375 0.823396484375 0.4717880859375 0.856828125 0.47812890625 0.8395361328125 0.40233203125 0.77958984375 0.3893623046875 0.7968818359375 0.486775390625 0.798322265625 0.4980146484375
9 0.978703125 0.502361328125 0.9547724609375 0.425630859375 0.902818359375 0.4156884765625 0.921154296875 0.491916015625 0.978703125 0.502361328125
9 0.9280126953125 0.333546875 0.9151845703125 0.2929912109375 0.86759375 0.2801630859375 0.8758701171875 0.32009765625 0.9280126953125 0.333546875
9 0.7823935546875 0.2946552734375 0.822400390625 0.3059150390625 0.8130576171875 0.2661484375 0.7558544921875 0.24887109375 0.766103515625 0.3126220703125 0.7823935546875 0.2946552734375
8 0.4846298828125 0.0221171875 0.5139033203125 0.0065048828125 0.521708984375 0.0136611328125 0.5197578125 0.0286220703125 0.445599609375 0.050740234375 0.444298828125 0.061798828125 0.4560078125 0.065701171875 0.5243115234375 0.044884765625 0.53341796875 0.06244921875 0.5321171875 0.0813134765625 0.5060966796875 0.0878193359375 0.478125 0.0897705078125 0.444298828125 0.0780615234375 0.4416962890625 0.09432421875 0.44625 0.0988779296875 0.4813779296875 0.1105869140625 0.477474609375 0.11644140625 0.4605615234375 0.1131884765625 0.457958984375 0.1209951171875 0.4683671875 0.1346552734375 0.491134765625 0.1327041015625 0.502193359375 0.1320537109375 0.5132529296875 0.1411611328125 0.511951171875 0.1658798828125 0.5236611328125 0.1951533203125 0.5373212890625 0.214017578125 0.5587880859375 0.2309306640625 0.5900126953125 0.241990234375 0.5997705078125 0.2367861328125 0.60692578125 0.2517470703125 0.6192861328125 0.266708984375 0.63619921875 0.264107421875 0.6745791015625 0.236134765625 0.6817861328125 0.22959765625 0.692091796875 0.2497958984375 0.75144921875 0.272466796875 0.758869140625 0.26958203125 0.758869140625 0.262986328125 0.718060546875 0.24526171875 0.7139384765625 0.2345439453125 0.7073427734375 0.2201171875 0.7324873046875 0.2312470703125 0.7399072265625 0.227537109375 0.74196875 0.2230029296875 0.7333125 0.2098125 0.719708984375 0.2056904296875 0.703220703125 0.185904296875 0.7172568359375 0.133548828125 0.7240712890625 0.1385458984375 0.7217998046875 0.147630859375 0.7272509765625 0.150810546875 0.7376982421875 0.1421796875 0.751326171875 0.1489931640625 0.7604111328125 0.16262109375 0.7717666015625 0.1639833984375 0.7808515625 0.145359375 0.79493359375 0.153990234375 0.7912998046875 0.1644375 0.786302734375 0.176248046875 0.792662109375 0.185787109375 0.8103779296875 0.192146484375 0.813103515625 0.202140625 0.82355078125 0.21349609375 0.838541015625 0.21349609375 0.84535546875 0.204865234375 0.851259765625 0.195326171875 0.882603515625 0.2180390625 0.8853291015625 0.2280322265625 0.887599609375 0.2343916015625 0.8944140625 0.23848046875 0.8935048828125 0.24801953125 0.88033203125 0.2643720703125 0.849443359375 0.284359375 0.854439453125 0.2879931640625 0.868521484375 0.285267578125 0.89941015625 0.259375 0.909404296875 0.24483984375 0.9225771484375 0.2525615234375 0.931662109375 0.24665625 0.93575 0.2375712890625 0.952103515625 0.2434765625 0.9430185546875 0.253015625 0.93393359375 0.25755859375 0.9321162109375 0.26709765625 0.9389296875 0.2739111328125 0.94846875 0.2770908203125 0.95619140625 0.27027734375 0.953919921875 0.25755859375 0.96573046875 0.245748046875 0.9757236328125 0.2471103515625 0.9857177734375 0.2580126953125 0.999798828125 0.259375 1 0 0.4878828125 0.000650390625 0.476173828125 0.0182138671875 0.4846298828125 0.0221171875