0 0.541099609375 0.2573974609375 0.606857421875 0.2862060546875 0.608736328125 0.2179423828125 0.5436044921875 0.1822451171875 0.3713798828125 0.3118837890625 0.3669951171875 0.3695009765625 0.541099609375 0.2573974609375
0 0.536560546875 0.4325048828125 0.6073466796875 0.45515625 0.6080546875 0.3886171875 0.53365625 0.356837890625 0.3595947265625 0.44878515625 0.357470703125 0.4509091796875 0.353931640625 0.5188642578125 0.536560546875 0.4325048828125
0 0.527255859375 0.5480576171875 0.3416357421875 0.6176650390625 0.338435546875 0.6960732421875 0.50725390625 0.6424677734375 0.6056640625 0.6560693359375 0.607263671875 0.5680595703125 0.527255859375 0.5480576171875
0 0.3149208984375 0.9039912109375 0.51094140625 0.9079912109375 0.5997509765625 0.904791015625 0.5997509765625 0.8967900390625 0.602951171875 0.7831787109375 0.51494140625 0.779978515625 0.324650390625 0.8039404296875 0.3149208984375 0.9039912109375
9 0.163677734375 0.5296572265625 0.1680224609375 0.4837890625 0.147744140625 0.496826171875 0.1433984375 0.5373828125 0.163677734375 0.5296572265625
9 0.21292578125 0.4982744140625 0.2196845703125 0.44612890625 0.201337890625 0.457716796875 0.194578125 0.5055166015625 0.21292578125 0.4982744140625
9 0.2240302734375 0.4891005859375 0.241412109375 0.4794443359375 0.2476884765625 0.4253681640625 0.2283759765625 0.4374384765625 0.2240302734375 0.4891005859375
9 0.2843828125 0.4470947265625 0.3181806640625 0.42923046875 0.3234921875 0.3741884765625 0.2892119140625 0.3959150390625 0.2843828125 0.4470947265625
9 0.2689326171875 0.570697265625 0.299833984375 0.558626953125 0.3065927734375 0.49489453125 0.2752099609375 0.5098623046875 0.2689326171875 0.570697265625
9 0.13615625 0.5856650390625 0.126982421875 0.637810546875 0.1462958984375 0.63105078125 0.152572265625 0.5764912109375 0.13615625 0.5856650390625
9 0.1979580078125 0.6069091796875 0.204234375 0.549453125 0.182990234375 0.5600751953125 0.1747822265625 0.61415234375 0.1979580078125 0.6069091796875
9 0.2027861328125 0.601115234375 0.2259619140625 0.593390625 0.232720703125 0.5325546875 0.2124423828125 0.5426943359375 0.2027861328125 0.601115234375
9 0.2505859375 0.7029912109375 0.28583203125 0.6952666015625 0.28824609375 0.630568359375 0.2544482421875 0.6392587890625 0.2505859375 0.7029912109375
9 0.194578125 0.6638828125 0.1868525390625 0.7213388671875 0.2090625 0.7145791015625 0.2148564453125 0.657123046875 0.194578125 0.6638828125
9 0.164642578125 0.6735390625 0.1559521484375 0.7305126953125 0.1771962890625 0.7271328125 0.1839560546875 0.6677451171875 0.164642578125 0.6735390625
9 0.105255859375 0.7474111328125 0.1265 0.743548828125 0.1351904296875 0.6880234375 0.1163603515625 0.6904384765625 0.105255859375 0.7474111328125
9 0.098013671875 0.800521484375 0.0854599609375 0.860875 0.10332421875 0.8599091796875 0.1115322265625 0.7990732421875 0.098013671875 0.800521484375
9 0.154986328125 0.856046875 0.1656083984375 0.7942451171875 0.1419501953125 0.797625 0.1322939453125 0.8579775390625 0.154986328125 0.856046875
9 0.164642578125 0.8536328125 0.1863701171875 0.85459765625 0.1960263671875 0.78651953125 0.17623046875 0.7894169921875 0.164642578125 0.8536328125
9 0.220650390625 0.8507353515625 0.2684501953125 0.8483212890625 0.276658203125 0.7657587890625 0.227892578125 0.7749326171875 0.220650390625 0.8507353515625
9 0.372740234375 0.8063154296875 0.3761201171875 0.7401689453125 0.3268720703125 0.7469287109375 0.321078125 0.812109375 0.372740234375 0.8063154296875
9 0.486408203125 0.5735 0.5216796875 0.5586943359375 0.552162109375 0.563048828125 0.55085546875 0.5286474609375 0.485537109375 0.5473720703125 0.486408203125 0.5735
9 0.348802734375 0.619658203125 0.3923486328125 0.603111328125 0.3923486328125 0.5791611328125 0.348802734375 0.5948369140625 0.348802734375 0.619658203125
9 0.54100390625 0.7818662109375 0.542072265625 0.7236533203125 0.4881318359375 0.72792578125 0.484927734375 0.7856044921875 0.54100390625 0.7818662109375
9 0.27127734375 0.9288388671875 0.3006875 0.929716796875 0.300248046875 0.9117197265625 0.2739111328125 0.910841796875 0.27127734375 0.9288388671875
9 0.3972587890625 0.94332421875 0.4108662109375 0.9428857421875 0.41218359375 0.9196201171875 0.399892578125 0.9196201171875 0.3972587890625 0.94332421875
9 0.230892578125 0.9788798828125 0.2629365234375 0.981513671875 0.2668876953125 0.94551953125 0.2352822265625 0.9428857421875 0.230892578125 0.9788798828125
9 0.6794501953125 1 0.7961103515625 0.9999453125 0.790982421875 0.922384765625 0.67752734375 0.9262314453125 0.6794501953125 1
9 0.8339287109375 1 0.8608505859375 0.9999453125 0.8653369140625 0.983919921875 0.91084765625 0.9711005859375 0.907642578125 0.915333984375 0.825595703125 0.9204619140625 0.8339287109375 1
9 0.9467431640625 0.963408203125 1 0.9582802734375 0.9993037109375 0.91148828125 0.93905078125 0.9134111328125 0.9467431640625 0.963408203125
1 0.9994208984375 1 1 0.9605546875 0.9605546875 0.9638857421875 0.91428515625 0.972029296875 0.8709775390625 0.983134765625 0.867275390625 0.9857255859375 0.86653515625 0.990537109375 0.8624638671875 0.999791015625 0.9994208984375 1
9 0.7422431640625 0.2810087890625 0.78537109375 0.3059765625 0.780376953125 0.241966796875 0.73951953125 0.214728515625 0.7422431640625 0.2810087890625
9 0.86118359375 0.3522822265625 0.895685546875 0.369533203125 0.8906923828125 0.3136943359375 0.8552822265625 0.2905419921875 0.86118359375 0.3522822265625
9 0.9506162109375 0.4058505859375 0.9778544921875 0.4217392578125 0.971044921875 0.367716796875 0.943806640625 0.3491044921875 0.9506162109375 0.4058505859375
9 0.966505859375 0.5325087890625 0.9987373046875 0.5470361328125 0.9869345703125 0.4852958984375 0.9587880859375 0.472130859375 0.966505859375 0.5325087890625
9 0.8729873046875 0.4930126953125 0.9088505859375 0.507994140625 0.9034033203125 0.445345703125 0.8689013671875 0.428548828125 0.8729873046875 0.4930126953125
9 0.74769140625 0.436720703125 0.7958125 0.45442578125 0.7903642578125 0.3731650390625 0.7440595703125 0.350919921875 0.74769140625 0.436720703125
9 0.7558623046875 0.61376953125 0.8089775390625 0.6287509765625 0.8017138671875 0.5284228515625 0.75177734375 0.5093564453125 0.7558623046875 0.61376953125
9 0.888421875 0.650541015625 0.9306416015625 0.66007421875 0.9202001953125 0.569734375 0.879796875 0.55929296875 0.888421875 0.650541015625
9 1 0.6142236328125 0.9764931640625 0.606505859375 0.9860263671875 0.6759638671875 1 0.679595703125 1 0.6142236328125
9 0.7617646484375 0.713189453125 0.7672119140625 0.813970703125 0.813970703125 0.818056640625 0.809884765625 0.7199990234375 0.7617646484375 0.713189453125
9 0.9065810546875 0.8248662109375 0.9451689453125 0.826228515625 0.9356357421875 0.7431513671875 0.8993173828125 0.7377041015625 0.9065810546875 0.8248662109375
9 1 0.754046875 0.9955595703125 0.755408203125 1 0.807615234375 1 0.754046875
9 0.01040234375 0.8981416015625 0.0062958984375 0.9260625 0.0347646484375 0.9282529296875 0.0380498046875 0.8978671875 0.01040234375 0.8981416015625
8 0 0.749126953125 0.001189453125 0.92570703125 0.01426953125 0.900736328125 0.019025390625 0.8936015625 0.0237822265625 0.8852783203125 0.0344833984375 0.8710087890625 0.04696875 0.857333984375 0.0505361328125 0.8460380859375 0.0535087890625 0.833552734375 0.0523203125 0.824634765625 0.0434013671875 0.8169052734375 0.0404287109375 0.806203125 0.0428076171875 0.7907451171875 0.04934765625 0.7687470703125 0.058265625 0.7568564453125 0.0707509765625 0.7378310546875 0.0749130859375 0.7247509765625 0.0761015625 0.712265625 0.0737236328125 0.7003740234375 0.07015625 0.6950234375 0.062427734375 0.690267578125 0.0535087890625 0.6896728515625 0.0457802734375 0.696212890625 0.042212890625 0.7063203125 0.03210546875 0.7188056640625 0.0267548828125 0.7277236328125 0.0208095703125 0.731291015625 0.011890625 0.7301015625 0.00297265625 0.7378310546875 0.001783203125 0.749126953125 0 0.749126953125
6 0 0.9992685546875 0.3823701171875 1 0.0403203125 0.954916015625 0 0.951556640625 0 0.9992685546875
2 1 0.2997001953125 0.9103720703125 0.230794921875 0.6394990234375 0.0050068359375 0.55366015625 0.066525390625 0.3815546875 0.1869013671875 0.39361328125 0.118859375 0.3522705078125 0.11713671875 0.32729296875 0.173982421875 0.2980087890625 0.2962861328125 0.0795986328125 0.472421875 0.085703125 0.4866181640625 0.111849609375 0.5084072265625 0.1100029296875 0.53523828125 0.0853447265625 0.6908193359375 0.00134375 0.6827548828125 0 0.950212890625 0.22377734375 0.9764208984375 0.3882509765625 0.999283203125 0.837052734375 1 0.86059765625 1 0.8660927734375 0.9893212890625 0.8667587890625 0.9856572265625 0.870755859375 0.9824931640625 0.9017294921875 0.9745 0.936126953125 0.9674033203125 0.965701171875 0.962626953125 1 0.9595537109375 1 0.2997001953125