2 0 0.9080751953125 0.11701953125 0.9075849609375 0.1143310546875 0.929400390625 0.524693359375 0.9284482421875 0.5248330078125 0.94984765625 0.8411376953125 0.9486298828125 0.825919921875 0.8573671875 0.8217197265625 0.8430244140625 0.81689453125 0.8293623046875 0.7802333984375 0.640583984375 0.7882138671875 0.622544921875 0.7866103515625 0.616212890625 0.7771044921875 0.61591015625 0.71854296875 0.28593359375 0.7496142578125 0.2002060546875 0.7741240234375 0.12938671875 0.7646474609375 0.1277431640625 0.535216796875 0.1468193359375 0.4557060546875 0.13503125 0.45349609375 0.131408203125 0.4487080078125 0.1224853515625 0.4397412109375 0.119998046875 0.43473046875 0.1241591796875 0.43221484375 0.13110546875 0.423287109375 0.128080078125 0.418587890625 0.093033203125 0.415599609375 0.0858662109375 0.3206123046875 0.0276572265625 0.3161689453125 0.0211865234375 0.3087666015625 0.0221171875 0.2985263671875 0.03327734375 0.21325 0.0999873046875 0.2038857421875 0.11165234375 0.2157421875 0.1377919921875 0.2096875 0.150775390625 0.197408203125 0.1639169921875 0.1597626953125 0.174783203125 0.127298828125 0.1834013671875 0 0.1942080078125 0 0.9080751953125
9 0.1162099609375 0.3312431640625 0.1229697265625 0.25636328125 0.0364501953125 0.262642578125 0.0245751953125 0.337953125 0.1162099609375 0.3312431640625
9 0.1020732421875 0.4767294921875 0.1096201171875 0.3916494140625 0.0164931640625 0.3970634765625 0.0047080078125 0.481923828125 0.1020732421875 0.4767294921875
9 0 0.645095703125 0.0824521484375 0.6415107421875 0.0939775390625 0.5445771484375 0 0.5481591796875 0 0.645095703125
9 0.0622177734375 0.8369658203125 0.072837890625 0.7239697265625 0.0000634765625 0.724138671875 0 0.838337890625 0.0622177734375 0.8369658203125
9 0.221880859375 0.8281572265625 0.2256044921875 0.7029404296875 0.176798828125 0.711041015625 0.1635908203125 0.832306640625 0.221880859375 0.8281572265625
9 0.329806640625 0.823294921875 0.3297529296875 0.695298828125 0.2508212890625 0.69684375 0.244642578125 0.8252177734375 0.329806640625 0.823294921875
9 0.42774609375 0.8273525390625 0.4206318359375 0.7018916015625 0.351423828125 0.696826171875 0.3533955078125 0.8228349609375 0.42774609375 0.8273525390625
9 0.2327646484375 0.607076171875 0.2353193359375 0.5101240234375 0.1897109375 0.5247705078125 0.1784208984375 0.619076171875 0.2327646484375 0.607076171875
9 0.3293486328125 0.60119140625 0.3312900390625 0.5014365234375 0.256177734375 0.5041455078125 0.25394140625 0.6030732421875 0.3293486328125 0.60119140625
9 0.4242177734375 0.6111025390625 0.419486328125 0.511580078125 0.3499423828125 0.5018359375 0.3510107421875 0.600900390625 0.4242177734375 0.6111025390625
9 0.23801953125 0.4289921875 0.2422548828125 0.3485048828125 0.2006650390625 0.3667333984375 0.191779296875 0.44665234375 0.23801953125 0.4289921875
9 0.330130859375 0.42123046875 0.33135546875 0.3392880859375 0.2621064453125 0.34253515625 0.2590732421875 0.426189453125 0.330130859375 0.42123046875
9 0.4128076171875 0.434896484375 0.40867578125 0.353134765625 0.3497919921875 0.3403798828125 0.3506357421875 0.4238359375 0.4128076171875 0.434896484375
9 0.245115234375 0.27348828125 0.2474853515625 0.20791796875 0.20873046875 0.2296767578125 0.2007958984375 0.294904296875 0.245115234375 0.27348828125
9 0.293146484375 0.266353515625 0.3288251953125 0.2647919921875 0.3288515625 0.1941513671875 0.266208984375 0.199197265625 0.2640634765625 0.2702216796875 0.293146484375 0.266353515625
9 0.3775908203125 0.271685546875 0.4082109375 0.2806474609375 0.404806640625 0.211126953125 0.349505859375 0.1950166015625 0.348728515625 0.2669697265625 0.3775908203125 0.271685546875
9 0.613298828125 0.295375 0.604642578125 0.216447265625 0.5072021484375 0.225515625 0.512400390625 0.3034267578125 0.613298828125 0.295375
9 0.6320302734375 0.445005859375 0.6224443359375 0.3566240234375 0.517759765625 0.3642060546875 0.526232421875 0.45189453125 0.6320302734375 0.445005859375
9 0.65813671875 0.6204375 0.643341796875 0.5180302734375 0.5302900390625 0.5233056640625 0.541466796875 0.6249130859375 0.65813671875 0.6204375
9 0.6866845703125 0.82905859375 0.6710380859375 0.70591796875 0.5480888671875 0.7093291015625 0.5591591796875 0.8310703125 0.6866845703125 0.82905859375
1 0.89678125 0.9996201171875 0.8936806640625 0.9954111328125 0.89390234375 0.992697265625 0.89567578125 0.9875615234375 0.8891767578125 0.9847216796875 0.824009765625 0.9735439453125 0.8197373046875 0.9691923828125 0.8183173828125 0.9654921875 0.81104296875 0.96451171875 0.8035751953125 0.964955078125 0.789029296875 0.969072265625 0.7655986328125 0.9660146484375 0.7112138671875 0.9611591796875 0.6521337890625 0.9606591796875 0.60546875 0.963625 0.562107421875 0.969466796875 0.5405576171875 0.9768232421875 0.5100439453125 0.9917822265625 0.4954853515625 1 0.89678125 0.9996201171875
8 0.4706201171875 0.99925 0.4652421875 0.7980244140625 0.4664921875 0.79025 0.475865234375 0.77156640625 0.489107421875 0.7619677734375 0.49669921875 0.7639833984375 0.5021611328125 0.7592587890625 0.5058349609375 0.74671875 0.511779296875 0.744189453125 0.51627734375 0.742607421875 0.5217294921875 0.733337890625 0.529193359375 0.72967578125 0.5344619140625 0.724447265625 0.536556640625 0.717056640625 0.530671875 0.70766796875 0.5165419921875 0.70487109375 0.507599609375 0.7040791015625 0.5072265625 0.6948935546875 0.512337890625 0.6865751953125 0.515958984375 0.679015625 0.51417578125 0.6720830078125 0.5056826171875 0.67291015625 0.4906044921875 0.677716796875 0.4928701171875 0.670794921875 0.50595703125 0.662650390625 0.514009765625 0.65876953125 0.517208984375 0.6497158203125 0.515158203125 0.640029296875 0.510826171875 0.6335322265625 0.49446875 0.6330556640625 0.492119140625 0.62923046875 0.500568359375 0.6261826171875 0.505603515625 0.6185751953125 0.5065673828125 0.609205078125 0.500208984375 0.598333984375 0.5031171875 0.592626953125 0.5060087890625 0.58628515625 0.5035693359375 0.574314453125 0.510744140625 0.5635986328125 0.513154296875 0.5541337890625 0.5090537109375 0.539044921875 0.4981123046875 0.5334248046875 0.499947265625 0.518873046875 0.5016171875 0.5050068359375 0.500306640625 0.4963857421875 0.4961298828125 0.4869912109375 0.48525390625 0.4801943359375 0.4769375 0.480998046875 0.4659287109375 0.489330078125 0.4645068359375 0.4836552734375 0.4646484375 0.469337890625 0.47331640625 0.453865234375 0.478029296875 0.4396728515625 0.4817333984375 0.435248046875 0.491615234375 0.425060546875 0.49342578125 0.41653515625 0.4904931640625 0.3987177734375 0.480369140625 0.3875126953125 0.4807880859375 0.3765986328125 0.4733408203125 0.36935546875 0.4636328125 0.36935546875 0.44909765625 0.376306640625 0.445755859375 0.3590400390625 0.44934765625 0.3432412109375 0.4441796875 0.3322294921875 0.4393271484375 0.3258515625 0.4323798828125 0.3247001953125 0.427642578125 0.330947265625 0.4228984375 0.3351787109375 0.426923828125 0.3483310546875 0.42153125 0.3514150390625 0.4171064453125 0.37110546875 0.41647265625 0.3757314453125 0.4227138671875 0.393072265625 0.4186181640625 0.3993486328125 0.4103974609375 0.4004736328125 0.4090224609375 0.4073896484375 0.4173330078125 0.41776171875 0.41707421875 0.4468984375 0.41230859375 0.4569853515625 0.4028212890625 0.450296875 0.393552734375 0.452072265625 0.3895087890625 0.458267578125 0.374736328125 0.45920703125 0.368560546875 0.4614560546875 0.3664140625 0.467302734375 0.3706953125 0.477244140625 0.3692734375 0.4865380859375 0.37587109375 0.4970849609375 0.38743359375 0.5075576171875 0.3860419921875 0.51896484375 0.38636328125 0.5353056640625 0.3952294921875 0.5566083984375 0.406900390625 0.57479296875 0.4081943359375 0.596048828125 0.4173330078125 0.6056640625 0.4139892578125 0.617185546875 0.4084423828125 0.624416015625 0.406111328125 0.6334013671875 0.4077255859375 0.6469404296875 0.402009765625 0.6541376953125 0.3953818359375 0.6586962890625 0.388392578125 0.6733544921875 0.3825400390625 0.6843994140625 0.3864833984375 0.69086328125 0.3980263671875 0.696955078125 0.4071591796875 0.695076171875 0.4174091796875 0.696884765625 0.422068359375 0.7005791015625 0.4192529296875 0.709671875 0.41064453125 0.721056640625 0.40985546875 0.7290029296875 0.4136318359375 0.738865234375 0.4140732421875 0.7479140625 0.4194326171875 0.7647099609375 0.415990234375 0.7798232421875 0.4173134765625 0.7842724609375 0.4285244140625 0.79011328125 0.428783203125 0.805490234375 0.42202734375 0.8114814453125 0.4168232421875 0.818689453125 0.4123798828125 0.8178994140625 0.4058330078125 0.8062666015625 0.3995185546875 0.8029033203125 0.394837890625 0.80678125 0.395162109375 0.8118896484375 0.40897265625 0.82964453125 0.4213271484375 0.8437333984375 0.4306865234375 0.8452666015625 0.441900390625 0.841740234375 0.4514228515625 1 0.4706201171875 0.99925
8 1 0.62841796875 0.997236328125 0.61801953125 0.9817255859375 0.6173896484375 0.971126953125 0.6186630859375 0.963751953125 0.623060546875 0.9612998046875 0.6164287109375 0.9570537109375 0.619474609375 0.957328125 0.6266201171875 0.96113671875 0.6421484375 0.95430859375 0.6358525390625 0.9421083984375 0.6382822265625 0.9366962890625 0.6348603515625 0.9290400390625 0.619974609375 0.91548828125 0.611939453125 0.9047431640625 0.606576171875 0.89778125 0.6052216796875 0.892583984375 0.6023828125 0.8917431640625 0.6062763671875 0.897744140625 0.6292802734375 0.8924794921875 0.6328408203125 0.886490234375 0.6370263671875 0.8802548828125 0.640501953125 0.8685537109375 0.630853515625 0.86564453125 0.63209765625 0.8726728515625 0.6437373046875 0.8703896484375 0.6483583984375 0.866138671875 0.6505888671875 0.866548828125 0.6577451171875 0.8758818359375 0.6736181640625 0.8751201171875 0.6819267578125 0.8667646484375 0.6782822265625 0.8574873046875 0.6720419921875 0.852251953125 0.66359765625 0.8443505859375 0.66288671875 0.83746484375 0.659568359375 0.8266259765625 0.6548955078125 0.818849609375 0.6564072265625 0.808904296875 0.6628798828125 0.8024951171875 0.6700234375 0.796623046875 0.683025390625 0.7960615234375 0.7000791015625 0.795255859375 0.7160693359375 0.8025888671875 0.7580458984375 0.8096923828125 0.7886689453125 0.81613671875 0.8239873046875 0.826171875 0.84912109375 0.837890625 0.91943359375 0.841494140625 0.9472197265625 0.8662763671875 0.9467958984375 0.883587890625 0.9476904296875 0.90656640625 0.948544921875 0.94851953125 0.950171875 0.9541015625 0.95556640625 0.958671875 0.97076953125 0.9654404296875 1 1 0.99951171875 1 0.62841796875
3 0.964796875 1 0.9536025390625 0.9570458984375 0.947826171875 0.9510888671875 0.84583984375 0.9505380859375 0.5233193359375 0.9519326171875 0.522927734375 0.9295361328125 0.381251953125 0.9299033203125 0.11218359375 0.9303818359375 0.115013671875 0.9093076171875 0.00089453125 0.910306640625 0 1 0.4865419921875 0.9989697265625 0.493671875 0.99935546875 0.51696484375 0.9871943359375 0.53908984375 0.9762392578125 0.5621337890625 0.9684365234375 0.6070830078125 0.962568359375 0.643064453125 0.959958984375 0.6960498046875 0.9597685546875 0.7170224609375 0.9600947265625 0.7753759765625 0.96642578125 0.7895849609375 0.9675439453125 0.8008271484375 0.964232421875 0.8141865234375 0.963693359375 0.8191142578125 0.96522265625 0.8247783203125 0.9716494140625 0.8956357421875 0.9858701171875 0.8979033203125 0.988759765625 0.8960205078125 0.99482421875 0.898060546875 1 0.964796875 1