2 1 0.07825 0.89400390625 0.0029345703125 0.6701865234375 0.094806640625 0.3849697265625 0.2115517578125 0.354099609375 0.206103515625 0.310517578125 0.22335546875 0.23991015625 0.20662109375 0.1997333984375 0.227283203125 0.16472265625 0.2203955078125 0.145208984375 0.2525361328125 0.0912578125 0.283529296875 0.037880859375 0.2973046875 0.00057421875 0.28812109375 0.001283203125 0.6083271484375 0.041990234375 0.6075263671875 0.085658203125 0.6123076171875 0.08469140625 0.637130859375 0.1609775390625 0.66651953125 0.2803544921875 0.671041015625 0.3646416015625 0.6898984375 0.598626953125 0.7403017578125 0.6389345703125 0.7470869140625 0.6401318359375 0.75387109375 0.656095703125 0.7578623046875 0.664875 0.7642470703125 0.6724580078125 0.755068359375 0.6841748046875 0.7484462890625 0.7049072265625 0.7484462890625 0.7214931640625 0.75812109375 0.727712890625 0.7802353515625 0.7339326171875 0.7843818359375 0.74014453125 0.7535693359375 0.7499892578125 0.71598046875 0.77862890625 0.6515419921875 0.8206923828125 0.6166376953125 0.9003447265625 0.5996337890625 1 0.6005283203125 1 0.07825
9 0.7617587890625 0.7489658203125 0.7617587890625 0.5995859375 0.71512890625 0.5975224609375 0.71512890625 0.738650390625 0.7617587890625 0.7489658203125
9 0.7654658203125 0.5472080078125 0.7661787109375 0.4110146484375 0.712294921875 0.416521484375 0.7134501953125 0.5466220703125 0.7654658203125 0.5472080078125
9 0.8612802734375 0.545966796875 0.8617119140625 0.400404296875 0.80080859375 0.40515625 0.799513671875 0.5442392578125 0.8612802734375 0.545966796875
9 0.766751953125 0.3424365234375 0.7676044921875 0.2260166015625 0.715578125 0.2396630859375 0.7147255859375 0.3496865234375 0.766751953125 0.3424365234375
9 0.862494140625 0.3283310546875 0.861833984375 0.200060546875 0.8012451171875 0.2166650390625 0.7987451171875 0.3370810546875 0.862494140625 0.3283310546875
9 0.5694912109375 0.6553857421875 0.5694912109375 0.589494140625 0.51271875 0.5874345703125 0.513306640625 0.6483251953125 0.5694912109375 0.6553857421875
9 0.480982421875 0.5838916015625 0.41100390625 0.580724609375 0.4108369140625 0.6350732421875 0.480666015625 0.6443701171875 0.480982421875 0.5838916015625
9 0.38325 0.6304404296875 0.384451171875 0.5784794921875 0.34510546875 0.5778779296875 0.3454052734375 0.6274365234375 0.38325 0.6304404296875
9 0.3210537109375 0.6227763671875 0.3209169921875 0.57487890625 0.2894873046875 0.5745693359375 0.2887529296875 0.6191064453125 0.3210537109375 0.6227763671875
9 0.481732421875 0.49940234375 0.481267578125 0.4431376953125 0.4133779296875 0.4515078125 0.4119833984375 0.50126171875 0.481732421875 0.49940234375
9 0.5184755859375 0.4378232421875 0.5195224609375 0.4975263671875 0.56990625 0.4968798828125 0.56990625 0.433640625 0.5184755859375 0.4378232421875
9 0.32078125 0.50958984375 0.3215595703125 0.4613173828125 0.292751953125 0.4624853515625 0.291583984375 0.5099794921875 0.32078125 0.50958984375
9 0.5719365234375 0.3440009765625 0.5705380859375 0.2787431640625 0.50994140625 0.293193359375 0.5122548828125 0.355525390625 0.5719365234375 0.3440009765625
9 0.4827548828125 0.36231640625 0.481755859375 0.3048447265625 0.4132900390625 0.3223359375 0.4127900390625 0.3758095703125 0.4827548828125 0.36231640625
9 0.389369140625 0.381265625 0.387439453125 0.336115234375 0.3500078125 0.343447265625 0.3503935546875 0.383966796875 0.389369140625 0.381265625
9 0.4521953125 0.261126953125 0.4518212890625 0.2131728515625 0.4106103515625 0.2270341796875 0.4121083984375 0.2723662109375 0.4521953125 0.261126953125
9 0.734767578125 0.1321416015625 0.734767578125 0.10600390625 0.6805556640625 0.125365234375 0.6820078125 0.1500517578125 0.734767578125 0.1321416015625
0 0.15111328125 0.6314755859375 0.153583984375 0.5893466796875 0.0920478515625 0.584025390625 0.0915185546875 0.6226435546875 0.15111328125 0.6314755859375
0 0.155634765625 0.48073828125 0.094072265625 0.481083984375 0.0951103515625 0.5149775390625 0.154943359375 0.5142861328125 0.155634765625 0.48073828125
0 0.922603515625 0.5501845703125 0.9188505859375 0.4666953125 0.662822265625 0.4798017578125 0.6504423828125 0.48180859375 0.643416015625 0.48381640625 0.6440849609375 0.4885009765625 0.6537880859375 0.488166015625 0.6530234375 0.4981103515625 0.6373671875 0.496462890625 0.635615234375 0.50323828125 0.6387060546875 0.5058134765625 0.6515830078125 0.5083896484375 0.65148828125 0.547580078125 0.922603515625 0.5501845703125
8 0 0.60858203125 0.012419921875 0.6044423828125 0.0215283203125 0.539029296875 0.0471962890625 0.53075 0.07866015625 0.5456533203125 0.0977041015625 0.5771181640625 0.1415888671875 0.5870537109375 0.1225439453125 0.55310546875 0.1415888671875 0.55558984375 0.1391044921875 0.5224697265625 0.0929541015625 0.5175732421875 0.0913037109375 0.4796220703125 0.15743359375 0.47697265625 0.160046875 0.5000146484375 0.1809677734375 0.5021064453125 0.199796875 0.496876953125 0.212349609375 0.520935546875 0.2458232421875 0.5303505859375 0.2154873046875 0.54394921875 0.171552734375 0.5219814453125 0.1590009765625 0.541857421875 0.16423046875 0.5627783203125 0.18837890625 0.5611630859375 0.31817578125 0.582224609375 0.35913671875 0.5646708984375 0.33865625 0.678775390625 0.2925751953125 0.66853515625 0.3057412109375 0.6414716796875 0.3120390625 0.62476171875 0.3011142578125 0.6254443359375 0.280630859375 0.6486591796875 0.286775390625 0.632955078125 0.29565234375 0.6083740234375 0.2911123046875 0.5902705078125 0.2611240234375 0.5778369140625 0.222357421875 0.569791015625 0.1967568359375 0.5719853515625 0.1765380859375 0.58959375 0.1803662109375 0.599802734375 0.1633505859375 0.6121396484375 0.1522900390625 0.61086328125 0.151865234375 0.6202216796875 0.1586708984375 0.6266025390625 0.1653046875 0.6721923828125 0.130673828125 0.6582470703125 0.0835009765625 0.6425224609375 0.0818740234375 0.614869140625 0.069435546875 0.6114599609375 0.026375 0.60823046875 0.0032294921875 0.610921875 0 0.79256640625 0.23937890625 1 0.6638251953125 0.9997607421875 0.6549189453125 0.759001953125 0.36188671875 0.682140625 0.3883818359375 0.551298828125 0.4378388671875 0.5905732421875 0.46111328125 0.6022109375 0.49166015625 0.5949375 0.5440263671875 0.5920283203125 0.55275390625 0.5862099609375 0.5614814453125 0.5483896484375 0.600755859375 0.564390625 0.6356669921875 0.5367529296875 0.6342119140625 0.5134794921875 0.6531220703125 0.4989326171875 0.68221484375 0.466931640625 0.7011240234375 0.46111328125 0.718580078125 0.436384765625 0.69821484375 0.41601953125 0.706943359375 0.4014736328125 0.7403994140625 0.3942001953125 0.784037109375 0.36947265625 0.821857421875 0.3156513671875 0.7942197265625 0.29383203125 0.768037109375 0.299650390625 0.7345810546875 0.318560546875 0.7156708984375 0.2865595703125 0.7098525390625 0.2516484375 0.692396484375 0.234193359375 0.688033203125 0.2051005859375 0.6793056640625 0.184736328125 0.6633046875 0.165826171875 0.5949375 0.1818271484375 0.6225751953125 0.1294609375 0.6603955078125 0.0829130859375 0.688033203125 0.0349111328125 0.6603955078125 0.013091796875 0.61384765625 0.0087275390625 0.5003876953125 0 0.4698408203125 0.0378203125 0.4683857421875 0.0101826171875 0.4189287109375 0.001455078125 0.41165625 0.01891015625 0.375291015625 0.0450927734375 0.3534716796875 0.0072734375 0.3272880859375 0.0029091796875 0.288013671875 0.0334560546875 0.274921875 0.01163671875 0.238556640625 0.0203642578125 0.228375 0.04945703125 0.203646484375 0.030546875 0.1803720703125 0.0101826171875 0.139642578125 0 0.1265517578125 0.01891015625 0.1472802734375 0.0660693359375 0.1637978515625 0.123880859375 0.13764453125 0.133515625 0.11969921875 0.085330078125 0.103107421875 0.0592568359375 0.0880927734375 0.06331640625 0.086716796875 0.0922216796875 0.108279296875 0.1735078125 0.0969287109375 0.186205078125 0.0790732421875 0.1947080078125 0.054416015625 0.157296875 0.049314453125 0.163248046875 0.0527158203125 0.201509765625 0.0221064453125 0.1743017578125 0.0085029296875 0.178552734375 0.0143505859375 0.2100361328125 0.02295703125 0.234669921875 0.026357421875 0.253375 0.0300048828125 0.2778740234375 0.0156552734375 0.3183154296875 0 0.3404931640625 0 0.60858203125
8 1 0.6020283203125 0.94169140625 0.6005419921875 0.8807451171875 0.605001953125 0.8354072265625 0.619123046875 0.786353515625 0.6495966796875 0.76554296875 0.6964208984375 0.745474609375 0.7417587890625 0.739451171875 0.7912861328125 0.7320458984375 0.82196484375 0.7193515625 1 1 1 1 0.6020283203125
6 0.2321357421875 1 0.000857421875 0.7971083984375 0 1 0.2321357421875 1
0 0.65749609375 0.358216796875 0.9169736328125 0.3230078125 0.915443359375 0.2441689453125 0.65826171875 0.301576171875 0.65749609375 0.358216796875
0 0.878396484375 0 0.6535400390625 0.0982666015625 0.65139453125 0.1613466796875 0.9547783203125 0.0523515625 1 0.080244140625 0.9998349609375 0.021884765625 0.971513671875 0 0.878396484375 0
0 0.756591796875 0.7465361328125 0.7604228515625 0.73648046875 0.761859375 0.7240302734375 0.7623388671875 0.711580078125 0.76425390625 0.70056640625 0.7690419921875 0.6914677734375 0.77574609375 0.68428515625 0.6589052734375 0.6670458984375 0.65651171875 0.7292978515625 0.756591796875 0.7465361328125