9 0.1398203125 0.203751953125 0.1409794921875 0.203494140625 0.21353125 0.1627724609375 0.2153359375 0.1376435546875 0.1426552734375 0.1802841796875 0.13969140625 0.2018046875 0.1398203125 0.203751953125
9 0.1966923828125 0.2748955078125 0.2012158203125 0.2417177734375 0.121720703125 0.28458984375 0.1169814453125 0.315181640625 0.1966923828125 0.2748955078125
9 0.1763779296875 0.421025390625 0.183078125 0.3711845703125 0.0903623046875 0.415369140625 0.081669921875 0.4633994140625 0.1763779296875 0.421025390625
9 0.144658203125 0.6257255859375 0.1565771484375 0.5482294921875 0.05344921875 0.589560546875 0.0367607421875 0.6648701171875 0.144658203125 0.6257255859375
9 0 0.9569501953125 0.0995400390625 0.9327626953125 0.1172158203125 0.8040341796875 0 0.8359736328125 0 0.9569501953125
9 0.383294921875 0.8652841796875 0.3777646484375 0.7223466796875 0.262478515625 0.7542529296875 0.257373046875 0.894212890625 0.383294921875 0.8652841796875
9 0.37180859375 0.5389951171875 0.3684052734375 0.4575009765625 0.2769423828125 0.4943271484375 0.270986328125 0.57387890625 0.37180859375 0.5389951171875
9 0.3645771484375 0.3305439453125 0.3620244140625 0.2811962890625 0.284173828125 0.320333984375 0.2833232421875 0.3688310546875 0.3645771484375 0.3305439453125
9 0.3586689453125 0.18523046875 0.358177734375 0.1532939453125 0.2928310546875 0.1901435546875 0.2906201171875 0.2218349609375 0.3586689453125 0.18523046875
9 0.3563984375 0.079001953125 0.355330078125 0.05314453125 0.295189453125 0.0889091796875 0.2939443359375 0.114587890625 0.3563984375 0.079001953125
8 0 0.999392578125 0.0946767578125 0.999580078125 0.09830078125 0.9817724609375 0.103865234375 0.970953125 0.10479296875 0.958279296875 0.0942822265625 0.958279296875 0.0806806640625 0.9576611328125 0.06831640625 0.962916015625 0.0670791015625 0.9703349609375 0.071716796875 0.9758994140625 0.0701708984375 0.992591796875 0.065224609375 0.99815625 0.0578056640625 0.997228515625 0.0574970703125 0.9845546875 0.0540966796875 0.9802275390625 0.04544140625 0.983318359375 0.0426591796875 0.99351953125 0.037404296875 0.994447265625 0.0336943359375 0.9610615234375 0.0312216796875 0.951478515625 0.0222568359375 0.9539521484375 0.0114375 0.958279296875 0.00247265625 0.9660078125 0 0.9737353515625 0 0.999392578125
8 0.3210771484375 0.874052734375 0.3183251953125 0.8635029296875 0.3160322265625 0.86487890625 0.3119033203125 0.881849609375 0.3041064453125 0.944689453125 0.296767578125 0.946982421875 0.2738330078125 0.9644130859375 0.272916015625 0.9515693359375 0.276126953125 0.9258837890625 0.27566796875 0.8891884765625 0.26924609375 0.8901064453125 0.2646591796875 0.905701171875 0.260990234375 0.9162509765625 0.2586962890625 0.9488173828125 0.2568623046875 0.9754208984375 0.251357421875 0.946982421875 0.255486328125 0.9107470703125 0.2793369140625 0.84653125 0.2797958984375 0.835064453125 0.2742919921875 0.8355234375 0.25181640625 0.8903017578125 0.239431640625 0.924703125 0.239890625 0.9531416015625 0.241658203125 0.9817724609375 0.2385673828125 0.992283203125 0.227748046875 0.9898095703125 0.21074609375 0.987955078125 0.2039453125 0.9758994140625 0.21785546875 0.962607421875 0.2218740234375 0.953642578125 0.2156923828125 0.953642578125 0.2076552734375 0.9530244140625 0.2110556640625 0.94127734375 0.217546875 0.9273671875 0.217546875 0.9202578125 0.2122919921875 0.9190205078125 0.206109375 0.9224208984375 0.20178125 0.9196396484375 0.1972197265625 0.9196396484375 0.1938193359375 0.9221123046875 0.1922744140625 0.9289130859375 0.190728515625 0.9344775390625 0.1780546875 0.91840234375 0.172181640625 0.9199482421875 0.172181640625 0.923966796875 0.1647626953125 0.9208759765625 0.160744140625 0.926130859375 0.1613623046875 0.9372587890625 0.1851640625 0.9755908203125 0.18485546875 0.9997021484375 0.1486875 0.9984658203125 0.1486875 0.9898095703125 0.14590625 0.9347861328125 0.1434326171875 0.9233486328125 0.13910546875 0.9233486328125 0.13477734375 0.930458984375 0.13725 0.9731171875 0.1350869140625 0.997228515625 0.10055078125 0.999591796875 0.30620703125 1 0.3128212890625 0.9847900390625 0.3132802734375 0.956615234375 0.3210771484375 0.874052734375
8 0.9980791015625 0.999462890625 1 0.88802734375 0.9932333984375 0.882490234375 0.9800830078125 0.8582646484375 0.9600107421875 0.8340390625 0.9503203125 0.820888671875 0.930248046875 0.802892578125 0.91709765625 0.7855888671875 0.8838740234375 0.7758984375 0.8624169921875 0.773822265625 0.8402685546875 0.77520703125 0.828501953125 0.7821279296875 0.8236572265625 0.79389453125 0.8188125 0.8146591796875 0.8201962890625 0.8361162109375 0.8215810546875 0.87003125 0.8181201171875 0.8984091796875 0.8257333984375 0.923326171875 0.8271181640625 0.9475517578125 0.8340390625 0.97177734375 0.83334765625 0.999462890625 0.9980791015625 0.999462890625
2 0.3211103515625 0 0.24409375 0.047892578125 0 0.203056640625 0 1 1 1 1 0.7572373046875 0.8857353515625 0.51353125 0.889484375 0.5107197265625 0.8866728515625 0.5019736328125 0.87886328125 0.499474609375 0.7906171875 0.3161220703125 0.767189453125 0.2480244140625 0.758392578125 0.250591796875 0.6519443359375 0.0273603515625 0.6373779296875 0 0.3211103515625 0