9 0.641375 0.28955859375 0.6443173828125 0.2100859375 0.5768525390625 0.23590234375 0.5736826171875 0.313103515625 0.641375 0.28955859375
9 0.6366201171875 0.4876533203125 0.6391103515625 0.3966796875 0.5684755859375 0.415244140625 0.5655322265625 0.5046328125 0.6366201171875 0.4876533203125
9 0.6316396484375 0.7131416015625 0.6348095703125 0.6062939453125 0.56168359375 0.6169345703125 0.556703125 0.7181220703125 0.6316396484375 0.7131416015625
9 0.4277529296875 0.7268828125 0.4366748046875 0.632955078125 0.3816572265625 0.6389033203125 0.3722392578125 0.728369140625 0.4277529296875 0.7268828125
9 0.2798955078125 0.736640625 0.289875 0.6526259765625 0.2492607421875 0.6568037109375 0.239048828125 0.736640625 0.2798955078125 0.736640625
9 0.153328125 0.74350390625 0.1667890625 0.66551171875 0.1329267578125 0.6692587890625 0.121568359375 0.7426630859375 0.153328125 0.74350390625
9 0.1802451171875 0.581150390625 0.190232421875 0.514458984375 0.1588759765625 0.5223564453125 0.1491201171875 0.5853310546875 0.1802451171875 0.581150390625
9 0.205330078125 0.4327275390625 0.2134599609375 0.37369921875 0.1832646484375 0.385544921875 0.1742060546875 0.4410888671875 0.205330078125 0.4327275390625
9 0 0.76508984375 0.03873046875 0.76525390625 0.0425048828125 0.7539296875 0.046115234375 0.753765625 0.051859375 0.733580078125 0.0008203125 0.7314462890625 0 0.76508984375
9 0.4448701171875 0.52838671875 0.453521484375 0.4463837890625 0.40128125 0.4610244140625 0.39196484375 0.5397001953125 0.4448701171875 0.52838671875
9 0.460841796875 0.34970703125 0.4655 0.2794990234375 0.415255859375 0.2984658203125 0.409599609375 0.3656787109375 0.460841796875 0.34970703125
9 0.3208193359375 0.395216796875 0.33022265625 0.3293916015625 0.2912265625 0.3429453125 0.282376953125 0.4060029296875 0.3208193359375 0.395216796875
9 0.301982421875 0.5566796875 0.310580078125 0.4855361328125 0.2753310546875 0.4952080078125 0.264583984375 0.562267578125 0.301982421875 0.5566796875
9 0.8546767578125 0.4240361328125 0.85577734375 0.4597021484375 0.8879208984375 0.4537578125 0.887701171875 0.4469326171875 0.8546767578125 0.4240361328125
9 0.844 0.6115439453125 0.84615625 0.70685546875 0.9065341796875 0.7051298828125 0.903947265625 0.6326767578125 0.844 0.6115439453125
0 1 0.698462890625 0.9475458984375 0.6789501953125 0.81554296875 0.683541015625 0.8149697265625 0.7156806640625 0.9429541015625 0.7116630859375 1 0.729455078125 1 0.698462890625
0 1 0.482900390625 0.9261630859375 0.422236328125 0.80828125 0.443951171875 0.80966015625 0.4729052734375 0.93098828125 0.453947265625 1 0.505994140625 1 0.482900390625
0 0.911685546875 0.23231640625 0.9992353515625 0.329861328125 1 0.305388671875 0.9151328125 0.204396484375 0.8037998046875 0.2378310546875 0.8037998046875 0.2643720703125 0.911685546875 0.23231640625
9 0.05546875 0.6744140625 0.057421875 0.6638671875 0.01220703125 0.65927734375 0.01015625 0.67080078125 0.05546875 0.6744140625
9 0.075892578125 0.6101669921875 0.0804326171875 0.5855185546875 0.0302705078125 0.576220703125 0.0265947265625 0.601951171875 0.075892578125 0.6101669921875
9 0.08280078125 0.53395703125 0.087421875 0.513810546875 0.046390625 0.5030908203125 0.04287890625 0.5228671875 0.08280078125 0.53395703125
9 0 0.8615888671875 0.0319208984375 0.86187109375 0.0409609375 0.818650390625 0.0296611328125 0.8175205078125 0.029943359375 0.81271875 0.00084765625 0.8124365234375 0 0.8121533203125 0 0.8615888671875
1 0.4118388671875 1 0.4078564453125 0.991541015625 0.3912158203125 0.9676787109375 0.3679814453125 0.9560615234375 0.335087890625 0.947583984375 0.299294921875 0.940990234375 0.2343046875 0.89406640625 0.2132685546875 0.8859033203125 0.2123271484375 0.877740234375 0.204791015625 0.87240234375 0.1952529296875 0.8799375 0.12743359375 0.8755419921875 0.12241015625 0.867064453125 0.1167587890625 0.863611328125 0.1076533203125 0.866123046875 0.105455078125 0.87240234375 0.0549052734375 0.8689482421875 0 0.8749140625 0 1 0.4118388671875 1
2 0.7686640625 0 0.021578125 0.3536962890625 0.0174365234375 0.3576201171875 0.01721875 0.3679521484375 0.0193984375 0.373619140625 0.10396484375 0.4006455078125 0.107234375 0.4056591796875 0.1135546875 0.4128515625 0.10200390625 0.4696953125 0.0935029296875 0.4725283203125 0 0.447681640625 0 0.874609375 0.0550087890625 0.868359375 0.105150390625 0.871875 0.107201171875 0.8658203125 0.116869140625 0.8630859375 0.122728515625 0.86708984375 0.128001953125 0.87529296875 0.1952275390625 0.87939453125 0.2048955078125 0.87197265625 0.212669921875 0.8774326171875 0.213451171875 0.8857333984375 0.234642578125 0.8937412109375 0.267669921875 0.9176728515625 0.2997265625 0.9407158203125 0.3382109375 0.9479423828125 0.36796875 0.9556572265625 0.39150390625 0.9674736328125 0.4080078125 0.9908203125 0.41220703125 1 1 1 1 0.221818359375 0.8564638671875 0 0.7686640625 0