9 0.4752314453125 0.272921875 0.479111328125 0.194857421875 0.37759375 0.1698359375 0.3728291015625 0.2509970703125 0.4752314453125 0.272921875
9 0.5933779296875 0.6185234375 0.5849501953125 0.193521484375 0.4815126953125 0.1671767578125 0.473931640625 0.6128974609375 0.5933779296875 0.6185234375
9 0.474431640625 0.4276611328125 0.47754296875 0.3400126953125 0.369072265625 0.3198837890625 0.3635068359375 0.4115888671875 0.474431640625 0.4276611328125
9 0.4717666015625 0.5941806640625 0.47484765625 0.4983837890625 0.3604931640625 0.48419140625 0.3548486328125 0.58794921875 0.4717666015625 0.5941806640625
9 0.682505859375 0.6018232421875 0.6806181640625 0.5197939453125 0.59448046875 0.5096923828125 0.5962548828125 0.5971357421875 0.682505859375 0.6018232421875
9 1 0.5520986328125 0.6920615234375 0.5208056640625 0.6948017578125 0.6019580078125 1 0.625888671875 1 0.5520986328125
9 0.67294921875 0.4532314453125 0.670703125 0.3751416015625 0.5906005859375 0.361205078125 0.5913046875 0.442533203125 0.67294921875 0.4532314453125
9 0.999798828125 0.4991064453125 1 0.4321611328125 0.683642578125 0.378333984375 0.6858916015625 0.4556650390625 0.999798828125 0.4991064453125
9 0.999931640625 0.38249609375 0.9992900390625 0.32128515625 0.67831640625 0.2445068359375 0.68133984375 0.3178154296875 0.999931640625 0.38249609375
9 0.686935546875 0.770359375 0.68427734375 0.6795244140625 0.602931640625 0.67804296875 0.603484375 0.7723994140625 0.686935546875 0.770359375
9 1 0.6862998046875 0.693728515625 0.6778671875 0.6980966796875 0.7710625 1 0.7670458984375 1 0.6862998046875
7 0.9762919921875 0.8864033203125 0.9632158203125 0.7938173828125 0.9682861328125 0.793203125 0.96918359375 0.791833984375 0.9665859375 0.758740234375 0.9640234375 0.7561884765625 0.950359375 0.7562109375 0.9493291015625 0.7572138671875 0.952662109375 0.7929462890625 0.9597744140625 0.793375 0.9716552734375 0.8868818359375 0.9762919921875 0.8864033203125
5 0 0.9632294921875 0.6007529296875 0.906068359375 0.5997080078125 0.6763212890625 0.03344140625 0.6579912109375 0 0.875376953125 0 0.9632294921875
4 0.6503330078125 0.9034931640625 0.6536962890625 0.9023193359375 0.6530107421875 0.8657744140625 0.68655859375 0.8690302734375 0.687568359375 0.9096728515625 0.6914267578125 0.9126923828125 0.70348046875 0.910994140625 0.699916015625 0.8337080078125 0.639439453125 0.831064453125 0.6403330078125 0.90104296875 0.6503330078125 0.9034931640625
9 0.7054794921875 0.8976611328125 0.7830283203125 0.9092802734375 0.7780556640625 0.84934375 0.704359375 0.8528193359375 0.7054794921875 0.8976611328125
8 1 0.8302802734375 0.9746552734375 0.8302685546875 0.9124501953125 0.833115234375 0.7879541015625 0.8364580078125 0.778380859375 0.838107421875 0.7755166015625 0.84251953125 0.77470703125 0.8500244140625 0.77405078125 0.8632880859375 0.77621484375 0.87635546875 0.7802998046875 0.8853974609375 0.7794482421875 0.895208984375 0.7795400390625 0.904271484375 0.782765625 0.910775390625 0.7960810546875 0.9127626953125 0.803330078125 0.914529296875 0.806966796875 0.9090146484375 0.8126728515625 0.907966796875 0.838888671875 0.90741796875 0.8997646484375 0.9016044921875 0.9062099609375 0.90366796875 0.911625 0.9037392578125 0.915392578125 0.9001083984375 0.9620625 0.8961328125 0.9715126953125 0.897119140625 0.9787353515625 0.8966455078125 0.9856669921875 0.8934130859375 1 0.8905732421875 1 0.8302802734375
8 0.17637890625 0.9472314453125 0.170212890625 0.9475107421875 0.0480947265625 0.959515625 0 0.9642412109375 0.000490234375 0.999724609375 0.2097666015625 1 0.21058203125 0.999529296875 0.187884765625 0.9648076171875 0.19054296875 0.955521484375 0.189025390625 0.9512783203125 0.18169140625 0.9489111328125 0.17637890625 0.9472314453125
6 1 0.89096875 0.98609375 0.8937265625 0.979376953125 0.8969443359375 0.972142578125 0.8975771484375 0.968455078125 0.8972412109375 0.9624013671875 0.8965595703125 0.9157490234375 0.90034375 0.912201171875 0.904357421875 0.9053134765625 0.9038857421875 0.9001845703125 0.902056640625 0.8474306640625 0.9071689453125 0.8408681640625 0.9078515625 0.8137802734375 0.9082431640625 0.807083984375 0.90957421875 0.8037373046875 0.91521875 0.7962978515625 0.9133095703125 0.7824658203125 0.9112294921875 0.7815595703125 0.909416015625 0.7697783203125 0.907814453125 0.719580078125 0.9002001953125 0.71571875 0.8999130859375 0.705673828125 0.8982392578125 0.70381640625 0.89845703125 0.7043955078125 0.9114833984375 0.6909609375 0.9133349609375 0.6867958984375 0.9101962890625 0.68652734375 0.89846484375 0.655134765625 0.90136328125 0.6551826171875 0.9028759765625 0.65073828125 0.9047236328125 0.640216796875 0.9018486328125 0.6022734375 0.9057587890625 0.60166796875 0.9068408203125 0.1791435546875 0.94646484375 0.175802734375 0.9467802734375 0.1891513671875 0.9508828125 0.190951171875 0.955453125 0.188310546875 0.9646484375 0.2110068359375 0.999419921875 0.210490234375 1 1 1 1 0.89096875
9 0.6638896484375 0.312794921875 0.6626552734375 0.241552734375 0.58799609375 0.22294921875 0.5892138671875 0.296431640625 0.6638896484375 0.312794921875
2 1 0.2821796875 0.58625390625 0.1702373046875 0.5821630859375 0.1352998046875 0.585767578125 0.1307333984375 0.5825068359375 0.1254541015625 0.4534189453125 0.08901953125 0.436640625 0.1230595703125 0.4339765625 0.1302490234375 0.1153544921875 0.0429755859375 0.032521484375 0.6506337890625 0.0011337890625 0.6520029296875 0 0.8604814453125 0.030763671875 0.6566552734375 0.601755859375 0.6749296875 0.601923828125 0.9042509765625 0.6379951171875 0.900388671875 0.6386962890625 0.829576171875 0.70116796875 0.832646484375 0.7035791015625 0.894474609375 0.7772734375 0.9069111328125 1 0.8793046875 1 0.2821796875