9 0.3775322265625 0.076373046875 0.3775322265625 0.1521171875 0.49751953125 0.2326943359375 0.4935029296875 0.1652333984375 0.3775322265625 0.076373046875
9 0.376779296875 0.2890166015625 0.3775322265625 0.379541015625 0.5073095703125 0.436521484375 0.5022890625 0.35318359375 0.376779296875 0.2890166015625
9 0.3767861328125 0.5259638671875 0.3770302734375 0.6546572265625 0.5238759765625 0.6767470703125 0.52061328125 0.567302734375 0.3767861328125 0.5259638671875
9 0.373271484375 0.8291171875 0.37452734375 0.9880107421875 0.535931640625 0.95763671875 0.529154296875 0.8256005859375 0.373271484375 0.8291171875
9 0.6201220703125 0.8243876953125 0.6281328125 0.9423701171875 0.7518642578125 0.9179462890625 0.7411181640625 0.822400390625 0.6201220703125 0.8243876953125
9 0.7897734375 0.820521484375 0.80276171875 0.92260546875 0.9076689453125 0.90701953125 0.894896484375 0.819564453125 0.7897734375 0.820521484375
9 0.9484892578125 0.8200546875 0.956341796875 0.87112109375 0.990533203125 0.8666083984375 0.981681640625 0.819919921875 0.9484892578125 0.8200546875
9 0.9230048828125 0.688755859375 0.9361689453125 0.7564287109375 0.9687412109375 0.7601416015625 0.956083984375 0.6973583984375 0.9230048828125 0.688755859375
9 0.9999638671875 0.7540654296875 0.998951171875 0.708666015625 0.9830869140625 0.7054638671875 0.99203125 0.7540654296875 0.9999638671875 0.7540654296875
9 0.7636201171875 0.6334716796875 0.7745810546875 0.7205146484375 0.9114599609375 0.740513671875 0.9003076171875 0.6757109375 0.7636201171875 0.6334716796875
9 0.602525390625 0.5918349609375 0.612005859375 0.7139853515625 0.7307783203125 0.728611328125 0.718724609375 0.624609375 0.602525390625 0.5918349609375
9 0.588361328125 0.396958984375 0.5968798828125 0.495791015625 0.702228515625 0.5398046875 0.6937099609375 0.4551845703125 0.588361328125 0.396958984375
9 0.574447265625 0.2243525390625 0.580978515625 0.3078291015625 0.6829189453125 0.3759794921875 0.675251953125 0.3029833984375 0.574447265625 0.2243525390625
9 0.7258828125 0.33267578125 0.73237890625 0.396724609375 0.8656494140625 0.486162109375 0.8572919921875 0.43319921875 0.7258828125 0.33267578125
9 0.742431640625 0.4763525390625 0.7520859375 0.5488662109375 0.886224609375 0.605384765625 0.8777998046875 0.549216796875 0.742431640625 0.4763525390625
9 0.8991962890625 0.56675 0.9126142578125 0.6296708984375 0.945478515625 0.6421162109375 0.9353662109375 0.5865 0.8991962890625 0.56675
9 0.9612294921875 0.5983623046875 0.970564453125 0.641921875 0.989232421875 0.65008984375 0.9804814453125 0.6086689453125 0.9612294921875 0.5983623046875
9 0.8795751953125 0.458638671875 0.889484375 0.511150390625 0.9240595703125 0.5324267578125 0.91525 0.4848857421875 0.8795751953125 0.458638671875
9 0.940818359375 0.50179296875 0.9491083984375 0.5417197265625 0.9675498046875 0.5523779296875 0.9607822265625 0.51549609375 0.940818359375 0.50179296875
9 0.9799306640625 0.5305654296875 0.9883681640625 0.5684169921875 0.999798828125 0.5748134765625 0.999935546875 0.559435546875 0.996533203125 0.5422890625 0.9799306640625 0.5305654296875
9 0 0.278080078125 0.0434404296875 0.247181640625 0.04558203125 0.2162841796875 0 0.2493232421875 0 0.278080078125
0 0.6840830078125 0.377349609375 0.682451171875 0.362498046875 0.579208984375 0.294255859375 0.5803515625 0.3092705078125 0.6840830078125 0.377349609375
0 0.7033876953125 0.54170703125 0.7014296875 0.521306640625 0.5947705078125 0.4747587890625 0.596076171875 0.4980966796875 0.7033876953125 0.54170703125
0 0.9700390625 0.760748046875 0.9663193359375 0.7441806640625 0.9313251953125 0.7399541015625 0.935212890625 0.7578740234375 0.9700390625 0.760748046875
0 0.9462021484375 0.6430859375 0.9441728515625 0.629392578125 0.9085029296875 0.615361328125 0.911376953125 0.6298994140625 0.9462021484375 0.6430859375
0 0.92511328125 0.5334638671875 0.9228203125 0.52380859375 0.886853515625 0.500876953125 0.8889052734375 0.51198046875 0.92511328125 0.5334638671875
7 0.0499140625 1 0.0515771484375 0.98430078125 0.0459208984375 0.981970703125 0.04625390625 0.974650390625 0.057900390625 0.9723212890625 0.063224609375 0.967662109375 0.074205078125 0.86483984375 0.0702119140625 0.859515625 0.0379345703125 0.8635087890625 0.03227734375 0.86650390625 0.020630859375 0.9669970703125 0.0236259765625 0.9733193359375 0.0369365234375 0.9723212890625 0.0372685546875 0.98097265625 0.03560546875 0.986962890625 0.0342744140625 0.9966123046875 0.03394140625 1 0.0499140625 1
8 1 0.864388671875 0.9893095703125 0.86398046875 0.9766689453125 0.8688740234375 0.9611728515625 0.8692822265625 0.954240234375 0.871728515625 0.9517880859375 0.8790693359375 0.9407783203125 0.8802919921875 0.9354765625 0.885185546875 0.93221484375 0.8953798828125 0.91141796875 0.8880400390625 0.89918359375 0.8827392578125 0.88858203125 0.87621484375 0.8800185546875 0.8917099609375 0.86574609375 0.89701171875 0.854328125 0.89293359375 0.8453564453125 0.893341796875 0.8318994140625 0.8994580078125 0.821296875 0.8896708984375 0.816404296875 0.87213671875 0.811791015625 0.865328125 0.797111328125 0.8759306640625 0.7885478515625 0.8914267578125 0.7848779296875 0.9061064453125 0.7738671875 0.905291015625 0.7677509765625 0.918748046875 0.768158203125 0.90366015625 0.7714208984375 0.888572265625 0.7669345703125 0.882455078125 0.7612255859375 0.8873486328125 0.7559248046875 0.8946884765625 0.7522548828125 0.9114072265625 0.7371669921875 0.922009765625 0.7241171875 0.9195634765625 0.71269921875 0.9248642578125 0.70128125 0.92771875 0.6947568359375 0.930166015625 0.6821162109375 0.924048828125 0.6759990234375 0.9342431640625 0.6702900390625 0.9289423828125 0.6605029296875 0.9273115234375 0.652755859375 0.931796875 0.64826953125 0.9407685546875 0.6394599609375 0.93913671875 0.6300810546875 0.931388671875 0.6264111328125 0.9118154296875 0.6223330078125 0.8922421875 0.61580859375 0.9024365234375 0.6162158203125 0.9211943359375 0.5982734375 0.8963193359375 0.5901181640625 0.8963193359375 0.6072451171875 0.9256796875 0.604390625 0.9419912109375 0.600720703125 0.9362822265625 0.594603515625 0.9175244140625 0.587263671875 0.9175244140625 0.5880791015625 0.9305732421875 0.5840009765625 0.9440302734375 0.5742138671875 0.948923828125 0.5705439453125 0.941583984375 0.565650390625 0.941583984375 0.5595341796875 0.9464775390625 0.5607578125 0.954224609375 0.544853515625 0.95259375 0.5440380859375 0.94525390625 0.548931640625 0.9289423828125 0.5558642578125 0.9044755859375 0.5627958984375 0.8853095703125 0.5591259765625 0.882046875 0.544853515625 0.908552734375 0.5293583984375 0.9297578125 0.5248720703125 0.901212890625 0.5199794921875 0.9175244140625 0.517125 0.9289423828125 0.5159013671875 0.948923828125 0.497958984375 0.946884765625 0.4796083984375 0.948515625 0.473083984375 0.950962890625 0.4597783203125 0.9570791015625 0.4418359375 0.9570791015625 0.423078125 0.9554482421875 0.4120673828125 0.9501474609375 0.405951171875 0.933427734375 0.393716796875 0.9236416015625 0.382298828125 0.9175244140625 0.3737353515625 0.9285341796875 0.365171875 0.9387294921875 0.3570166015625 0.9444384765625 0.354162109375 0.9423994140625 0.3476376953125 0.9383212890625 0.3398896484375 0.9505546875 0.3366279296875 0.9460693359375 0.3288798828125 0.9464775390625 0.32235546875 0.95993359375 0.31623828125 0.956671875 0.309916015625 0.953806640625 0.29605078125 0.9566611328125 0.2650595703125 0.9301552734375 0.2666904296875 0.9052802734375 0.2577197265625 0.8995712890625 0.245486328125 0.9089501953125 0.23977734375 0.944427734375 0.229990234375 0.9627783203125 0.21694140625 0.96889453125 0.211232421875 0.9627783203125 0.212455078125 0.953806640625 0.2210185546875 0.9432041015625 0.2218349609375 0.93341796875 0.220203125 0.917921875 0.2136787109375 0.9130283203125 0.201853515625 0.9326025390625 0.1932900390625 0.944427734375 0.18798828125 0.9509521484375 0.1810556640625 0.9680791015625 0.1680068359375 0.9737880859375 0.156181640625 0.9705263671875 0.15047265625 0.9741962890625 0.1357919921875 0.984390625 0.129267578125 0.9892841796875 0.121927734375 0.976642578125 0.121927734375 0.9623701171875 0.112140625 0.959923828125 0.099091796875 0.97297265625 0.09460546875 0.959923828125 0.0901201171875 0.948505859375 0.078294921875 0.939126953125 0.07176953125 0.935048828125 0.0619833984375 0.9407578125 0.037923828125 0.9811279296875 0.0273212890625 0.9925458984375 0.0122333984375 0.9933623046875 0.0138642578125 0.983982421875 0.0159033203125 0.9758271484375 0.0069326171875 0.9725654296875 0.0089716796875 0.967263671875 0.0028544921875 0.9627783203125 0 0.9656328125 0 1 1 1 1 0.864388671875
2 0.2061123046875 0 0.0011015625 0.162814453125 0 0.163892578125 0 1 1 1 1 0.514640625 0.40047265625 0 0.2061123046875 0