0 0.4922373046875 0.2379736328125 0.4884091796875 0.1958671875 0.4864951171875 0.1953447265625 0.4529111328125 0.23344921875 0.3431103515625 0.2176162109375 0.3424140625 0.1744658203125 0.3358017578125 0.1727265625 0.315791015625 0.2087421875 0.315791015625 0.2160498046875 0.1924130859375 0.1969111328125 0.18841015625 0.1991728515625 0.186322265625 0.26596484375 0.6023671875 0.31607421875 0.621333984375 0.2997197265625 0.6204951171875 0.2552294921875 0.4922373046875 0.2379736328125
0 0.4941572265625 0.352490234375 0.491546875 0.307599609375 0.4885888671875 0.3077734375 0.440736328125 0.349009765625 0.3445712890625 0.338396484375 0.3442236328125 0.2919404296875 0.33630078125 0.290896484375 0.3148974609375 0.322142578125 0.3150712890625 0.3348447265625 0.1873466796875 0.3204033203125 0.18230078125 0.3277109375 0.182474609375 0.3905224609375 0.6076337890625 0.4279306640625 0.627818359375 0.4136630859375 0.6279931640625 0.3675546875 0.4941572265625 0.352490234375
0 0.6367275390625 0.4831611328125 0.345107421875 0.462775390625 0.3430625 0.4144296875 0.3354375 0.4157314453125 0.3142373046875 0.4367431640625 0.314423828125 0.4614736328125 0.1851630859375 0.452919921875 0.18088671875 0.4551513671875 0.178654296875 0.5212724609375 0.620111328125 0.545248046875 0.6376572265625 0.52908984375 0.6367275390625 0.4831611328125
0 0 0.661189453125 0.6267763671875 0.670486328125 0.64462890625 0.6585859375 0.6440283203125 0.609015625 0.5022060546875 0.6043671875 0.4997880859375 0.556021484375 0.4981142578125 0.55434765625 0.4651982421875 0.5632734375 0.46601953125 0.6025078125 0.4013037109375 0.6010205078125 0.3914501953125 0.6043671875 0.335474609375 0.5995322265625 0.33566015625 0.5510009765625 0.333615234375 0.551373046875 0.33008203125 0.5502568359375 0.3135302734375 0.556951171875 0.31390234375 0.6015009765625 0.1753583984375 0.5970380859375 0.1751728515625 0.6165625 0 0.6124716796875 0 0.661189453125
5 0 0.82326953125 0.4743662109375 0.826146484375 0.4691435546875 0.6715888671875 0 0.661033203125 0 0.82326953125
9 0.05517578125 0.5967060546875 0.1180166015625 0.59905078125 0.121142578125 0.5410625 0.0598662109375 0.5384052734375 0.05517578125 0.5967060546875
9 0.1269267578125 0.4057431640625 0.068306640625 0.4008974609375 0.0651806640625 0.456228515625 0.12567578125 0.4606962890625 0.1269267578125 0.4057431640625
9 0 0.4538837890625 0.01797265625 0.454509765625 0.01922265625 0.395896484375 0 0.395740234375 0 0.4538837890625
9 0.07283984375 0.3236123046875 0.129583984375 0.3297080078125 0.1333359375 0.2760966796875 0.075498046875 0.2695322265625 0.07283984375 0.3236123046875
9 0 0.315171875 0.0262568359375 0.3181416015625 0.0287587890625 0.2651552734375 0 0.262185546875 0 0.315171875
9 0 0.1840732421875 0.0345419921875 0.1897001953125 0.03704296875 0.1374951171875 0 0.1328056640625 0 0.1840732421875
9 0.0789365234375 0.195326171875 0.1363056640625 0.2037666015625 0.138025390625 0.1554697265625 0.0821201171875 0.1462216796875 0.0789365234375 0.195326171875
9 0.184708984375 0.3154521484375 0.184033203125 0.334365234375 0.1874111328125 0.3303125 0.3006767578125 0.343146484375 0.301126953125 0.326484375 0.187185546875 0.3147763671875 0.184708984375 0.3154521484375
9 0.1754716796875 0.60688671875 0.2992900390625 0.610009765625 0.29955078125 0.5599169921875 0.177728515625 0.5554140625 0.1754716796875 0.60688671875
9 0.1808505859375 0.46380859375 0.301248046875 0.4704521484375 0.30172265625 0.4384970703125 0.1814833984375 0.43137890625 0.1808505859375 0.46380859375
9 0.3367197265625 0.608564453125 0.4705166015625 0.611865234375 0.471681640625 0.56973046875 0.3367197265625 0.5629345703125 0.3367197265625 0.608564453125
9 0.50634765625 0.6128603515625 0.5832890625 0.6161513671875 0.5807197265625 0.5730791015625 0.5052509765625 0.5699287109375 0.50634765625 0.6128603515625
9 0.500080078125 0.4845078125 0.5756103515625 0.4899921875 0.574984375 0.45981640625 0.5005498046875 0.4557431640625 0.500080078125 0.4845078125
9 0.497033203125 0.363890625 0.5715 0.37072265625 0.5717275390625 0.3550107421875 0.496302734375 0.3471162109375 0.497033203125 0.363890625
9 0.62625390625 0.2818984375 0.6654580078125 0.2860810546875 0.663908203125 0.24347265625 0.6238544921875 0.238328125 0.62625390625 0.2818984375
9 0.6744462890625 0.3934384765625 0.6708818359375 0.3467998046875 0.6296630859375 0.340912109375 0.632296875 0.390494140625 0.6744462890625 0.3934384765625
9 0.640044921875 0.5047587890625 0.6820390625 0.5067734375 0.6801796875 0.4547119140625 0.638650390625 0.45254296875 0.640044921875 0.5047587890625
9 0.6482578125 0.624646484375 0.692576171875 0.624646484375 0.688392578125 0.5690224609375 0.645623046875 0.567783203125 0.6482578125 0.624646484375
9 0.77346484375 0.6263515625 0.812205078125 0.62681640625 0.8069365234375 0.5752197265625 0.76915234375 0.573677734375 0.77346484375 0.6263515625
9 0.65337109375 0.7326689453125 0.6978447265625 0.7326689453125 0.6952109375 0.6920732421875 0.6519765625 0.69191796875 0.65337109375 0.7326689453125
9 0.7804384765625 0.72883984375 0.8197978515625 0.72976953125 0.8162333984375 0.69366796875 0.7778037109375 0.6933125 0.7804384765625 0.72883984375
9 0.761998046875 0.51058203125 0.80631640625 0.514765625 0.80817578125 0.511046875 0.8148388671875 0.5102724609375 0.799033203125 0.4647197265625 0.75843359375 0.4625498046875 0.761998046875 0.51058203125
9 0.7522353515625 0.4018955078125 0.79035546875 0.404994140625 0.7852421875 0.3582021484375 0.74820703125 0.3549482421875 0.7522353515625 0.4018955078125
9 0.742318359375 0.2965078125 0.7805927734375 0.30069140625 0.7759443359375 0.2563779296875 0.73921875 0.251419921875 0.742318359375 0.2965078125
9 0.8505732421875 0.3099814453125 0.8851796875 0.3143662109375 0.87896875 0.27103125 0.846662109375 0.266609375 0.8505732421875 0.3099814453125
9 0.8619501953125 0.4137265625 0.8969130859375 0.4158603515625 0.8915791015625 0.3703544921875 0.8579208984375 0.3670361328125 0.8619501953125 0.4137265625
9 0.876291015625 0.520419921875 0.9175341796875 0.521841796875 0.917416015625 0.518642578125 0.9242900390625 0.5166279296875 0.925119140625 0.5148505859375 0.908052734375 0.4810078125 0.9046025390625 0.47135546875 0.8698916015625 0.4686142578125 0.876291015625 0.520419921875
9 0.889328125 0.6302919921875 0.924763671875 0.6302919921875 0.918234375 0.5814453125 0.883283203125 0.5793359375 0.889328125 0.6302919921875
9 0.89809765625 0.73075390625 0.9331787109375 0.7295693359375 0.929978515625 0.701720703125 0.8946611328125 0.7021943359375 0.89809765625 0.73075390625
9 0.932037109375 0.4145830078125 0.9517099609375 0.4098427734375 0.975650390625 0.410435546875 0.974228515625 0.395623046875 0.929310546875 0.3920673828125 0.932037109375 0.4145830078125
9 0.946376953125 0.5118798828125 0.9703173828125 0.510576171875 0.9717392578125 0.5163828125 0.9907021484375 0.515671875 0.9879765625 0.4912607421875 0.94305859375 0.4886533203125 0.946376953125 0.5118798828125
9 1 0.696724609375 0.9653330078125 0.6961181640625 0.96869140625 0.72855859375 1 0.7293427734375 1 0.696724609375
0 1 0.622912109375 0.991287109375 0.62262890625 0.955587890625 0.6239140625 0.9541962890625 0.6281494140625 0.9563203125 0.629140625 0.960283203125 0.667642578125 1 0.6675009765625 1 0.622912109375
0 1 0.51020703125 0.97212890625 0.5088779296875 0.9371865234375 0.51077734375 0.9381357421875 0.5198916015625 0.9413642578125 0.52141015625 0.94687109375 0.55558984375 1 0.55369140625 1 0.51020703125
0 1 0.4042744140625 0.951048828125 0.4008564453125 0.9282607421875 0.40883203125 0.93262890625 0.44737890625 0.9333876953125 0.44737890625 0.9613037109375 0.440732421875 1 0.4428212890625 1 0.4042744140625
0 1 0.3054462890625 0.9383251953125 0.2984208984375 0.914966796875 0.309244140625 0.915537109375 0.3166494140625 0.9191455078125 0.3177890625 0.9225634765625 0.348740234375 0.94497265625 0.340955078125 1 0.3439931640625 1 0.3054462890625
8 1 0.72796484375 0.9999111328125 0.72542578125 0.9580107421875 0.72694921875 0.9465830078125 0.72796484375 0.94201171875 0.7261875 0.9323623046875 0.7277109375 0.9079833984375 0.731265625 0.901634765625 0.7307578125 0.8874140625 0.7246640625 0.8747177734375 0.7236474609375 0.8660830078125 0.7246640625 0.8541484375 0.72745703125 0.83180078125 0.72644140625 0.8213896484375 0.72491796875 0.8084384765625 0.72745703125 0.7777119140625 0.72694921875 0.7700927734375 0.7228857421875 0.759681640625 0.7246640625 0.74520703125 0.72948828125 0.7294599609375 0.72745703125 0.7167626953125 0.7236474609375 0.70990625 0.7256796875 0.70660546875 0.72948828125 0.580142578125 0.7266953125 0.5669375 0.7261875 0.5646103515625 0.7248291015625 0.5599765625 0.7161787109375 0.558431640625 0.70907421875 0.5565771484375 0.6976435546875 0.5528701171875 0.689919921875 0.54730859375 0.689611328125 0.54391015625 0.685595703125 0.5398935546875 0.681888671875 0.5368037109375 0.6738564453125 0.53371484375 0.671693359375 0.529388671875 0.6720029296875 0.523828125 0.66983984375 0.5185751953125 0.66983984375 0.512705078125 0.667986328125 0.50776171875 0.667677734375 0.499111328125 0.66922265625 0.492623046875 0.67663671875 0.47779296875 0.6828154296875 0.4734677734375 0.6936279296875 0.4703779296875 0.6991884765625 0.4734677734375 0.7028955078125 0.4821181640625 0.70907421875 0.4839716796875 0.714943359375 0.48458984375 0.7269912109375 0.4808828125 0.72359375 0.47439453125 0.721740234375 0.466052734375 0.721740234375 0.46419921875 0.7211220703125 0.462654296875 0.7177236328125 0.459564453125 0.7174150390625 0.4552392578125 0.7189599609375 0.452767578125 0.722357421875 0.443189453125 0.72359375 0.443498046875 0.7177236328125 0.4492900390625 0.7070693359375 0.44344921875 0.7040224609375 0.4365927734375 0.686501953125 0.428466796875 0.684978515625 0.419578125 0.686248046875 0.4137392578125 0.689294921875 0.4068828125 0.6994521484375 0.3967255859375 0.696404296875 0.3865673828125 0.7047841796875 0.3830126953125 0.7116396484375 0.3670146484375 0.7124013671875 0.3560947265625 0.7126552734375 0.35126953125 0.7174794921875 0.338318359375 0.73779296875 0.3256025390625 0.7497265625 0.3278876953125 0.7550595703125 0.3702958984375 0.7568369140625 0.3748671875 0.733984375 0.390357421875 0.73423828125 0.4055947265625 0.7283984375 0.4086416015625 0.73525390625 0.4810146484375 0.73677734375 0.48203125 0.7751181640625 0.48837890625 0.7756259765625 0.497775390625 0.7758798828125 0.4893955078125 0.7735947265625 0.487109375 0.693537109375 0.5028544921875 0.693791015625 0.5041240234375 0.696837890625 0.5071708984375 0.7787470703125 0.5080751953125 0.8353701171875 1 0.8252138671875 1 0.72796484375
2 1 0.2310634765625 0.8783046875 0.2133544921875 0.70616796875 0.186623046875 0.397576171875 0.137837890625 0 0.06766796875 0 0.6772099609375 0.39189453125 0.6886162109375 0.413404296875 0.6886640625 0.4191591796875 0.685650390625 0.428455078125 0.684322265625 0.43696875 0.6861328125 0.4440771484375 0.7032373046875 0.450169921875 0.706751953125 0.4437646484375 0.7178427734375 0.4439208984375 0.7230751953125 0.4526064453125 0.721748046875 0.4548232421875 0.7183896484375 0.459666015625 0.7167490234375 0.4629462890625 0.7169052734375 0.4647431640625 0.720498046875 0.4664619140625 0.721123046875 0.4741953125 0.720888671875 0.480599609375 0.7226845703125 0.48369921875 0.72493359375 0.4831904296875 0.7147724609375 0.4810732421875 0.7090244140625 0.4733671875 0.7040283203125 0.4694716796875 0.69937109375 0.472689453125 0.693359375 0.47734765625 0.6821826171875 0.4921669921875 0.6753232421875 0.4982646484375 0.6682109375 0.506140625 0.667279296875 0.51325390625 0.667279296875 0.5187587890625 0.66897265625 0.523669921875 0.6693115234375 0.5291650390625 0.6708359375 0.5336533203125 0.6708359375 0.5374638671875 0.67371484375 0.540681640625 0.6813349609375 0.5480498046875 0.688607421875 0.553130859375 0.6887763671875 0.557365234375 0.6973291015625 0.56066796875 0.7154501953125 0.56515625 0.724001953125 0.5683740234375 0.72544140625 0.70580078125 0.7290830078125 0.708849609375 0.7255263671875 0.71537109375 0.722986328125 0.7296826171875 0.72705078125 0.7453115234375 0.7283203125 0.7585224609375 0.724001953125 0.769765625 0.7215625 0.777587890625 0.72547265625 0.80874609375 0.7261630859375 0.821013671875 0.7236865234375 0.8317041015625 0.725380859375 0.853736328125 0.7269453125 0.8709140625 0.7225126953125 0.887080078125 0.7231650390625 0.90259375 0.7298125 0.90819921875 0.73085546875 0.941705078125 0.724728515625 0.9458759765625 0.7266845703125 1 0.72381640625 1 0.2310634765625
6 1 0.8842080078125 0.9580537109375 0.88308984375 0.9560029296875 0.88029296875 0.946865234375 0.87880078125 0.942390625 0.8728349609375 0.9438818359375 0.8655634765625 0.9366103515625 0.8627666015625 0.9336259765625 0.858478515625 0.917216796875 0.859783203125 0.919828125 0.8620205078125 0.919455078125 0.8679873046875 0.899689453125 0.869478515625 0.85538671875 0.8717158203125 0.852216796875 0.87749609375 0.8275068359375 0.87675 0.8271337890625 0.879919921875 0.8215400390625 0.880666015625 0.80121484375 0.8786142578125 0.7903994140625 0.8810380859375 0.776228515625 0.87600390625 0.7598193359375 0.877869140625 0.74900390625 0.8748857421875 0.7284921875 0.8648173828125 0.7266357421875 0.8420712890625 0.590791015625 0.8461728515625 0.59041796875 0.8554951171875 0.565431640625 0.8560546875 0.5635673828125 0.84151171875 0.5585322265625 0.83796875 0.5518193359375 0.8469189453125 0.5458525390625 0.8489697265625 0.5488359375 0.8377822265625 0.54100390625 0.8372236328125 0.5411904296875 0.8444951171875 0.5348505859375 0.8465458984375 0.528697265625 0.837595703125 0.52701953125 0.8493427734375 0.522357421875 0.85120703125 0.5109833984375 0.8420712890625 0.504083984375 0.8485966796875 0.4992353515625 0.8471044921875 0.5073408203125 0.837037109375 0.505662109375 0.8349853515625 0.4983896484375 0.830697265625 0.454490234375 0.8275283203125 0.4518798828125 0.843935546875 0.4472177734375 0.8437490234375 0.44926953125 0.83461328125 0.4384541015625 0.83032421875 0.4380810546875 0.8372236328125 0.433046875 0.837595703125 0.4352841796875 0.8267822265625 0 0.8247314453125 0 1 1 1 1 0.8842080078125
9 0.438236328125 0.4779541015625 0.4377900390625 0.4534091796875 0.413107421875 0.4515068359375 0.413107421875 0.4759892578125 0.438236328125 0.4779541015625