2 0.7011474609375 0.84515234375 0.6381650390625 0.403212890625 0.5945712890625 0.339900390625 0.58809375 0.31842578125 0.566173828125 0.2987939453125 0.5127109375 0.312845703125 0.48406640625 0.271572265625 0.4710380859375 0.271267578125 0.2825458984375 0.317470703125 0.208443359375 0.176646484375 0.2066796875 0.1619013671875 0.205830078125 0.141283203125 0.195724609375 0.148537109375 0.1877099609375 0.1764306640625 0.0784853515625 0.3024091796875 0.0063671875 0.3300556640625 0.00048828125 0.3386650390625 0.0330595703125 0.368763671875 0.036529296875 0.3818544921875 0.0007138671875 0.391865234375 0 0.85250390625 0.7011474609375 0.84515234375
9 0.108654296875 0.450294921875 0.1129833984375 0.3955478515625 0.1076513671875 0.391365234375 0.100279296875 0.3916689453125 0.0937001953125 0.3940791015625 0.0886708984375 0.3993486328125 0.0871787109375 0.4053759765625 0.083814453125 0.455640625 0.108654296875 0.450294921875
9 0.1470302734375 0.4417158203125 0.1486767578125 0.4362470703125 0.153478515625 0.3862236328125 0.1493828125 0.3825537109375 0.1416923828125 0.3820673828125 0.136634765625 0.384689453125 0.1301884765625 0.3898994140625 0.1266572265625 0.398046875 0.122111328125 0.4463603515625 0.1470302734375 0.4417158203125
9 0.119400390625 0.7187451171875 0.1296083984375 0.5821015625 0.074123046875 0.5884453125 0.0629248046875 0.7165234375 0.119400390625 0.7187451171875
9 0.466666015625 0.8435546875 0.462169921875 0.7148369140625 0.3949931640625 0.7188076171875 0.3980361328125 0.8451962890625 0.466666015625 0.8435546875
9 0.4561083984375 0.6052490234375 0.45037890625 0.4882392578125 0.3902900390625 0.500046875 0.3918564453125 0.6140634765625 0.4561083984375 0.6052490234375
9 0.313765625 0.6001025390625 0.3147841796875 0.5363212890625 0.2877236328125 0.5393564453125 0.28748828125 0.6044189453125 0.313765625 0.6001025390625
9 0.29759765625 0.391044921875 0.29863671875 0.397611328125 0.3017548828125 0.4011474609375 0.306330078125 0.4027421875 0.3135654296875 0.4008349609375 0.3168681640625 0.396978515625 0.316978515625 0.3911376953125 0.3149375 0.386048828125 0.311716796875 0.384455078125 0.30597265625 0.3842314453125 0.3001611328125 0.3869423828125 0.29759765625 0.391044921875
9 0.4389521484375 0.389267578125 0.4391943359375 0.3462734375 0.4348671875 0.3415302734375 0.426734375 0.3389130859375 0.41946875 0.340134765625 0.4117265625 0.344677734375 0.406181640625 0.3507939453125 0.40802734375 0.394888671875 0.4389521484375 0.389267578125
8 1 0.5785380859375 0.997912109375 0.56234765625 0.9754462890625 0.5190390625 0.9645771484375 0.49727734375 0.933923828125 0.474771484375 0.909580078125 0.46724609375 0.9341279296875 0.410408203125 0.9275849609375 0.3520029296875 0.88946484375 0.2991044921875 0.849326171875 0.2644677734375 0.79984765625 0.196087890625 0.779841796875 0.1688427734375 0.782541015625 0.1235576171875 0.7735263671875 0.091025390625 0.7471708984375 0.0591220703125 0.7192158203125 0.0286484375 0.7142080078125 0.0002861328125 0.639083984375 0.0015537109375 0.619404296875 0.0362373046875 0.6026669921875 0.0958642578125 0.6026669921875 0.1322626953125 0.62091015625 0.1613173828125 0.616328125 0.1972451171875 0.6011669921875 0.2606923828125 0.59451953125 0.306396484375 0.584232421875 0.347791015625 0.5951650390625 0.3808232421875 0.5934267578125 0.4026435546875 0.5907685546875 0.425736328125 0.59008203125 0.4453818359375 0.566029296875 0.467689453125 0.5086943359375 0.510427734375 0.4665205078125 0.549849609375 0.4602744140625 0.569291015625 0.463560546875 0.593064453125 0.491212890625 0.614029296875 0.5052861328125 0.6379775390625 0.4981513671875 0.645416015625 0.4727431640625 0.64848046875 0.4672236328125 0.6718818359375 0.4655546875 0.705466796875 0.4548251953125 0.7296123046875 0.4435029296875 0.748466796875 0.4369599609375 0.7708212890625 0.4348955078125 0.7887099609375 0.406876953125 0.783865234375 0.37703125 0.768169921875 0.3468896484375 0.772013671875 0.319603515625 0.7780732421875 0.3016220703125 0.793298828125 0.2938818359375 0.7751767578125 0.3087578125 0.7470068359375 0.335578125 0.713265625 0.3471689453125 0.6856826171875 0.337759765625 0.6658046875 0.3122119140625 0.669439453125 0.3034306640625 0.6493818359375 0.292107421875 0.6462939453125 0.2756962890625 0.6558369140625 0.2671826171875 0.6429384765625 0.2572265625 0.629853515625 0.2503642578125 0.6284814453125 0.2312255859375 0.630412109375 0.2308818359375 0.630412109375 0.2128828125 0.6272080078125 0.2040087890625 0.6336689453125 0.19405859375 0.6261201171875 0.174185546875 0.62081640625 0.143701171875 0.6390302734375 0.1239169921875 0.6489521484375 0.112123046875 0.68294921875 0.087970703125 0.693283203125 0.071390625 0.6995 0.034712890625 0.69198046875 0.010630859375 0.6725859375 0.0017099609375 0.6742666015625 0.0009013671875 0.9983935546875 0.847470703125 1 0.8370146484375 0.9693857421875 0.836578125 0.944431640625 0.826802734375 0.90451953125 0.824703125 0.8818564453125 0.81094921875 0.86181640625 0.803435546875 0.842927734375 0.8160439453125 0.8272255859375 0.84666796875 0.82452734375 0.8840322265625 0.830267578125 0.9063408203125 0.837490234375 0.916861328125 0.8731455078125 0.9069052734375 0.892423828125 0.909662109375 0.932248046875 0.9159541015625 0.9499384765625 0.939408203125 0.9422802734375 0.95051171875 0.931537109375 0.9722041015625 0.940197265625 0.971220703125 0.9760791015625 1 0.99659375 1 0.89846484375 1 0.81062890625 1 0.5785380859375
6 0.99994921875 1 0.9686923828125 0.9759521484375 0.969166015625 0.9416728515625 0.950951171875 0.9333056640625 0.9416865234375 0.944033203125 0.9149755859375 0.953029296875 0.9089033203125 0.9318984375 0.906376953125 0.8883896484375 0.9131083984375 0.8761083984375 0.9117158203125 0.8598544921875 0.9057373046875 0.843416015625 0.8923095703125 0.8343232421875 0.858416015625 0.8265263671875 0.8344345703125 0.826900390625 0.81601171875 0.830693359375 0.8070654296875 0.8444326171875 0.814306640625 0.862423828125 0.8265751953125 0.8776826171875 0.8290693359375 0.9036650390625 0.8359345703125 0.927498046875 0.83873046875 0.9496025390625 0.8388505859375 0.9692333984375 0.849625 1 0.99994921875 1