9 0.4094111328125 0.9338837890625 0.428150390625 0.78221875 0.35700390625 0.813740234375 0.3373115234375 0.9491298828125 0.4094111328125 0.9338837890625
9 0.168876953125 0.9975263671875 0.194400390625 0.8877392578125 0.1650302734375 0.8999765625 0.1395068359375 0.999974609375 0.168876953125 0.9975263671875
9 0.2216865234375 0.7724423828125 0.2358232421875 0.710779296875 0.2240927734375 0.716794921875 0.211158203125 0.7772548828125 0.2216865234375 0.7724423828125
9 0.4468974609375 0.6309140625 0.4614150390625 0.5241083984375 0.393537109375 0.571275390625 0.379412109375 0.672896484375 0.4468974609375 0.6309140625
9 0.259982421875 0.5951044921875 0.275912109375 0.5262763671875 0.244052734375 0.5578349609375 0.2305283203125 0.6218544921875 0.259982421875 0.5951044921875
9 0.4754140625 0.4054931640625 0.4804462890625 0.357818359375 0.442572265625 0.391455078125 0.4370107421875 0.4380703125 0.4754140625 0.4054931640625
9 0.2948056640625 0.444744140625 0.306271484375 0.392486328125 0.2762841796875 0.4255615234375 0.266140625 0.474732421875 0.2948056640625 0.444744140625
9 0.4944677734375 0.226609375 0.5017783203125 0.162255859375 0.4464306640625 0.2279150390625 0.4401650390625 0.28639453125 0.4944677734375 0.226609375
9 0.828435546875 0.8143662109375 0.8382509765625 0.9527666015625 0.881439453125 0.95701953125 0.868025390625 0.824181640625 0.828435546875 0.8143662109375
9 0.8084775390625 0.5774697265625 0.8160029296875 0.6779296875 0.8519931640625 0.6900361328125 0.843486328125 0.592861328125 0.8084775390625 0.5774697265625
9 0.7950625 0.4086552734375 0.79931640625 0.4695126953125 0.817638671875 0.4783466796875 0.81273046875 0.418470703125 0.7950625 0.4086552734375
9 0.7826298828125 0.2385185546875 0.7868828125 0.3026474609375 0.813384765625 0.318025390625 0.8110947265625 0.2574951171875 0.7826298828125 0.2385185546875
9 0.8978935546875 0.3364482421875 0.8975439453125 0.3313818359375 0.8792021484375 0.3207255859375 0.8804248046875 0.3467548828125 0.8978935546875 0.3364482421875
9 0.8993095703125 0.466083984375 0.9027607421875 0.50819140625 0.9252646484375 0.49728515625 0.92374609375 0.47795703125 0.8993095703125 0.466083984375
9 0.9233193359375 0.6391083984375 0.9322158203125 0.7043935546875 0.95828125 0.69537109375 0.951765625 0.64850390625 0.9233193359375 0.6391083984375
9 0.9525205078125 0.8491826171875 0.968888671875 0.96546875 1 0.9647353515625 0.9850126953125 0.8560224609375 0.9525205078125 0.8491826171875
9 0.9894033203125 0.4476259765625 0.9961181640625 0.4831376953125 0.9995498046875 0.4853759765625 1 0.45269921875 0.9911943359375 0.44807421875 0.9894033203125 0.4476259765625
9 0.0593515625 0.9283271484375 0.050701171875 0.955474609375 0.068400390625 0.9562724609375 0.0759853515625 0.9287265625 0.0593515625 0.9283271484375
9 0.1019013671875 0.9311298828125 0.09556640625 0.956875 0.11794140625 0.960244140625 0.126568359375 0.9315341796875 0.1019013671875 0.9311298828125
9 0.0818173828125 0.8460771484375 0.07480859375 0.869935546875 0.0919267578125 0.87087890625 0.098396484375 0.8467509765625 0.0818173828125 0.8460771484375
9 0.1234677734375 0.850501953125 0.1144521484375 0.883810546875 0.138244140625 0.8850625 0.1461328125 0.8525048828125 0.1234677734375 0.850501953125
9 0.1573544921875 0.8066513671875 0.1661767578125 0.777615234375 0.143171875 0.7740419921875 0.135130859375 0.8049765625 0.1573544921875 0.8066513671875
9 0.1041904296875 0.769349609375 0.09722265625 0.7910419921875 0.115318359375 0.7939638671875 0.120263671875 0.7713720703125 0.1041904296875 0.769349609375
9 0.1536962890625 0.733 0.1626826171875 0.701703125 0.1095390625 0.6914775390625 0.09993359375 0.722619140625 0.1536962890625 0.733
8 0.108150390625 1 0.11911328125 0.96890625 0.1185205078125 0.961794921875 0.1084462890625 0.9576474609375 0.1075576171875 0.9505361328125 0.1045947265625 0.943720703125 0.0992607421875 0.944609375 0.0847421875 0.9567578125 0.0773349609375 0.963869140625 0.0814833984375 0.9567578125 0.0791123046875 0.954091796875 0.07466796875 0.954091796875 0.0684453125 0.9603134765625 0.063705078125 0.9552763671875 0.06281640625 0.94490625 0.06459375 0.9250537109375 0.0604453125 0.9200166015625 0.0560009765625 0.920609375 0.053630859375 0.9262392578125 0.047408203125 0.9244609375 0.039408203125 0.9241650390625 0.037333984375 0.92653515625 0.0320009765625 0.928609375 0.0269638671875 0.931572265625 0.0219267578125 0.929498046875 0.0115556640625 0.9274248046875 0.0044443359375 0.9271279296875 0 0.92890625 0 1 0.108150390625 1
2 0.50251171875 0 0.464923828125 0.0506171875 0.3461064453125 0.211662109375 0.193150390625 0.4191416015625 0.193150390625 0.422552734375 0.194765625 0.4254248046875 0.201947265625 0.427041015625 0.2026650390625 0.4344013671875 0.203921875 0.4369150390625 0.24790625 0.45127734375 0.22938671875 0.5203759765625 0.209818359375 0.599546875 0.181384765625 0.71308203125 0.174203125 0.71290234375 0.17851171875 0.6963857421875 0.181025390625 0.688486328125 0.1801279296875 0.68651171875 0.10053515625 0.6708935546875 0.0974833984375 0.671970703125 0.07450390625 0.693154296875 0.0646298828125 0.69171875 0.00116796875 0.6961240234375 0 0.697072265625 0 1 1 1 1 0.272552734375 0.99534765625 0.2741923828125 0.946572265625 0.2381279296875 0.9744482421875 0.2209736328125 0.97722265625 0.2161806640625 0.9767177734375 0.2129013671875 0.8602294921875 0.124115234375 0.857203125 0.123232421875 0.853166015625 0.1260068359375 0.853259765625 0.1236455078125 0.85110546875 0.1231064453125 0.8202265625 0.1473427734375 0.6191025390625 0 0.50251171875 0
0 1 0.6970029296875 0.9667509765625 0.683505859375 0.9251982421875 0.696283203125 0.9239384765625 0.7043818359375 0.9187197265625 0.7072607421875 0.918359375 0.718958984375 0.969109375 0.70276171875 1 0.713740234375 1 0.6970029296875
0 1 0.520998046875 0.9338173828125 0.4864443359375 0.8978251953125 0.503361328125 0.8969248046875 0.50966015625 0.891345703125 0.513259765625 0.89224609375 0.5224375 0.9374169921875 0.5003017578125 1 0.532875 1 0.520998046875
0 0.871009765625 0.35237109375 0.87208984375 0.3599296875 0.9122216796875 0.3349140625 0.979529296875 0.379365234375 0.9816884765625 0.376845703125 0.979888671875 0.3696474609375 0.9095224609375 0.3248359375 0.8762294921875 0.3440927734375 0.875689453125 0.348771484375 0.871009765625 0.35237109375