2 1 0.5175234375 0.962244140625 0.49847265625 0.9506240234375 0.4968505859375 0.947615234375 0.493837890625 0.94153515625 0.471138671875 0.9315361328125 0.4700576171875 0.9254560546875 0.472625 0.9270771484375 0.475732421875 0.9308603515625 0.4992421875 0.9163984375 0.4911357421875 0.9108583984375 0.4578974609375 0.9008603515625 0.4557353515625 0.894375 0.4587080078125 0.895861328125 0.4731650390625 0.848384765625 0.4545791015625 0.8321708984375 0.4586328125 0.801650390625 0.447552734375 0.796515625 0.441337890625 0.7977314453125 0.4359326171875 0.8001640625 0.43323046875 0.7708994140625 0.4203154296875 0.751578125 0.4278818359375 0.724625 0.41615625 0.7239501953125 0.410076171875 0.6855771484375 0.39345703125 0.6836513671875 0.3999892578125 0.6811201171875 0.399455078125 0.6178291015625 0.373818359375 0.618810546875 0.3674091796875 0.5816376953125 0.35234765625 0.578759765625 0.3169365234375 0.552482421875 0.3045986328125 0.537580078125 0.3135712890625 0.5388623046875 0.3169365234375 0.53982421875 0.33600390625 0.5056904296875 0.3217431640625 0.495916015625 0.3265498046875 0.4697998046875 0.315333984375 0.4733251953125 0.3087646484375 0.4237607421875 0.2885751953125 0.413986328125 0.293703125 0.288724609375 0.242486328125 0.23174609375 0.26491796875 0.23238671875 0.2577080078125 0.2176455078125 0.24793359375 0.1855986328125 0.260919921875 0.186560546875 0.2662080078125 0.15269140625 0.2797763671875 0.1597412109375 0.2895498046875 0.147724609375 0.2930751953125 0.1467626953125 0.3020478515625 0.140193359375 0.3054130859375 0.1179296875 0.2925947265625 0.07498828125 0.3087783203125 0.07562890625 0.294677734375 0.0772314453125 0.2884287109375 0.0607275390625 0.278974609375 0.0326875 0.2916328125 0.029001953125 0.3279921875 0.0009609375 0.3388876953125 0 0.339212890625 0 0.8622587890625 0.1970185546875 0.8588193359375 0.299169921875 0.8598388671875 0.299806640625 0.84697265625 0.3751552734375 0.847482421875 0.374390625 0.85741796875 0.660875 0.8599658203125 0.6560341796875 0.8482470703125 0.655142578125 0.83652734375 0.695650390625 0.837037109375 0.6952685546875 0.844552734375 0.6976884765625 0.8714306640625 0.74506640625 0.871685546875 0.743537109375 0.840986328125 0.7803515625 0.8408583984375 0.7803515625 0.8467177734375 0.94755859375 0.84951171875 0.94765625 0.8423828125 0.9740234375 0.8416015625 0.976171875 0.85 1 0.84951171875 1 0.5175234375
9 0.46071875 0.830427734375 0.49738671875 0.8314833984375 0.492505859375 0.7606796875 0.457421875 0.7579345703125 0.46071875 0.830427734375
9 0.5744931640625 0.7561611328125 0.5701044921875 0.6908662109375 0.5420205078125 0.6903388671875 0.546759765625 0.7549326171875 0.5744931640625 0.7561611328125
9 0.5324951171875 0.5770146484375 0.53653515625 0.6365126953125 0.5648115234375 0.6378115234375 0.5594736328125 0.5776513671875 0.5324951171875 0.5770146484375
9 0.524849609375 0.468873046875 0.5283115234375 0.5241279296875 0.5552900390625 0.524849609375 0.55139453125 0.4703154296875 0.524849609375 0.468873046875
9 0.649765625 0.61408984375 0.643064453125 0.5555966796875 0.6111923828125 0.548171875 0.6168994140625 0.6076396484375 0.649765625 0.61408984375
9 0.6352978515625 0.7749892578125 0.6413935546875 0.8405166015625 0.6552783203125 0.8406865234375 0.656125 0.8372998046875 0.6683154296875 0.8369609375 0.66052734375 0.77634375 0.6352978515625 0.7749892578125
9 0.7120009765625 0.78125390625 0.716064453125 0.8235849609375 0.73926171875 0.822568359375 0.7343515625 0.7826083984375 0.7120009765625 0.78125390625
9 0.8302958984375 0.772265625 0.8373203125 0.8188427734375 0.868626953125 0.8215908203125 0.85976953125 0.7745556640625 0.8302958984375 0.772265625
9 0.8157998046875 0.6774951171875 0.82198046875 0.7204228515625 0.8507109375 0.7187529296875 0.8448642578125 0.6810029296875 0.8157998046875 0.6774951171875
9 0.7999423828125 0.5883095703125 0.8066474609375 0.6271630859375 0.8332783203125 0.626814453125 0.8275673828125 0.5946884765625 0.7999423828125 0.5883095703125
9 0.7861591796875 0.50605078125 0.7902802734375 0.5428486328125 0.8019091796875 0.545498046875 0.8113291015625 0.54387890625 0.8216328125 0.539462890625 0.815892578125 0.5138515625 0.7861591796875 0.50605078125
9 0.3842177734375 0.750015625 0.34398828125 0.7470888671875 0.343837890625 0.8266669921875 0.3876845703125 0.8278798828125 0.3852578125 0.752666015625 0.3842177734375 0.750015625
9 0.18801953125 0.827208984375 0.1927236328125 0.746798828125 0.153458984375 0.750240234375 0.1463671875 0.82759765625 0.18801953125 0.827208984375
9 0.1985673828125 0.304984375 0.1985673828125 0.2818203125 0.171845703125 0.2924765625 0.1710390625 0.3148876953125 0.1985673828125 0.304984375
9 0.1107666015625 0.338396484375 0.11108203125 0.31821875 0.0907998046875 0.3262060546875 0.0902744140625 0.3454375 0.1107666015625 0.338396484375
9 0.0037666015625 0.35813671875 0.0020400390625 0.3788525390625 0.0211865234375 0.3725751953125 0.0219716796875 0.3502890625 0.0037666015625 0.35813671875
9 0.4329443359375 0.312275390625 0.433392578125 0.3382607421875 0.4563916015625 0.346474609375 0.455046875 0.32153515625 0.4329443359375 0.312275390625
9 0.5111572265625 0.3417138671875 0.512638671875 0.36582421875 0.53432421875 0.3741748046875 0.5329775390625 0.35127734375 0.5111572265625 0.3417138671875
9 0.5746005859375 0.389294921875 0.5833701171875 0.3910107421875 0.5955712890625 0.3944423828125 0.6081533203125 0.3982548828125 0.6072001953125 0.376140625 0.5990029296875 0.3742333984375 0.5946181640625 0.3748056640625 0.585466796875 0.3694677734375 0.5759345703125 0.36031640625 0.572884765625 0.36031640625 0.5746005859375 0.3870068359375 0.5746005859375 0.389294921875
9 0.690171875 0.434470703125 0.699146484375 0.43703515625 0.7137998046875 0.441248046875 0.7268046875 0.4438125 0.7255224609375 0.4192685546875 0.721859375 0.41871875 0.711236328125 0.42055078125 0.696765625 0.4148720703125 0.68833984375 0.4091943359375 0.689439453125 0.431357421875 0.690171875 0.434470703125
9 0.779453125 0.4412275390625 0.7809287109375 0.4584931640625 0.7886015625 0.4580498046875 0.787716796875 0.442408203125 0.779453125 0.4412275390625
9 0.8873046875 0.7802734375 0.891015625 0.812646484375 0.897265625 0.8123046875 0.891796875 0.7796875 0.8873046875 0.7802734375
9 0.9287255859375 0.7846923828125 0.9260029296875 0.764 0.91293359375 0.764 0.91647265625 0.78496484375 0.9287255859375 0.7846923828125
9 0.8694443359375 0.6891171875 0.87428515625 0.7184052734375 0.8803369140625 0.7174365234375 0.87452734375 0.6886328125 0.8694443359375 0.6891171875
9 0.8979697265625 0.67471875 0.9008671875 0.6962373046875 0.9105908203125 0.6960302734375 0.9085224609375 0.6734775390625 0.8979697265625 0.67471875
9 0.8539521484375 0.6043916015625 0.857439453125 0.627931640625 0.86114453125 0.62945703125 0.858310546875 0.6054814453125 0.8539521484375 0.6043916015625
9 0.8830283203125 0.59123828125 0.886251953125 0.613203125 0.8933056640625 0.613203125 0.8890732421875 0.5910361328125 0.8830283203125 0.59123828125
9 0.8683544921875 0.5114228515625 0.8698740234375 0.5337099609375 0.876796875 0.532865234375 0.8742646484375 0.5099033203125 0.8683544921875 0.5114228515625
9 0.9490859375 0.727037109375 0.941078125 0.6950068359375 0.9352392578125 0.695673828125 0.932236328125 0.69767578125 0.9315693359375 0.7023466796875 0.9387421875 0.7295400390625 0.9490859375 0.727037109375
9 0.930734375 0.64445703125 0.9295673828125 0.633947265625 0.926564453125 0.6212685546875 0.924228515625 0.6182744140625 0.919390625 0.6166064453125 0.916126953125 0.617974609375 0.915859375 0.62265625 0.9197236328125 0.645125 0.930734375 0.64445703125
9 1 0.813904296875 0.9942412109375 0.789798828125 0.9765029296875 0.7891162109375 0.985599609375 0.82800390625 1 0.828685546875 1 0.813904296875
9 0.962818359375 0.7062509765625 0.9683359375 0.7381298828125 0.986115234375 0.736904296875 0.9812099609375 0.7074765625 0.962818359375 0.7062509765625
9 0.945810546875 0.6248291015625 0.9526123046875 0.6520400390625 0.9672255859375 0.6527958984375 0.9614306640625 0.6258369140625 0.945810546875 0.6248291015625
9 0.9316650390625 0.554009765625 0.9348447265625 0.571865234375 0.950009765625 0.57333203125 0.946830078125 0.5559658203125 0.9316650390625 0.554009765625
9 0.84494921875 0.5416474609375 0.843013671875 0.5217568359375 0.839 0.521447265625 0.8414287109375 0.540943359375 0.84494921875 0.5416474609375
8 0 0.862603515625 0.02562109375 0.862279296875 0.0261298828125 0.8587158203125 0.02918359375 0.8536259765625 0.0380068359375 0.8476875 0.03885546875 0.8417490234375 0.0432666015625 0.8347919921875 0.0471689453125 0.831568359375 0.049205078125 0.8266474609375 0.0488662109375 0.820708984375 0.0502236328125 0.8137529296875 0.0563310546875 0.8098505859375 0.0571796875 0.805099609375 0.051919921875 0.80340234375 0.04784765625 0.8059482421875 0.0461513671875 0.802384765625 0.041400390625 0.8032333984375 0.0339345703125 0.8057783203125 0.02137890625 0.811376953125 0.0232451171875 0.8042509765625 0.0262998046875 0.795767578125 0.02137890625 0.7922041015625 0.014421875 0.79441015625 0.0095888671875 0.7886884765625 0.0041953125 0.786291015625 0 0.7864912109375 0 0.862603515625
8 0.2908076171875 0.8596748046875 0.2989853515625 0.85943359375 0.2985048828125 0.8464453125 0.376197265625 0.8476474609375 0.3742734375 0.8587119140625 0.3971240234375 0.8572685546875 0.4016943359375 0.85149609375 0.3985673828125 0.84812890625 0.3937568359375 0.8459638671875 0.397365234375 0.8394697265625 0.396162109375 0.834658203125 0.387984375 0.8303291015625 0.38389453125 0.8255185546875 0.379083984375 0.82359375 0.36681640625 0.8238349609375 0.361765625 0.826720703125 0.35551171875 0.826240234375 0.3405986328125 0.8202265625 0.3254443359375 0.8183017578125 0.3201533203125 0.8161376953125 0.3126962890625 0.815416015625 0.310291015625 0.8175810546875 0.307404296875 0.8281640625 0.3018720703125 0.8223916015625 0.2980234375 0.8228720703125 0.300669921875 0.8322529296875 0.2922509765625 0.8281640625 0.2896044921875 0.83153125 0.293453125 0.840431640625 0.2864775390625 0.835861328125 0.282388671875 0.837064453125 0.2821484375 0.840431640625 0.28383203125 0.8457236328125 0.2802236328125 0.8493310546875 0.277818359375 0.8531796875 0.2799833984375 0.8565478515625 0.284072265625 0.857509765625 0.2908076171875 0.8596748046875
8 0.42854296875 0.8578447265625 0.5064599609375 0.8570859375 0.509748046875 0.858603515625 0.558826171875 0.8598681640625 0.56135546875 0.8517734375 0.562873046875 0.8424130859375 0.5583203125 0.8376064453125 0.552248046875 0.838365234375 0.54870703125 0.84216015625 0.54339453125 0.8487373046875 0.5431416015625 0.8391240234375 0.5388408203125 0.8353291015625 0.5302392578125 0.8338115234375 0.522650390625 0.8348232421875 0.5148076171875 0.837859375 0.5117724609375 0.8439306640625 0.5089892578125 0.853291015625 0.5036767578125 0.84949609375 0.5021591796875 0.8398828125 0.4950751953125 0.8353291015625 0.48369140625 0.8327998046875 0.4718017578125 0.831029296875 0.4626943359375 0.83153515625 0.45510546875 0.83355859375 0.4454921875 0.840388671875 0.433349609375 0.842666015625 0.42753125 0.8434248046875 0.4260126953125 0.848990234375 0.42854296875 0.855314453125 0.42854296875 0.8578447265625
4 0.7466279296875 0.873416015625 0.745724609375 0.8479501953125 0.922900390625 0.8513818359375 0.901046875 0.8409072265625 0.8670927734375 0.8298896484375 0.8111064453125 0.826638671875 0.7518671875 0.82320703125 0.6872099609375 0.820498046875 0.6642734375 0.8197763671875 0.6637314453125 0.825375 0.6752900390625 0.826638671875 0.67745703125 0.83693359375 0.68359765625 0.8374755859375 0.680888671875 0.825375 0.69569921875 0.828083984375 0.7162880859375 0.83530859375 0.7377802734375 0.8474091796875 0.7417509765625 0.8735966796875 0.7466279296875 0.873416015625
8 1 0.809455078125 0.998228515625 0.809455078125 0.9900322265625 0.8108212890625 0.98757421875 0.8176513671875 0.9881201171875 0.826666015625 0.98757421875 0.8362275390625 0.9815634765625 0.84141796875 0.9730947265625 0.8471552734375 0.9687236328125 0.852345703125 0.97036328125 0.861087890625 0.9801982421875 0.863 0.9758271484375 0.8711962890625 0.9796513671875 0.8774794921875 0.9834755859375 0.8791181640625 0.9903056640625 0.8802109375 0.9968623046875 0.8832158203125 1 0.88485546875 1 0.809455078125
7 0.320541015625 0.9710517578125 0.321310546875 0.8336767578125 0.348439453125 0.83425390625 0.3476181640625 0.81941796875 0.3230390625 0.817779296875 0.3202294921875 0.816140625 0.330763671875 0.7770478515625 0.3284228515625 0.7754091796875 0.308525390625 0.77821875 0.3059501953125 0.780041015625 0.305716796875 0.7835517578125 0.3155478515625 0.8165576171875 0.313615234375 0.971244140625 0.320541015625 0.9710517578125
3 1 0.849451171875 0.9757685546875 0.8503212890625 0.973810546875 0.84183984375 0.9481494140625 0.8427099609375 0.947931640625 0.84988671875 0.779908203125 0.8472763671875 0.779908203125 0.8409697265625 0.7438076171875 0.8416220703125 0.7457646484375 0.872068359375 0.69705078125 0.8718515625 0.6948759765625 0.8459716796875 0.69509375 0.8372734375 0.655537109375 0.8370556640625 0.656625 0.847494140625 0.6614091796875 0.8603251953125 0.504806640625 0.858802734375 0.413033203125 0.857498046875 0.3739990234375 0.8577158203125 0.37483203125 0.8479736328125 0.2999365234375 0.8472587890625 0.2997578125 0.8599501953125 0.207162109375 0.8592353515625 0.0007353515625 0.8629892578125 0 0.8631484375 0 0.9518779296875 0.3096474609375 0.9697099609375 0.3414013671875 0.972537109375 0.3698896484375 0.972537109375 0.692037109375 0.9468759765625 1 0.9162119140625 1 0.849451171875
6 1 0.916396484375 0.7599150390625 0.9406162109375 0.509677734375 0.9621708984375 0.3751943359375 0.97247265625 0.349970703125 0.973185546875 0.3108125 0.9705849609375 0 0.9529248046875 0 1 1 1 1 0.916396484375
9 0.873841796875 0.493478515625 0.873201171875 0.4870703125 0.8611845703125 0.482263671875 0.8611845703125 0.48915234375 0.873841796875 0.493478515625
0 0 0.711283203125 0.103359375 0.698345703125 0.104884765625 0.684705078125 0 0.698345703125 0 0.711283203125
0 0.0216328125 0.826876953125 0.0205078125 0.840376953125 0.089556640625 0.839392578125 0.0930703125 0.823923828125 0.0216328125 0.826876953125
0 0 0.595376953125 0.1137607421875 0.56919921875 0.114548828125 0.55640625 0.1141552734375 0.5544384765625 0 0.5810087890625 0 0.595376953125
0 0 0.4901787109375 0.1208544921875 0.45524609375 0.1222626953125 0.44116015625 0 0.4769384765625 0 0.4901787109375
9 0.0176904296875 0.6918369140625 0.019818359375 0.6692255859375 0.01276953125 0.6707783203125 0.0110400390625 0.6916611328125 0.0176904296875 0.6918369140625
9 0.0304599609375 0.578068359375 0.0319228515625 0.5591806640625 0.021015625 0.5602451171875 0.0208828125 0.5799306640625 0.0304599609375 0.578068359375
9 0.1601826171875 0.6837216796875 0.1986044921875 0.6797470703125 0.201064453125 0.606318359375 0.2001181640625 0.6055615234375 0.1649140625 0.6123740234375 0.1601826171875 0.6837216796875
9 0.206931640625 0.480869140625 0.168888671875 0.489953125 0.165103515625 0.553162109375 0.2063857421875 0.5452353515625 0.206931640625 0.480869140625
9 0.2126103515625 0.3649599609375 0.1760810546875 0.3776396484375 0.173431640625 0.4323330078125 0.2116640625 0.4234384765625 0.2126103515625 0.3649599609375
9 0.342646484375 0.400236328125 0.3825078125 0.4112666015625 0.3819833984375 0.3783056640625 0.342205078125 0.3664091796875 0.342646484375 0.400236328125
9 0.441642578125 0.454794921875 0.4755380859375 0.4635146484375 0.4732880859375 0.4101337890625 0.441220703125 0.3997265625 0.441642578125 0.454794921875
9 0.4800390625 0.516279296875 0.4450185546875 0.5078359375 0.4476904296875 0.568869140625 0.4828515625 0.576041015625 0.4800390625 0.516279296875
9 0.3419560546875 0.5263779296875 0.38256640625 0.5355986328125 0.3832138671875 0.4920810546875 0.343298828125 0.481654296875 0.3419560546875 0.5263779296875
9 0.342759765625 0.6670439453125 0.3856337890625 0.6728515625 0.38425 0.6136650390625 0.3424833984375 0.605783203125 0.342759765625 0.6670439453125
9 0.454369140625 0.6942861328125 0.4901884765625 0.698849609375 0.4859013671875 0.6320576171875 0.4510498046875 0.6255576171875 0.454369140625 0.6942861328125
9 0.7042265625 0.72717578125 0.7278701171875 0.731078125 0.7212490234375 0.67418359375 0.6971103515625 0.671630859375 0.7042265625 0.72717578125
9 0.62951171875 0.717560546875 0.6558046875 0.7210927734375 0.649525390625 0.662625 0.6230361328125 0.6581123046875 0.62951171875 0.717560546875
9 0.6905 0.6234208984375 0.7131171875 0.6285703125 0.7081904296875 0.5749267578125 0.6842587890625 0.5700380859375 0.6905 0.6234208984375
9 0.67858203125 0.5237236328125 0.700015625 0.529123046875 0.6949248046875 0.48320703125 0.67285546875 0.476279296875 0.67858203125 0.5237236328125
9 0.604298828125 0.5016376953125 0.631623046875 0.5106357421875 0.62655078125 0.4607373046875 0.60348046875 0.454029296875 0.604298828125 0.5016376953125