8 0.216015625 0.8544541015625 0.2123408203125 0.803740234375 0.2100439453125 0.802822265625 0.20453125 0.8005283203125 0.1953447265625 0.8005283203125 0.1900625 0.8016748046875 0.1836318359375 0.8044287109375 0.178349609375 0.806494140625 0.1680146484375 0.8048876953125 0.1576796875 0.80236328125 0.150330078125 0.8030517578125 0.1498701171875 0.8048876953125 0.153544921875 0.80970703125 0.1634208984375 0.8122314453125 0.1563017578125 0.814984375 0.1494111328125 0.8175087890625 0.14412890625 0.82141015625 0.139076171875 0.8225576171875 0.1337939453125 0.8202626953125 0.12828125 0.820951171875 0.12506640625 0.8241640625 0.12506640625 0.8262294921875 0.1269033203125 0.829900390625 0.1292001953125 0.83311328125 0.1271337890625 0.8360966796875 0.12276953125 0.8402265625 0.12047265625 0.8420625 0.118865234375 0.84665234375 0.1195546875 0.8505537109375 0.120013671875 0.8535361328125 0.1271337890625 0.8567490234375 0.1360908203125 0.8595029296875 0.1489521484375 0.86019140625 0.216015625 0.8544541015625
8 0 0.9512451171875 0.13809375 0.9445625 0.159275390625 0.9414814453125 0.16633203125 0.9378798828125 0.170791015625 0.9274853515625 0.173392578125 0.91412109375 0.17859375 0.901498046875 0.17859375 0.8881337890625 0.173763671875 0.881080078125 0.1607587890625 0.8743974609375 0.145896484375 0.8747685546875 0.1184013671875 0.87773828125 0.086447265625 0.876625 0.07195703125 0.8740263671875 0.0307138671875 0.8736552734375 0 0.8715458984375 0 0.9512451171875
8 0.8524853515625 0.8034453125 0.8528095703125 0.795357421875 0.853294921875 0.79034375 0.853619140625 0.7864619140625 0.856046875 0.7835498046875 0.857341796875 0.779830078125 0.857341796875 0.7767568359375 0.8571806640625 0.774330078125 0.8537802734375 0.771095703125 0.8508671875 0.7686689453125 0.8460107421875 0.766890625 0.8403447265625 0.766890625 0.8359736328125 0.7678603515625 0.8319267578125 0.76931640625 0.82966015625 0.7715810546875 0.8288505859375 0.7756240234375 0.8288505859375 0.7791826171875 0.8293359375 0.7820947265625 0.83079296875 0.785814453125 0.8351640625 0.7890498046875 0.838078125 0.7916376953125 0.8390498046875 0.793740234375 0.8403447265625 0.7979453125 0.8418125 0.80344140625 0.8524853515625 0.8034453125
8 1 0.800552734375 0.6484267578125 0.8224970703125 0.590470703125 0.823755859375 0.54511328125 0.82837109375 0.5036875 0.836640625 0.4896513671875 0.8338681640625 0.4732724609375 0.8367900390625 0.466251953125 0.84205078125 0.4586474609375 0.8636767578125 0.4598173828125 0.8800419921875 0.4598173828125 0.899330078125 0.463912109375 0.9145263671875 0.474251953125 0.9252060546875 0.4841240234375 0.928365234375 0.4864931640625 0.937447265625 0.4849140625 0.946923828125 0.47970703125 0.9595322265625 0.482939453125 0.9654833984375 0.4971552734375 0.9694326171875 0.5287451171875 0.972986328125 0.5796845703125 0.973380859375 0.5703779296875 0.960701171875 0.5692080078125 0.9513486328125 0.5779833984375 0.9437509765625 0.6060615234375 0.9390751953125 0.64583984375 0.9373212890625 0.680353515625 0.9373212890625 0.6932236328125 0.9419970703125 0.7025830078125 0.96128515625 0.7084326171875 0.970052734375 0.730662109375 0.9712216796875 0.7634208984375 0.9735595703125 0.86237890625 0.9730087890625 0.917109375 0.97670703125 0.9688818359375 0.97448828125 1 0.9759677734375 1 0.800552734375
9 0.855046875 0.1261357421875 0.9698974609375 0.086509765625 0.9598203125 0.054029296875 0.84334375 0.0926806640625 0.855046875 0.1261357421875
9 0.6438935546875 0.1994140625 0.7492724609375 0.163958984375 0.7474794921875 0.160736328125 0.75321484375 0.15572265625 0.7446123046875 0.1184775390625 0.6378896484375 0.157361328125 0.6438935546875 0.1994140625
9 0.343373046875 0.3043330078125 0.3822275390625 0.29236328125 0.3813330078125 0.264220703125 0.3430498046875 0.2774814453125 0.343373046875 0.3043330078125
9 0.216919921875 0.3481220703125 0.2836201171875 0.3248291015625 0.2829716796875 0.299595703125 0.217021484375 0.32015625 0.216919921875 0.3481220703125
9 0.107580078125 0.383068359375 0.161955078125 0.3665712890625 0.1615146484375 0.348974609375 0.108240234375 0.365251953125 0.107580078125 0.383068359375
9 0.09452734375 0.5895986328125 0.155212890625 0.577767578125 0.1569892578125 0.5248232421875 0.0970771484375 0.537015625 0.09452734375 0.5895986328125
9 0.2253583984375 0.5588994140625 0.286134765625 0.5442509765625 0.28453515625 0.497642578125 0.22455859375 0.5112255859375 0.2253583984375 0.5588994140625
9 0.35075 0.5297255859375 0.3927353515625 0.522443359375 0.389236328125 0.462140625 0.3481259765625 0.4723369140625 0.35075 0.5297255859375
9 0.5118935546875 0.5074658203125 0.5943271484375 0.48826171875 0.5879208984375 0.417419921875 0.504953125 0.4369345703125 0.5118935546875 0.5074658203125
9 0.68983984375 0.454787109375 0.802171875 0.4287548828125 0.79106640625 0.3655947265625 0.6848095703125 0.3938916015625 0.68983984375 0.454787109375
9 1 0.3029443359375 0.897857421875 0.3281103515625 0.917447265625 0.403142578125 1 0.387296875 1 0.3029443359375
9 0.81451171875 0.8076767578125 0.9056279296875 0.79833984375 0.8688310546875 0.6261826171875 0.7864755859375 0.639021484375 0.81451171875 0.8076767578125
9 0.7053759765625 0.8197333984375 0.796638671875 0.8084033203125 0.770177734375 0.6416796875 0.6826376953125 0.653490234375 0.7053759765625 0.8197333984375
9 0.4821708984375 0.828330078125 0.545892578125 0.823474609375 0.5345517578125 0.6977578125 0.4688466796875 0.7045078125 0.4821708984375 0.828330078125
9 0.08158984375 0.8549140625 0.1343916015625 0.8511064453125 0.131669921875 0.7396083984375 0.077779296875 0.7466787109375 0.08158984375 0.8549140625
0 0.51892578125 0 0.33686328125 0.0823447265625 0.193609375 0.1470595703125 0.0121865234375 0.22994140625 0 0.2241279296875 0 0.2354306640625 0.01255078125 0.240154296875 0.14201171875 0.1903759765625 0.339787109375 0.1013173828125 0.5030146484375 0.0297138671875 0.5855400390625 0 0.51892578125 0
0 1 0.0562548828125 0.762271484375 0.14199609375 0.560892578125 0.2144755859375 0.3880859375 0.276150390625 0.2439150390625 0.3248056640625 0 0.4142578125 0 0.4294482421875 0.186623046875 0.3660830078125 0.2999697265625 0.3287587890625 0.4402421875 0.2831875 0.627412109375 0.218884765625 1 0.0816923828125 1 0.0562548828125
0 1 0.38621484375 0.7257314453125 0.4428837890625 0.36690234375 0.525501953125 0 0.609087890625 0 0.6325986328125 0.16951171875 0.59406640625 0.379029296875 0.5495390625 0.5478203125 0.513146484375 0.7740078125 0.4638876953125 1 0.4098955078125 1 0.38621484375
9 0.3360439453125 0.8576845703125 0.3901337890625 0.8523701171875 0.3818642578125 0.6977412109375 0.3289482421875 0.7051865234375 0.3360439453125 0.8576845703125
2 0.296130859375 0 0.0993193359375 0.0981357421875 0 0.0223515625 0 0.8188623046875 0.0030693359375 0.8131787109375 0.018056640625 0.7790712890625 0.0438984375 0.7423798828125 0.0712900390625 0.7175751953125 0.09403125 0.710857421875 0.2189921875 0.8571298828125 0.2132734375 0.9267099609375 0.25641015625 0.92861328125 0.274171875 0.913390625 0.27431640625 0.887603515625 0.3028720703125 0.886634765625 0.32271484375 0.8924423828125 0.337234375 0.921478515625 0.4214482421875 0.91905859375 0.45484375 0.8561474609375 0.4630712890625 0.83340234375 0.6671123046875 0.8219208984375 1 0.7946474609375 1 0.598763671875 1 0 0.296130859375 0
8 0.05189453125 0.5767421875 0.05062109375 0.5822548828125 0.0512578125 0.5869189453125 0.0540166015625 0.5905234375 0.0576240234375 0.59582421875 0.064626953125 0.5994287109375 0.06887109375 0.606638671875 0.0879697265625 0.603669921875 0.090091796875 0.5956123046875 0.0964580078125 0.58819140625 0.098580078125 0.579921875 0.0973076171875 0.571865234375 0.092001953125 0.5678369140625 0.0752373046875 0.566564453125 0.0648388671875 0.567412109375 0.0549765625 0.572046875 0.05189453125 0.5767421875
8 0.2003798828125 0.54354296875 0.1971435546875 0.5489990234375 0.1953232421875 0.5566787109375 0.19876171875 0.5631455078125 0.2060439453125 0.56941015625 0.211302734375 0.5734521484375 0.2181787109375 0.57325 0.2246513671875 0.572037109375 0.227685546875 0.562943359375 0.2311240234375 0.554658203125 0.2333486328125 0.5485947265625 0.2325400390625 0.5376826171875 0.2307197265625 0.5350546875 0.2268759765625 0.5364697265625 0.22262890625 0.53748046875 0.213123046875 0.5376826171875 0.205087890625 0.5395869140625 0.2003798828125 0.54354296875
8 0.49497265625 0.2202998046875 0.4885751953125 0.226111328125 0.48760546875 0.2311474609375 0.4874111328125 0.2390888671875 0.4909013671875 0.2468369140625 0.49497265625 0.251873046875 0.5246337890625 0.2445126953125 0.52734765625 0.2348271484375 0.5283173828125 0.228435546875 0.5230830078125 0.220880859375 0.516685546875 0.2168134765625 0.5089306640625 0.2166201171875 0.5015634765625 0.2177822265625 0.49497265625 0.2202998046875
3 0.20146484375 1 0.200560546875 0.9811220703125 0.1960439453125 0.95898828125 0.190623046875 0.9495029296875 0.1802333984375 0.940919921875 0.1702958984375 0.939564453125 0.1617138671875 0.9449853515625 0.1084111328125 0.9485986328125 0.0542060546875 0.952212890625 0 0.95401953125 0 1 0.20146484375 1
3 1 0.9780751953125 0.980607421875 0.9780751953125 0.9594326171875 0.9769794921875 0.9196376953125 0.979169921875 0.898099609375 0.9777099609375 0.853923828125 0.9762490234375 0.7652197265625 0.9773447265625 0.7068076171875 0.9725986328125 0.700236328125 0.9623759765625 0.693298828125 0.94558203125 0.67942578125 0.939009765625 0.606408203125 0.9415654296875 0.59473046875 0.9433916015625 0.5786669921875 0.9470419921875 0.572095703125 0.9525185546875 0.5731904296875 0.960916015625 0.584873046875 0.9758837890625 0.5585869140625 0.9773447265625 0.5279189453125 0.9769794921875 0.4990771484375 0.973328125 0.482283203125 0.9674873046875 0.47790234375 0.96055078125 0.48337890625 0.9477724609375 0.4855693359375 0.9364541015625 0.4837431640625 0.930248046875 0.473521484375 0.9280576171875 0.45344140625 0.92440625 0.4260595703125 0.925501953125 0.40305859375 0.9298828125 0.3946240234375 0.934484375 0.3931904296875 0.94212890625 0.39653515625 0.9512060546875 0.4032236328125 0.954072265625 0.4032080078125 1 1 1 1 0.9780751953125