8 0.453080078125 1 0.4517578125 0.992544921875 0.4433837890625 0.9832890625 0.435009765625 0.9815263671875 0.38741015625 0.9824072265625 0.3605244140625 0.9868154296875 0.3442177734375 0.9890185546875 0.34598046875 0.971830078125 0.3539130859375 0.9489111328125 0.3671357421875 0.9308408203125 0.3772724609375 0.925552734375 0.420638671875 0.9262685546875 0.4366513671875 0.9275 0.455744140625 0.9324267578125 0.4779150390625 0.9299638671875 0.4988544921875 0.9231884765625 0.5173310546875 0.906560546875 0.5222578125 0.8850048828125 0.5173310546875 0.85975390625 0.5222578125 0.844357421875 0.530263671875 0.8258818359375 0.53265625 0.8152109375 0.527896484375 0.8117490234375 0.52313671875 0.8117490234375 0.522271484375 0.8030947265625 0.525732421875 0.797037109375 0.5227041015625 0.78665234375 0.514482421875 0.781662109375 0.507126953125 0.7773349609375 0.5066943359375 0.7686806640625 0.4885205078125 0.76348828125 0.478568359375 0.7561328125 0.465154296875 0.7479111328125 0.450009765625 0.7496416015625 0.4456826171875 0.7405546875 0.4383271484375 0.7353623046875 0.43226953125 0.724544921875 0.4288076171875 0.720650390625 0.417125 0.722814453125 0.4089033203125 0.7327666015625 0.3937587890625 0.737958984375 0.383806640625 0.736228515625 0.3768837890625 0.7293046875 0.3721240234375 0.7249775390625 0.362171875 0.7249775390625 0.3461611328125 0.7288720703125 0.3314501953125 0.7336318359375 0.308517578125 0.7353623046875 0.2847197265625 0.7366611328125 0.2643818359375 0.734064453125 0.2492373046875 0.7336318359375 0.2449111328125 0.739689453125 0.2263046875 0.749208984375 0.2098623046875 0.7617578125 0.2085634765625 0.7708447265625 0.20337109375 0.7790654296875 0.196015625 0.7790654296875 0.1857734375 0.758994140625 0.17489453125 0.7472783203125 0.1715478515625 0.7355625 0.1640166015625 0.73137890625 0.1514638671875 0.72384765625 0.141421875 0.722173828125 0.120501953125 0.7305419921875 0.1163173828125 0.752298828125 0.103765625 0.7564833984375 0.0995810546875 0.7606669921875 0.10041796875 0.7774033203125 0.10794921875 0.789119140625 0.0903759765625 0.7874453125 0.0820078125 0.7799140625 0.081345703125 0.7585673828125 0.074732421875 0.7486474609375 0.061505859375 0.7400498046875 0.035025390625 0.7539384765625 0.0165078125 0.7572451171875 0.000634765625 0.7572451171875 0 0.759890625 0 0.9869453125 0.0098291015625 0.988732421875 0.018318359375 0.976669921875 0.02501953125 0.9793505859375 0.0312744140625 0.98560546875 0.063443359375 0.9775634765625 0.0719326171875 0.9717548828125 0.0719326171875 0.983818359375 0.0822080078125 0.9864990234375 0.1041005859375 0.9878388671875 0.1224189453125 1 0.1769267578125 1 0.19345703125 0.9985615234375 0.1947978515625 0.9882861328125 0.1925634765625 0.9811376953125 0.173798828125 0.976669921875 0.1617841796875 0.9732529296875 0.1668798828125 0.9305771484375 0.1732490234375 0.9184755859375 0.18598828125 0.9140166015625 0.20828125 0.917837890625 0.2280263671875 0.9305771484375 0.2394912109375 0.938857421875 0.259236328125 0.938220703125 0.268154296875 0.9369462890625 0.2707021484375 0.94331640625 0.280892578125 0.9465009765625 0.3101923828125 0.9477744140625 0.324205078125 0.9566923828125 0.32802734375 0.9732529296875 0.32802734375 1 0.453080078125 1
2 0.94346875 0 0.808533203125 0.0915830078125 0.7772236328125 0.0816357421875 0.6379375 0.0845810546875 0.6215263671875 0.09973046875 0.6025908203125 0.083740234375 0.5609306640625 0.079111328125 0.5146943359375 0.055275390625 0.4293623046875 0.1184794921875 0.429611328125 0.130177734375 0.4403134765625 0.1588017578125 0.4373271484375 0.202111328125 0.3502099609375 0.2018623046875 0.358921875 0.1411298828125 0.3666376953125 0.1597978515625 0.3755986328125 0.1583037109375 0.3807685546875 0.1533779296875 0.3659658203125 0.1155849609375 0.2881748046875 0.0582646484375 0.19778515625 0.117474609375 0.1939150390625 0.1223857421875 0.19226171875 0.128173828125 0.2075595703125 0.15380859375 0.194328125 0.21334765625 0.0752509765625 0.212107421875 0.0810390625 0.147193359375 0.09473046875 0.1539375 0.0955205078125 0.1432802734375 0.0864423828125 0.126703125 0 0.048423828125 0 1 1 1 1 0.0189931640625 0.96862890625 0 0.94346875 0
9 0.788224609375 0.191791015625 0.78598828125 0.144076171875 0.7283955078125 0.1446357421875 0.7293271484375 0.1921640625 0.788224609375 0.191791015625
9 0.871201171875 0.9589970703125 0.8639326171875 0.8852373046875 0.86744140625 0.883482421875 0.86719140625 0.8747099609375 0.863431640625 0.8747099609375 0.8624287109375 0.8624287109375 0.858669921875 0.85744140625 0.830849609375 0.8436572265625 0.804783203125 0.8414013671875 0.78373046875 0.84516015625 0.756662109375 0.8607001953125 0.7619248046875 0.9637587890625 0.8737080078125 0.965513671875 0.8739580078125 0.9596748046875 0.871201171875 0.9589970703125
9 1 0.6003984375 0.9877216796875 0.600087890625 0.9992138671875 0.67525390625 1 0.675875 1 0.6003984375
9 1 0.40903125 0.9570068359375 0.4102314453125 0.9732119140625 0.514365234375 1 0.5137646484375 1 0.40903125
9 1 0.247271484375 0.9330146484375 0.24819140625 0.9458837890625 0.330615234375 1 0.3296953125 1 0.247271484375
9 0.5433427734375 0.619611328125 0.5425078125 0.7295595703125 0.56310546875 0.731787109375 0.5656103515625 0.6285185546875 0.5433427734375 0.619611328125
9 0.452169921875 0.6168857421875 0.445166015625 0.7289716796875 0.5027568359375 0.728193359375 0.5092421875 0.6156044921875 0.452169921875 0.6168857421875
9 0.410033203125 0.733373046875 0.4187880859375 0.6328408203125 0.413421875 0.637359375 0.4057978515625 0.734501953125 0.410033203125 0.733373046875
9 0.42980078125 0.5179072265625 0.4348837890625 0.4295185546875 0.4187880859375 0.4416611328125 0.408904296875 0.529203125 0.42980078125 0.5179072265625
9 0.513671875 0.5119775390625 0.517060546875 0.421046875 0.4648173828125 0.422458984375 0.45860546875 0.5131064453125 0.513671875 0.5119775390625
9 0.548970703125 0.427259765625 0.54755859375 0.5179072265625 0.578056640625 0.5294853515625 0.5783388671875 0.4425087890625 0.548970703125 0.427259765625
9 0.5459755859375 0.2017421875 0.5462646484375 0.153763671875 0.482388671875 0.153763671875 0.4797880859375 0.2011640625 0.5459755859375 0.2017421875
9 0.306001953125 0.206583984375 0.3150400390625 0.159779296875 0.2527421875 0.1613935546875 0.2446728515625 0.20690625 0.306001953125 0.206583984375
9 0.42508984375 0.8598505859375 0.40615234375 0.8521943359375 0.3811708984375 0.8534033203125 0.35498046875 0.862267578125 0.3449072265625 0.872744140625 0.342892578125 0.9879814453125 0.4275078125 0.9875791015625 0.4351630859375 0.8719384765625 0.42508984375 0.8598505859375
8 1 0.958697265625 0.9843701171875 0.95687890625 0.977275390625 0.957765625 0.9583564453125 0.96042578125 0.9406201171875 0.9592431640625 0.9305693359375 0.96042578125 0.90958203125 0.9624951171875 0.8868203125 0.9624951171875 0.8764736328125 0.9630869140625 0.8670146484375 0.9630869140625 0.8442529296875 0.9642685546875 0.8179462890625 0.9642685546875 0.81351171875 0.9598349609375 0.80819140625 0.957765625 0.8064169921875 0.960130859375 0.80080078125 0.962791015625 0.7854296875 0.96042578125 0.747361328125 0.9592431640625 0.73228515625 0.9589482421875 0.71957421875 0.9642685546875 0.7059765625 0.96781640625 0.6950390625 0.9684072265625 0.70775 0.953626953125 0.7204609375 0.9355947265625 0.735537109375 0.9143115234375 0.7444052734375 0.9024873046875 0.7568212890625 0.883568359375 0.758298828125 0.8684921875 0.7553427734375 0.859328125 0.7485439453125 0.8487275390625 0.7512041015625 0.84074609375 0.749134765625 0.8357216796875 0.7331728515625 0.8206455078125 0.725486328125 0.82271484375 0.7172099609375 0.8268525390625 0.7115927734375 0.828921875 0.70863671875 0.8241923828125 0.7104111328125 0.8150283203125 0.7169140625 0.8144375 0.720166015625 0.810890625 0.7104111328125 0.7987705078125 0.6953349609375 0.800248046875 0.689126953125 0.8097080078125 0.6888310546875 0.822123046875 0.682328125 0.823009765625 0.6625224609375 0.821828125 0.6441943359375 0.819462890625 0.6371005859375 0.82448828125 0.6320751953125 0.8309912109375 0.63591796875 0.8369033203125 0.64862890625 0.842224609375 0.6512890625 0.8478408203125 0.6441943359375 0.8502060546875 0.6397607421875 0.846658203125 0.6279365234375 0.8460673828125 0.6219814453125 0.8487275390625 0.6128173828125 0.8451806640625 0.6074970703125 0.84813671875 0.6030625 0.855822265625 0.587099609375 0.864099609375 0.5791181640625 0.87178515625 0.5764580078125 0.8833134765625 0.58384765625 0.888634765625 0.582666015625 0.91435546875 0.582666015625 0.9279541015625 0.5900556640625 0.9433251953125 0.6009931640625 0.9498291015625 0.61843359375 0.947759765625 0.61843359375 0.9601748046875 0.616365234375 0.972294921875 0.6196162109375 0.9835283203125 0.634396484375 0.9947607421875 0.6471083984375 1 1 1 1 0.958697265625
8 0.7654375 0.52815234375 0.7714365234375 0.5262900390625 0.7747470703125 0.5240146484375 0.7817802734375 0.52215234375 0.7972958984375 0.524427734375 0.801640625 0.52256640625 0.8030888671875 0.5184287109375 0.799158203125 0.514291015625 0.7927451171875 0.51263671875 0.789435546875 0.5107744140625 0.7844697265625 0.509119140625 0.7792978515625 0.5103603515625 0.7741259765625 0.5116015625 0.7699892578125 0.5101533203125 0.76605859375 0.5103603515625 0.763369140625 0.5130498046875 0.7621279296875 0.5171875 0.76047265625 0.520083984375 0.7596455078125 0.5242216796875 0.7617138671875 0.5258759765625 0.7654375 0.52815234375
0 0.4006943359375 0.38571484375 0.3817021484375 0.403904296875 0.3891923828125 0.414068359375 0.4341298828125 0.3710029296875 0.5472763671875 0.3699326171875 0.613078125 0.4108583984375 0.6162880859375 0.4001591796875 0.6037158203125 0.39240234375 0.6034482421875 0.3627109375 0.607728515625 0.361640625 0.6085302734375 0.350138671875 0.5464736328125 0.310818359375 0.4501787109375 0.3100166015625 0.397751953125 0.352279296875 0.401763671875 0.3653857421875 0.4006943359375 0.38571484375
8 0.8650771484375 0.1828154296875 0.875890625 0.1831533203125 0.8833251953125 0.1807880859375 0.8894072265625 0.174029296875 0.9049521484375 0.1692978515625 0.9086689453125 0.1632158203125 0.9130615234375 0.1544296875 0.9110341796875 0.1422646484375 0.9110341796875 0.1371962890625 0.9086689453125 0.13111328125 0.901572265625 0.13584375 0.895490234375 0.1385478515625 0.895828125 0.127396484375 0.893462890625 0.1189482421875 0.8880556640625 0.110162109375 0.87859375 0.1037412109375 0.8698076171875 0.1020517578125 0.8637255859375 0.104080078125 0.85865625 0.1064453125 0.85527734375 0.1118515625 0.85662890625 0.1172587890625 0.858318359375 0.1263828125 0.8593330078125 0.1375341796875 0.852912109375 0.1395615234375 0.8481806640625 0.1412509765625 0.8478427734375 0.148009765625 0.8518984375 0.1598369140625 0.854263671875 0.1703125 0.8596708984375 0.17774609375 0.8650771484375 0.1828154296875
0 1 0.137599609375 0.8942197265625 0.14113671875 0.9016474609375 0.1903046875 1 0.1864140625 1 0.137599609375
9 0.1584560546875 0.6391103515625 0.094775390625 0.6414755859375 0.071037109375 0.75405078125 0.1371640625 0.753818359375 0.1584560546875 0.6391103515625
9 0.193353515625 0.4542451171875 0.1340087890625 0.455822265625 0.114912109375 0.5477412109375 0.1775810546875 0.5476630859375 0.193353515625 0.4542451171875
9 0.22236328125 0.294865234375 0.166818359375 0.294107421875 0.1524423828125 0.369302734375 0.210609375 0.369169921875 0.22236328125 0.294865234375
9 0.2899375 0.366220703125 0.3473994140625 0.3654248046875 0.3559736328125 0.292794921875 0.299865234375 0.2936982421875 0.2899375 0.366220703125
9 0.264515625 0.5454716796875 0.325888671875 0.5429765625 0.3370205078125 0.4519794921875 0.336267578125 0.451634765625 0.2776025390625 0.454341796875 0.264515625 0.5454716796875
9 0.233076171875 0.7499287109375 0.30031640625 0.7496279296875 0.312033203125 0.6373818359375 0.249623046875 0.638494140625 0.233076171875 0.7499287109375
9 0.1788193359375 0.862150390625 0.1567392578125 0.8636728515625 0.127806640625 0.87280859375 0.1141025390625 0.8838466796875 0.1015400390625 0.9947255859375 0.1555966796875 0.9882548828125 0.19328515625 0.9874931640625 0.210416015625 0.875583984375 0.19594921875 0.8674794921875 0.1788193359375 0.862150390625
9 0.7600908203125 0.733650390625 0.8360849609375 0.731578125 0.8246171875 0.6213564453125 0.753873046875 0.6240458984375 0.7600908203125 0.733650390625
9 0.8066083984375 0.437658203125 0.7430498046875 0.43926953125 0.7465947265625 0.5286513671875 0.8172021484375 0.528611328125 0.8066083984375 0.437658203125
9 0.794234375 0.279302734375 0.7328173828125 0.280484375 0.7381103515625 0.3529599609375 0.8021083984375 0.351908203125 0.794234375 0.279302734375
9 0.46639453125 0.363103515625 0.5413466796875 0.3626318359375 0.544646484375 0.2827392578125 0.47330078125 0.2838271484375 0.46639453125 0.363103515625