9 0.565611328125 0.0881923828125 0.57033203125 0.150203125 0.716884765625 0.124880859375 0.7083017578125 0.060298828125 0.565611328125 0.0881923828125
9 0.574662109375 0.2616611328125 0.57868359375 0.342099609375 0.7459482421875 0.321990234375 0.7327001953125 0.238712890625 0.574662109375 0.2616611328125
9 0.581759765625 0.46819921875 0.58801953125 0.5775673828125 0.78285546875 0.567564453125 0.766294921875 0.4528212890625 0.581759765625 0.46819921875
9 0.6013779296875 0.7380546875 0.6084775390625 0.8729560546875 0.8239658203125 0.8779267578125 0.80373046875 0.73769921875 0.6013779296875 0.7380546875
9 0.4001005859375 0.180755859375 0.4039501953125 0.1175390625 0.323955078125 0.13365234375 0.3180419921875 0.195056640625 0.4001005859375 0.180755859375
9 0.396208984375 0.2816708984375 0.307 0.29424609375 0.302013671875 0.3762890625 0.3930654296875 0.365677734375 0.396208984375 0.2816708984375
9 0.2920546875 0.4919091796875 0.283556640625 0.594669921875 0.3837412109375 0.58900390625 0.3876044921875 0.4846982421875 0.2920546875 0.4919091796875
9 0.37336328125 0.8648701171875 0.378412109375 0.73738671875 0.27162890625 0.7391533203125 0.2607734375 0.8618408203125 0.37336328125 0.8648701171875
9 0.210271484375 0.60911328125 0.122720703125 0.61260546875 0.1070068359375 0.712876953125 0.198048828125 0.7126279296875 0.210271484375 0.60911328125
9 0.2277314453125 0.4784111328125 0.2357138671875 0.398841796875 0.155396484375 0.40657421875 0.1439228515625 0.4851455078125 0.2277314453125 0.4784111328125
9 0.2504296875 0.2846025390625 0.256416015625 0.2224931640625 0.1830830078125 0.2347158203125 0.1748515625 0.2948291015625 0.2504296875 0.2846025390625
9 0.2681396484375 0.132947265625 0.2688876953125 0.1172333984375 0.2012919921875 0.1309521484375 0.199794921875 0.14591796875 0.2681396484375 0.132947265625
9 0 0.6048095703125 0.0184814453125 0.5158828125 0 0.5169541015625 0 0.6048095703125
9 0 0.4103623046875 0.0441953125 0.40473828125 0.0578564453125 0.33429296875 0 0.339650390625 0 0.4103623046875
9 0.026517578125 0.1850859375 0.01125 0.246423828125 0.0798193359375 0.2365126953125 0.0929443359375 0.1714248046875 0.026517578125 0.1850859375
9 1 0 0.93066796875 0.00912109375 0.9521923828125 0.0828154296875 1 0.0736943359375 1 0
9 0.9999501953125 0.2005546875 0.9855126953125 0.2024384765625 1 0.2589326171875 0.9999501953125 0.2005546875
8 0.8228740234375 1 0.8342880859375 0.9936103515625 0.839994140625 0.9704970703125 0.847984375 0.9530908203125 0.8519794921875 0.9508076171875 0.8605400390625 0.9422470703125 0.8713828125 0.9342578125 0.8768046875 0.926267578125 0.8873623046875 0.9274091796875 0.89392578125 0.9242705078125 0.9041982421875 0.920275390625 0.920177734375 0.9242705078125 0.9295947265625 0.921130859375 0.9390107421875 0.9131416015625 0.9501396484375 0.9068642578125 0.9843818359375 0.9131416015625 0.9898037109375 0.9108583984375 0.988662109375 0.9068642578125 0.9615537109375 0.8954501953125 0.9561318359375 0.8880302734375 0.9532783203125 0.88289453125 0.945859375 0.8811826171875 0.9298798828125 0.8811826171875 0.908763671875 0.874619140625 0.9116171875 0.8726220703125 0.9450029296875 0.86666015625 0.971826171875 0.858099609375 0.9786748046875 0.85581640625 0.978673828125 0.85039453125 0.960412109375 0.85039453125 0.9418642578125 0.8509658203125 0.9518515625 0.8426904296875 0.9541337890625 0.83783984375 0.952421875 0.82728125 0.9481416015625 0.8232861328125 0.941578125 0.823857421875 0.9404375 0.8278525390625 0.9410078125 0.832703125 0.9372978515625 0.8404072265625 0.9361572265625 0.8364130859375 0.9361572265625 0.8312763671875 0.932162109375 0.829849609375 0.914470703125 0.841548828125 0.9304501953125 0.82728125 0.9333037109375 0.8201474609375 0.92959375 0.8093046875 0.9250283203125 0.8081630859375 0.920177734375 0.8110166015625 0.917609375 0.8201474609375 0.9116171875 0.829279296875 0.9022001953125 0.836126953125 0.8964931640625 0.84383203125 0.881083984375 0.8512509765625 0.8927841796875 0.83783984375 0.897349609375 0.82642578125 0.8959228515625 0.815296875 0.8902158203125 0.8138701171875 0.886220703125 0.8158671875 0.88308203125 0.8232861328125 0.87766015625 0.82157421875 0.8733798828125 0.8227158203125 0.8699560546875 0.8335595703125 0.862552734375 0.841548828125 0.855705078125 0.840693359375 0.848 0.8366982421875 0.84828515625 0.8198623046875 0.84771484375 0.8144404296875 0.842578125 0.8144404296875 0.8380126953125 0.82100390625 0.8323056640625 0.824142578125 0.827740234375 0.8198623046875 0.82488671875 0.809875 0.81347265625 0.80416796875 0.801203125 0.79760546875 0.7940693359375 0.78076953125 0.7889326171875 0.778201171875 0.7852236328125 0.78133984375 0.783796875 0.8001728515625 0.77923046875 0.8135849609375 0.774505859375 0.804453125 0.7662314453125 0.8047392578125 0.7593828125 0.813013671875 0.75367578125 0.8084482421875 0.750251953125 0.797890625 0.74796875 0.789044921875 0.7767890625 0.7413916015625 0.77621875 0.7331162109375 0.7722236328125 0.7299775390625 0.7662314453125 0.731689453125 0.75966796875 0.743673828125 0.7499658203125 0.7599384765625 0.735984375 0.7827666015625 0.728279296875 0.81016015625 0.7200048828125 0.8078779296875 0.710302734375 0.8084482421875 0.71315625 0.7984609375 0.7125849609375 0.789900390625 0.710873046875 0.7821962890625 0.705166015625 0.78076953125 0.70145703125 0.784478515625 0.6983173828125 0.7964638671875 0.6920400390625 0.812443359375 0.68405078125 0.8141552734375 0.6773076171875 0.82100390625 0.6721708984375 0.780484375 0.6684619140625 0.777916015625 0.665322265625 0.7790576171875 0.6667490234375 0.8289931640625 0.6618984375 0.823572265625 0.6399267578125 0.8058798828125 0.6322216796875 0.800458984375 0.6256591796875 0.8021708984375 0.629654296875 0.8195771484375 0.6228056640625 0.80901953125 0.6151005859375 0.800744140625 0.6113916015625 0.8021708984375 0.6111064453125 0.80901953125 0.5965537109375 0.7853349609375 0.589419921875 0.78019921875 0.5857099609375 0.783337890625 0.587421875 0.7910419921875 0.59284375 0.8024560546875 0.595982421875 0.8087333984375 0.5748671875 0.783908203125 0.5711572265625 0.7750625 0.566306640625 0.7730654296875 0.56373828125 0.7730654296875 0.563453125 0.787046875 0.584283203125 0.8132998046875 0.595126953125 0.82157421875 0.595982421875 0.8318466796875 0.5965537109375 0.8449736328125 0.59312890625 0.8366982421875 0.579146484375 0.82642578125 0.573154296875 0.8284228515625 0.572583984375 0.8332734375 0.572013671875 0.83783984375 0.56373828125 0.8366982421875 0.561169921875 0.8395517578125 0.5628818359375 0.8458291015625 0.5600283203125 0.846400390625 0.55803125 0.824142578125 0.5540361328125 0.8204326171875 0.5486142578125 0.8204326171875 0.5449052734375 0.82157421875 0.5417666015625 0.829849609375 0.5280693359375 0.8093046875 0.5197939453125 0.7998876953125 0.51266015625 0.7879033203125 0.508666015625 0.783337890625 0.503814453125 0.784478515625 0.5023876953125 0.789900390625 0.503244140625 0.7970341796875 0.5132314453125 0.8136767578125 0.526927734375 0.8305126953125 0.515228515625 0.82394921875 0.5103779296875 0.8156748046875 0.5043857421875 0.8128212890625 0.500390625 0.8136767578125 0.4989638671875 0.8196689453125 0.500390625 0.825947265625 0.508666015625 0.832509765625 0.5183671875 0.84135546875 0.5249306640625 0.8519140625 0.5058125 0.837931640625 0.497251953125 0.8253759765625 0.492400390625 0.820525390625 0.4872646484375 0.82394921875 0.4878349609375 0.832224609375 0.4901181640625 0.8419267578125 0.4929716796875 0.849345703125 0.5043857421875 0.8564794921875 0.5075244140625 0.86418359375 0.5083798828125 0.871458984375 0.5169404296875 0.8828720703125 0.508666015625 0.8768798828125 0.4992490234375 0.8765947265625 0.4929716796875 0.880875 0.4941123046875 0.8882939453125 0.4966806640625 0.8937158203125 0.5043857421875 0.8968544921875 0.5223623046875 0.9028466796875 0.5143720703125 0.9048447265625 0.50067578125 0.9017060546875 0.48926171875 0.8991376953125 0.4849814453125 0.900564453125 0.485837890625 0.907126953125 0.489546875 0.9116923828125 0.4963955078125 0.9151171875 0.5080947265625 0.9156875 0.5247587890625 0.912263671875 0.53588671875 0.9105517578125 0.543876953125 0.9022763671875 0.555576171875 0.9057001953125 0.5530078125 0.9085537109375 0.5524375 0.9134052734375 0.5575732421875 0.917970703125 0.56955859375 0.9222509765625 0.57555078125 0.929384765625 0.5709853515625 0.931953125 0.572697265625 0.9370888671875 0.5881064453125 0.9402275390625 0.6055126953125 0.952212890625 0.607509765625 0.9633408203125 0.606939453125 0.9690478515625 0.60380078125 0.975896484375 0.60465625 0.981888671875 0.6080810546875 0.98388671875 0.6117900390625 0.9881669921875 0.61635546875 0.9950146484375 0.6269140625 0.999294921875 0.6382685546875 1 0.8228740234375 1
8 0.6196962890625 0 0.6155419921875 0.0101669921875 0.611388671875 0.0159814453125 0.611388671875 0.02678125 0.6155419921875 0.0359189453125 0.622603515625 0.037580078125 0.6354794921875 0.0367490234375 0.653755859375 0.035087890625 0.6612314453125 0.028857421875 0.667046875 0.017642578125 0.6745234375 0.0126591796875 0.6911376953125 0.0051826171875 0.7127548828125 0.01556640625 0.71732421875 0.0271962890625 0.7210625 0.0346728515625 0.70984765625 0.0504560546875 0.7106787109375 0.0620859375 0.7119248046875 0.0772568359375 0.718154296875 0.0801640625 0.724384765625 0.0872255859375 0.724384765625 0.0967783203125 0.72230859375 0.117130859375 0.726046875 0.1262685546875 0.7210625 0.134576171875 0.713169921875 0.15409765625 0.70486328125 0.1744501953125 0.71109375 0.1823427734375 0.718154296875 0.1848349609375 0.7177392578125 0.200203125 0.722548828125 0.2138330078125 0.733724609375 0.2138330078125 0.7419853515625 0.2050859375 0.7419853515625 0.1948818359375 0.752189453125 0.17641796875 0.75267578125 0.16426953125 0.7604501953125 0.147716796875 0.7643369140625 0.1122451171875 0.78231640625 0.1064140625 0.7944638671875 0.0986396484375 0.810984375 0.084548828125 0.817787109375 0.07288671875 0.8347939453125 0.0621962890625 0.8479140625 0.0597666015625 0.8692939453125 0.043732421875 0.893103515625 0.04081640625 0.9071953125 0.0325556640625 0.916427734375 0.0165205078125 0.929822265625 0.030099609375 0.91199609375 0.0701884765625 0.8954814453125 0.0861796875 0.8750341796875 0.099287109375 0.86848046875 0.111607421875 0.8703154296875 0.1144912109375 0.864810546875 0.126287109375 0.8572080078125 0.1373466796875 0.8488193359375 0.14258984375 0.8464599609375 0.1483564453125 0.84672265625 0.159890625 0.8509169921875 0.1735224609375 0.855111328125 0.189513671875 0.8608779296875 0.1999990234375 0.8676943359375 0.206814453125 0.879490234375 0.2099599609375 0.8894521484375 0.21494140625 0.897578125 0.2154658203125 0.9038701171875 0.2180869140625 0.9098994140625 0.240369140625 0.913306640625 0.242728515625 0.9172392578125 0.2393203125 0.9161904296875 0.2167763671875 0.9193359375 0.20550390625 0.9248408203125 0.216251953125 0.9316572265625 0.2146787109375 0.932705078125 0.216251953125 0.9279873046875 0.2220185546875 0.927462890625 0.2335537109375 0.9279873046875 0.238009765625 0.932705078125 0.237748046875 0.9368994140625 0.2540009765625 0.944763671875 0.2576708984375 0.954462890625 0.257146484375 0.9573466796875 0.2540009765625 0.94791015625 0.235650390625 0.9547255859375 0.23171875 0.954201171875 0.2238544921875 0.9534150390625 0.218873046875 0.96023046875 0.223591796875 0.9597060546875 0.2049794921875 0.9646865234375 0.208125 0.9680947265625 0.2034072265625 0.9641630859375 0.1958046875 0.9628515625 0.1893408203125 0.9701923828125 0.1930107421875 0.9751728515625 0.1861953125 0.97255078125 0.178068359375 0.9675703125 0.1678447265625 0.9738623046875 0.1704658203125 0.99640625 0.177806640625 1 0.173087890625 0.99902734375 0.165748046875 0.9971923828125 0.1594560546875 0.9618037109375 0.15028125 0.95026953125 0.123208984375 0.95053125 0.1166552734375 0.9547255859375 0.1082666015625 0.9581337890625 0.104859375 0.9581337890625 0.1006650390625 0.954201171875 0.097779296875 0.9523662109375 0.08703125 0.94555078125 0.068943359375 0.941880859375 0.0547880859375 0.947123046875 0.0406318359375 0.953939453125 0.027525390625 0.9597060546875 0.0241171875 0.9583955078125 0.020447265625 0.9486962890625 0.018087890625 0.9446640625 0.0113486328125 0.9442099609375 0.003177734375 0.9315966796875 0 0.6196962890625 0
8 0.21747265625 1 0.227373046875 0.9996240234375 0.224642578125 0.9941611328125 0.2205458984375 0.9863095703125 0.219521484375 0.975384765625 0.223958984375 0.9576318359375 0.2219111328125 0.95865625 0.2068896484375 0.9869921875 0.1997197265625 0.9808466796875 0.1935751953125 0.97162890625 0.17889453125 0.96309375 0.16523828125 0.9610458984375 0.155337890625 0.9552421875 0.15055859375 0.954900390625 0.145095703125 0.961728515625 0.1454375 0.977091796875 0.1427060546875 0.9859677734375 0.1293916015625 0.9897236328125 0.115052734375 0.99211328125 0.10958984375 1 0.21747265625 1
2 0.4049150390625 0 0.2785419921875 0.0283544921875 0 0.0908818359375 0 1 1 1 1 0 0.4049150390625 0