2 0.4809228515625 0 0.3289462890625 0.0841337890625 0.3134677734375 0.0828271484375 0.2439248046875 0.12566015625 0.24533984375 0.137447265625 0.23190234375 0.1440478515625 0.230787109375 0.157013671875 0.1416787109375 0.209818359375 0.1202255859375 0.2013193359375 0.0667138671875 0.2340869140625 0.071427734375 0.2416298828125 0.0726064453125 0.2442236328125 0.0604931640625 0.2498701171875 0.0583779296875 0.2545234375 0.0487890625 0.261009765625 0.03440625 0.2548056640625 0.0028203125 0.2715859375 0 0.27334375 0 0.93925390625 0.0078291015625 0.9401689453125 0.0089736328125 0.9243779296875 0.0089736328125 0.9090439453125 0.0860986328125 0.909501953125 0.0808349609375 0.926208984375 0.079232421875 0.9344482421875 0.119283203125 0.93696484375 0.2181474609375 0.9436025390625 0.3313486328125 0.9502392578125 0.441248046875 0.9568759765625 0.48381640625 0.9603095703125 0.4911396484375 0.9731259765625 0.4973193359375 0.9738125 0.503041015625 0.9614541015625 0.5357783203125 0.96373828125 0.542404296875 0.954703125 0.5408984375 0.926091796875 0.7478427734375 0.932369140625 0.7552607421875 0.9536962890625 0.87905078125 0.9467412109375 0.8971328125 1 1 0.9989423828125 1 0 0.4809228515625 0
9 0.0532763671875 0.55097265625 0.0649658203125 0.4680234375 0.0220302734375 0.4835341796875 0.009216796875 0.5658095703125 0.0532763671875 0.55097265625
9 0 0.880654296875 0.0053193359375 0.8801474609375 0.01595703125 0.8011240234375 0 0.8028974609375 0 0.880654296875
9 0.0892734375 0.7948876953125 0.0811962890625 0.8792724609375 0.0850224609375 0.908078125 0.13178515625 0.908078125 0.135611328125 0.8793466796875 0.1436884765625 0.79063671875 0.0892734375 0.7948876953125
9 0.248435546875 0.6708271484375 0.249951171875 0.6205849609375 0.227732421875 0.6130107421875 0.224451171875 0.66653515625 0.248435546875 0.6708271484375
9 0.30026171875 0.6586572265625 0.301220703125 0.6239306640625 0.2900927734375 0.6254658203125 0.28875 0.6609599609375 0.30026171875 0.6586572265625
9 0.25840234375 0.4753203125 0.25840234375 0.4499189453125 0.2402060546875 0.438802734375 0.2391611328125 0.439099609375 0.23805078125 0.480994140625 0.25840234375 0.4753203125
9 0.3074521484375 0.469291015625 0.307763671875 0.451712890625 0.2935146484375 0.456498046875 0.2934111328125 0.473138671875 0.3074521484375 0.469291015625
9 0.5266943359375 0.095611328125 0.5242900390625 0.0824814453125 0.41536328125 0.1425849609375 0.41536328125 0.152755859375 0.5266943359375 0.095611328125
9 0.4908173828125 0.3179033203125 0.4900771484375 0.276107421875 0.4168427734375 0.3108759765625 0.416658203125 0.3450888671875 0.4908173828125 0.3179033203125
9 0.536431640625 0.2999189453125 0.53409765625 0.2598525390625 0.50219921875 0.274634765625 0.5020048828125 0.3125615234375 0.536431640625 0.2999189453125
9 0.4997724609375 0.5546513671875 0.498173828125 0.472865234375 0.411326171875 0.4944443359375 0.409994140625 0.57383203125 0.4997724609375 0.5546513671875
9 0.5531416015625 0.5437373046875 0.5472021484375 0.45884765625 0.507603515625 0.469490234375 0.507603515625 0.4724599609375 0.5105732421875 0.5523994140625 0.5531416015625 0.5437373046875
9 0.5649755859375 0.84637890625 0.55691796875 0.708 0.414046875 0.7207060546875 0.414357421875 0.84823828125 0.5649755859375 0.84637890625
9 0.6339267578125 0.2612587890625 0.682921875 0.2424150390625 0.6783994140625 0.20095703125 0.6301572265625 0.221158203125 0.633625 0.26065625 0.6339267578125 0.2612587890625
9 0.660908203125 0.5194150390625 0.7186455078125 0.50572265625 0.7070068359375 0.418544921875 0.6524638671875 0.4340634765625 0.660908203125 0.5166767578125 0.660908203125 0.5194150390625
9 0.7547880859375 0.8028974609375 0.7403056640625 0.6850771484375 0.6791865234375 0.6926865234375 0.6904775390625 0.8038798828125 0.7547880859375 0.8028974609375
9 0.23211328125 0.90454296875 0.23776953125 0.81644140625 0.2099072265625 0.81078515625 0.2040419921875 0.9039140625 0.23211328125 0.90454296875
9 0.2903447265625 0.8701015625 0.2919775390625 0.8229931640625 0.2775185546875 0.8229931640625 0.276818359375 0.8701015625 0.2903447265625 0.8701015625
9 0.24953515625 0.2898798828125 0.247552734375 0.3215966796875 0.2674921875 0.314017578125 0.267841796875 0.302123046875 0.24953515625 0.2898798828125
9 0.6595048828125 0.0264306640625 0.65752734375 0.01887890625 0.617072265625 0.0395556640625 0.617431640625 0.047466796875 0.6595048828125 0.0264306640625
9 0.852166015625 0 0.770576171875 0.0381376953125 0.7918330078125 0.15909765625 0.908748046875 0.1084560546875 0.8834267578125 0 0.852166015625 0
9 0.9710478515625 0.3493544921875 0.9323759765625 0.1939091796875 0.805546875 0.241533203125 0.8314375 0.3876982421875 0.9710478515625 0.3493544921875
9 1 0.4811142578125 0.9969609375 0.4602255859375 0.85190625 0.4905234375 0.8865107421875 0.6789599609375 1 0.6627412109375 1 0.4811142578125
0 0.2115126953125 0.4996689453125 0.2125419921875 0.5081337890625 0.330908203125 0.471642578125 0.33399609375 0.463482421875 0.3362841796875 0.4515859375 0.33559765625 0.450212890625 0.32667578125 0.4514716796875 0.212771484375 0.4906318359375 0.2128857421875 0.4982958984375 0.2115126953125 0.4996689453125
0 0.3261328125 0.67933984375 0.3261328125 0.6704287109375 0.3255751953125 0.6637373046875 0.33284765625 0.662619140625 0.33284765625 0.6567451171875 0.3227783203125 0.6556259765625 0.299740234375 0.6587744140625 0.1958994140625 0.6784833984375 0.1957275390625 0.6798544921875 0.195712890625 0.699048828125 0.3261328125 0.67933984375
0 0.186984375 0.90990625 0.190994140625 0.914556640625 0.2166328125 0.917763671875 0.315306640625 0.9185654296875 0.315146484375 0.914876953125 0.315466796875 0.905255859375 0.294298828125 0.9044541015625 0.176240234375 0.902689453125 0.1755986328125 0.908783203125 0.186984375 0.90990625
0 0.3661953125 0.58446875 0.366736328125 0.5927666015625 0.3806259765625 0.5985400390625 0.382791015625 0.5947509765625 0.7421943359375 0.5223916015625 0.780978515625 0.5568466796875 0.7941474609375 0.5499912109375 0.79234375 0.52559375 0.7503125 0.487169921875 0.368720703125 0.57130078125 0.3690810546875 0.5826650390625 0.3661953125 0.58446875
0 0.383240234375 0.3794677734375 0.38685546875 0.3733369140625 0.7069482421875 0.2519443359375 0.7550205078125 0.296265625 0.7529775390625 0.2733154296875 0.7113203125 0.2181318359375 0.7075478515625 0.2187607421875 0.6317607421875 0.2494140625 0.371451171875 0.3532158203125 0.371765625 0.371765625 0.383240234375 0.3794677734375
0 0.38515625 0.1889482421875 0.3890869140625 0.185017578125 0.6756279296875 0.0347529296875 0.7212080078125 0.08665234375 0.7215224609375 0.066060546875 0.681123046875 0.0053330078125 0.6770361328125 0.0053330078125 0.3755673828125 0.1656826171875 0.374939453125 0.178416015625 0.38515625 0.1889482421875
0 0.357611328125 0.2867548828125 0.3557099609375 0.275580078125 0.34572265625 0.2767685546875 0.337876953125 0.2739150390625 0.2289765625 0.3271767578125 0.2301650390625 0.3419189453125 0.357611328125 0.2867548828125
8 0.1010087890625 0.936388671875 0.26816796875 0.9486044921875 0.332966796875 0.950728515625 0.3982958984375 0.9549775390625 0.438662109375 0.9576337890625 0.48380859375 0.9613515625 0.490181640625 0.9735673828125 0.4981484375 0.9746298828125 0.5029287109375 0.9624140625 0.51785546875 0.9634755859375 0.5369755859375 0.9640068359375 0.543880859375 0.9544462890625 0.541755859375 0.9278896484375 0.630986328125 0.927359375 0.7457109375 0.933201171875 0.75001171875 0.9449072265625 0.758076171875 0.9475947265625 0.77958203125 0.9375146484375 0.7923505859375 0.920041015625 0.803103515625 0.8945029296875 0.824609375 0.8857666015625 0.8225927734375 0.86896484375 0.7888310546875 0.85694921875 0.7688251953125 0.8464697265625 0.756439453125 0.8469453125 0.739291015625 0.83837109375 0.73595703125 0.8193173828125 0.7292880859375 0.80550390625 0.705947265625 0.799787109375 0.6992783203125 0.792642578125 0.6897509765625 0.7688251953125 0.6726025390625 0.7540576171875 0.653548828125 0.757392578125 0.64783203125 0.7635849609375 0.64783203125 0.7721591796875 0.6430693359375 0.777875 0.63313671875 0.7794619140625 0.6184423828125 0.7747724609375 0.606248046875 0.774146484375 0.6003076171875 0.7769609375 0.6009326171875 0.78415234375 0.60249609375 0.7897802734375 0.578421875 0.7835263671875 0.57123046875 0.78477734375 0.57091796875 0.79196875 0.5771708984375 0.79947265625 0.579671875 0.8060380859375 0.57154296875 0.811353515625 0.560912109375 0.811666015625 0.5574736328125 0.7975966796875 0.552783203125 0.773833984375 0.5468427734375 0.7747724609375 0.544029296875 0.7772734375 0.54183984375 0.78540234375 0.5308974609375 0.781337890625 0.5127626953125 0.77008203125 0.5030703125 0.76945703125 0.5015068359375 0.7791494140625 0.514951171875 0.788841796875 0.5152646484375 0.79916015625 0.4855615234375 0.819482421875 0.483685546875 0.8282373046875 0.4902509765625 0.83011328125 0.5027578125 0.8251103515625 0.5165146484375 0.819794921875 0.5193291015625 0.8247978515625 0.51026171875 0.833865234375 0.5043212890625 0.84543359375 0.51026171875 0.8485595703125 0.522142578125 0.84605859375 0.5274580078125 0.8519990234375 0.5355869140625 0.8560634765625 0.52620703125 0.86044140625 0.516857421875 0.8643427734375 0.51403125 0.8551982421875 0.51020703125 0.8520390625 0.5063828125 0.85469921875 0.503556640625 0.8661708984375 0.499732421875 0.870826171875 0.4910869140625 0.8698291015625 0.4869296875 0.8721572265625 0.4859326171875 0.8804697265625 0.4781181640625 0.89449609375 0.466978515625 0.9136162109375 0.464318359375 0.92109765625 0.4560048828125 0.9201005859375 0.4491884765625 0.924755859375 0.44353515625 0.927083984375 0.4358876953125 0.9252548828125 0.423443359375 0.9202666015625 0.4118046875 0.9189365234375 0.4059853515625 0.9147802734375 0.38669921875 0.9124521484375 0.3665859375 0.9109560546875 0.3544482421875 0.9146142578125 0.3477978515625 0.911455078125 0.344638671875 0.910125 0.3399833984375 0.9146142578125 0.3321689453125 0.9174404296875 0.325974609375 0.919435546875 0.321318359375 0.9172744140625 0.3166630859375 0.9189365234375 0.3048583984375 0.9191025390625 0.2864033203125 0.9196015625 0.2734345703125 0.919435546875 0.2584716796875 0.9204326171875 0.2290361328125 0.918271484375 0.2062578125 0.9172744140625 0.1884677734375 0.914447265625 0.18231640625 0.914447265625 0.153294921875 0.9151123046875 0.12835546875 0.9146142578125 0.1162177734375 0.9172744140625 0.1069072265625 0.9202666015625 0.1032490234375 0.9242568359375 0.0989267578125 0.9277490234375 0.095435546875 0.93523046875 0.1010087890625 0.936388671875
8 0.998962890625 0.8528486328125 1 0.4870654296875 0.9827275390625 0.470830078125 0.954076171875 0.4670107421875 0.9378408203125 0.4736953125 0.9368857421875 0.4880205078125 0.9435712890625 0.508076171875 0.9588515625 0.5281318359375 0.950255859375 0.5405478515625 0.9368857421875 0.5405478515625 0.92273046875 0.547412109375 0.9123525390625 0.5404931640625 0.8846796875 0.53962890625 0.8777607421875 0.546546875 0.88035546875 0.572490234375 0.865654296875 0.55346484375 0.8440341796875 0.5482763671875 0.834521484375 0.5681669921875 0.8397099609375 0.5932451171875 0.84662890625 0.614865234375 0.8647890625 0.6252431640625 0.843169921875 0.6243779296875 0.807712890625 0.6226484375 0.7956064453125 0.64080859375 0.8094423828125 0.6581044921875 0.868248046875 0.6676171875 0.9166767578125 0.6875078125 0.9348369140625 0.69875 0.921865234375 0.7004794921875 0.9019755859375 0.7073974609375 0.9019755859375 0.7186396484375 0.9088935546875 0.7376650390625 0.9071640625 0.7419892578125 0.90283984375 0.75928515625 0.92273046875 0.7687978515625 0.9434853515625 0.7869580078125 0.9547275390625 0.81549609375 0.9737529296875 0.8293330078125 0.9893193359375 0.834521484375 0.998962890625 0.8528486328125
3 0 1 0.8939912109375 0.999458984375 0.8791015625 0.9498271484375 0.86130859375 0.95076953125 0.7527265625 0.956330078125 0.7475224609375 0.93377734375 0.54226953125 0.928052734375 0.543310546875 0.9459208984375 0.5446982421875 0.9545947265625 0.5375859375 0.9646572265625 0.505369140625 0.9634423828125 0.500337890625 0.9759326171875 0.4901025390625 0.9748916015625 0.4847255859375 0.96413671875 0.477439453125 0.9615341796875 0.432392578125 0.9577802734375 0.352529296875 0.952228515625 0.286607421875 0.9497998046875 0.212859375 0.9449423828125 0.148853515625 0.9404326171875 0.0958525390625 0.93610546875 0.078306640625 0.93415625 0.07928125 0.929607421875 0.0851298828125 0.9104365234375 0.0094228515625 0.9094619140625 0.0094228515625 0.921484375 0.01072265625 0.9270078125 0.009748046875 0.9413046875 0 0.9396796875 0 1
9 0.1071455078125 0.7047353515625 0.1522890625 0.6992646484375 0.1634287109375 0.5970673828125 0.1173232421875 0.6086552734375 0.1071455078125 0.7047353515625
9 0 0.723326171875 0.0277236328125 0.720169921875 0.0402587890625 0.6285927734375 0.0069052734375 0.6367158203125 0 0.723326171875
9 0.179259765625 0.430849609375 0.137232421875 0.446435546875 0.1289453125 0.5257470703125 0.171564453125 0.5129228515625 0.179259765625 0.430849609375
9 0.0473046875 0.3492197265625 0.0352861328125 0.42025 0.07546875 0.403748046875 0.0821064453125 0.3332568359375 0.0473046875 0.3492197265625
9 0.145703125 0.3710107421875 0.1888525390625 0.3516689453125 0.1927197265625 0.2828076171875 0.1508046875 0.30384765625 0.145703125 0.3710107421875