3 0.204359375 0.9063740234375 0.2059453125 0.91919921875 0.2156865234375 0.917392578125 0.2232509765625 0.9018349609375 0.34032421875 0.8682001953125 0.372111328125 0.8898447265625 0.4131650390625 0.930666015625 0.8409580078125 0.8732216796875 0.83857421875 0.82451953125 0.8220078125 0.8190498046875 0.81551171875 0.6685498046875 0.5382763671875 0.6797021484375 0.388384765625 0.680109375 0.3407626953125 0.675771484375 0.229080078125 0.6832236328125 0.1594951171875 0.684701171875 0.1445732421875 0.9095703125 0.204359375 0.9063740234375
2 0 0 0.0010546875 0.546931640625 0.1823369140625 0.5535537109375 0.1840478515625 0.5647666015625 0.160578125 0.5787724609375 0.151818359375 0.6804970703125 0.3420107421875 0.6715888671875 0.422677734375 0.6753544921875 0.8099287109375 0.6669130859375 0.8177900390625 0.6683125 0.8235244140625 0.8144912109375 0.829361328125 0.8161943359375 0.8387177734375 0.822603515625 0.8397333984375 0.8294990234375 0.8665537109375 0.8276904296875 0.860658203125 0.699232421875 0.899375 0.6596796875 0.9288369140625 0.6569208984375 1 0.6553828125 1 0.085748046875 0.73375390625 0 0 0
9 0.21315234375 0 0.4219990234375 0.0580947265625 0.423314453125 0.0147587890625 0.3654697265625 0 0.21315234375 0
0 0.3738994140625 0 0.22713671875 0.00123046875 0.226146484375 0.0049326171875 0.9999462890625 0.2123076171875 0.9996103515625 0.1583564453125 0.47506640625 0 0.3738994140625 0
9 0.3427626953125 0.2702392578125 0.3476279296875 0.089939453125 0.2755244140625 0.0723076171875 0.268837890625 0.25842578125 0.3427626953125 0.2702392578125
9 0.530978515625 0.30275390625 0.5321328125 0.1361064453125 0.429849609375 0.111875 0.4273310546875 0.2861337890625 0.530978515625 0.30275390625
9 0.7070556640625 0.3301611328125 0.704533203125 0.16560546875 0.6013388671875 0.1386875 0.601474609375 0.3142255859375 0.7070556640625 0.3301611328125
9 0.8438642578125 0.3545390625 0.8395634765625 0.19977734375 0.750861328125 0.176609375 0.7547548828125 0.337369140625 0.8438642578125 0.3545390625
9 0.9642890625 0.3729140625 0.959158203125 0.2288896484375 0.884130859375 0.212365234375 0.8885810546875 0.3596435546875 0.9642890625 0.3729140625
9 0.9742646484375 0.54808984375 0.9661376953125 0.39371484375 0.88723828125 0.38542578125 0.895681640625 0.5407666015625 0.9742646484375 0.54808984375
9 0.851361328125 0.540736328125 0.8451318359375 0.3784150390625 0.756513671875 0.3660283203125 0.7608134765625 0.5366708984375 0.851361328125 0.540736328125
9 0.7098173828125 0.5317958984375 0.70527734375 0.3569033203125 0.603208984375 0.340955078125 0.6037666015625 0.5261484375 0.7098173828125 0.5317958984375
9 0.541076171875 0.522 0.541453125 0.33322265625 0.418931640625 0.313759765625 0.4175478515625 0.5142353515625 0.541076171875 0.522
9 0.34848046875 0.5128544921875 0.353521484375 0.3044345703125 0.255919921875 0.2907197265625 0.249494140625 0.5071025390625 0.34848046875 0.5128544921875
0 0.2699677734375 0.2577451171875 0.3420029296875 0.2695439453125 0.3442255859375 0.1910126953125 0.2728427734375 0.1750732421875 0.2699677734375 0.2577451171875
0 0.529744140625 0.3014130859375 0.529947265625 0.2280146484375 0.4296005859375 0.20709765625 0.4291064453125 0.2853994140625 0.529744140625 0.3014130859375
4 0 0.93635546875 0.13183984375 0.92362109375 0.1554091796875 0.5765390625 0.18048046875 0.5601005859375 0.1565087890625 0.5554453125 0.0011923828125 0.549958984375 0 0.93635546875
8 0.4121474609375 0.6837587890625 0.429232421875 0.68575 0.4560185546875 0.6898857421875 0.485921875 0.6908701171875 0.5135087890625 0.69059765625 0.5383876953125 0.690876953125 0.5602119140625 0.6932177734375 0.5779638671875 0.7040888671875 0.5936796875 0.71835546875 0.6103818359375 0.72029296875 0.6177255859375 0.7159931640625 0.610837890625 0.701759765625 0.6148671875 0.693509765625 0.63870703125 0.68966015625 0.6636943359375 0.6862099609375 0.6919951171875 0.6844580078125 0.714951171875 0.68602734375 0.7323486328125 0.695529296875 0.7436611328125 0.697896484375 0.7630263671875 0.6937275390625 0.78760546875 0.6874716796875 0.8038427734375 0.681048828125 0.81287890625 0.67805859375 0.811533203125 0.660224609375 0.80708984375 0.6453388671875 0.8138984375 0.6365263671875 0.8251572265625 0.628228515625 0.8308525390625 0.61657421875 0.82795703125 0.603673828125 0.8242197265625 0.593248046875 0.8148115234375 0.5821455078125 0.794892578125 0.5781240234375 0.7874521484375 0.561458984375 0.788546875 0.5429736328125 0.7945146484375 0.526544921875 0.804087890625 0.5057314453125 0.8044189453125 0.4928369140625 0.797763671875 0.498904296875 0.78711328125 0.5270615234375 0.7770498046875 0.5520322265625 0.7731064453125 0.5427158203125 0.7642236328125 0.536369140625 0.74633203125 0.529576171875 0.7369462890625 0.522939453125 0.7230390625 0.515642578125 0.71434375 0.5121640625 0.69853515625 0.5095966796875 0.6868447265625 0.5110810546875 0.6818359375 0.5173583984375 0.68096875 0.5271611328125 0.6752373046875 0.533484375 0.671787109375 0.543263671875 0.6754521484375 0.55220703125 0.6690068359375 0.5668828125 0.65377734375 0.5718837890625 0.6499091796875 0.569115234375 0.6496044921875 0.55689453125 0.6511953125 0.5488076171875 0.647552734375 0.538244140625 0.6396015625 0.5352724609375 0.6319169921875 0.5368837890625 0.6210146484375 0.545326171875 0.6145751953125 0.5539560546875 0.6052978515625 0.553435546875 0.6015693359375 0.54922265625 0.59415234375 0.5344189453125 0.591501953125 0.521580078125 0.5862216796875 0.509150390625 0.58369921875 0.5105498046875 0.5805283203125 0.5227412109375 0.57514453125 0.540005859375 0.572240234375 0.557177734375 0.564294921875 0.56767578125 0.554134765625 0.5705419921875 0.550240234375 0.567546875 0.5465078125 0.5535146484375 0.547521484375 0.5394970703125 0.547775390625 0.528154296875 0.5409794921875 0.5176201171875 0.5399267578125 0.506345703125 0.5471953125 0.493072265625 0.546142578125 0.4864609375 0.541740234375 0.4870751953125 0.53543359375 0.4959521484375 0.5285283203125 0.503521484375 0.522970703125 0.5140791015625 0.517826171875 0.5282861328125 0.51037109375 0.537396484375 0.5085263671875 0.546720703125 0.5012109375 0.548921875 0.5025673828125 0.5565673828125 0.49705859375 0.5613984375 0.493486328125 0.565466796875 0.493693359375 0.5721279296875 0.4955751953125 0.57744140625 0.4991083984375 0.5750087890625 0.5048447265625 0.579828125 0.50383984375 0.58697265625 0.5012802734375 0.60087890625 0.4997392578125 0.6128798828125 0.4948486328125 0.618359375 0.4858447265625 0.620080078125 0.4754150390625 0.61856640625 0.467619140625 0.61647265625 0.4605546875 0.6103203125 0.4496259765625 0.5900859375 0.4409921875 0.5749091796875 0.4387451171875 0.5761005859375 0.444234375 0.5895263671875 0.4471953125 0.60278125 0.4394189453125 0.6119853515625 0.4336953125 0.616833984375 0.4259169921875 0.619283203125 0.4180615234375 0.6171064453125 0.41112890625 0.6130869140625 0.404583984375 0.6053701171875 0.3993564453125 0.6024462890625 0.3979873046875 0.606646484375 0.3985087890625 0.61578515625 0.3839267578125 0.6146240234375 0.371572265625 0.6106953125 0.3538330078125 0.6016240234375 0.3430498046875 0.60073828125 0.343236328125 0.603919921875 0.3504501953125 0.6107138671875 0.3611796875 0.612123046875 0.3707099609375 0.6182021484375 0.3776611328125 0.621376953125 0.3878271484375 0.6233935546875 0.392486328125 0.6350283203125 0.3917041015625 0.6470654296875 0.389953125 0.656861328125 0.3929599609375 0.66451953125 0.39151171875 0.67162890625 0.384041015625 0.67203125 0.3716044921875 0.66819921875 0.3541689453125 0.661310546875 0.3529697265625 0.6638701171875 0.3591396484375 0.668654296875 0.3729736328125 0.67387109375 0.38578125 0.678884765625 0.4000107421875 0.6810283203125 0.4121474609375 0.6837587890625
8 0.70844140625 0.7579853515625 0.709072265625 0.82109765625 0.6888759765625 0.817626953125 0.6764384765625 0.820658203125 0.6753681640625 0.8288974609375 0.6843876953125 0.83309765625 0.700623046875 0.8371943359375 0.723263671875 0.8394541015625 0.73892578125 0.8390615234375 0.7538828125 0.8375068359375 0.761771484375 0.8346669921875 0.7596279296875 0.8285537109375 0.7514892578125 0.8203291015625 0.7421005859375 0.816248046875 0.7216953125 0.822044921875 0.719486328125 0.802794921875 0.7175927734375 0.7759716796875 0.7169619140625 0.7185390625 0.7153837890625 0.68666796875 0.7049697265625 0.684142578125 0.70686328125 0.6977119140625 0.70844140625 0.7579853515625
8 1 0.506986328125 0.987900390625 0.50802734375 0.9739755859375 0.513341796875 0.963875 0.5212236328125 0.9555419921875 0.5253984375 0.9508173828125 0.5395927734375 0.9512568359375 0.5520576171875 0.9413681640625 0.556185546875 0.9320791015625 0.5584072265625 0.9270009765625 0.5631240234375 0.922837890625 0.568625 0.91190234375 0.569072265625 0.9000244140625 0.574259765625 0.8926650390625 0.5824736328125 0.8885400390625 0.59444140625 0.9000947265625 0.5999482421875 0.909609375 0.6113671875 0.9074384765625 0.618515625 0.8978154296875 0.61771875 0.8847880859375 0.611515625 0.8675751953125 0.58205859375 0.8553544921875 0.5712138671875 0.8486591796875 0.57089453125 0.853947265625 0.5771494140625 0.867044921875 0.5964072265625 0.864556640625 0.6061201171875 0.8639736328125 0.6207548828125 0.8607734375 0.633744140625 0.861673828125 0.6515283203125 0.8669189453125 0.66881640625 0.8613046875 0.6841865234375 0.86298046875 0.69853125 0.8703623046875 0.7059482421875 0.8821171875 0.7083984375 0.8912783203125 0.7042861328125 0.9182802734375 0.690423828125 0.9374599609375 0.68367578125 0.9553212890625 0.6807509765625 0.97470703125 0.6811220703125 0.9820126953125 0.6876513671875 0.990271484375 0.6925498046875 1 0.69135546875 1 0.506986328125
6 1 0.8584111328125 0 0.995287109375 0 1 1 0.9996962890625 1 0.8584111328125
3 1 0.65701171875 0.94575 0.657404296875 0.8994736328125 0.6609697265625 0.884138671875 0.678078125 0.86176953125 0.700125 0.8677314453125 0.8305830078125 0.904701171875 0.83666796875 0.913251953125 0.84828125 0.9498447265625 0.8551298828125 1 0.8517626953125 1 0.65701171875