9 0.5597509765625 0.19998046875 0.5542861328125 0.266533203125 0.612158203125 0.2472421875 0.613765625 0.1781171875 0.5597509765625 0.19998046875
9 0.4228720703125 0.2607177734375 0.4121767578125 0.3214169921875 0.459001953125 0.30465234375 0.466517578125 0.2413515625 0.4228720703125 0.2607177734375
9 0.6026572265625 0.402349609375 0.6061259765625 0.31448046875 0.5457158203125 0.333845703125 0.5396455078125 0.4202705078125 0.6026572265625 0.402349609375
9 0.4522958984375 0.365025390625 0.4033466796875 0.379291015625 0.393556640625 0.460408203125 0.4450234375 0.4469814453125 0.4520166015625 0.3669833984375 0.4522958984375 0.365025390625
9 0.2958095703125 0.4281982421875 0.2825458984375 0.491263671875 0.3215859375 0.4827548828125 0.3315966796875 0.4171865234375 0.2958095703125 0.4281982421875
9 0.343859375 0.34761328125 0.352619140625 0.2918056640625 0.315330078125 0.3050693359375 0.3053193359375 0.36212890625 0.343859375 0.34761328125
9 0.220060546875 0.3430146484375 0.2088828125 0.399833984375 0.2393876953125 0.38865625 0.249634765625 0.331603515625 0.220060546875 0.3430146484375
9 0.1939521484375 0.456455078125 0.18095703125 0.5204560546875 0.2147451171875 0.5149326171875 0.2264404296875 0.44605859375 0.1939521484375 0.456455078125
9 0.25373046875 0.6348134765625 0.2962890625 0.6302646484375 0.3083095703125 0.556841796875 0.268349609375 0.5630146484375 0.25373046875 0.6348134765625
9 0.15009375 0.652681640625 0.187455078125 0.6465087890625 0.201099609375 0.570162109375 0.1673125 0.576984375 0.15009375 0.652681640625
9 0.4230087890625 0.605857421875 0.4329013671875 0.5297841796875 0.3865068359375 0.5396767578125 0.3772958984375 0.6113154296875 0.4230087890625 0.605857421875
9 0.590517578125 0.5766962890625 0.5957001953125 0.4920400390625 0.5355771484375 0.505515625 0.529703125 0.586716796875 0.590517578125 0.5766962890625
9 0.12223828125 0.7947587890625 0.1545830078125 0.7955986328125 0.169705078125 0.7191474609375 0.1373603515625 0.721248046875 0.12223828125 0.7947587890625
9 0.2348154296875 0.791818359375 0.268419921875 0.79055859375 0.2806015625 0.7124267578125 0.2486767578125 0.7141064453125 0.2348154296875 0.791818359375
9 0.4011240234375 0.7861123046875 0.40975390625 0.7009345703125 0.3677275390625 0.7073134765625 0.35947265625 0.7861123046875 0.4011240234375 0.7861123046875
9 0.5758779296875 0.7791083984375 0.582849609375 0.68394140625 0.5281201171875 0.6909140625 0.5214970703125 0.7815478515625 0.5758779296875 0.7791083984375
9 0.8338798828125 0.7091982421875 0.799564453125 0.7000478515625 0.7999453125 0.7682978515625 0.8350244140625 0.7675361328125 0.8338798828125 0.7091982421875
9 0.837310546875 0.5416533203125 0.8380810546875 0.5343388671875 0.7980439453125 0.5166298828125 0.79650390625 0.5489677734375 0.837310546875 0.5416533203125
9 0.8419306640625 0.4200029296875 0.840390625 0.367646484375 0.796119140625 0.348783203125 0.796888671875 0.4246220703125 0.8419306640625 0.4200029296875
9 0.9749521484375 0.44805859375 0.9724580078125 0.3946708984375 0.951501953125 0.3797021484375 0.9534970703125 0.4345869140625 0.9749521484375 0.44805859375
0 0.753791015625 0.8782470703125 1 0.88337890625 0.9994951171875 0.7922822265625 0.8506611328125 0.753791015625 0.7525078125 0.756357421875 0.753791015625 0.8590009765625 0.753791015625 0.8782470703125
0 0.8448876953125 0.6190712890625 0.9956455078125 0.6928466796875 0.9911552734375 0.6286943359375 0.84424609375 0.5318232421875 0.7557158203125 0.5478623046875 0.7582822265625 0.6286943359375 0.8448876953125 0.6190712890625
0 0.8365478515625 0.2431376953125 0.946248046875 0.3714423828125 0.9526640625 0.31498828125 0.83333984375 0.1744951171875 0.753791015625 0.2014384765625 0.756357421875 0.2636669921875 0.8365478515625 0.2431376953125
0 0.8378310546875 0.4227646484375 0.95587109375 0.5183515625 0.9584375 0.458048828125 0.839755859375 0.3451396484375 0.753791015625 0.3656689453125 0.7531494140625 0.434953125 0.8378310546875 0.4227646484375
9 0.9828154296875 0.563900390625 0.9802490234375 0.5080869140625 0.959720703125 0.4978232421875 0.959720703125 0.550427734375 0.9828154296875 0.563900390625
9 0.0558916015625 0.993505859375 0.1112138671875 1 0.1379501953125 0.8683134765625 0.082697265625 0.8668935546875 0.0558916015625 0.993505859375
9 0.2133720703125 1 0.23464453125 0.8721806640625 0.169537109375 0.8702470703125 0.1405283203125 1 0.2133720703125 1
9 0.247537109375 0.9998173828125 0.3339169921875 0.9998173828125 0.351966796875 0.880560546875 0.2668759765625 0.876693359375 0.247537109375 0.9998173828125
9 0.3742900390625 1 0.4876572265625 0.99990625 0.49725390625 0.8871396484375 0.393484375 0.8823408203125 0.3742900390625 1
9 0.5284453125 1 0.6766015625 0.99990625 0.6802001953125 0.8949375 0.53504296875 0.8877392578125 0.5284453125 1
2 0.1178896484375 0.3207275390625 0.0892841796875 0.338064453125 0.1603642578125 0.366669921875 0.14302734375 0.42908203125 0.0684794921875 0.7463427734375 0.0398740234375 0.862498046875 0.0546103515625 0.86596484375 0.0416083984375 0.918841796875 0 0.915375 0.0019501953125 1 0.999875 0.9989111328125 1 0.323970703125 0.80151953125 0.0497548828125 0.7626484375 0.0015546875 0.702009765625 0.0264326171875 0.6926806640625 0.015548828125 0.459455078125 0.136826171875 0.11661328125 0.303193359375 0.1178896484375 0.3207275390625