5 1 0.7667978515625 0.7917783203125 0.791166015625 0.784056640625 0.7646962890625 0.6596357421875 0.6810625 0.3512177734375 0.7229267578125 0 0.776123046875 0 1 0.7698349609375 1 0.79915234375 0.966578125 0.8291796875 0.928029296875 0.90244921875 0.9285966796875 0.9098330078125 0.9371162109375 0.9211923828125 0.93598046875 0.920625 0.930869140625 1 0.9249462890625 1 0.7667978515625
9 0.3187373046875 0.113248046875 0.3111611328125 0.0287978515625 0.19723828125 0.0835087890625 0.20032421875 0.1617861328125 0.3187373046875 0.113248046875
9 0.000189453125 0.19415234375 0.0463974609375 0.1719169921875 0.0463974609375 0.087884765625 0 0.11200390625 0.000189453125 0.19415234375
9 0.0002236328125 0 0 0.0172841796875 0.0302353515625 0 0.0002236328125 0
9 0.338041015625 0.322806640625 0.3286259765625 0.2189951171875 0.2059169921875 0.26640625 0.2101572265625 0.363076171875 0.338041015625 0.322806640625
9 0.3601123046875 0.5729140625 0.34780078125 0.445837890625 0.2133544921875 0.484642578125 0.2179287109375 0.60468359375 0.3601123046875 0.5729140625
9 0 0.624763671875 0.0296181640625 0.6203037109375 0.033048828125 0.499564453125 0 0.504130859375 0 0.624763671875
9 0 0.389861328125 0.0378603515625 0.37569921875 0.040630859375 0.27440625 0.0002939453125 0.2910322265625 0 0.389861328125
0 0.6913671875 0.09602734375 0.7290322265625 0.22900390625 0.7332177734375 0.2127314453125 0.692369140625 0.08132421875 0.61369921875 0.0999541015625 0.61494140625 0.1169287109375 0.6913671875 0.09602734375
0 0.64898046875 0.26642578125 0.729806640625 0.250720703125 0.7533671875 0.32433984375 0.7572939453125 0.320740234375 0.7324248046875 0.2402509765625 0.7288251953125 0.23370703125 0.6470166015625 0.2497392578125 0.64898046875 0.26642578125
0 0.7782236328125 0.42925 0.79063671875 0.4661845703125 0.79059765625 0.44929296875 0.7747822265625 0.405849609375 0.6825478515625 0.4196142578125 0.68495703125 0.4412939453125 0.7782236328125 0.42925
2 0.039515625 0 0.000232421875 0.018833984375 0.000376953125 0.1097255859375 0.0470166015625 0.08626953125 0.0472958984375 0.173677734375 0 0.19462109375 0 0.289849609375 0.0417099609375 0.2728154296875 0.0397548828125 0.3780947265625 0 0.3912197265625 0 0.502365234375 0.034728515625 0.4981767578125 0.030818359375 0.6230068359375 0.000376953125 0.62663671875 0.000376953125 0.774369140625 0.1623583984375 0.7506328125 0.6594482421875 0.6788076171875 0.7850126953125 0.763435546875 0.7924853515625 0.7869453125 1 0.7615380859375 1 0.5019609375 0.9660400390625 0.5227177734375 0.8913046875 0.5695703125 0.877662109375 0.585583984375 0.8693583984375 0.522125 0.8302109375 0.5280556640625 0.6508486328125 0.5629580078125 0.6211796875 0.4202548828125 0.548865234375 0 0.3117431640625 0 0.32148046875 0.11571875 0.19764453125 0.1645654296875 0.205029296875 0.26396875 0.3299228515625 0.2157939453125 0.33921875 0.3249970703125 0.208421875 0.3651376953125 0.2125810546875 0.48343359375 0.348703125 0.4438642578125 0.362349609375 0.57554296875 0.2166748046875 0.6062431640625 0.210763671875 0.488044921875 0.207130859375 0.3546865234375 0.19571484375 0.1632119140625 0.1951953125 0.079662109375 0.309361328125 0.02569921875 0.3067666015625 0 0.0940029296875 0 0.039515625 0
2 0.6807822265625 0.4188271484375 0.7706162109375 0.40384375 0.72640625 0.2530927734375 0.6474052734375 0.2687939453125 0.643349609375 0.2470185546875 0.7235107421875 0.2298203125 0.6893017578125 0.1011923828125 0.6106474609375 0.1215419921875 0.6083037109375 0.0961552734375 0.6821357421875 0.0770576171875 0.6620654296875 0.0015283203125 0.55149609375 0.000798828125 0.652578125 0.5605361328125 0.8069375 0.5306162109375 0.87152734375 0.52003515625 0.8791904296875 0.58096875 0.8908681640625 0.5667392578125 0.9398232421875 0.5340322265625 0.819125 0.4666171875 0.78956640625 0.4727158203125 0.7770546875 0.4324892578125 0.6844892578125 0.4450703125 0.6807822265625 0.4188271484375
6 0.9018115234375 0.9999208984375 1 1 0.9995595703125 0.9255341796875 0.921390625 0.93142578125 0.9216708984375 0.9359072265625 0.909064453125 0.9378681640625 0.901640625 0.9289052734375 0.830474609375 0.928662109375 0.7706787109375 1 0.9018115234375 0.9999208984375
2 0.6953720703125 0.0794326171875 0.7354501953125 0.2121513671875 0.7307099609375 0.2302490234375 0.7388603515625 0.2517744140625 0.759931640625 0.3207333984375 0.7511201171875 0.3272451171875 0.77180859375 0.4008017578125 0.77640625 0.402333984375 0.793646484375 0.4513671875 0.7919697265625 0.470697265625 0.8170166015625 0.4647744140625 0.803224609375 0.4471533203125 0.7978603515625 0.431447265625 0.7752568359375 0.34257421875 0.7388603515625 0.2153876953125 0.700548828125 0.0724951171875 0.6821591796875 0 0.6654990234375 0.0011376953125 0.6841669921875 0.0790009765625 0.6953720703125 0.0794326171875