3 1 0.8003076171875 0 0.82511328125 0 1 1 1 1 0.8003076171875
8 0.320685546875 0 0.2926904296875 0.00565625 0.2801953125 0.0591328125 0.3146416015625 0.10267578125 0.3211591796875 0.1298251953125 0.268341796875 0.10750390625 0.2902490234375 0.1506259765625 0.2564130859375 0.2469033203125 0.252533203125 0.2710400390625 0.2312255859375 0.2668486328125 0.205181640625 0.2381298828125 0.2061787109375 0.288740234375 0.233291015625 0.3902158203125 0.199208984375 0.374734375 0.2331923828125 0.458564453125 0.275955078125 0.488923828125 0.27528515625 0.5412724609375 0.3149521484375 0.5731259765625 0.3634755859375 0.580150390625 0.4011259765625 0.6146455078125 0.2664892578125 0.627234375 0.148587890625 0.64320703125 0.0642119140625 0.6592666015625 0 0.67951171875 0 0.822154296875 1 0.796263671875 1 0.615109375 0.9380234375 0.60608984375 0.9573525390625 0.5489189453125 1 0.47555078125 0.9887099609375 0.4805537109375 0.955107421875 0.4786953125 0.903271484375 0.450494140625 0.874044921875 0.421708984375 0.84787109375 0.3916279296875 0.8110751953125 0.4780634765625 0.798966796875 0.4618125 0.77333203125 0.452123046875 0.7466884765625 0.4926787109375 0.7508955078125 0.48534375 0.713125 0.4671044921875 0.7141005859375 0.40694140625 0.693751953125 0.37112109375 0.684263671875 0.4583681640625 0.6685419921875 0.4333115234375 0.658875 0.431169921875 0.626455078125 0.4304287109375 0.6591630859375 0.4624990234375 0.64946875 0.494330078125 0.67798046875 0.524765625 0.6780244140625 0.6017470703125 0.468591796875 0.60691796875 0.4528916015625 0.480046875 0.474744140625 0.451666015625 0.5779267578125 0.4255400390625 0.62396484375 0.362134765625 0.6946240234375 0.3245703125 0.695779296875 0.2685224609375 0.629572265625 0.3117099609375 0.671234375 0.1297646484375 0.6167763671875 0.2041630859375 0.54212890625 0.243693359375 0.54178515625 0.225279296875 0.5442861328125 0.1848115234375 0.6166455078125 0.09425 0.5299482421875 0.143111328125 0.5656923828125 0.08480078125 0.57738671875 0.0463701171875 0.5583623046875 0.0603154296875 0.578150390625 0 0.320685546875 0
9 0.1873125 0.2113505859375 0.1904130859375 0.14316015625 0.0711494140625 0.170201171875 0.066255859375 0.232189453125 0.1873125 0.2113505859375
9 0.1848056640625 0.3825537109375 0.186201171875 0.305044921875 0.0613837890625 0.3292412109375 0.0538203125 0.40247265625 0.1848056640625 0.3825537109375
9 0.180505859375 0.5753603515625 0.1831220703125 0.4812841796875 0.048828125 0.4994423828125 0.0396181640625 0.5877138671875 0.180505859375 0.5753603515625
9 0.4614580078125 0.452564453125 0.4525869140625 0.47130078125 0.462357421875 0.544896484375 0.59861328125 0.5311689453125 0.5852236328125 0.436259765625 0.4614580078125 0.452564453125
9 0.5714365234375 0.2342333984375 0.453404296875 0.25881640625 0.4282705078125 0.3027509765625 0.437224609375 0.33976953125 0.579779296875 0.3257041015625 0.571986328125 0.234375 0.5714365234375 0.2342333984375
9 0.4348916015625 0.0950625 0.4488046875 0.1156181640625 0.428646484375 0.1615634765625 0.55360546875 0.1387841796875 0.5454794921875 0.062779296875 0.4348916015625 0.0950625
2 0.0515908203125 0.6600029296875 0.1785166015625 0.6304931640625 0.286603515625 0.623337890625 0.646689453125 0.6048583984375 0.6400029296875 0.5314912109375 0.58513671875 0.0419775390625 0.5861064453125 0.0121962890625 0.5779970703125 0 0.026048828125 0.1273349609375 0.032861328125 0.1455087890625 0.0314658203125 0.162462890625 0.0326318359375 0.1720703125 0.000462890625 0.1829306640625 0 0.6713974609375 0.0515908203125 0.6600029296875
0 0.6275283203125 0.3283798828125 0.6549072265625 0.331921875 0.6549072265625 0.3172080078125 0.620814453125 0.3125 0.6275283203125 0.3283798828125
9 0.025400390625 0.257470703125 0.025400390625 0.2298466796875 0.0069755859375 0.2329794921875 0.0039453125 0.262189453125 0.025400390625 0.257470703125
9 0 0.3723740234375 0.0019892578125 0.4256552734375 0.0109921875 0.422046875 0.0159287109375 0.4043525390625 0.0167412109375 0.3641181640625 0 0.3723740234375
9 0.2339658203125 0.0351171875 0.23141015625 0.004201171875 0.2225771484375 0.003875 0.1981025390625 0.009765625 0.198396484375 0.03997265625 0.2339658203125 0.0351171875