5 0 0.848611328125 0.0475859375 0.8654638671875 0.113015625 0.867447265625 0.19430859375 0.8664560546875 0.195037109375 0.881302734375 0.2265615234375 0.88303515625 0.234875 0.87194921875 0.250810546875 0.871255859375 0.263974609375 0.8705634765625 0.2722890625 0.8750673828125 0.28353125 0.8733955078125 0.349943359375 0.8748583984375 0.3892705078125 0.8791201171875 0.363173828125 0.8595478515625 0.37078515625 0.8002880859375 0.39198828125 0.7682109375 0.4099296875 0.7557060546875 0.4333076171875 0.757337890625 0.4604912109375 0.7812587890625 0.467015625 0.8171416015625 0.467015625 0.8367138671875 0.4604912109375 0.8519365234375 0.47299609375 0.8530244140625 0.477345703125 0.866072265625 0.4827822265625 0.8725966796875 0.48223828125 0.8807509765625 0.4990927734375 0.9177216796875 0.6100478515625 0.9023818359375 0.6185068359375 0.884521484375 0.8519248046875 0.8801591796875 0.8504208984375 0.83406640625 0.829515625 0.6289423828125 0.497517578125 0.6311005859375 0.002103515625 0.6668623046875 0 0.848611328125
9 0.160431640625 0.37094921875 0.163888671875 0.3194501953125 0.1267958984375 0.325884765625 0.123767578125 0.3750888671875 0.160431640625 0.37094921875
9 0.242955078125 0.3544052734375 0.244927734375 0.3031181640625 0.2031748046875 0.3100224609375 0.200544921875 0.359994140625 0.242955078125 0.3544052734375
9 0.3335341796875 0.3362021484375 0.3328671875 0.284837890625 0.287505859375 0.2931767578125 0.286171875 0.3448740234375 0.3335341796875 0.3362021484375
9 0.4824912109375 0.3077333984375 0.4811845703125 0.2525263671875 0.3763232421875 0.27276953125 0.376650390625 0.328966796875 0.4824912109375 0.3077333984375
9 0.1457646484375 0.5570869140625 0.1027138671875 0.55966015625 0.0989697265625 0.6190888671875 0.141787109375 0.617216796875 0.1457646484375 0.5570869140625
9 0.232484375 0.5485625 0.1880205078125 0.5505947265625 0.1842607421875 0.611056640625 0.2301982421875 0.6100498046875 0.232484375 0.5485625
9 0.32684375 0.536609375 0.2763388671875 0.5417744140625 0.2740439453125 0.6028955078125 0.3251220703125 0.601173828125 0.32684375 0.536609375
9 0.485095703125 0.5194296875 0.373177734375 0.530072265625 0.3718037109375 0.595298828125 0.485439453125 0.58740234375 0.485095703125 0.5194296875
9 0.11034765625 0.4919677734375 0.15226953125 0.487099609375 0.154703125 0.437064453125 0.114134765625 0.441662109375 0.11034765625 0.4919677734375
9 0.2403115234375 0.4207744140625 0.1955390625 0.4273984375 0.1933984375 0.4806767578125 0.238255859375 0.47696875 0.2403115234375 0.4207744140625
9 0.330181640625 0.40714453125 0.2821943359375 0.4137841796875 0.28070703125 0.4698798828125 0.329578125 0.4656953125 0.330181640625 0.40714453125
9 0.4836171875 0.3818212890625 0.376890625 0.39978515625 0.37512890625 0.45684765625 0.48573046875 0.4434619140625 0.4836171875 0.3818212890625
9 0.931736328125 0.37307421875 0.809064453125 0.3733896484375 0.8128583984375 0.4353583984375 0.9383759765625 0.4331455078125 0.931736328125 0.37307421875
9 1 0.3690888671875 0.9838798828125 0.3690888671875 0.9938427734375 0.43126171875 1 0.431564453125 1 0.3690888671875
9 0.91212890625 0.244611328125 0.7974326171875 0.2473291015625 0.80178125 0.2973388671875 0.9202822265625 0.2973388671875 0.91212890625 0.244611328125
9 1 0.241326171875 0.96566015625 0.241681640625 0.97455859375 0.294716796875 1 0.2940048828125 1 0.241326171875
8 0.000416015625 0.8668359375 0.021619140625 0.868083984375 0.0203720703125 0.8560263671875 0.0137197265625 0.8506220703125 0 0.8502060546875 0.000416015625 0.8668359375
3 0 0.901123046875 0.0231748046875 0.9018955078125 0.0235615234375 0.90884765625 0.0316728515625 0.9127099609375 0.110171875 0.916353515625 0.181404296875 0.918576171875 0.215490234375 0.92146484375 0.271529296875 0.924353515625 0.304458984375 0.9260869140625 0.376673828125 0.9278203125 0.4182705078125 0.9312861328125 0.4224619140625 0.8810341796875 0.3631494140625 0.8782587890625 0.3609033203125 0.876419921875 0.3491962890625 0.8770712890625 0.2847421875 0.874318359375 0.2761015625 0.8790859375 0.267236328125 0.8859716796875 0.2055966796875 0.884509765625 0.17897265625 0.8850029296875 0.11784375 0.879953125 0.1106513671875 0.8816123046875 0.0343017578125 0.8785693359375 0.0329189453125 0.8688876953125 0.0251728515625 0.868611328125 0.0141083984375 0.868611328125 0.000830078125 0.86778125 0 0.901123046875
8 0.2666318359375 0.88522265625 0.280341796875 0.87522265625 0.270986328125 0.8763515625 0.264373046875 0.8718349609375 0.235177734375 0.873287109375 0.2271123046875 0.8839326171875 0.2666318359375 0.88522265625
8 0.457599609375 0.8714541015625 0.473328125 0.8640810546875 0.471361328125 0.8586748046875 0.4664462890625 0.8547421875 0.454650390625 0.853267578125 0.464013671875 0.838775390625 0.4630537109375 0.8191015625 0.4596953125 0.7893505859375 0.450578125 0.7763955078125 0.4361826171875 0.762958984375 0.4222666015625 0.7576806640625 0.406431640625 0.76151953125 0.3925166015625 0.77399609375 0.379560546875 0.793669921875 0.3728427734375 0.8066259765625 0.367564453125 0.8397353515625 0.3666044921875 0.8565302734375 0.3742822265625 0.865646484375 0.3939560546875 0.878123046875 0.421787109375 0.87668359375 0.4381015625 0.875244140625 0.457599609375 0.8714541015625
8 0.6223994140625 0.84380859375 0.6231201171875 0.8308271484375 0.61879296875 0.8063056640625 0.6036474609375 0.79548828125 0.5841748046875 0.7861123046875 0.573357421875 0.79548828125 0.5632607421875 0.8200087890625 0.5553271484375 0.812796875 0.5473935546875 0.7889970703125 0.5380185546875 0.7745732421875 0.526478515625 0.7774580078125 0.5322490234375 0.792603515625 0.5466728515625 0.8365966796875 0.545951171875 0.8394814453125 0.537296875 0.846693359375 0.54306640625 0.8539052734375 0.55893359375 0.85534765625 0.5697509765625 0.85534765625 0.5776845703125 0.8589541015625 0.6195146484375 0.8560693359375 0.6223994140625 0.84380859375
6 0.0013369140625 0.99867578125 0.9979990234375 1 1 0.8284892578125 0.93480859375 0.8244775390625 0.9247080078125 0.79734765625 0.8695322265625 0.796103515625 0.8505556640625 0.82548046875 0.8568212890625 0.8828603515625 0.6212109375 0.88595703125 0.6140556640625 0.9067724609375 0.5915615234375 0.910654296875 0.568248046875 0.9145400390625 0.525994140625 0.9237685546875 0.5051435546875 0.930447265625 0.471365234375 0.93275 0.4414248046875 0.9350537109375 0.4168583984375 0.93275 0.268158203125 0.926095703125 0.1086474609375 0.9187080078125 0.0249248046875 0.913595703125 0.0223681640625 0.908482421875 0.0223681640625 0.903689453125 0 0.9024111328125 0.0013369140625 0.99867578125
1 0.8674462890625 0.7872822265625 0.8685185546875 0.792640625 0.871947265625 0.7932841796875 0.873662109375 0.795427734375 0.879021484375 0.7960703125 0.880521484375 0.793712890625 0.8878095703125 0.7939267578125 0.8916484375 0.7963310546875 0.8958564453125 0.7966904296875 0.9032099609375 0.795849609375 0.904099609375 0.7941416015625 0.9103154296875 0.7945703125 0.912458984375 0.7973564453125 0.918888671875 0.7971416015625 0.9199609375 0.7947841796875 0.9236044921875 0.78942578125 0.9227470703125 0.783423828125 0.90988671875 0.7709921875 0.88630859375 0.7703486328125 0.8818076171875 0.771849609375 0.8760205078125 0.77763671875 0.8698046875 0.7847099609375 0.8674462890625 0.7872822265625
2 0 0.663146484375 0.485384765625 0.625890625 0.8304765625 0.623677734375 0.8378623046875 0.7123056640625 0.9275927734375 0.71165625 0.943375 0.828591796875 0.9624140625 0.8240283203125 0.94552734375 0.7102216796875 1 0.704482421875 0.999873046875 0.1251845703125 0.7816015625 0.133208984375 0.7816015625 0.077037109375 0.5456767578125 0.0834560546875 0.5456767578125 0.13962890625 0.1845673828125 0.2246904296875 0.1316044921875 0.1909873046875 0 0.226767578125 0 0.663146484375