2 0 0 0 1 1 1 1 0 0 0
9 0.1244013671875 0.1320400390625 0.1214912109375 0.042921875 0.05165234375 0.052015625 0.053833984375 0.1425888671875 0.1244013671875 0.1320400390625
9 0.2908134765625 0.1090126953125 0.2843212890625 0.0246044921875 0.247755859375 0.0269970703125 0.21358203125 0.032806640625 0.21631640625 0.1175556640625 0.2908134765625 0.1090126953125
9 0.4629384765625 0.0849560546875 0.4557392578125 0.003240234375 0.449619140625 0 0.3747431640625 0.001439453125 0.3855419921875 0.09503515625 0.4629384765625 0.0849560546875
9 0.5549013671875 0 0.5635712890625 0.0663818359375 0.6427919921875 0.0557294921875 0.634484375 0 0.5549013671875 0
9 0.8245927734375 0.2123564453125 0.8060400390625 0.1107451171875 0.7623701171875 0.1258720703125 0.777783203125 0.222060546875 0.8245927734375 0.2123564453125
9 0.8844677734375 0.20169921875 0.8672421875 0.1039814453125 0.8459443359375 0.1033544921875 0.8152509765625 0.1074267578125 0.8378017578125 0.20890234375 0.8844677734375 0.20169921875
9 0.9024462890625 0.1991552734375 0.9315966796875 0.1964609375 0.9134697265625 0.1043544921875 0.88137890625 0.1014150390625 0.9024462890625 0.1991552734375
9 0.680369140625 0.3499296875 0.6653720703125 0.244982421875 0.587623046875 0.253994140625 0.5999873046875 0.3585673828125 0.680369140625 0.3499296875
9 0.471732421875 0.2704912109375 0.4811044921875 0.2707509765625 0.4735546875 0.1811953125 0.462099609375 0.1780712890625 0.393890625 0.187443359375 0.4019619140625 0.2775205078125 0.471732421875 0.2704912109375
9 0.2620859375 0.297224609375 0.3010927734375 0.2943232421875 0.2952900390625 0.194388671875 0.2514482421875 0.1989013671875 0.2221123046875 0.2043818359375 0.2272705078125 0.3010927734375 0.2620859375 0.297224609375
9 0.128462890625 0.3188798828125 0.1216298828125 0.2195712890625 0.0528427734375 0.2223046875 0.0569423828125 0.3248017578125 0.128462890625 0.3188798828125
9 0.1288017578125 0.50397265625 0.1250576171875 0.3995087890625 0.05803515625 0.4069970703125 0.0591591796875 0.5110869140625 0.1288017578125 0.50397265625
9 0.3152861328125 0.4863896484375 0.3079853515625 0.381673828125 0.2669208984375 0.38418359375 0.2317880859375 0.38988671875 0.23703515625 0.49277734375 0.3152861328125 0.4863896484375
9 0.4978369140625 0.469662109375 0.485947265625 0.3642021484375 0.409177734375 0.3727314453125 0.4171904296875 0.479484375 0.4978369140625 0.469662109375
9 0.715916015625 0.55698828125 0.6978447265625 0.4428681640625 0.6121923828125 0.45202734375 0.628283203125 0.564662109375 0.715916015625 0.55698828125
9 0.8667666015625 0.4240693359375 0.8512060546875 0.344076171875 0.8426591796875 0.3052861328125 0.7935673828125 0.31755859375 0.8016767578125 0.3609521484375 0.8154833984375 0.4337119140625 0.8667666015625 0.4240693359375
9 0.87453125 0.416189453125 0.925251953125 0.4092412109375 0.9025546875 0.2971455078125 0.853455078125 0.30247265625 0.87453125 0.416189453125
9 0.94698046875 0.4058486328125 0.9760205078125 0.40466796875 0.9552431640625 0.29960546875 0.9238427734375 0.295591796875 0.94698046875 0.4058486328125
9 0.9085830078125 0.6444765625 0.8825654296875 0.518279296875 0.8333603515625 0.528716796875 0.8564716796875 0.65272265625 0.9085830078125 0.6444765625
9 0.9178544921875 0.6429697265625 0.9730078125 0.6367763671875 0.9470537109375 0.5111318359375 0.8954384765625 0.5155556640625 0.9178544921875 0.6429697265625
9 1 0.5093623046875 0.969173828125 0.5096572265625 0.96887890625 0.5105419921875 0.9904091796875 0.6347119140625 1 0.6341220703125 1 0.5093623046875
9 1 0.7841201171875 0.926150390625 0.7907177734375 0.95566796875 0.9376103515625 1 0.9337900390625 1 0.7841201171875
9 0.6526044921875 0.758775390625 0.7439853515625 0.7521728515625 0.73262890625 0.6819208984375 0.7228564453125 0.6666025390625 0.7075390625 0.6560380859375 0.693541015625 0.6523408203125 0.6776943359375 0.6523408203125 0.6618486328125 0.6586787109375 0.6512841796875 0.6676591796875 0.643625 0.680599609375 0.6526044921875 0.758775390625
9 0.52053515625 0.6826845703125 0.50740625 0.5691337890625 0.42679296875 0.57742578125 0.4366962890625 0.6912060546875 0.52053515625 0.6826845703125
9 0.5462138671875 0.9217705078125 0.5315703125 0.7839013671875 0.4464306640625 0.7900771484375 0.45878125 0.931482421875 0.5462138671875 0.9217705078125
9 0.2523017578125 0.9429755859375 0.339509765625 0.938119140625 0.330412109375 0.7997822265625 0.2492421875 0.80728125 0.2523017578125 0.9429755859375
9 0.2453779296875 0.7069140625 0.27297265625 0.7050205078125 0.325998046875 0.69933984375 0.319234375 0.58084375 0.266208984375 0.584361328125 0.2405078125 0.5889599609375 0.2453779296875 0.7069140625
9 0.1334384765625 0.716845703125 0.1329951171875 0.598037109375 0.0563017578125 0.6042431640625 0.0571884765625 0.7265986328125 0.1334384765625 0.716845703125
9 0.1418623046875 0.95446484375 0.1374287109375 0.82146875 0.0558583984375 0.825458984375 0.0567451171875 0.9602275390625 0.1418623046875 0.95446484375
8 0 0.93375 0.01676171875 0.9344482421875 0.0265390625 0.930607421875 0.023046875 0.918734375 0.027935546875 0.910703125 0.026189453125 0.894640625 0.016412109375 0.8785771484375 0.0122216796875 0.8656572265625 0.01326953125 0.8558798828125 0.03003125 0.8422607421875 0.0370146484375 0.8310869140625 0.03003125 0.8129287109375 0.0254912109375 0.8080400390625 0.0143173828125 0.798611328125 0 0.79826171875 0 0.93375
8 0.278681640625 1 0.2750009765625 0.977423828125 0.270951171875 0.94797265625 0.2609814453125 0.9376640625 0.2587724609375 0.91189453125 0.2550908203125 0.8713984375 0.251041015625 0.8246435546875 0.2451513671875 0.80697265625 0.226744140625 0.7900380859375 0.2326337890625 0.7778896484375 0.2377880859375 0.7591142578125 0.2495693359375 0.73334375 0.2422060546875 0.7200908203125 0.228953125 0.7178818359375 0.2127548828125 0.71825 0.1961875 0.7156728515625 0.1744677734375 0.72266796875 0.156796875 0.726349609375 0.1453837890625 0.7359208984375 0.142806640625 0.7510146484375 0.133603515625 0.7598505859375 0.112619140625 0.7734716796875 0.111146484375 0.7823076171875 0.103783203125 0.8051318359375 0.09531640625 0.8102861328125 0.108201171875 0.8356884765625 0.1056240234375 0.851150390625 0.1085693359375 0.857041015625 0.118509765625 0.8702939453125 0.1188779296875 0.8802333984375 0.1200146484375 0.894591796875 0.1354775390625 0.8953271484375 0.1354775390625 0.9078447265625 0.1295869140625 0.91520703125 0.1244326171875 0.92404296875 0.124064453125 0.9321416015625 0.135109375 0.944291015625 0.1443125 0.95717578125 0.2135205078125 0.95423046875 0.2381865234375 0.9538623046875 0.2554892578125 0.9597529296875 0.2632197265625 0.9914130859375 0.268005859375 1 0.278681640625 1
8 0.45134375 1 0.450609375 0.9846435546875 0.4473779296875 0.9590869140625 0.4410625 0.949099609375 0.43078125 0.9419033203125 0.41726953125 0.940140625 0.40698828125 0.9405810546875 0.398322265625 0.9441064453125 0.39376953125 0.9508623046875 0.3911259765625 0.958646484375 0.3921533203125 0.9727470703125 0.3940634765625 0.9802373046875 0.3947978515625 0.9912529296875 0.393916015625 1 0.45134375 1
8 0.535234375 0.976427734375 0.5417109375 0.9743544921875 0.5471513671875 0.96321484375 0.5575146484375 0.95518359375 0.5588095703125 0.9430078125 0.5577734375 0.9279814453125 0.5575146484375 0.918396484375 0.5515556640625 0.916064453125 0.5435244140625 0.9093291015625 0.539638671875 0.895857421875 0.531607421875 0.8896396484375 0.517099609375 0.8898984375 0.509068359375 0.896375 0.5046640625 0.90362890625 0.5046640625 0.914509765625 0.5072548828125 0.923318359375 0.4958564453125 0.9207275390625 0.4870478515625 0.9199501953125 0.488861328125 0.937048828125 0.4917109375 0.9489658203125 0.4898291015625 0.9570908203125 0.493052734375 0.9653515625 0.4966796875 0.9720009765625 0.5083662109375 0.9766357421875 0.535234375 0.976427734375
8 1 0.842650390625 0.979115234375 0.836923828125 0.9514404296875 0.847421875 0.934263671875 0.827380859375 0.9170859375 0.7882548828125 0.9056337890625 0.7491279296875 0.88559375 0.7491279296875 0.877958984375 0.7806201171875 0.8646162109375 0.796529296875 0.847388671875 0.820318359375 0.849849609375 0.8613349609375 0.8670771484375 0.8966083984375 0.85238671875 0.92099609375 0.84831640625 0.938439453125 0.8535498046875 0.9680927734375 0.861689453125 0.9797216796875 0.8727373046875 0.9930947265625 0.9022578125 0.9957607421875 0.936337890625 0.996197265625 0.9857109375 0.996634765625 1 0.9912451171875 1 0.842650390625
9 0.617013671875 0.1615849609375 0.6236396484375 0.1608974609375 0.6288896484375 0.15798046875 0.635693359375 0.1544873046875 0.6398037109375 0.1518720703125 0.6427919921875 0.1479482421875 0.6418583984375 0.14253125 0.6386826171875 0.1386083984375 0.63419921875 0.1356201171875 0.6282216796875 0.1344990234375 0.6188818359375 0.1333779296875 0.6104755859375 0.133564453125 0.6030029296875 0.1361796875 0.5954033203125 0.1390791015625 0.5900361328125 0.1431630859375 0.5860693359375 0.147830078125 0.5873115234375 0.1539267578125 0.59011328125 0.1580361328125 0.601134765625 0.1606513671875 0.60898046875 0.1615849609375 0.617013671875 0.1615849609375