9 0.6721337890625 0.8670751953125 0.6732890625 0.8813955078125 0.6811416015625 0.881626953125 0.6818349609375 0.88624609375 0.6802177734375 0.888787109375 0.68042578125 0.90304296875 0.728869140625 0.8993447265625 0.7188369140625 0.743955078125 0.2611435546875 0.7373759765625 0.2484912109375 0.8902158203125 0.6721337890625 0.8670751953125
9 0.2917841796875 0.495111328125 0.2857255859375 0.584294921875 0.3165029296875 0.5864755859375 0.3194111328125 0.5685419921875 0.3283779296875 0.5673310546875 0.3278935546875 0.55691015625 0.338314453125 0.5615146484375 0.3400107421875 0.548912109375 0.34194921875 0.5469736328125 0.347765625 0.5474580078125 0.3635185546875 0.5595751953125 0.3911455078125 0.55691015625 0.407625 0.55787890625 0.4146533203125 0.5624833984375 0.4146533203125 0.58114453125 0.443978515625 0.580416015625 0.4502626953125 0.5846728515625 0.4506689453125 0.5972421875 0.50552734375 0.6008916015625 0.5051220703125 0.596228515625 0.4749150390625 0.5946064453125 0.474712890625 0.5887275390625 0.48160546875 0.5846728515625 0.5091767578125 0.563994140625 0.65230859375 0.5789970703125 0.6519033203125 0.582443359375 0.6304140625 0.5950126953125 0.631462890625 0.6108984375 0.6616396484375 0.6135810546875 0.662533203125 0.6059814453125 0.69944921875 0.605654296875 0.69876171875 0.5914365234375 0.709642578125 0.585853515625 0.705451171875 0.5070771484375 0.284998046875 0.4575478515625 0.28184765625 0.49826171875 0.2917841796875 0.495111328125
9 0.3577578125 0.2688955078125 0.502912109375 0.299767578125 0.5146953125 0.287984375 0.5212939453125 0.3056591796875 0.54108984375 0.3091943359375 0.5483955078125 0.2992958984375 0.6311142578125 0.31579296875 0.6337060546875 0.31084375 0.63818359375 0.3117861328125 0.6315849609375 0.3285185546875 0.6867080078125 0.33994140625 0.68767578125 0.3167197265625 0.3599384765625 0.23737890625 0.3577578125 0.2688955078125
9 0.9553544921875 0.7422763671875 0.9137138671875 0.7420380859375 0.889681640625 0.748224609375 0.8261494140625 0.74703515625 0.823294921875 0.740134765625 0.7798056640625 0.7391826171875 0.7921787109375 0.87469140625 0.8407197265625 0.867314453125 0.9056787109375 0.8639833984375 0.9349296875 0.868498046875 0.972962890625 0.86588671875 0.9553544921875 0.7422763671875
9 0.88959375 0.6033720703125 0.8789794921875 0.5347060546875 0.8826396484375 0.533791015625 0.881541015625 0.5253720703125 0.8782470703125 0.523359375 0.8764169921875 0.5156728515625 0.8381689453125 0.51237890625 0.8377529296875 0.5242021484375 0.802328125 0.5178759765625 0.798533203125 0.505224609375 0.7581533203125 0.4993203125 0.7649013671875 0.5500205078125 0.7682744140625 0.607703125 0.8711748046875 0.5627900390625 0.876236328125 0.5667958984375 0.8842490234375 0.6275244140625 0.8950029296875 0.6275244140625 0.8928876953125 0.6068486328125 0.88959375 0.6033720703125
9 1 0.5447978515625 0.996044921875 0.5443779296875 0.993099609375 0.5334384765625 0.9613359375 0.5277587890625 0.9554462890625 0.52986328125 0.9737470703125 0.6312841796875 0.9764814453125 0.632546875 1 0.6348603515625 1 0.5447978515625
9 1 0.7428037109375 0.9917138671875 0.7451591796875 1 0.792533203125 1 0.7428037109375
9 0.0833994140625 0.7907177734375 0.0638486328125 0.9199541015625 0.1272470703125 0.9172568359375 0.1398369140625 0.7886611328125 0.0833994140625 0.7907177734375
0 0.3164716796875 0.1452880859375 0.2948828125 0.2198671875 0.288013671875 0.316962890625 0.302857421875 0.324837890625 0.3183408203125 0.284890625 0.8116298828125 0.3917255859375 0.8224677734375 0.3976083984375 0.8332568359375 0.397810546875 0.850970703125 0.3847255859375 0.844630859375 0.3075087890625 0.8423662109375 0.30230078125 0.825609375 0.2975458984375 0.82515625 0.2959599609375 0.8357998046875 0.28735546875 0.836705078125 0.2828271484375 0.3164716796875 0.1452880859375
9 0.860974609375 0.402130859375 0.8537529296875 0.3435068359375 0.8563017578125 0.343931640625 0.8571513671875 0.337134765625 0.8503544921875 0.326513671875 0.8463916015625 0.32583203125 0.851091796875 0.3845859375 0.831619140625 0.39851953125 0.8238974609375 0.39885546875 0.82221875 0.4023798828125 0.82205078125 0.414802734375 0.86522265625 0.4231591796875 0.8647978515625 0.4046796875 0.860974609375 0.402130859375
9 0.9425419921875 0.4354873046875 0.9752822265625 0.4419931640625 0.9996279296875 0.4470302734375 1 0.376302734375 0.9645791015625 0.366859375 0.963109375 0.353216796875 0.9305791015625 0.343353515625 0.928060546875 0.3437724609375 0.925751953125 0.3460810546875 0.93918359375 0.43296875 0.9425419921875 0.4354873046875
8 0.579146484375 1 0.5781083984375 0.9841796875 0.587626953125 0.973103515625 0.591953125 0.975353515625 0.6006064453125 0.9949091796875 0.59368359375 1 0.628525390625 0.9990625 0.6280068359375 0.9945625 0.62471875 0.9945625 0.617623046875 0.9988896484375 0.6126044921875 0.9988896484375 0.638736328125 0.980544921875 0.6785390625 0.9514716796875 0.679404296875 0.9476640625 0.6775009765625 0.9454140625 0.6695400390625 0.94818359375 0.6709248046875 0.9514716796875 0.6424072265625 0.9698154296875 0.6320234375 0.97569921875 0.62683203125 0.979333984375 0.6207744140625 0.9782958984375 0.61541015625 0.97794921875 0.6178330078125 0.9544130859375 0.6107373046875 0.953029296875 0.606064453125 0.9544130859375 0.604853515625 0.9589130859375 0.5955078125 0.969642578125 0.5949892578125 0.96306640625 0.607103515625 0.9466259765625 0.6081416015625 0.9405693359375 0.6136796875 0.9352041015625 0.6138525390625 0.93105078125 0.6114296875 0.929666015625 0.60519921875 0.9303583984375 0.6050263671875 0.9357236328125 0.579759765625 0.9580478515625 0.5795869140625 0.9528564453125 0.582009765625 0.945017578125 0.6091796875 0.9183671875 0.6263125 0.9048681640625 0.625966796875 0.902099609375 0.60744921875 0.9128291015625 0.58114453125 0.93723046875 0.5821826171875 0.9299619140625 0.59377734375 0.9161171875 0.6235439453125 0.89846484375 0.636349609375 0.8875625 0.6353115234375 0.8820244140625 0.6176591796875 0.8977734375 0.583220703125 0.9150791015625 0.5816640625 0.9128291015625 0.5801064453125 0.907291015625 0.5735302734375 0.9150791015625 0.56958203125 0.9083291015625 0.55296875 0.8839287109375 0.5493349609375 0.8811591796875 0.5502001953125 0.8860048828125 0.5597177734375 0.90291015625 0.560064453125 0.9316376953125 0.55469921875 0.9364833984375 0.55521875 0.919177734375 0.5527958984375 0.9190048828125 0.5488154296875 0.9217734375 0.5479501953125 0.9183125 0.5434501953125 0.9179658203125 0.5417197265625 0.9276572265625 0.5380859375 0.93146484375 0.532720703125 0.92696484375 0.529259765625 0.9210810546875 0.5264912109375 0.9127744140625 0.5225107421875 0.9126015625 0.5237216796875 0.9224658203125 0.5116083984375 0.909486328125 0.5105693359375 0.9126015625 0.5176650390625 0.9217734375 0.5277021484375 0.930599609375 0.527875 0.9356181640625 0.51922265625 0.938560546875 0.5207802734375 0.9312919921875 0.5197421875 0.9262734375 0.516107421875 0.926619140625 0.5145498046875 0.93371484375 0.5119541015625 0.9365888671875 0.5093583984375 0.9383193359375 0.509185546875 0.9409150390625 0.51126171875 0.94472265625 0.505205078125 0.9658349609375 0.4856494140625 0.95389453125 0.481841796875 0.945587890625 0.47924609375 0.944548828125 0.4764775390625 0.945587890625 0.4787265625 0.9523369140625 0.4833994140625 0.958220703125 0.5038203125 0.97102734375 0.4979365234375 0.9945625 0.4804580078125 0.980544921875 0.4759580078125 0.97448828125 0.4707666015625 0.9732763671875 0.469728515625 0.974833984375 0.445845703125 0.957009765625 0.444115234375 0.949568359375 0.4413466796875 0.9488759765625 0.439443359375 0.950259765625 0.4397890625 0.954759765625 0.4435966796875 0.9609892578125 0.463794921875 0.9781220703125 0.4800625 0.98591015625 0.4933876953125 0.9975048828125 0.4948681640625 1 0.503001953125 1 0.51251953125 0.9923134765625 0.5203076171875 1 0.579146484375 1
8 0.748140625 1 0.750333984375 0.999291015625 0.763673828125 0.99143359375 0.7813994140625 0.975900390625 0.781765625 0.969138671875 0.7775625 0.967494140625 0.7773798828125 0.9727939453125 0.7726279296875 0.9760830078125 0.7715322265625 0.9720625 0.767876953125 0.970966796875 0.7667802734375 0.97553515625 0.760384765625 0.9857685546875 0.754171875 0.9844892578125 0.757095703125 0.974255859375 0.778841796875 0.9579921875 0.780486328125 0.954884765625 0.777927734375 0.953359375 0.76001953125 0.9645703125 0.76659765625 0.9453193359375 0.77829296875 0.9109638671875 0.7751865234375 0.904568359375 0.7718974609375 0.903654296875 0.772080078125 0.909501953125 0.7609326171875 0.938556640625 0.753623046875 0.9639580078125 0.7485068359375 0.95317578125 0.7446689453125 0.9493388671875 0.743572265625 0.9524453125 0.7517958984375 0.9747392578125 0.746130859375 0.98917578125 0.737724609375 0.980953125 0.7366279296875 0.9818662109375 0.7417451171875 0.998861328125 0.7426591796875 1 0.748140625 1
0 0.93869140625 1 0.9233916015625 0.887505859375 0.9050107421875 0.886630859375 0.901072265625 0.8647490234375 0.9181396484375 0.859935546875 0.915951171875 0.85293359375 0.2414697265625 0.8906494140625 0.2400791015625 0.9066279296875 0.2530185546875 0.8986435546875 0.250541015625 0.930580078125 0.2400791015625 0.93140625 0.235123046875 1 0.93869140625 1
0 0.269662109375 0.6538134765625 0.28891796875 0.629744140625 0.878296875 0.66475390625 0.8892373046875 0.6608154296875 0.8760546875 0.5625341796875 0.8533671875 0.55843359375 0.853640625 0.5496865234375 0.8725009765625 0.541212890625 0.870861328125 0.5387529296875 0.8692216796875 0.53629296875 0.5185283203125 0.4912998046875 0.2965244140625 0.4645126953125 0.26397265625 0.5242763671875 0.2595966796875 0.651625 0.269662109375 0.6538134765625
2 0.30379296875 0 0.291607421875 0.0687607421875 0.2848056640625 0.084630859375 0.205740234375 0.0630927734375 0.20035546875 0.0834970703125 0.1975224609375 0.175134765625 0.1619013671875 0.4202392578125 0.1512412109375 0.529912109375 0.15209375 0.5314755859375 0.16204296875 0.533556640625 0.1551318359375 0.5941591796875 0.1594833984375 0.5990234375 0.1546201171875 0.633326171875 0.138236328125 0.6353740234375 0.1295673828125 0.6932001953125 0.12365625 0.7553994140625 0.13164453125 0.7560380859375 0.1268515625 0.7884287109375 0.0826416015625 0.7902470703125 0.0635234375 0.920775390625 0.117794921875 0.9193369140625 0.117171875 0.9251953125 0.1066396484375 1 1 1 1 0.29134375 0.8125498046875 0.2383271484375 0.8125498046875 0.230228515625 0.8378095703125 0.1885791015625 0.8381953125 0.177009765625 0.8428232421875 0.1727685546875 0.84455859375 0.167369140625 0.8420322265625 0.164830078125 0.4912568359375 0.050498046875 0.3350791015625 0 0.30379296875 0
8 0.1061318359375 1 0.1123056640625 0.997068359375 0.125046875 0.987630859375 0.1350771484375 0.9790986328125 0.1409501953125 0.9707080078125 0.1388525390625 0.95854296875 0.131720703125 0.956865234375 0.1191357421875 0.961060546875 0.10948828125 0.9656748046875 0.0969033203125 0.985810546875 0.093966796875 0.9824541015625 0.0990009765625 0.966513671875 0.10529296875 0.952669921875 0.1153603515625 0.946796875 0.112423828125 0.9384072265625 0.1031953125 0.937568359375 0.08599609375 0.9426025390625 0.0969033203125 0.9312763671875 0.097322265625 0.9212080078125 0.08809375 0.9212080078125 0.0834794921875 0.922046875 0.06334375 0.922046875 0.070474609375 0.8683515625 0.0625048828125 0.863318359375 0.0482421875 0.8603818359375 0.032720703125 0.851572265625 0.0146826171875 0.846119140625 0 0.847796875 0 1 0.1061318359375 1
8 0.302951171875 0.5685078125 0.3063310546875 0.574634765625 0.310767578125 0.5782255859375 0.3139365234375 0.57611328125 0.3149931640625 0.572521484375 0.3154150390625 0.5651279296875 0.321119140625 0.5600576171875 0.331048828125 0.54609375 0.3359072265625 0.5425029296875 0.3369638671875 0.5363759765625 0.334005859375 0.529193359375 0.34034375 0.524544921875 0.34034375 0.5186298828125 0.3369638671875 0.509333984375 0.3352734375 0.5021513671875 0.331259765625 0.498982421875 0.3217529296875 0.49750390625 0.31710546875 0.49264453125 0.305908203125 0.4892060546875 0.2985146484375 0.4906845703125 0.2936552734375 0.4902626953125 0.2890078125 0.4826572265625 0.2862607421875 0.4790654296875 0.2833037109375 0.4790654296875 0.282669921875 0.4854033203125 0.283091796875 0.492375 0.290275390625 0.502865234375 0.2885849609375 0.53772265625 0.2887958984375 0.5546240234375 0.2871064453125 0.5632861328125 0.2873173828125 0.5749052734375 0.2900634765625 0.579130859375 0.2942890625 0.5797646484375 0.2934443359375 0.608013671875 0.2951337890625 0.6086474609375 0.29661328125 0.607591796875 0.2972470703125 0.5845634765625 0.302951171875 0.5685078125
8 0.2581728515625 0.867419921875 0.2615087890625 0.870755859375 0.2679248046875 0.873322265625 0.2748544921875 0.8702431640625 0.2848623046875 0.875119140625 0.2899951171875 0.8833310546875 0.29487109375 0.8851279296875 0.3010302734375 0.8812783203125 0.30693359375 0.867419921875 0.3061630859375 0.85766796875 0.3023134765625 0.8540751953125 0.2984638671875 0.849455078125 0.2951279296875 0.8445791015625 0.2905087890625 0.8425263671875 0.2871728515625 0.84919921875 0.2805 0.8456064453125 0.27459765625 0.845349609375 0.2658720703125 0.846119140625 0.2594560546875 0.84919921875 0.2574033203125 0.8566416015625 0.2563759765625 0.8633134765625 0.2581728515625 0.867419921875