6 0.0014541015625 0.999298828125 0.999298828125 0.9978447265625 1 0.7110146484375 0.8258525390625 0.7061279296875 0.26357421875 0.680900390625 0.1583759765625 0.66933984375 0.069361328125 0.6543115234375 0 0.64853125 0.0014541015625 0.999298828125
2 0 0.6471171875 0.0656396484375 0.6506845703125 0.2616630859375 0.677736328125 0.996984375 0.7062939453125 0.9979296875 0.68237109375 0.825076171875 0.673326171875 0.8190458984375 0.1803740234375 0 0.1914169921875 0 0.6471171875
9 0.1420302734375 0.312587890625 0.143244140625 0.2440009765625 0.0825478515625 0.24521484375 0.0807265625 0.31016015625 0.1420302734375 0.312587890625
9 0.1337138671875 0.4459140625 0.13794921875 0.3757294921875 0.079146484375 0.376958984375 0.0750244140625 0.44530859375 0.1337138671875 0.4459140625
9 0.2395615234375 0.4482744140625 0.240525390625 0.3759716796875 0.1836474609375 0.37741796875 0.1817197265625 0.446828125 0.2395615234375 0.4482744140625
9 0.4046083984375 0.4498115234375 0.4068251953125 0.377576171875 0.3416796875 0.3780185546875 0.341236328125 0.4506982421875 0.4046083984375 0.4498115234375
9 0.5126337890625 0.451365234375 0.5154443359375 0.3754814453125 0.450802734375 0.3766064453125 0.4491171875 0.4496787109375 0.5126337890625 0.451365234375
9 0.51325 0.309103515625 0.51325 0.2548955078125 0.453275390625 0.2554716796875 0.453275390625 0.3102568359375 0.51325 0.309103515625
9 0.1291630859375 0.5863251953125 0.132830078125 0.5158359375 0.073341796875 0.5121689453125 0.068859375 0.5834736328125 0.1291630859375 0.5863251953125
9 0.23436328125 0.5884873046875 0.235509765625 0.5168603515625 0.175916015625 0.5139951171875 0.17476953125 0.5861953125 0.23436328125 0.5884873046875
9 0.401572265625 0.592046875 0.401029296875 0.519330078125 0.3402509765625 0.5166171875 0.3402509765625 0.5904189453125 0.401572265625 0.592046875
9 0.5112158203125 0.5956533203125 0.512939453125 0.52040625 0.4491806640625 0.518109375 0.450330078125 0.59220703125 0.5112158203125 0.5956533203125
8 0.998609375 0.6786953125 0.9981513671875 0.0538681640625 0.9833642578125 0.0496435546875 0.9865322265625 0.0802744140625 0.9759697265625 0.0918935546875 0.9590703125 0.1278056640625 0.9485078125 0.1531552734375 0.9411142578125 0.171111328125 0.931607421875 0.19857421875 0.9210458984375 0.23026171875 0.928439453125 0.266173828125 0.8827392578125 0.3163740234375 0.8728525390625 0.334734375 0.881326171875 0.4011162109375 0.85731640625 0.412416015625 0.8460166015625 0.4703232421875 0.890837890625 0.500333984375 0.9135009765625 0.554376953125 0.9466240234375 0.5630927734375 0.96580078125 0.599703125 0.9553408203125 0.62933984375 0.9169873046875 0.6066767578125 0.8803779296875 0.6188798828125 0.860796875 0.6365556640625 0.8434365234375 0.6307685546875 0.8298291015625 0.639205078125 0.8274404296875 0.6727158203125 0.998609375 0.6786953125