9 0.56233203125 0.5560498046875 0.5750966796875 0.679533203125 0.644953125 0.681158203125 0.6298681640625 0.5572099609375 0.56233203125 0.5560498046875
9 0.6020185546875 0.3624951171875 0.581130859375 0.3571572265625 0.5618681640625 0.3569248046875 0.5444619140625 0.3601748046875 0.5514248046875 0.448380859375 0.6175673828125 0.4504697265625 0.6087490234375 0.367384765625 0.6020185546875 0.3624951171875
9 0.771078125 0.69437109375 0.7881328125 0.8060859375 0.8384013671875 0.80563671875 0.8204482421875 0.6948203125 0.771078125 0.69437109375
9 0.395748046875 0.742251953125 0.397705078125 0.800626953125 0.4200439453125 0.8014423828125 0.418576171875 0.742578125 0.395748046875 0.742251953125
9 0.2647822265625 0.8141513671875 0.3621767578125 0.8114384765625 0.3591923828125 0.7274326171875 0.3532236328125 0.7054580078125 0.335861328125 0.6859248046875 0.3084609375 0.672359375 0.2848583984375 0.672359375 0.2620693359375 0.6775146484375 0.2349404296875 0.69270703125 0.22191796875 0.708712890625 0.21703515625 0.7235390625 0.2154072265625 0.813609375 0.2647822265625 0.8141513671875
9 0.2844375 0.46764453125 0.2857392578125 0.5701767578125 0.3448125 0.572779296875 0.3429912109375 0.4663427734375 0.2844375 0.46764453125
9 0.3929453125 0.515541015625 0.3943427734375 0.5606650390625 0.4163056640625 0.560865234375 0.4151083984375 0.5161396484375 0.3929453125 0.515541015625
9 0.33366796875 0.29809765625 0.3251572265625 0.2898046875 0.315119140625 0.285876953125 0.2998427734375 0.285876953125 0.290458984375 0.2900234375 0.2860947265625 0.2983154296875 0.28805859375 0.36465625 0.339341796875 0.36465625 0.3373779296875 0.3083544921875 0.33366796875 0.29809765625
9 0.1441884765625 0.27894921875 0.1371181640625 0.271236328125 0.124263671875 0.2680234375 0.109265625 0.26780859375 0.0970537109375 0.2723076171875 0.08976953125 0.2821630859375 0.089126953125 0.351150390625 0.1456875 0.3550068359375 0.1476162109375 0.285376953125 0.1441884765625 0.27894921875
9 0.17401171875 0.554509765625 0.1752236328125 0.481318359375 0.1618935546875 0.461919921875 0.14080859375 0.4481064453125 0.126751953125 0.4425322265625 0.1022744140625 0.4403505859375 0.07828125 0.44713671875 0.055984375 0.4602236328125 0.0438662109375 0.4767041015625 0.0433818359375 0.4837421875 0.0385341796875 0.5511171875 0.17401171875 0.554509765625
9 0.582357421875 0.2386484375 0.5733125 0.23308203125 0.55893359375 0.22937109375 0.5454814453125 0.2300673828125 0.5410751953125 0.2344736328125 0.5454814453125 0.2977880859375 0.5654267578125 0.2954697265625 0.590474609375 0.293845703125 0.5856044921875 0.2425908203125 0.582357421875 0.2386484375
0 0.8801318359375 0.58308203125 0.8784365234375 0.5674033203125 0.73478515625 0.56358984375 0.7356328125 0.5767255859375 0.8801318359375 0.58308203125
8 0 0.885892578125 0.0085732421875 0.8768427734375 0.016669921875 0.862078125 0.01952734375 0.8363583984375 0.022861328125 0.8163544921875 0.023337890625 0.8001611328125 0.0214326171875 0.7834912109375 0.0152412109375 0.771583984375 0.002857421875 0.765392578125 0 0.764439453125 0 0.885892578125
8 0.2048701171875 0.9141142578125 0.2133046875 0.914515625 0.874390625 0.913712890625 0.85912890625 0.9000576171875 0.83944921875 0.8920244140625 0.8197685546875 0.89041796875 0.8085234375 0.8996552734375 0.778802734375 0.9000576171875 0.7438603515625 0.889615234375 0.743458984375 0.8731484375 0.734623046875 0.858689453125 0.7241806640625 0.8659189453125 0.7161474609375 0.8835908203125 0.7153447265625 0.86391015625 0.700484375 0.8647138671875 0.69365625 0.8735498046875 0.6852216796875 0.8964423828125 0.6583125 0.8855986328125 0.6390341796875 0.8775654296875 0.6293955078125 0.863107421875 0.6237724609375 0.8663203125 0.6261826171875 0.896041015625 0.61855078125 0.8924267578125 0.608912109375 0.873951171875 0.595658203125 0.8787705078125 0.593248046875 0.8868037109375 0.597666015625 0.898451171875 0.582404296875 0.8924267578125 0.564732421875 0.889615234375 0.5378232421875 0.88841015625 0.5297900390625 0.8771640625 0.523765625 0.867525390625 0.5113154296875 0.862705078125 0.5048896484375 0.8691318359375 0.5093076171875 0.8876064453125 0.500873046875 0.8811806640625 0.478783203125 0.8868037109375 0.4791845703125 0.873951171875 0.476775390625 0.84423046875 0.4671357421875 0.83338671875 0.458701171875 0.8261572265625 0.4498662109375 0.823345703125 0.4366123046875 0.8293701171875 0.4273740234375 0.8193291015625 0.4068916015625 0.811296875 0.383998046875 0.8141083984375 0.3582939453125 0.8149111328125 0.3305810546875 0.814509765625 0.3317861328125 0.763904296875 0.32977734375 0.70767578125 0.3337939453125 0.70084765625 0.3623095703125 0.70968359375 0.381587890625 0.71651171875 0.403677734375 0.7249453125 0.425767578125 0.7333798828125 0.44464453125 0.734986328125 0.4438408203125 0.730568359375 0.4293828125 0.7233388671875 0.4285791015625 0.7104873046875 0.45548828125 0.7012490234375 0.483201171875 0.70968359375 0.50850390625 0.6964296875 0.5233642578125 0.68116796875 0.54183984375 0.6554638671875 0.5442490234375 0.6466279296875 0.5358154296875 0.64783203125 0.5402333984375 0.636185546875 0.5530849609375 0.6144970703125 0.5434462890625 0.6144970703125 0.5394296875 0.5976279296875 0.5309951171875 0.5903994140625 0.52416796875 0.592005859375 0.51934765625 0.58196484375 0.502078125 0.609677734375 0.507701171875 0.5944150390625 0.51733984375 0.5658994140625 0.520955078125 0.54461328125 0.5109140625 0.55746484375 0.5000693359375 0.57995703125 0.496455078125 0.569916015625 0.4827998046875 0.5671044921875 0.4695458984375 0.569916015625 0.476373046875 0.554251953125 0.4836025390625 0.5526455078125 0.502078125 0.536982421875 0.51533203125 0.5164990234375 0.5089052734375 0.5128837890625 0.520955078125 0.5040478515625 0.5486669921875 0.457458984375 0.555896484375 0.444205078125 0.538841796875 0.4458115234375 0.52197265625 0.4401884765625 0.53321875 0.4626796875 0.519162109375 0.4919990234375 0.50229296875 0.50043359375 0.51313671875 0.4775400390625 0.5127353515625 0.4711142578125 0.4938583984375 0.490392578125 0.4982763671875 0.451033203125 0.5030966796875 0.4446064453125 0.4918505859375 0.4438037109375 0.4862275390625 0.415689453125 0.4785966796875 0.4136806640625 0.48462109375 0.4731220703125 0.4806044921875 0.4996298828125 0.444056640625 0.5317607421875 0.4356220703125 0.5132861328125 0.411123046875 0.5381865234375 0.423974609375 0.5120810546875 0.421966796875 0.5032451171875 0.4059013671875 0.5156953125 0.39224609375 0.5341708984375 0.379794921875 0.5430068359375 0.376984375 0.536982421875 0.3938525390625 0.5052529296875 0.3918447265625 0.49842578125 0.384615234375 0.492802734375 0.3958603515625 0.4823603515625 0.4095166015625 0.4791474609375 0.4223681640625 0.4675 0.433212890625 0.4514345703125 0.4320078125 0.4345654296875 0.4520888671875 0.410869140625 0.4557041015625 0.393599609375 0.454900390625 0.3731162109375 0.4488759765625 0.3566494140625 0.4400400390625 0.3401826171875 0.439638671875 0.331748046875 0.4380322265625 0.3100595703125 0.432810546875 0.278732421875 0.4299990234375 0.27752734375 0.421966796875 0.308453125 0.4215654296875 0.3004208984375 0.417548828125 0.283150390625 0.40308984375 0.2956015625 0.4050986328125 0.28636328125 0.4091142578125 0.2618642578125 0.4103193359375 0.24700390625 0.406302734375 0.2353564453125 0.4038935546875 0.238970703125 0.399091796875 0.2530283203125 0.389853515625 0.2630693359375 0.3818212890625 0.274314453125 0.3798134765625 0.2562412109375 0.3786083984375 0.230537109375 0.3749931640625 0.216078125 0.3669609375 0.2044306640625 0.361337890625 0.1542265625 0.35571484375 0.1526201171875 0.3452724609375 0.169890625 0.3488876953125 0.1393662109375 0.3420595703125 0.093470703125 0.3332236328125 0.0697744140625 0.321576171875 0.062544921875 0.3207734375 0.0745947265625 0.3115361328125 0.066962890625 0.3067158203125 0.05531640625 0.2946669921875 0.0549140625 0.283421875 0.067365234375 0.2769951171875 0.0898564453125 0.2713720703125 0.10150390625 0.2605283203125 0.104716796875 0.25450390625 0.1019052734375 0.2472744140625 0.1043154296875 0.246873046875 0.115068359375 0.2593232421875 0.14278125 0.266552734375 0.154830078125 0.27659375 0.181337890625 0.253701171875 0.153625 0.2541025390625 0.16286328125 0.28984765625 0.2162802734375 0.27418359375 0.2050341796875 0.2693642578125 0.2018212890625 0.2757900390625 0.223068359375 0.29185546875 0.2339130859375 0.2826181640625 0.2479697265625 0.26575 0.2632314453125 0.2561103515625 0.23953515625 0.242455078125 0.2114208984375 0.235626953125 0.2029873046875 0.231611328125 0.2214619140625 0.2243818359375 0.20901171875 0.218357421875 0.2086103515625 0.215947265625 0.22186328125 0.218357421875 0.2359208984375 0.2344228515625 0.2580107421875 0.224783203125 0.25519921875 0.2287998046875 0.2680517578125 0.2344228515625 0.282912109375 0.2484794921875 0.29937890625 0.257716796875 0.3106240234375 0.269765625 0.3295009765625 0.2541025390625 0.320263671875 0.253701171875 0.3319111328125 0.26333984375 0.3552060546875 0.2364306640625 0.329099609375 0.21715234375 0.28371484375 0.2087177734375 0.2768876953125 0.201890625 0.2909443359375 0.2087177734375 0.3074111328125 0.198275390625 0.2949609375 0.1946611328125 0.2901416015625 0.1898408203125 0.3017880859375 0.18421875 0.2821083984375 0.1793984375 0.282509765625 0.18180859375 0.304599609375 0.1769892578125 0.307009765625 0.1777919921875 0.313435546875 0.1866279296875 0.32225390625 0.2010869140625 0.3471552734375 0.1954638671875 0.3503681640625 0.20590625 0.3708515625 0.2195625 0.4041875 0.2099228515625 0.404990234375 0.2123330078125 0.4170390625 0.222373046875 0.4344091796875 0.2376357421875 0.4585078125 0.2320126953125 0.45609765625 0.2099228515625 0.4408359375 0.202693359375 0.449671875 0.19064453125 0.4556962890625 0.17980078125 0.461720703125 0.17498046875 0.44043359375 0.167349609375 0.4412373046875 0.1701611328125 0.479392578125 0.158513671875 0.4524833984375 0.1524892578125 0.4512783203125 0.154498046875 0.485015625 0.145662109375 0.457302734375 0.1428505859375 0.446056640625 0.1360224609375 0.4601142578125 0.131203125 0.44525390625 0.124375 0.4456552734375 0.1223671875 0.4621220703125 0.1259814453125 0.4721630859375 0.1396376953125 0.4910400390625 0.154095703125 0.5163427734375 0.1460634765625 0.5163427734375 0.1400390625 0.506703125 0.136826171875 0.51112109375 0.1372275390625 0.518751953125 0.148875 0.5285439453125 0.148875 0.5405927734375 0.14445703125 0.5438056640625 0.1424482421875 0.56228125 0.136826171875 0.561076171875 0.1360224609375 0.566296875 0.1472685546875 0.5727236328125 0.1548994140625 0.5936083984375 0.149677734375 0.5928046875 0.145662109375 0.596419921875 0.158916015625 0.614091796875 0.16413671875 0.6410009765625 0.17498046875 0.67473828125 0.17096484375 0.68558203125 0.17498046875 0.695220703125 0.1870302734375 0.68758984375 0.195193359375 0.7016376953125 0.2088486328125 0.7116787109375 0.238970703125 0.7136865234375 0.2674873046875 0.693203125 0.2847568359375 0.6940068359375 0.308453125 0.70846484375 0.3104619140625 0.7634892578125 0.3012236328125 0.84623828125 0.2923876953125 0.851861328125 0.26668359375 0.86391015625 0.2245126953125 0.880376953125 0.2120615234375 0.8920244140625 0.203626953125 0.9096962890625 0.2048701171875 0.9141142578125
8 1 0.76545703125 0.9834150390625 0.7659296875 0.9626123046875 0.77462890625 0.9474833984375 0.7863544921875 0.9297060546875 0.8268251953125 0.9293271484375 0.8317421875 0.9372705078125 0.8377939453125 0.97547265625 0.845359375 0.9958974609375 0.84725 0.9682861328125 0.8514111328125 0.962234375 0.85594921875 0.962234375 0.863892578125 0.963369140625 0.868431640625 0.97547265625 0.8828046875 0.9694208984375 0.886208984375 0.9671513671875 0.8911259765625 0.9716904296875 0.9047421875 0.9792548828125 0.914955078125 0.9739599609375 0.9217626953125 0.9747158203125 0.92894921875 0.9856845703125 0.934623046875 1 0.93802734375 1 0.76545703125
3 1 0.938880859375 0.95216796875 0.934740234375 0.950462890625 0.9189091796875 0.9470537109375 0.91476953125 0.266685546875 0.91476953125 0.2679033203125 0.7766767578125 0.268390625 0.771806640625 0.2698525390625 0.757923828125 0.26619921875 0.755732421875 0.258892578125 0.75134765625 0.261083984375 0.7423369140625 0.2593798828125 0.7335693359375 0.2520732421875 0.72894140625 0.244279296875 0.7279677734375 0.2359990234375 0.73454296875 0.23551171875 0.74428515625 0.238677734375 0.7511044921875 0.23551171875 0.75548828125 0.22844921875 0.75962890625 0.2276533203125 0.76462109375 0.231986328125 0.779287109375 0.23165234375 0.907279296875 0.227986328125 0.9132783203125 0.2284375 0.9601279296875 0.0004931640625 0.9729560546875 0 0.9819892578125 0.2692607421875 0.9737080078125 1 0.9625048828125 1 0.938880859375
6 1 0.96256640625 0 0.982498046875 0 1 1 1 1 0.96256640625
4 0.87176171875 0.5615732421875 0.87176171875 0.5656162109375 0.8798466796875 0.5656162109375 0.882787109375 0.581787109375 0.8982236328125 0.5792138671875 0.89748828125 0.5678212890625 0.8809501953125 0.4652822265625 0.8853603515625 0.461607421875 0.8781982421875 0.4286630859375 0.86003125 0.407017578125 0.8556328125 0.4080224609375 0.8547958984375 0.4402392578125 0.869021484375 0.455640625 0.8832470703125 0.55773046875 0.87176171875 0.5615732421875
2 1 0.479837890625 0.940033203125 0.47703125 0.8998125 0.496673828125 0.8670751953125 0.5209931640625 0.8376904296875 0.565103515625 0.7877626953125 0.5632919921875 0.7841396484375 0.5435625 0.78011328125 0.54316015625 0.7742744140625 0.545576171875 0.77306640625 0.5506083984375 0.772462890625 0.5634931640625 0.7363720703125 0.5630107421875 0.71748046875 0.40780078125 0.7259580078125 0.3966923828125 0.72625 0.3841220703125 0.7560673828125 0.3581044921875 0.7206953125 0.3519658203125 0.701986328125 0.32565625 0.7046171875 0.3215634765625 0.70637109375 0.3151318359375 0.689416015625 0.3110400390625 0.68171484375 0.2970078125 0.6434189453125 0.2125244140625 0.650265625 0.1952890625 0.6066796875 0.1915517578125 0.590029296875 0.179318359375 0.5710009765625 0.1711630859375 0.5502724609375 0.1715029296875 0.532408203125 0.178638671875 0.45221484375 0.1742216796875 0.4213916015625 0.2307255859375 0.1498525390625 0.1991240234375 0.06694140625 0.1960654296875 0.057876953125 0.19626953125 0.0588125 0.2093701171875 0.0547578125 0.2355712890625 0.0004833984375 0.237130859375 0 0.9211005859375 0.8705693359375 0.91392578125 1 0.9126787109375 1 0.479837890625