9 0.038033203125 0.643775390625 0.0927626953125 0.6403740234375 0.1023486328125 0.5083232421875 0.053802734375 0.516380859375 0.038033203125 0.643775390625
0 0.55054296875 0 0.26988671875 0.1337421875 0 0.253068359375 0 0.3675634765625 0.4567802734375 0.2116220703125 1 0.03006640625 1 0 0.55054296875 0
0 0 0.50082421875 0.0120146484375 0.4978935546875 0.0158251953125 0.446609375 0.0005859375 0.4492470703125 0 0.50082421875
0 0.0518134765625 0.48895703125 0.1018408203125 0.4800234375 0.103330078125 0.4252314453125 0.0553876953125 0.43625 0.0518134765625 0.48895703125
0 0.1464921875 0.4703310546875 0.2073681640625 0.4597685546875 0.207646484375 0.3994482421875 0.1506611328125 0.412234375 0.1464921875 0.4703310546875
0 0.258900390625 0.4495126953125 0.3361396484375 0.43260546875 0.3361396484375 0.3679638671875 0.2622158203125 0.3858642578125 0.258900390625 0.4495126953125
0 0.394646484375 0.42137109375 0.49825 0.4008701171875 0.4938564453125 0.32728515625 0.3975751953125 0.3525458984375 0.394646484375 0.42137109375
0 0.5830263671875 0.38385546875 0.6994248046875 0.3579892578125 0.69011328125 0.2752177734375 0.580439453125 0.3067744140625 0.5830263671875 0.38385546875
0 0.817115234375 0.605595703125 0.999755859375 0.5959833984375 1 0.5413662109375 0.9927646484375 0.481068359375 0.806587890625 0.5020419921875 0.817115234375 0.605595703125
0 0.5796748046875 0.6146259765625 0.715642578125 0.606953125 0.7096748046875 0.5114775390625 0.5745595703125 0.5276748046875 0.5796748046875 0.6146259765625
0 0.395451171875 0.6243037109375 0.4987353515625 0.61864453125 0.4973203125 0.5369365234375 0.3958046875 0.5471943359375 0.395451171875 0.6243037109375
0 0.2525087890625 0.630833984375 0.3338505859375 0.6270302734375 0.334435546875 0.5538818359375 0.2557275390625 0.56207421875 0.2525087890625 0.630833984375
0 0.1381083984375 0.636654296875 0.1987705078125 0.634298828125 0.200537109375 0.5706923828125 0.141642578125 0.5742255859375 0.1381083984375 0.636654296875
0 0.038693359375 0.64214453125 0.0918974609375 0.6398681640625 0.0947421875 0.5812587890625 0.044216796875 0.586880859375 0.038693359375 0.64214453125
0 0 0.6442666015625 0.0038515625 0.6434404296875 0.0082529296875 0.590623046875 0 0.59034765625 0 0.6442666015625
9 0 0.501669921875 0.012458984375 0.498625 0.0215947265625 0.3859423828125 0 0.3914794921875 0 0.501669921875
9 0.049892578125 0.4904794921875 0.10323828125 0.480884765625 0.108611328125 0.357689453125 0.05987109375 0.3726572265625 0.049892578125 0.4904794921875
9 0.1452802734375 0.4716484375 0.206154296875 0.4609052734375 0.2107578125 0.3268798828125 0.1560224609375 0.3442724609375 0.1452802734375 0.4716484375
9 0.256861328125 0.4511474609375 0.3357158203125 0.432712890625 0.3362548828125 0.288294921875 0.2624296875 0.311466796875 0.256861328125 0.4511474609375
9 0.3926494140625 0.4213515625 0.495404296875 0.400111328125 0.4908115234375 0.2388037109375 0.3972412109375 0.269802734375 0.3926494140625 0.4213515625
9 0.5768642578125 0.3857451171875 0.7074912109375 0.3559375 0.69608984375 0.173091796875 0.5757314453125 0.214658203125 0.5768642578125 0.3857451171875
9 1 0.5371396484375 0.9762646484375 0.3577236328125 0.7996181640625 0.3915029296875 0.8145693359375 0.6052509765625 1 0.596390625 1 0.5371396484375
9 0.577009765625 0.6157724609375 0.7165556640625 0.6085732421875 0.701603515625 0.3970400390625 0.572580078125 0.4202978515625 0.577009765625 0.6157724609375
9 0.39491015625 0.6255576171875 0.498744140625 0.6213017578125 0.49533984375 0.4391669921875 0.3966123046875 0.4566142578125 0.39491015625 0.6255576171875
9 0.2521328125 0.6321162109375 0.334986328125 0.62890234375 0.3353427734375 0.4667666015625 0.258560546875 0.4806943359375 0.2521328125 0.6321162109375
9 0.1369833984375 0.6372998046875 0.19978125 0.6341943359375 0.204267578125 0.491345703125 0.145609375 0.5013515625 0.1369833984375 0.6372998046875
9 0 0.6439775390625 0.0023779296875 0.6447705078125 0.0142666015625 0.520333984375 0 0.5215224609375 0 0.6439775390625
4 1 0.6385205078125 0.8557001953125 0.6421845703125 0.6362294921875 0.6481396484375 0.5240078125 0.6504296875 0.5235498046875 0.6527197265625 0.5454990234375 0.6624345703125 0.5539375 0.916197265625 0.75868359375 0.955490234375 1 0.9815986328125 1 0.6385205078125
1 0 0.886271484375 0.0095234375 0.8906728515625 0.02884375 0.893119140625 0.039875 0.8879833984375 0.051125 0.87966796875 0.0606630859375 0.869396484375 0.1768955078125 0.8605927734375 0.2182255859375 0.8569248046875 0.2297197265625 0.86475 0.2387685546875 0.870375 0.255154296875 0.8755107421875 0.268359375 0.871841796875 0.2771640625 0.863771484375 0.2835224609375 0.854478515625 0.303576171875 0.8515439453125 0.3145810546875 0.8444521484375 0.3216728515625 0.8292890625 0.3192275390625 0.8168173828125 0.31311328125 0.807279296875 0.2986845703125 0.7970078125 0.2795830078125 0.789671875 0.2568388671875 0.784291015625 0.216958984375 0.7803779296875 0.19983984375 0.77401953125 0.17387890625 0.7591015625 0.151625 0.7468740234375 0.123990234375 0.740271484375 0.0731220703125 0.7410048828125 0.0337490234375 0.7429609375 0.0156513671875 0.7478525390625 0 0.753232421875 0 0.886271484375
2 1 0.0309970703125 0.9707705078125 0.040755859375 0.7562607421875 0.1127958984375 0.527974609375 0.1894287109375 0.37780078125 0.240517578125 0.2282109375 0.2910322265625 0.082373046875 0.3403984375 0.000287109375 0.3688125 0 0.6534072265625 0.3305458984375 0.6358203125 1 0.602 1 0.0309970703125
3 1 0.6039619140625 0.7189404296875 0.618552734375 0.4501611328125 0.6311416015625 0.252087890625 0.6414404296875 0.0872607421875 0.64973828125 0 0.65345703125 0 0.7520224609375 0.0188369140625 0.744662109375 0.0541572265625 0.7393642578125 0.0941865234375 0.7399521484375 0.11714453125 0.7399521484375 0.1371591796875 0.7428955078125 0.1595283203125 0.74937109375 0.213517578125 0.7802822265625 0.25158984375 0.7822451171875 0.2865224609375 0.7912724609375 0.31046484375 0.8022626953125 0.31713671875 0.815607421875 0.318314453125 0.8297373046875 0.3163515625 0.845044921875 0.4208017578125 0.8652802734375 0.5992919921875 0.8855400390625 0.6424609375 0.87145703125 0.7824033203125 0.8825888671875 0.906443359375 0.8905400390625 1 0.8738427734375 1 0.6039619140625
6 1 0.98216796875 0.719779296875 0.9492666015625 0.5526435546875 0.9166513671875 0.5511875 0.88117578125 0.4200966796875 0.8665849609375 0.3156708984375 0.8459853515625 0.3036552734375 0.85256640625 0.2847197265625 0.856857421875 0.2781396484375 0.86687109375 0.2678408203125 0.8763115234375 0.2509609375 0.8768837890625 0.23923046875 0.874595703125 0.230076171875 0.8691591796875 0.21771875 0.85857421875 0.0615107421875 0.87058984375 0.0474921875 0.884322265625 0.0366201171875 0.8923330078125 0.028037109375 0.8946220703125 0.008296875 0.892619140625 0 0.887755859375 0 1 1 1 1 0.98216796875
9 0.7748876953125 0.3432080078125 0.9716611328125 0.306599609375 0.9365771484375 0.07703125 0.7619228515625 0.1288935546875 0.7748876953125 0.3432080078125