4 0 0.665166015625 0.023392578125 0.665166015625 0 0.9346904296875 0.414982421875 0.960865234375 0.4419052734375 0.906091796875 0.4487109375 0.6725927734375 0.4278408203125 0.647927734375 0 0.6441328125 0 0.665166015625
4 1 0.66376171875 0.8837431640625 0.6586748046875 0.7298828125 0.6841064453125 0.7515 0.69809375 0.7705732421875 0.9613095703125 0.7718447265625 0.9651240234375 0.83415234375 1 1 1 1 0.66376171875
9 0.196537109375 0.6085087890625 0.2088203125 0.4129169921875 0.0774814453125 0.4166962890625 0.06141796875 0.616068359375 0.196537109375 0.6085087890625
9 0.42222265625 0.6099619140625 0.4244853515625 0.4139296875 0.2910322265625 0.4169453125 0.28123046875 0.6069453125 0.42222265625 0.6099619140625
9 0.4257060546875 0.36805078125 0.4217568359375 0.1745478515625 0.2803818359375 0.1848154296875 0.2748525390625 0.3759482421875 0.4257060546875 0.36805078125
9 0.2097451171875 0.377796875 0.215517578125 0.2065380859375 0.095572265625 0.215517578125 0.0814609375 0.3842119140625 0.2097451171875 0.377796875
9 0.9736083984375 0.338724609375 1 0.338724609375 0.998966796875 0.121361328125 0.9464375 0.124078125 0.9736083984375 0.338724609375
0 0.99851953125 0.097982421875 0.99851953125 0.0009921875 0.887025390625 0.01484765625 0.893484375 0.1080771484375 0.99851953125 0.097982421875
0 0.0013642578125 0.1139326171875 0.0006826171875 0.184884765625 0.47283203125 0.135173828125 0.4700498046875 0.062765625 0.239197265625 0.085109375 0.001583984375 0.1148037109375 0.0013642578125 0.1139326171875
0 0.0811455078125 0.383861328125 0.2089375 0.3799736328125 0.2118525390625 0.3007724609375 0.0893671875 0.3046396484375 0.0811455078125 0.383861328125
0 0.068783203125 0.5230517578125 0.06046875 0.6137548828125 0.1972783203125 0.6129990234375 0.2025693359375 0.5215400390625 0.07105078125 0.5230517578125 0.068783203125 0.5230517578125
0 0.28358984375 0.520142578125 0.280181640625 0.6142177734375 0.4274296875 0.6128544921875 0.424703125 0.5160517578125 0.285634765625 0.5174150390625 0.28358984375 0.520142578125
0 0.4873896484375 0.3726259765625 0.7020390625 0.362 0.6942470703125 0.306744140625 0.4895146484375 0.3216201171875 0.4873896484375 0.3726259765625
0 0.48975390625 0.62410546875 0.7181669921875 0.631501953125 0.7055673828125 0.523720703125 0.492119140625 0.5295546875 0.48975390625 0.62410546875
0 0.48211328125 0.12552734375 0.484890625 0.1832919921875 0.66929296875 0.1671845703125 0.66573046875 0.100900390625 0.483779296875 0.1133076171875 0.48211328125 0.12552734375
9 0.6466494140625 0.5292333984375 0.6423330078125 0.4567119140625 0.58448828125 0.458439453125 0.587078125 0.5275068359375 0.6466494140625 0.5292333984375
9 0.6434423828125 0.4173837890625 0.640595703125 0.354748046875 0.577390625 0.3581640625 0.5802373046875 0.4213701171875 0.6434423828125 0.4173837890625
2 0.6702138671875 0 0.4876103515625 0.017056640625 0.486607421875 0 0.4687919921875 0.001990234375 0.464810546875 0.046779296875 0.1147099609375 0.0805703125 0.0716943359375 0.006828125 0 0.01365625 0.002986328125 0.1045078125 0 0.634216796875 0 0.8796298828125 0.416017578125 0.888443359375 0.45081640625 0.8891572265625 0.418494140625 0.96230859375 0.516595703125 0.9594736328125 0.735794921875 0.9462265625 0.9990244140625 0.9597373046875 1 0 0.6702138671875 0
6 0 0.999283203125 0.833142578125 0.9993125 0.8306103515625 0.958396484375 0.634255859375 0.959955078125 0.4114091796875 0.9661884765625 0.445693359375 0.8945029296875 0 0.8929443359375 0 0.999283203125