2 1 0.124689453125 0.91848046875 0.140361328125 0.523171875 0.1768388671875 0.18475 0.2059228515625 0.181013671875 0.235400390625 0.270689453125 0.285220703125 0.185580078125 0.291033203125 0.17769140625 0.332134765625 0.16565234375 0.3333798828125 0.16440625 0.3474951171875 0.2628017578125 0.3935791015625 0.2628017578125 0.401052734375 0.171048828125 0.4052041015625 0.15859375 0.4508720703125 0.1428173828125 0.4529482421875 0.141572265625 0.4683095703125 0.2129814453125 0.49446484375 0.2109052734375 0.4977861328125 0.249515625 0.509826171875 0.24494921875 0.52684765625 0.1451845703125 0.5312451171875 0.13924609375 0.5649013671875 0.13660546875 0.5827197265625 0.1009697265625 0.580740234375 0.1049287109375 0.562921875 0 0.52228125 0.0004150390625 0.8967626953125 0.1016865234375 0.8951630859375 0.100416015625 0.9066025390625 0.1715966796875 0.90628515625 0.1719140625 0.943146484375 0.470857421875 0.94985546875 0.4998984375 0.9505849609375 0.495767578125 0.9386767578125 0.5006982421875 0.9383544921875 0.494306640625 0.9280419921875 0.4937255859375 0.9235390625 0.4947421875 0.921650390625 0.4980830078125 0.91976171875 0.5078154296875 0.91976171875 0.5121728515625 0.91976171875 0.510720703125 0.9069794921875 0.5050556640625 0.9026220703125 0.500552734375 0.8960849609375 0.4992451171875 0.891146484375 0.4995361328125 0.8846103515625 0.50098828125 0.878509765625 0.5053466796875 0.87269921875 0.5129638671875 0.8683681640625 0.525197265625 0.8677353515625 0.5334228515625 0.8702666015625 0.5389072265625 0.8776484375 0.5410166015625 0.8854521484375 0.5403837890625 0.8932568359375 0.5551484375 0.8928349609375 0.5578896484375 0.8953662109375 0.5578896484375 0.9491513671875 0.5791806640625 0.9491591796875 0.584876953125 0.7602138671875 1 0.7587568359375 1 0.124689453125
9 0.393736328125 0.3178837890625 0.4030009765625 0.2310302734375 0.353205078125 0.235083984375 0.3420087890625 0.32055078125 0.393736328125 0.3178837890625
9 0.5233583984375 0.31037109375 0.5271279296875 0.2224111328125 0.4705830078125 0.2274375 0.465556640625 0.3116279296875 0.5233583984375 0.31037109375
9 0.604953125 0.211525390625 0.6023544921875 0.30299609375 0.6647216796875 0.2983193359375 0.663162109375 0.2073681640625 0.604953125 0.211525390625
9 0.7541455078125 0.1948056640625 0.7577275390625 0.2906416015625 0.8213193359375 0.28571484375 0.8150498046875 0.1903271484375 0.7541455078125 0.1948056640625
0 1 0.232486328125 0.9227216796875 0.2406123046875 0.927236328125 0.2780810546875 1 0.270857421875 1 0.232486328125
0 1 0.355171875 0.9339697265625 0.3628828125 0.938958984375 0.4118720703125 1 0.4050673828125 1 0.355171875
0 0.7584189453125 0.421197265625 0.825248046875 0.4185595703125 0.8239287109375 0.3701962890625 0.75666015625 0.3737138671875 0.7584189453125 0.421197265625
9 0.66284765625 0.420806640625 0.6625810546875 0.3202041015625 0.601697265625 0.3232099609375 0.6005693359375 0.4216767578125 0.66284765625 0.420806640625
9 0.5159619140625 0.43395703125 0.5215927734375 0.336818359375 0.4635205078125 0.3382255859375 0.4561298828125 0.435716796875 0.5159619140625 0.43395703125
9 0.3818701171875 0.4406982421875 0.392412109375 0.34310546875 0.3376650390625 0.3451455078125 0.3254228515625 0.44171875 0.3818701171875 0.4406982421875
0 0.16110546875 0.4504111328125 0.2567412109375 0.4469833984375 0.2622255859375 0.4013935546875 0.171046875 0.4068779296875 0.16110546875 0.4504111328125
0 0.280392578125 0.324611328125 0.2841630859375 0.285876953125 0.1871572265625 0.2917041015625 0.179958984375 0.3318095703125 0.280392578125 0.324611328125
0 0.3386650390625 0.3198125 0.3941953125 0.317755859375 0.3996796875 0.2759365234375 0.342435546875 0.27970703125 0.3386650390625 0.3198125
0 0.4624677734375 0.3131728515625 0.5225322265625 0.31039453125 0.5246162109375 0.267689453125 0.4648974609375 0.2711611328125 0.4624677734375 0.3131728515625
0 0.6018935546875 0.3032255859375 0.66394140625 0.2997197265625 0.664642578125 0.2580048828125 0.6025947265625 0.2618603515625 0.6018935546875 0.3032255859375
0 0.7565576171875 0.292125 0.8216005859375 0.2871796875 0.817796875 0.244958984375 0.755796875 0.2502841796875 0.7565576171875 0.292125
9 0.8245830078125 0.4168427734375 0.82048828125 0.3144521484375 0.7558681640625 0.3212783203125 0.7599638671875 0.4195732421875 0.8245830078125 0.4168427734375
0 0.5964873046875 0.4287802734375 0.6646318359375 0.427453125 0.6646318359375 0.3805478515625 0.5991416015625 0.384087890625 0.5964873046875 0.4287802734375
0 0.4521328125 0.4371279296875 0.51628125 0.4333076171875 0.51815234375 0.38761328125 0.455517578125 0.390982421875 0.4521328125 0.4371279296875
0 0.32415625 0.442197265625 0.3818974609375 0.4407353515625 0.3866484375 0.3950537109375 0.3296376953125 0.396880859375 0.32415625 0.442197265625
9 1 0.3422197265625 0.934349609375 0.34672265625 0.9403525390625 0.4093876953125 1 0.404509765625 1 0.3422197265625
0 0.9552021484375 0.555369140625 0.999990234375 0.5541474609375 1 0.49714453125 0.947873046875 0.4999951171875 0.9552021484375 0.555369140625
9 0.9991103515625 0.5517890625 1 0.47309375 0.947107421875 0.47539453125 0.9558505859375 0.5531689453125 0.9991103515625 0.5517890625
0 0.7625634765625 0.5605322265625 0.8329755859375 0.557771484375 0.831134765625 0.506228515625 0.76118359375 0.50944921875 0.7625634765625 0.5605322265625
9 0.8306748046875 0.5568505859375 0.827453125 0.4450205078125 0.758421875 0.449162109375 0.763484375 0.55915234375 0.8306748046875 0.5568505859375
0 0.5920361328125 0.566529296875 0.66229296875 0.5651865234375 0.6631875 0.5123818359375 0.5956162109375 0.5150673828125 0.5920361328125 0.566529296875
9 0.66229296875 0.56384375 0.6645302734375 0.4519697265625 0.6000908203125 0.4546552734375 0.5951689453125 0.5647392578125 0.66229296875 0.56384375
9 0.5074326171875 0.5698916015625 0.51482421875 0.46234375 0.4527353515625 0.4660400390625 0.4434951171875 0.5732177734375 0.5074326171875 0.5698916015625
0 0.442755859375 0.5728486328125 0.5070634765625 0.571 0.5103896484375 0.5188896484375 0.4468212890625 0.521107421875 0.442755859375 0.5728486328125
9 0.366564453125 0.57548828125 0.37909375 0.4673837890625 0.320525390625 0.467966796875 0.308287109375 0.575779296875 0.366564453125 0.57548828125
0 0.3065380859375 0.5769453125 0.36685546875 0.5763623046875 0.3738486328125 0.524787109375 0.3120751953125 0.525078125 0.3065380859375 0.5769453125
0 0.1370087890625 0.581958984375 0.23877734375 0.5796533203125 0.2453642578125 0.52893359375 0.1468896484375 0.5328857421875 0.1370087890625 0.581958984375
0 1 0.6536474609375 0.96251953125 0.6561064453125 0.9684208984375 0.7161103515625 1 0.715126953125 1 0.6536474609375
0 0.76627734375 0.7190615234375 0.8448056640625 0.7172578125 0.840537109375 0.6558857421875 0.7642216796875 0.659087890625 0.76627734375 0.7190615234375
9 0.8426708984375 0.7156572265625 0.8357333984375 0.5881083984375 0.763154296875 0.588642578125 0.76795703125 0.7172578125 0.8426708984375 0.7156572265625
9 0.5947939453125 0.594123046875 0.59009765625 0.71925390625 0.6622236328125 0.71925390625 0.6635654296875 0.5924453125 0.5947939453125 0.594123046875
0 0.588419921875 0.7202607421875 0.6622236328125 0.720931640625 0.66289453125 0.6595400390625 0.59009765625 0.6612177734375 0.588419921875 0.7202607421875
0 0.4264658203125 0.7226123046875 0.50032421875 0.72119140625 0.502455078125 0.6633115234375 0.4317919921875 0.664732421875 0.4264658203125 0.7226123046875
9 0.4978388671875 0.719416015625 0.506005859375 0.5986845703125 0.44208984375 0.59975 0.4317919921875 0.7208369140625 0.4978388671875 0.719416015625
0 0.2789736328125 0.7263759765625 0.3499306640625 0.7260029296875 0.35665234375 0.668490234375 0.2898037109375 0.668490234375 0.2789736328125 0.7263759765625
9 0.3484365234375 0.7245087890625 0.3626279296875 0.603134765625 0.3043681640625 0.604255859375 0.2875625 0.7241357421875 0.3484365234375 0.7245087890625
0 0.1081962890625 0.7286005859375 0.2200390625 0.7281953125 0.229359375 0.66903125 0.1207578125 0.6722734375 0.1081962890625 0.7286005859375
5 0.6385869140625 0.9518740234375 0.6427890625 0.8949482421875 0.6648603515625 0.8945322265625 0.667771484375 0.953755859375 0.69962109375 0.9547958984375 0.698646484375 0.930771484375 0.69962109375 0.9301220703125 0.7272158203125 0.9301220703125 0.7405263671875 0.9288232421875 0.7392275390625 0.9554453125 0.9998544921875 0.963896484375 1 0.7594169921875 0.5866025390625 0.761564453125 0.5805966796875 0.950580078125 0.6385869140625 0.9518740234375
8 0.001224609375 0.9941357421875 0.162724609375 0.9741357421875 0.16405078125 0.9546796875 0.1702412109375 0.9409716796875 0.17068359375 0.9086923828125 0.0986376953125 0.9080673828125 0.1003759765625 0.8963115234375 0 0.8989638671875 0.001224609375 0.9941357421875
9 0.1043359375 0.88138671875 0.1067373046875 0.861373046875 0.07871875 0.8619072265625 0.07871875 0.861640625 0.077384765625 0.8816533203125 0.1043359375 0.88138671875
9 0.036654296875 0.6728603515625 0.018654296875 0.7504228515625 0.0323994140625 0.753041015625 0.0494169921875 0.6744970703125 0.036654296875 0.6728603515625
9 0.0824716796875 0.76122265625 0.0919619140625 0.727513671875 0.09392578125 0.727513671875 0.10276171875 0.6839873046875 0.0890166015625 0.6803876953125 0.0742890625 0.758931640625 0.0824716796875 0.76122265625
9 0.074509765625 0.7819521484375 0.0954912109375 0.784373046875 0.0981806640625 0.769041015625 0.076392578125 0.7663505859375 0.074509765625 0.7819521484375
6 0 0.999962890625 1 1 0.9994365234375 0.9644697265625 0.738515625 0.956263671875 0.733810546875 0.9648193359375 0.7306728515625 0.9679560546875 0.70571875 0.9675283203125 0.699599609375 0.955701171875 0.668248046875 0.9547080078125 0.6688701171875 0.9649580078125 0.637466796875 0.965171875 0.638107421875 0.9525673828125 0.5586328125 0.9511396484375 0.5546962890625 0.96308203125 0.5264150390625 0.961951171875 0.501755859375 0.9618388671875 0.498376953125 0.9511396484375 0.3874384765625 0.950013671875 0.1728828125 0.9443818359375 0.1661259765625 0.95508203125 0.165142578125 0.975677734375 0 0.9951064453125 0 0.999962890625
4 0.52578125 0.961197265625 0.5300849609375 0.9390439453125 0.49709375 0.9390439453125 0.4986875 0.943984375 0.50346875 0.96071875 0.52578125 0.961197265625
8 0.5296064453125 0.937927734375 0.5335908203125 0.920396484375 0.520681640625 0.9197587890625 0.520681640625 0.9078056640625 0.5284912109375 0.9066904296875 0.5335908203125 0.9046181640625 0.537734375 0.8998369140625 0.5396474609375 0.89378125 0.54028515625 0.885333984375 0.5383720703125 0.8786396484375 0.53311328125 0.870990234375 0.525462890625 0.8687587890625 0.5133505859375 0.8690771484375 0.5060185546875 0.8730615234375 0.5021943359375 0.878162109375 0.5001220703125 0.8843779296875 0.5001220703125 0.8907529296875 0.5009189453125 0.895375 0.5049033203125 0.90079296875 0.511916015625 0.9070087890625 0.5125537109375 0.9199189453125 0.50825 0.920396484375 0.5028310546875 0.9202373046875 0.4982099609375 0.920396484375 0.495181640625 0.921990234375 0.494224609375 0.9239033203125 0.494703125 0.9277275390625 0.497890625 0.9329873046875 0.501875 0.9388837890625 0.5296064453125 0.937927734375
4 0.5551318359375 0.893794921875 0.53627734375 0.8943388671875 0.5333759765625 0.9231650390625 0.527447265625 0.9611875 0.553681640625 0.962869140625 0.5571259765625 0.952716796875 0.55658203125 0.8963330078125 0.5551318359375 0.893794921875
4 0.66741796875 0.9647099609375 0.663091796875 0.89566015625 0.6436201171875 0.8960205078125 0.639654296875 0.9643486328125 0.66741796875 0.9647099609375
4 0.7049697265625 0.9650146484375 0.7067880859375 0.966681640625 0.72951953125 0.96713671875 0.732853515625 0.9647119140625 0.737703125 0.9562255859375 0.7393701171875 0.93016015625 0.6995146484375 0.9310693359375 0.7005751953125 0.9550126953125 0.7049697265625 0.9650146484375
8 0.698158203125 0.929408203125 0.7290380859375 0.9287109375 0.74087890625 0.9282470703125 0.73971875 0.9245322265625 0.7385576171875 0.92128125 0.734146484375 0.917798828125 0.73019921875 0.9154775390625 0.7253232421875 0.914548828125 0.7206796875 0.912458984375 0.72114453125 0.897134765625 0.73344921875 0.893419921875 0.742736328125 0.89040234375 0.7459873046875 0.8869189453125 0.7462197265625 0.875078125 0.74296875 0.86184375 0.73762890625 0.8516279296875 0.73019921875 0.8444306640625 0.718822265625 0.8404833984375 0.71 0.8402509765625 0.698623046875 0.845126953125 0.689568359375 0.85232421875 0.6830673828125 0.8611474609375 0.68144140625 0.8683447265625 0.682138671875 0.8762392578125 0.68562109375 0.884830078125 0.6939794921875 0.8913310546875 0.7034990234375 0.8950458984375 0.709767578125 0.897599609375 0.715572265625 0.899689453125 0.7141787109375 0.9138515625 0.7123212890625 0.9138515625 0.7067490234375 0.9154775390625 0.70210546875 0.91803125 0.6990869140625 0.9205849609375 0.6974619140625 0.923603515625 0.6974619140625 0.9270859375 0.698158203125 0.929408203125
8 0.02582421875 0.610611328125 0.0483154296875 0.59644921875 0.0774716796875 0.59644921875 0.0824697265625 0.58312109375 0.0907998046875 0.5614619140625 0.1216220703125 0.54730078125 0.14661328125 0.529806640625 0.167439453125 0.51814453125 0.15994140625 0.5089814453125 0.1499453125 0.4973193359375 0.1607744140625 0.4764931640625 0.1882646484375 0.4565 0.194095703125 0.4506689453125 0.1541103515625 0.451501953125 0.1816005859375 0.43317578125 0.190763671875 0.419013671875 0.1899306640625 0.412349609375 0.1657734375 0.4015205078125 0.226583984375 0.3981884765625 0.1607744140625 0.3806943359375 0.206591796875 0.37486328125 0.239080078125 0.3515390625 0.255740234375 0.3382099609375 0.270734375 0.3248818359375 0.2465771484375 0.314052734375 0.209923828125 0.3115537109375 0.2040927734375 0.2973916015625 0.2174208984375 0.2773994140625 0.2515751953125 0.2682353515625 0.262404296875 0.24741015625 0.265736328125 0.226583984375 0.2482431640625 0.213255859375 0.233248046875 0.1915966796875 0.214921875 0.2140888671875 0.187431640625 0.18909765625 0.1682724609375 0.19909375 0.1499453125 0.18243359375 0.1341181640625 0.2090908203125 0.0824697265625 0.15327734375 0.0583125 0.2015927734375 0 0.13994921875 0.0008330078125 0.58978515625 0.0074970703125 0.594783203125 0.0183271484375 0.6081123046875 0.02582421875 0.610611328125