9 0.163484375 0.18655859375 0.1692763671875 0.0929091796875 0.011263671875 0.1125400390625 0 0.203615234375 0.163484375 0.18655859375
9 0 0.4324052734375 0.1416533203125 0.4191259765625 0.1523505859375 0.3085908203125 0 0.322205078125 0 0.4324052734375
9 0 0.690501953125 0.120798828125 0.6823193359375 0.1363857421875 0.554505859375 0 0.561130859375 0 0.690501953125
9 0.371236328125 0.6772080078125 0.369482421875 0.5358017578125 0.2386015625 0.5456259765625 0.2340400390625 0.68176953125 0.371236328125 0.6772080078125
9 0.3734306640625 0.4006162109375 0.3730732421875 0.28329296875 0.2475234375 0.29652734375 0.2435888671875 0.4102734375 0.3734306640625 0.4006162109375
9 0.3704013671875 0.1621474609375 0.3688544921875 0.0625068359375 0.2555986328125 0.076123046875 0.251994140625 0.1753330078125 0.3704013671875 0.1621474609375
9 0.7778994140625 0 0.6667705078125 0.018310546875 0.6762421875 0.138279296875 0.8839765625 0.104814453125 0.866927734375 0 0.7778994140625 0
9 0.9307421875 0.3717548828125 0.904125 0.23068359375 0.6867255859375 0.2559697265625 0.6964853515625 0.3912744140625 0.9307421875 0.3717548828125
9 0.9795400390625 0.6787412109375 0.9484873046875 0.501736328125 0.7133671875 0.51859375 0.723126953125 0.6845078125 0.9795400390625 0.6787412109375
0 0.8085517578125 0.7010341796875 0.9994794921875 0.695248046875 0.9992275390625 0.649818359375 0.92307421875 0.6540703125 0.72548046875 0.6618017578125 0.715826171875 0.66566796875 0.719837890625 0.7000703125 0.8085517578125 0.7010341796875
0 0.6892744140625 0.4028916015625 0.7057275390625 0.402447265625 0.8698193359375 0.390884765625 0.9471962890625 0.3846591796875 0.94746484375 0.3452041015625 0.8365205078125 0.3552548828125 0.7035419921875 0.36723828125 0.6884658203125 0.36801171875 0.6892744140625 0.4028916015625
0 0.6679287109375 0.14852734375 0.72662890625 0.1436357421875 0.8996142578125 0.12584765625 0.9005478515625 0.0860712890625 0.84647265625 0.09312109375 0.6757880859375 0.116328125 0.6640380859375 0.11750390625 0.6679287109375 0.14852734375
8 0 0.98512890625 0.1066171875 0.986185546875 0.1969423828125 0.9893544921875 0.4384755859375 0.990939453125 0.5388369140625 0.99463671875 0.6990029296875 0.9962216796875 0.7866875 0.9978056640625 0.9187421875 0.9978056640625 0.9995595703125 0.9962216796875 1 0.762220703125 0.96575390625 0.7675029296875 0.9351171875 0.7770107421875 0.80138671875 0.79180078125 0.7939912109375 0.779123046875 0.7802578125 0.7690869140625 0.7844833984375 0.7558818359375 0.802443359375 0.74267578125 0.7902939453125 0.7183779296875 0.781314453125 0.7030595703125 0.7797294921875 0.6766484375 0.7712783203125 0.6581611328125 0.7633544921875 0.637560546875 0.75226171875 0.6248828125 0.743810546875 0.604810546875 0.7205693359375 0.595302734375 0.7374716796875 0.58896484375 0.7448671875 0.5662509765625 0.731662109375 0.536142578125 0.7205693359375 0.519767578125 0.70472265625 0.5012802734375 0.6877412109375 0.4769814453125 0.65287890625 0.4627197265625 0.618544921875 0.4637763671875 0.5884365234375 0.4579658203125 0.568541015625 0.463060546875 0.5615380859375 0.467875 0.5641640625 0.480568359375 0.5683642578125 0.48807421875 0.566779296875 0.4996953125 0.55621484375 0.4991669921875 0.5414248046875 0.5012802734375 0.53719921875 0.5155419921875 0.5451220703125 0.5366708984375 0.53983984375 0.5472353515625 0.515013671875 0.540896484375 0.5176552734375 0.5641376953125 0.5144853515625 0.5815693359375 0.4917724609375 0.5958310546875 0.48543359375 0.61062109375 0.4897783203125 0.6319013671875 0.4819072265625 0.6371494140625 0.461322265625 0.645130859375 0.4717001953125 0.6687255859375 0.4732841796875 0.687212890625 0.4648330078125 0.7215478515625 0.470115234375 0.738978515625 0.4875458984375 0.7664462890625 0.509203125 0.783876953125 0.531056640625 0.8146572265625 0.479265625 0.812265625 0.392025390625 0.8049951171875 0.31261328125 0.7944208984375 0.232642578125 0.79838671875 0.1044248046875 0.8043349609375 0.0363505859375 0.8096220703125 0 0.803673828125 0 0.98512890625
2 0 0 0.00015234375 0.799181640625 0.0355146484375 0.80625390625 0.1115244140625 0.800125 0.20063671875 0.797767578125 0.280791015625 0.792109375 0.4016103515625 0.8020107421875 0.474220703125 0.8090830078125 0.52561328125 0.811912109375 0.5086396484375 0.7906953125 0.491666015625 0.7751357421875 0.4723349609375 0.751560546875 0.462904296875 0.7242138671875 0.4633759765625 0.70676953125 0.4690341796875 0.6822509765625 0.4666767578125 0.6671640625 0.4596044921875 0.6435888671875 0.4817646484375 0.6308583984375 0.483689453125 0.609169921875 0.4921767578125 0.5936103515625 0.5115078125 0.5794658203125 0.5119794921875 0.555419921875 0.51480859375 0.5398603515625 0.5388544921875 0.54174609375 0.539326171875 0.53231640625 0.5341396484375 0.507798828125 0.540740234375 0.4988408203125 0.5619580078125 0.496482421875 0.5643154296875 0.491767578125 0.56054296875 0.4724365234375 0.562900390625 0.4615927734375 0.5818232421875 0.454048828125 0.59549609375 0.4578203125 0.631330078125 0.460177734375 0.6492470703125 0.460177734375 0.6879091796875 0.474322265625 0.70016796875 0.4875244140625 0.727986328125 0.52288671875 0.7477890625 0.56390625 0.74307421875 0.5874814453125 0.7284580078125 0.595025390625 0.7411884765625 0.6006826171875 0.7591044921875 0.6294443359375 0.77796484375 0.667634765625 0.7831513671875 0.701111328125 0.7902236328125 0.7110126953125 0.8029541015625 0.7416591796875 0.7935234375 0.753447265625 0.7845654296875 0.765234375 0.7939951171875 0.7784365234375 0.804107421875 0.7885966796875 0.8847666015625 0.7811513671875 0.952396484375 0.76812109375 1 0.7629970703125 1 0.391212890625 0.9300791015625 0 0 0