2 1 0.3090888671875 0.9511953125 0.2040556640625 0.9441103515625 0.19271875 0.935607421875 0.18705078125 0.9125810546875 0.199095703125 0.8140888671875 0.23145703125 0.786953125 0.23369140625 0.78567578125 0.2180478515625 0.7891875 0.2138984375 0.786953125 0.2081513671875 0.777056640625 0.2068740234375 0.772267578125 0.2129404296875 0.7748212890625 0.2199638671875 0.7748212890625 0.23145703125 0.7633916015625 0.238904296875 0.5296328125 0.306533203125 0.4977568359375 0.314693359375 0.291662109375 0.380220703125 0.2906533203125 0.37315625 0.2820751953125 0.3741650390625 0.280056640625 0.3840048828125 0.1299609375 0.423138671875 0.1286220703125 0.431009765625 0.13148828125 0.43925 0.1916787109375 0.4657626953125 0.173568359375 0.5745458984375 0.13019140625 0.8113173828125 0.1157783203125 0.89159765625 0.17362890625 0.8968447265625 0.1812822265625 0.91454296875 0.18104296875 0.9276962890625 0.2147646484375 0.9339140625 0.276388671875 0.9384921875 0.471205078125 0.9608505859375 0.78141796875 1 1 1 1 0.3090888671875
9 0.3581005859375 0.7544951171875 0.3639033203125 0.6950830078125 0.2935830078125 0.70065234375 0.28615625 0.757048828125 0.3581005859375 0.7544951171875
9 0.37629296875 0.60291015625 0.380669921875 0.5534111328125 0.3118095703125 0.5651962890625 0.3069267578125 0.612001953125 0.37629296875 0.60291015625
9 0.3905849609375 0.4630966796875 0.3943935546875 0.4210517578125 0.3301083984375 0.43658984375 0.3266044921875 0.476806640625 0.3905849609375 0.4630966796875
9 0.4950068359375 0.5314248046875 0.4984638671875 0.456185546875 0.4596240234375 0.4651474609375 0.4544462890625 0.5374658203125 0.4950068359375 0.5314248046875
9 0.4815009765625 0.692349609375 0.487875 0.6053583984375 0.446064453125 0.6110615234375 0.4402900390625 0.695224609375 0.4815009765625 0.692349609375
9 0.4468203125 0.82176953125 0.45846875 0.8233486328125 0.469974609375 0.8176025390625 0.47257421875 0.7579892578125 0.428556640625 0.7588564453125 0.4243974609375 0.815349609375 0.4468203125 0.82176953125
9 0.6644794921875 0.73713671875 0.664013671875 0.670650390625 0.5633896484375 0.6767490234375 0.5617958984375 0.7436240234375 0.6644794921875 0.73713671875
9 0.66631640625 0.5612236328125 0.665662109375 0.5062783203125 0.571470703125 0.5217587890625 0.5705986328125 0.5749599609375 0.66631640625 0.5612236328125
9 0.57771875 0.421783203125 0.6682958984375 0.4009775390625 0.6680859375 0.3530625 0.5785595703125 0.3757587890625 0.57771875 0.421783203125
1 0 0.891775390625 0.0666240234375 0.892322265625 0.0797490234375 0.8904033203125 0.0896865234375 0.876490234375 0.09639453125 0.847919921875 0.10296484375 0.7921650390625 0.1032412109375 0.7763876953125 0.09715234375 0.7697451171875 0.09715234375 0.7608876953125 0.09521484375 0.75562890625 0.0910634765625 0.7542451171875 0 0.7550751953125 0 0.891775390625
6 0.7663427734375 1 0.610173828125 0.98139453125 0.3599013671875 0.949921875 0.2880087890625 0.9412451171875 0.2671484375 0.939376953125 0.213755859375 0.9358935546875 0.178869140625 0.9292333984375 0.178869140625 0.9140107421875 0.1725263671875 0.8997392578125 0.0822041015625 0.8918349609375 0.0669150390625 0.8942724609375 0 0.892943359375 0 1 0.7663427734375 1
8 1 0.8411806640625 0.996943359375 0.845357421875 0.990080078125 0.869826171875 0.984708984375 0.8599794921875 0.9787412109375 0.8462529296875 0.9757568359375 0.8465517578125 0.9775478515625 0.8596806640625 0.9679990234375 0.8623662109375 0.9581513671875 0.8650517578125 0.9611357421875 0.8596806640625 0.9575546875 0.8561005859375 0.9447236328125 0.86176953125 0.943232421875 0.8555029296875 0.9360703125 0.85102734375 0.9312958984375 0.833421875 0.9205126953125 0.8290986328125 0.9098828125 0.8309208984375 0.8977353515625 0.8345654296875 0.8953056640625 0.842765625 0.8959130859375 0.8536982421875 0.8910537109375 0.858861328125 0.88710546875 0.87283203125 0.8843720703125 0.854609375 0.876171875 0.8406396484375 0.8688837890625 0.836083984375 0.851572265625 0.8351728515625 0.8394248046875 0.8354765625 0.83426171875 0.8196845703125 0.8333505859375 0.8032841796875 0.8333505859375 0.7944775390625 0.830009765625 0.7908330078125 0.8221142578125 0.790529296875 0.818166015625 0.7938701171875 0.818166015625 0.797818359375 0.81269921875 0.81026953125 0.789482421875 0.8118095703125 0.778939453125 0.8114990234375 0.7758388671875 0.8170810546875 0.7730478515625 0.830724609375 0.767466796875 0.8257626953125 0.7668466796875 0.813359375 0.7522724609375 0.813359375 0.73955859375 0.8180107421875 0.7321162109375 0.825142578125 0.7308759765625 0.8322744140625 0.7246748046875 0.8341357421875 0.716921875 0.8276240234375 0.7101005859375 0.8245224609375 0.706689453125 0.818630859375 0.7004873046875 0.818630859375 0.6887041015625 0.821111328125 0.6837431640625 0.8270029296875 0.6769208984375 0.8235927734375 0.6688583984375 0.8099482421875 0.6663779296875 0.8062275390625 0.658220703125 0.810607421875 0.649630859375 0.810607421875 0.63340625 0.812833984375 0.6235439453125 0.823650390625 0.621953125 0.81537890625 0.6159091796875 0.807107421875 0.59968359375 0.7947001953125 0.5926845703125 0.7959736328125 0.5853681640625 0.8036083984375 0.5828232421875 0.7982001953125 0.577732421875 0.7985185546875 0.57009765625 0.80742578125 0.5650068359375 0.805517578125 0.558962890625 0.7988359375 0.5551455078125 0.7988359375 0.545283203125 0.80519921875 0.541515625 0.814619140625 0.535884765625 0.8211884765625 0.5340078125 0.8258818359375 0.507103515625 0.8246298828125 0.5042880859375 0.813994140625 0.5024111328125 0.8061728515625 0.4945908203125 0.8046083984375 0.4858310546875 0.807423828125 0.4823896484375 0.8127421875 0.4745693359375 0.8130556640625 0.45727734375 0.8229462890625 0.447607421875 0.82065625 0.436919921875 0.81378515625 0.430048828125 0.8107314453125 0.4213974609375 0.81353125 0.4117275390625 0.825236328125 0.3995126953125 0.826763671875 0.38984375 0.8326162109375 0.383990234375 0.8425400390625 0.371267578125 0.84559375 0.364142578125 0.8494111328125 0.364142578125 0.857044921875 0.369740234375 0.861625 0.3667919921875 0.867576171875 0.355357421875 0.872267578125 0.3533046875 0.911263671875 0.8788408203125 0.9700888671875 0.9553056640625 0.9711083984375 0.9522470703125 0.9644814453125 0.9418203125 0.952408203125 0.9459111328125 0.9500009765625 0.9629951171875 0.9500009765625 0.9685302734375 0.9471142578125 0.9721396484375 0.937248046875 0.9767109375 0.9341201171875 0.9786357421875 0.926419921875 0.9783955078125 0.91823828125 0.9743046875 0.9172763671875 0.9682890625 0.9249755859375 0.962513671875 0.92545703125 0.9487978515625 0.9225693359375 0.954091796875 0.91462890625 0.953611328125 0.90259765625 0.9562578125 0.89778515625 0.9682890625 0.893212890625 0.9677001953125 0.8772861328125 0.972474609375 0.868333984375 0.9775478515625 0.8668427734375 0.9820234375 0.8677373046875 0.9853056640625 0.8731083984375 0.9856044921875 0.8880283203125 1 0.8901171875 1 0.8411806640625
8 0.105181640625 0.7910771484375 0.0985439453125 0.8462998046875 0.0913955078125 0.8771904296875 0.0832255859375 0.8902109375 0.17308984375 0.898125 0.18100390625 0.9142080078125 0.1820244140625 0.9180380859375 0.2289990234375 0.9185478515625 0.2340322265625 0.9037265625 0.2445 0.8346884765625 0.273162109375 0.8321962890625 0.2701708984375 0.871326171875 0.2726630859375 0.8733203125 0.2798916015625 0.87207421875 0.2856240234375 0.860609375 0.2928515625 0.8546279296875 0.2938486328125 0.84914453125 0.2847314453125 0.845279296875 0.2837119140625 0.8412041015625 0.278619140625 0.8340732421875 0.2824384765625 0.8282158203125 0.28575 0.82006640625 0.285240234375 0.8159912109375 0.2880419921875 0.8121708984375 0.287787109375 0.80860546875 0.2829482421875 0.807841796875 0.278109375 0.8032578125 0.287787109375 0.793833984375 0.2880419921875 0.7895048828125 0.2837119140625 0.7869580078125 0.272251953125 0.791796875 0.2635927734375 0.790013671875 0.254169921875 0.7895048828125 0.2470390625 0.7915419921875 0.24321875 0.7920517578125 0.2396533203125 0.7854296875 0.2353232421875 0.7854296875 0.2315029296875 0.791796875 0.2256455078125 0.7958720703125 0.2177509765625 0.798927734375 0.2152041015625 0.7948525390625 0.21367578125 0.791033203125 0.202724609375 0.7874677734375 0.197630859375 0.7844111328125 0.1966123046875 0.78008203125 0.1910087890625 0.7777890625 0.1856611328125 0.781609375 0.1798037109375 0.781609375 0.17114453125 0.784666015625 0.1713994140625 0.7777890625 0.17369140625 0.7714228515625 0.16987109375 0.76734765625 0.1650322265625 0.76862109375 0.1579013671875 0.76607421875 0.1515341796875 0.76098046875 0.1456767578125 0.761490234375 0.1393095703125 0.7760068359375 0.130140625 0.7856845703125 0.1245380859375 0.7861943359375 0.1059462890625 0.777025390625 0.105181640625 0.7910771484375
9 0.1132802734375 0.674111328125 0.1280634765625 0.677759765625 0.1292158203125 0.6812158203125 0.1537919921875 0.6856318359375 0.1642685546875 0.6262958984375 0.12472265625 0.6169912109375 0.121919921875 0.619775390625 0.1128955078125 0.668927734375 0.1132802734375 0.674111328125
9 0.0978173828125 0.7603095703125 0.097916015625 0.7690048828125 0.103873046875 0.7751845703125 0.1089853515625 0.7769248046875 0.1171650390625 0.7816162109375 0.1316328125 0.7824462890625 0.1368505859375 0.777228515625 0.14754296875 0.7211220703125 0.1055234375 0.715955078125 0.1036201171875 0.7158193359375 0.1019755859375 0.717419921875 0.095130859375 0.753693359375 0.0978173828125 0.7603095703125
9 0 0.7542626953125 0.051693359375 0.753759765625 0.0586142578125 0.7126630859375 0.0559111328125 0.708642578125 0 0.7011875 0 0.7542626953125
9 0 0.66008203125 0.0204345703125 0.66291796875 0.0240712890625 0.661359375 0.0467578125 0.6646494140625 0.0609306640625 0.6026259765625 0 0.590884765625 0 0.66008203125
2 0 0.7547978515625 0.0945029296875 0.7541240234375 0.0974287109375 0.759640625 0.0974287109375 0.7693974609375 0.103 0.7746337890625 0.1020859375 0.7892607421875 0.1351494140625 0.7904794921875 0.17243359375 0.5788681640625 0.125728515625 0.55126953125 0.062484375 0.5083935546875 0.06535546875 0.4881943359375 0.0517578125 0.481396484375 0.03487109375 0.484685546875 0.031626953125 0.501201171875 0 0.510541015625 0 0.7547978515625
8 0.15213671875 0.5626572265625 0.173427734375 0.576712890625 0.1920322265625 0.4758076171875 0.1843017578125 0.4784521484375 0.1816572265625 0.4825205078125 0.1815205078125 0.4916259765625 0.1743984375 0.497978515625 0.1745908203125 0.50471484375 0.171703125 0.506640625 0.169201171875 0.5072177734375 0.1697783203125 0.5206923828125 0.1586142578125 0.510490234375 0.1563037109375 0.51222265625 0.1559189453125 0.52396484375 0.1572587890625 0.5329658203125 0.162552734375 0.5402841796875 0.17407421875 0.547134765625 0.1739189453125 0.5535185546875 0.1720498046875 0.5580341796875 0.1609951171875 0.5479140625 0.1521201171875 0.54666796875 0.143712890625 0.5454228515625 0.1416884765625 0.5493154296875 0.14526953125 0.5566328125 0.15213671875 0.5626572265625
9 1 0.699390625 0.9927724609375 0.694513671875 0.990791015625 0.6914658203125 0.9740263671875 0.6821689453125 0.9699921875 0.6857705078125 0.9793662109375 0.7891201171875 0.9842841796875 0.790103515625 0.9866455078125 0.7962021484375 1 0.79797265625 1 0.699390625
9 0.9704296875 0.7439658203125 0.964640625 0.676677734375 0.946552734375 0.6649208984375 0.95216015625 0.7383583984375 0.9704296875 0.7439658203125
9 0.9692431640625 0.612232421875 0.9692431640625 0.619333984375 0.9836611328125 0.6307392578125 0.9922685546875 0.6283720703125 0.984306640625 0.5433701171875 0.9669462890625 0.5276279296875 0.966021484375 0.5220732421875 0.957875 0.5144833984375 0.9539638671875 0.5147490234375 0.9617109375 0.6079287109375 0.9692431640625 0.612232421875
9 0.953263671875 0.5623955078125 0.948583984375 0.50216796875 0.930474609375 0.4832451171875 0.935154296875 0.54835546875 0.953263671875 0.5623955078125
9 0.93912890625 0.4020009765625 0.936716796875 0.3535009765625 0.91813671875 0.3274404296875 0.9215146484375 0.3788369140625 0.93912890625 0.4020009765625
9 0.9547333984375 0.456203125 0.9559091796875 0.4618857421875 0.971978515625 0.4783466796875 0.9764853515625 0.48108984375 0.977857421875 0.4801103515625 0.970998046875 0.40348828125 0.9465390625 0.36503515625 0.941287109375 0.3660859375 0.9468740234375 0.44669921875 0.9547333984375 0.456203125
9 1 0.515720703125 0.999724609375 0.44826953125 0.99232421875 0.4381201171875 0.9886650390625 0.438267578125 0.9952841796875 0.5102236328125 1 0.515720703125
3 1 0.8701123046875 0.874298828125 0.8693974609375 0.5760966796875 0.8551279296875 0.3627802734375 0.84366796875 0.36309375 0.832703125 0.3283193359375 0.832076171875 0.3211142578125 0.896298828125 0.3101494140625 0.9176025390625 0.2687958984375 0.9176025390625 0.2756875 0.8323896484375 0.2439990234375 0.8340400390625 0.2415693359375 0.8399404296875 0.1292109375 0.8266748046875 0.116087890625 0.893462890625 0.1728125 0.8991162109375 0.1799248046875 0.914236328125 0.17976171875 0.928689453125 0.2145361328125 0.9351572265625 0.2795537109375 0.939462890625 0.482328125 0.963779296875 0.723162109375 0.99341796875 0.7695361328125 1 1 1 1 0.8701123046875