2 0 0.537146484375 0.0076591796875 0.53756640625 0.0034619140625 0.6072275390625 0.0521416015625 0.6105849609375 0.056705078125 0.5447001953125 0.1737861328125 0.554771484375 0.16535546875 0.715916015625 0.2001865234375 0.715076171875 0.20354296875 0.6051298828125 0.2425703125 0.6076474609375 0.2408916015625 0.710041015625 0.2907734375 0.713763671875 0.3257353515625 0.7132275390625 0.3270654296875 0.5666630859375 0.4085615234375 0.572123046875 0.40765234375 0.7131630859375 0.447234375 0.7127080078125 0.4465517578125 0.574625 0.5218486328125 0.5819052734375 0.5261708984375 0.71134375 0.5493466796875 0.711873046875 0.54865625 0.68461328125 0.5590087890625 0.684267578125 0.5491845703125 0.458134765625 0.613134765625 0.4444052734375 0 0.321845703125 0 0.537146484375
9 0.049548828125 0.459150390625 0.1981943359375 0.477978515625 0.1981943359375 0.4056376953125 0.0541845703125 0.3782109375 0.049548828125 0.459150390625
9 0.211453125 0.4662431640625 0.2547900390625 0.4710419921875 0.25580859375 0.435703125 0.211888671875 0.4294501953125 0.211453125 0.4662431640625
9 0.318408203125 0.493173828125 0.42729296875 0.51144921875 0.4261875 0.444578125 0.3204033203125 0.4253427734375 0.318408203125 0.493173828125
9 0.4407724609375 0.513578125 0.5348955078125 0.5237451171875 0.532599609375 0.4630732421875 0.44132421875 0.44573828125 0.4407724609375 0.513578125
9 0.683705078125 0.4418876953125 0.699666015625 0.4379326171875 0.698005859375 0.4027158203125 0.6891953125 0.4027158203125 0.682341796875 0.4076953125 0.683705078125 0.4418876953125
9 0.5530546875 0.571283203125 0.563744140625 0.5707978515625 0.5622861328125 0.52046484375 0.55115625 0.52158984375 0.5530546875 0.571283203125
9 0.603822265625 0.5536767578125 0.6131220703125 0.5530205078125 0.61216015625 0.5212705078125 0.6064482421875 0.520876953125 0.6030791015625 0.5218173828125 0.603822265625 0.5536767578125
9 0.5568271484375 0.6652314453125 0.5699287109375 0.66551171875 0.5655517578125 0.6071171875 0.554775390625 0.6071376953125 0.5568271484375 0.6652314453125
9 0.6081611328125 0.6391474609375 0.6173974609375 0.638796875 0.6157607421875 0.6019912109375 0.6116689453125 0.6019912109375 0.6071435546875 0.6025986328125 0.6081611328125 0.6391474609375
9 0.6808046875 0.552015625 0.710533203125 0.5487998046875 0.707189453125 0.487765625 0.6770341796875 0.492732421875 0.6808046875 0.552015625
9 0.7854638671875 0.5464990234375 0.812041015625 0.5521884765625 0.807640625 0.4897470703125 0.7813359375 0.4822861328125 0.7854638671875 0.5464990234375
9 0.8897275390625 0.4746005859375 0.895146484375 0.47512890625 0.89382421875 0.45280859375 0.8889169921875 0.4528271484375 0.8897275390625 0.4746005859375
9 0.6911376953125 0.660966796875 0.7168984375 0.6614306640625 0.71411328125 0.595984375 0.6892802734375 0.5966806640625 0.6911376953125 0.660966796875
9 0.80844921875 0.6604306640625 0.8235205078125 0.66096875 0.8178681640625 0.5947646484375 0.804681640625 0.5947646484375 0.80844921875 0.6604306640625
9 0.8981025390625 0.576443359375 0.9110390625 0.577978515625 0.9055576171875 0.513076171875 0.8921826171875 0.5106640625 0.8981025390625 0.576443359375
9 0.9445859375 0.56920703125 0.96125 0.569646484375 0.957083984375 0.5159267578125 0.9388857421875 0.513734375 0.9445859375 0.56920703125
9 0.9524794921875 0.6619560546875 0.961908203125 0.661517578125 0.9575224609375 0.607578125 0.94765625 0.607359375 0.9524794921875 0.6619560546875
0 0.1667958984375 0.524599609375 0.204552734375 0.5194912109375 0.277845703125 0.525265625 0.346474609375 0.53170703125 0.3475859375 0.4850654296875 0.20588671875 0.465298828125 0.1670185546875 0.47062890625 0.1667958984375 0.524599609375
6 1 0.747419921875 0.83254296875 0.76031640625 0.552609375 0.7136611328125 0.4461083984375 0.714798828125 0.3247578125 0.7158994140625 0.1435869140625 0.718208984375 0.1411796875 0.7439521484375 0.1425576171875 0.7489345703125 0.142109375 0.7637998046875 0.136296875 0.766671875 0.12561328125 0.7699921875 0.12296484375 0.7765517578125 0.1162275390625 0.7844306640625 0.110642578125 0.7868203125 0.099732421875 0.7865634765625 0.0929296875 0.78489453125 0.0894638671875 0.7810439453125 0.0872822265625 0.772701171875 0 0.7749150390625 0 0.8313271484375 0 0.9998310546875 1 0.9998310546875 1 0.747419921875
1 1 0.6662353515625 0.9860546875 0.6708505859375 0.9537421875 0.6857978515625 0.9405537109375 0.6890947265625 0.9282451171875 0.691732421875 0.92033203125 0.69458984375 0.9146171875 0.69942578125 0.9128583984375 0.7049208984375 0.9132978515625 0.71393359375 0.9179140625 0.723384765625 0.9291240234375 0.7260224609375 0.9421416015625 0.725986328125 0.9486875 0.72382421875 0.953302734375 0.7183291015625 1 0.718109375 1 0.6662353515625
1 0 0.773853515625 0.0877861328125 0.7712177734375 0.090421875 0.7801376953125 0.093259765625 0.7835849609375 0.0999501953125 0.7856123046875 0.1106953125 0.7856123046875 0.1163720703125 0.7825712890625 0.1216435546875 0.77669140625 0.123873046875 0.76837890625 0.127927734375 0.7679736328125 0.1368486328125 0.765337890625 0.1407001953125 0.7625 0.14130859375 0.7497275390625 0.140294921875 0.74405078125 0.1433994140625 0.70109375 0.1423740234375 0.6767236328125 0.1387822265625 0.6490185546875 0.1341650390625 0.6295224609375 0.129291015625 0.624134765625 0.10697265625 0.6177216796875 0.0738798828125 0.61438671875 0.0218046875 0.610025390625 0 0.6082158203125 0 0.773853515625
8 1 0.49670703125 0.9726640625 0.5022685546875 0.972537109375 0.514166015625 0.9778671875 0.5716025390625 0.985255859375 0.66535546875 0.98541015625 0.6693583984375 1 0.6641240234375 1 0.49670703125
8 1 0.296568359375 0.9960546875 0.29257421875 0.9907998046875 0.291103515625 0.98407421875 0.290052734375 0.9739853515625 0.2902626953125 0.9527568359375 0.2919443359375 0.9348935546875 0.294255859375 0.91492578125 0.2967783203125 0.8985322265625 0.300771484375 0.8804560546875 0.3011923828125 0.85859765625 0.304134765625 0.847037109375 0.312751953125 0.83673828125 0.3234716796875 0.82034375 0.3314580078125 0.8054208984375 0.338814453125 0.8010068359375 0.3447001953125 0.79974609375 0.3522666015625 0.8092529296875 0.3513896484375 0.826150390625 0.3461201171875 0.8653916015625 0.333765625 0.87483984375 0.3323115234375 0.88337890625 0.333947265625 0.8951884765625 0.3470283203125 0.910814453125 0.3608369140625 0.92553125 0.377734375 0.932435546875 0.383185546875 0.942427734375 0.3889990234375 0.94642578125 0.3969931640625 0.94642578125 0.4042607421875 0.9460625 0.4111650390625 0.948787109375 0.4195234375 0.954056640625 0.4371474609375 0.9598701171875 0.449501953125 0.9669560546875 0.4613115234375 0.97476953125 0.470759765625 0.9809462890625 0.4731220703125 0.984943359375 0.4722138671875 0.9887587890625 0.469669921875 0.9934833984375 0.4676708984375 1 0.4680341796875 1 0.296568359375
8 0.5685927734375 0.5089658203125 0.5691279296875 0.51396484375 0.5691279296875 0.5186064453125 0.5671640625 0.52592578125 0.563951171875 0.53788671875 0.56055859375 0.5432421875 0.5568095703125 0.550205078125 0.554310546875 0.5580595703125 0.5527041015625 0.5709130859375 0.5548466796875 0.615900390625 0.557345703125 0.648212890625 0.563236328125 0.6564248046875 0.5655576171875 0.662673828125 0.5694853515625 0.66945703125 0.5726982421875 0.6789189453125 0.574126953125 0.6892734375 0.5832314453125 0.6890947265625 0.584302734375 0.6796328125 0.5826953125 0.6732060546875 0.579125 0.663744140625 0.572349609375 0.649927734375 0.5731162109375 0.645330078125 0.577330078125 0.6441806640625 0.5807783203125 0.64169140625 0.58480078125 0.6374765625 0.5918876953125 0.640158203125 0.5968681640625 0.6426484375 0.6037646484375 0.6437978515625 0.6095107421875 0.6409248046875 0.61027734375 0.6378603515625 0.608361328125 0.6326884765625 0.60587109375 0.6284736328125 0.6039560546875 0.6231103515625 0.608552734375 0.6208125 0.607787109375 0.61621484375 0.60510546875 0.6144912109375 0.6014658203125 0.618896484375 0.5968681640625 0.6204287109375 0.5918876953125 0.6127666015625 0.5886318359375 0.6070205078125 0.5840341796875 0.5993583984375 0.5830771484375 0.592080078125 0.587865234375 0.5857587890625 0.5916962890625 0.5813525390625 0.5987841796875 0.5761806640625 0.6047216796875 0.56966796875 0.6047216796875 0.5620068359375 0.6032099609375 0.55483984375 0.6009150390625 0.5490146484375 0.5975615234375 0.548662109375 0.59332421875 0.5511328125 0.58696875 0.5564287109375 0.5825556640625 0.561724609375 0.579025390625 0.562607421875 0.575318359375 0.553427734375 0.5719638671875 0.5458369140625 0.5712578125 0.534009765625 0.57673046875 0.5246533203125 0.578671875 0.51900390625 0.5746123046875 0.506470703125 0.5700224609375 0.4971142578125 0.567021484375 0.4930537109375 0.5650791015625 0.4951728515625 0.56666796875 0.5017041015625 0.5685927734375 0.5089658203125
8 0.642177734375 0.6088056640625 0.6377744140625 0.6120498046875 0.6356884765625 0.6141357421875 0.6336025390625 0.6166845703125 0.6317490234375 0.622015625 0.62989453125 0.6247958984375 0.62711328125 0.628736328125 0.6275771484375 0.63337109375 0.6342978515625 0.6384697265625 0.643568359375 0.6447265625 0.6502890625 0.6533017578125 0.657009765625 0.66442578125 0.661412109375 0.6723046875 0.6646572265625 0.6799521484375 0.66373046875 0.692466796875 0.66373046875 0.7015048828125 0.677634765625 0.7017373046875 0.6787939453125 0.68991796875 0.677171875 0.6813427734375 0.67578125 0.6674384765625 0.671609375 0.6530693359375 0.668828125 0.641482421875 0.66373046875 0.6289677734375 0.6604853515625 0.6185390625 0.655619140625 0.6115869140625 0.647275390625 0.60787890625 0.642177734375 0.6088056640625
8 0.607771484375 0.6504189453125 0.6088017578125 0.6559814453125 0.6067412109375 0.6590712890625 0.6028271484375 0.6611318359375 0.598294921875 0.66257421875 0.5947919921875 0.666900390625 0.594998046875 0.670609375 0.5964404296875 0.6726689453125 0.6007666015625 0.6780263671875 0.603857421875 0.6800859375 0.60983203125 0.6848251953125 0.6151884765625 0.69141796875 0.62178125 0.69533203125 0.63702734375 0.6963623046875 0.6403232421875 0.6920361328125 0.6436201171875 0.687296875 0.6444443359375 0.6800859375 0.644650390625 0.6739052734375 0.641353515625 0.6652529296875 0.6372333984375 0.6611318359375 0.6308466796875 0.6590712890625 0.626107421875 0.65927734375 0.619720703125 0.6547451171875 0.6160126953125 0.650625 0.606947265625 0.6467099609375 0.607771484375 0.6504189453125
8 0.7269580078125 0.5426083984375 0.726556640625 0.5492353515625 0.7267578125 0.558271484375 0.7267578125 0.5681123046875 0.72635546875 0.5731318359375 0.720130859375 0.5821689453125 0.719728515625 0.58297265625 0.7181220703125 0.592611328125 0.7195283203125 0.599439453125 0.7244755859375 0.6093876953125 0.7282099609375 0.6188935546875 0.731435546875 0.62755078125 0.734830078125 0.6377353515625 0.735509765625 0.648259765625 0.7346611328125 0.6808515625 0.7331328125 0.691375 0.735509765625 0.699693359375 0.735169921875 0.7035966796875 0.731435546875 0.703427734375 0.7287197265625 0.7017294921875 0.7248154296875 0.69171484375 0.7226083984375 0.6847548828125 0.7227783203125 0.6660830078125 0.7227783203125 0.6596328125 0.72753125 0.6514853515625 0.7270224609375 0.646392578125 0.72226953125 0.64130078125 0.71559375 0.6265703125 0.7132294921875 0.6171103515625 0.70731640625 0.6037646484375 0.706302734375 0.594642578125 0.70326171875 0.587546875 0.6995458984375 0.5774111328125 0.6971806640625 0.567951171875 0.69430859375 0.563220703125 0.6924501953125 0.5671064453125 0.69295703125 0.5745390625 0.6948154296875 0.581634765625 0.6976875 0.590587890625 0.6990390625 0.5968388671875 0.6988701171875 0.602919921875 0.695322265625 0.6010615234375 0.6890712890625 0.5970078125 0.683328125 0.589912109375 0.679611328125 0.588560546875 0.6787666015625 0.590587890625 0.6797802734375 0.5944736328125 0.6834970703125 0.5978525390625 0.6894091796875 0.60258203125 0.6965048828125 0.606298828125 0.7009013671875 0.613224609375 0.704279296875 0.619982421875 0.7108681640625 0.6319765625 0.716611328125 0.639240234375 0.70934765625 0.635017578125 0.7057998046875 0.630625 0.70394140625 0.629611328125 0.7030966796875 0.633328125 0.708333984375 0.640591796875 0.70799609375 0.644984375 0.70799609375 0.655626953125 0.7081650390625 0.662046875 0.708333984375 0.6654248046875 0.7025908203125 0.659005859375 0.700732421875 0.6581611328125 0.69904296875 0.66001953125 0.702759765625 0.6650869140625 0.7071513671875 0.675392578125 0.7101923828125 0.6811357421875 0.7128955078125 0.6878935546875 0.7139091796875 0.6958330078125 0.715091796875 0.7005634765625 0.7215107421875 0.7061376953125 0.72303125 0.71069921875 0.750060546875 0.7128955078125 0.7505673828125 0.7046171875 0.74972265625 0.69904296875 0.7471884765625 0.69363671875 0.741951171875 0.6851904296875 0.7431025390625 0.6572646484375 0.7423271484375 0.637896484375 0.7463564453125 0.637896484375 0.750849609375 0.635572265625 0.75286328125 0.62891015625 0.75751171875 0.619923828125 0.7643291015625 0.6145 0.7646396484375 0.6117109375 0.7637099609375 0.610626953125 0.757357421875 0.6132607421875 0.742947265625 0.6244169921875 0.7417080078125 0.6193037109375 0.740623046875 0.6145 0.75844140625 0.610626953125 0.7620048828125 0.608767578125 0.76494921875 0.603654296875 0.76866796875 0.5973017578125 0.77052734375 0.59001953125 0.77052734375 0.583046875 0.7699072265625 0.579638671875 0.76587890625 0.58165234375 0.7647939453125 0.588625 0.7618505859375 0.597921875 0.7598359375 0.6033447265625 0.7558076171875 0.606443359375 0.7523984375 0.6076826171875 0.7468212890625 0.6076826171875 0.7432568359375 0.6072177734375 0.740158203125 0.6034990234375 0.741087890625 0.5969921875 0.744806640625 0.5940478515625 0.7502294921875 0.58908984375 0.755033203125 0.58444140625 0.755962890625 0.5756103515625 0.7592158203125 0.5686376953125 0.7635546875 0.5635244140625 0.7629345703125 0.5588759765625 0.7609208984375 0.5581015625 0.75751171875 0.5599609375 0.7530185546875 0.565228515625 0.750849609375 0.5711162109375 0.7441865234375 0.5765400390625 0.7427919921875 0.573130859375 0.7435673828125 0.565693359375 0.7432568359375 0.56135546875 0.745736328125 0.5514384765625 0.745736328125 0.548185546875 0.7427919921875 0.5438466796875 0.740158203125 0.5438466796875 0.7375244140625 0.54741015625 0.737369140625 0.5581015625 0.7339609375 0.568482421875 0.7324111328125 0.5636796875 0.731171875 0.5528330078125 0.731171875 0.54648046875 0.72977734375 0.5410576171875 0.7285380859375 0.5382685546875 0.7269580078125 0.5426083984375
8 0.7640009765625 0.662103515625 0.762189453125 0.6675380859375 0.762189453125 0.67365234375 0.7640009765625 0.6799921875 0.7671708984375 0.6892763671875 0.769435546875 0.6947109375 0.77192578125 0.6992392578125 0.7735107421875 0.7071650390625 0.7714736328125 0.7146376953125 0.7707939453125 0.7169013671875 0.7744169921875 0.718939453125 0.79203125 0.7192705078125 0.8129111328125 0.7214306640625 0.81449609375 0.7169013671875 0.8172138671875 0.7094296875 0.8194775390625 0.70127734375 0.8231005859375 0.6924462890625 0.8226484375 0.684294921875 0.8242333984375 0.6779541015625 0.82830859375 0.669349609375 0.826271484375 0.6611982421875 0.8210634765625 0.65893359375 0.8104208984375 0.6571220703125 0.803853515625 0.6564423828125 0.7950224609375 0.655990234375 0.780078125 0.6566689453125 0.7673974609375 0.65961328125 0.7640009765625 0.662103515625
8 0.8284404296875 0.5073046875 0.824501953125 0.509142578125 0.8202998046875 0.516232421875 0.8213505859375 0.535400390625 0.8231884765625 0.553255859375 0.8252890625 0.580564453125 0.8284404296875 0.5973701171875 0.8289658203125 0.6438466796875 0.8289658203125 0.6575009765625 0.8331669921875 0.6766689453125 0.8386806640625 0.6953125 0.842357421875 0.707390625 0.84655859375 0.722095703125 0.8772802734375 0.7215703125 0.8751796875 0.700826171875 0.8749169921875 0.6761435546875 0.870978515625 0.6609140625 0.8659892578125 0.6254658203125 0.8641513671875 0.613125 0.86677734375 0.6070849609375 0.87281640625 0.5939560546875 0.87412890625 0.5879169921875 0.8688779296875 0.583453125 0.8649384765625 0.5944814453125 0.8581123046875 0.604197265625 0.8549609375 0.5908056640625 0.85391015625 0.570849609375 0.8536484375 0.5516806640625 0.85259765625 0.5335625 0.8481337890625 0.5254228515625 0.8397314453125 0.5225341796875 0.83237890625 0.50835546875 0.8284404296875 0.5073046875
8 0.9582587890625 0.6744248046875 0.9557177734375 0.6682119140625 0.9514814453125 0.654373046875 0.9483740234375 0.643640625 0.9455498046875 0.6343203125 0.9430087890625 0.6221767578125 0.9435732421875 0.6137041015625 0.9399013671875 0.6038193359375 0.9302998046875 0.6004296875 0.9229560546875 0.5928046875 0.917025390625 0.589416015625 0.9074228515625 0.58998046875 0.8978212890625 0.5959111328125 0.88821875 0.6165283203125 0.89104296875 0.635732421875 0.9006455078125 0.65776171875 0.9116591796875 0.67470703125 0.9181552734375 0.6834619140625 0.926345703125 0.6905224609375 0.95882421875 0.6809208984375 0.9582587890625 0.6744248046875
7 0.8011611328125 0.422783203125 0.8011611328125 0.4265146484375 0.804640625 0.43107421875 0.808810546875 0.4878984375 0.8162734375 0.58025390625 0.821310546875 0.6451826171875 0.827654296875 0.7229853515625 0.83754296875 0.72223828125 0.8222841796875 0.535806640625 0.818716796875 0.4917333984375 0.8142509765625 0.4295986328125 0.8224521484375 0.425025390625 0.8274990234375 0.424552734375 0.8349111328125 0.424552734375 0.84074609375 0.423291015625 0.84752734375 0.420767578125 0.85083984375 0.4163515625 0.8503662109375 0.411935546875 0.849419921875 0.4095703125 0.8435849609375 0.40830859375 0.835857421875 0.40878125 0.82891796875 0.4111474609375 0.8036845703125 0.41934765625 0.8011611328125 0.422783203125
2 0.819083984375 0.4819248046875 0.8211162109375 0.5128525390625 0.823826171875 0.50823828125 0.8285830078125 0.506029296875 0.8336787109375 0.507388671875 0.84115234375 0.5209775390625 0.849158203125 0.524544921875 0.854423828125 0.53201953125 0.85493359375 0.5566494140625 0.855783203125 0.59011328125 0.8588408203125 0.60234375 0.8651259765625 0.5916416015625 0.86614453125 0.5867158203125 0.8685234375 0.5821298828125 0.8753173828125 0.5875654296875 0.8745625 0.59536328125 0.8664267578125 0.6139609375 0.872470703125 0.660919921875 0.8771533203125 0.6772216796875 0.8771533203125 0.689265625 0.9163828125 0.6899541015625 0.89848828125 0.6593271484375 0.8902470703125 0.636814453125 0.88740234375 0.6163095703125 0.8971298828125 0.5950498046875 0.906603515625 0.5893408203125 0.916927734375 0.5884912109375 0.923123046875 0.592013671875 0.9306533203125 0.5996650390625 0.94037109375 0.603673828125 0.9438935546875 0.6120546875 0.9447431640625 0.62614453125 0.950087890625 0.64655078125 0.948873046875 0.6322177734375 0.9485751953125 0.6276708984375 0.9468515625 0.6068115234375 0.958849609375 0.6070673828125 0.959998046875 0.6273623046875 0.9612744140625 0.6417861328125 0.963572265625 0.661953125 0.9559140625 0.663357421875 0.9600966796875 0.6736005859375 0.9610791015625 0.68028125 0.9838720703125 0.6698603515625 0.9822626953125 0.6427353515625 0.975826171875 0.572623046875 0.9739873046875 0.5425087890625 0.9704208984375 0.508955078125 0.9383466796875 0.5034853515625 0.937103515625 0.4917998046875 0.9348662109375 0.4811083984375 0.9274814453125 0.4621591796875 0.9203125 0.4419189453125 0.91230078125 0.423154296875 0.9047109375 0.4088173828125 0.899228515625 0.4073408203125 0.8973310546875 0.4189375 0.8924814453125 0.434328125 0.8886865234375 0.4419189453125 0.8735068359375 0.4587861328125 0.849470703125 0.46068359375 0.816615234375 0.454626953125 0.819083984375 0.4819248046875
2 0.5639912109375 0.4948857421875 0.566814453125 0.4920615234375 0.5708271484375 0.49622265625 0.5752861328125 0.5055859375 0.579892578125 0.5194072265625 0.576029296875 0.52891796875 0.5724619140625 0.5345654296875 0.57276953125 0.54490234375 0.5796474609375 0.5617412109375 0.581544921875 0.5611484375 0.5868818359375 0.555337890625 0.592099609375 0.5505947265625 0.596724609375 0.5479853515625 0.6013486328125 0.54822265625 0.604669921875 0.5545078125 0.6060927734375 0.561978515625 0.605736328125 0.5705166015625 0.5976728515625 0.5784619140625 0.5934033203125 0.5809521484375 0.5842724609375 0.5922177734375 0.5847470703125 0.5986220703125 0.5917607421875 0.61051953125 0.5970927734375 0.6191083984375 0.60084375 0.61812109375 0.604595703125 0.613283203125 0.6084462890625 0.6155537109375 0.6095322265625 0.6212802734375 0.6051875 0.6242421875 0.6065703125 0.6275986328125 0.61142578125 0.63720703125 0.61015625 0.6416015625 0.60322265625 0.644921875 0.59580078125 0.64326171875 0.58525390625 0.638671875 0.58095703125 0.64267578125 0.57705078125 0.64501953125 0.57421875 0.6458984375 0.57314453125 0.6501953125 0.57744140625 0.6587890625 0.58017578125 0.66337890625 0.58525390625 0.6791015625 0.5845703125 0.68642578125 0.61081640625 0.687298828125 0.609314453125 0.685796875 0.600302734375 0.6787490234375 0.594064453125 0.671470703125 0.59394921875 0.6667333984375 0.5975302734375 0.6618818359375 0.606310546875 0.658646484375 0.6081591796875 0.656220703125 0.60615234375 0.645703125 0.6166015625 0.6501953125 0.6203125 0.65390625 0.62607421875 0.65859375 0.63115234375 0.658203125 0.63798828125 0.660546875 0.64169921875 0.66435546875 0.645619140625 0.673638671875 0.64493359375 0.687060546875 0.6633515625 0.687255859375 0.664134765625 0.6808876953125 0.6580615234375 0.6678583984375 0.6539462890625 0.6605107421875 0.648166015625 0.651693359375 0.6429736328125 0.6454228515625 0.6336669921875 0.638859375 0.6271025390625 0.6344501953125 0.6263193359375 0.627984375 0.631119140625 0.621224609375 0.63278515625 0.615640625 0.6416025390625 0.607802734375 0.6436591796875 0.6074111328125 0.6470888671875 0.6073125 0.656591796875 0.6111337890625 0.661685546875 0.6185791015625 0.6699140625 0.6411123046875 0.6768525390625 0.6666455078125 0.678041015625 0.68022265625 0.6796767578125 0.6886201171875 0.712287109375 0.68840234375 0.7024716796875 0.6661533203125 0.6984375 0.66025390625 0.7001953125 0.65732421875 0.70302734375 0.658203125 0.7080078125 0.663671875 0.70751953125 0.65087890625 0.707421875 0.64091796875 0.70205078125 0.63359375 0.7037109375 0.6287109375 0.70654296875 0.62998046875 0.70947265625 0.633984375 0.714453125 0.637109375 0.70966796875 0.63173828125 0.707421875 0.62705078125 0.69580078125 0.60673828125 0.68994140625 0.60361328125 0.68232421875 0.5978515625 0.6791015625 0.594921875 0.6779296875 0.5904296875 0.679296875 0.58740234375 0.6841796875 0.5896484375 0.69033203125 0.59619140625 0.6982421875 0.60185546875 0.69853515625 0.596875 0.69638671875 0.5892578125 0.692578125 0.575390625 0.691796875 0.566796875 0.69482421875 0.56220703125 0.6978515625 0.56728515625 0.70068359375 0.57705078125 0.7048828125 0.58916015625 0.70732421875 0.59404296875 0.708201171875 0.60322265625 0.712888671875 0.613671875 0.716501953125 0.62607421875 0.723240234375 0.64091796875 0.727732421875 0.6458984375 0.728416015625 0.65126953125 0.723728515625 0.65966796875 0.724412109375 0.68671875 0.732712890625 0.68671875 0.733982421875 0.68115234375 0.734470703125 0.64931640625 0.734177734375 0.63828125 0.730662109375 0.6271484375 0.724412109375 0.61103515625 0.718748046875 0.6 0.717087890625 0.59208984375 0.719041015625 0.5826171875 0.725583984375 0.57255859375 0.725583984375 0.54267578125 0.728025390625 0.53671875 0.732224609375 0.54560546875 0.732224609375 0.5552734375 0.733982421875 0.5662109375 0.736814453125 0.55869140625 0.736716796875 0.54775390625 0.739841796875 0.54306640625 0.743064453125 0.54306640625 0.746482421875 0.54755859375 0.746873046875 0.5513671875 0.744236328125 0.56142578125 0.744431640625 0.5650390625 0.743552734375 0.5732421875 0.744529296875 0.57548828125 0.749607421875 0.570703125 0.75194921875 0.56533203125 0.7569296875 0.55888671875 0.7608359375 0.55751953125 0.76347265625 0.55830078125 0.76444921875 0.56318359375 0.76093359375 0.5685546875 0.7565390625 0.575390625 0.75566015625 0.58466796875 0.7416953125 0.59736328125 0.7409140625 0.602734375 0.74374609375 0.6064453125 0.75409765625 0.60576171875 0.75898046875 0.60263671875 0.762203125 0.59453125 0.7649375 0.5810546875 0.770796875 0.57861328125 0.77148046875 0.58955078125 0.7690390625 0.59873046875 0.76308203125 0.60859375 0.75858984375 0.6111328125 0.75009375 0.61298828125 0.7415 0.61513671875 0.743453125 0.62265625 0.7565390625 0.612890625 0.76181640625 0.6103515625 0.76396484375 0.6099609375 0.7654296875 0.6111328125 0.7654296875 0.61435546875 0.75830078125 0.62001953125 0.7533203125 0.62880859375 0.75146484375 0.6365234375 0.7466796875 0.63876953125 0.74326171875 0.638671875 0.74423828125 0.65625 0.74296875 0.68427734375 0.76513671875 0.68623046875 0.76103515625 0.67421875 0.76142578125 0.66728515625 0.7634765625 0.66142578125 0.7671875 0.65849609375 0.7803173828125 0.6552802734375 0.793880859375 0.6545380859375 0.8076171875 0.6560546875 0.820642578125 0.6573701171875 0.80380078125 0.452994140625 0.7666943359375 0.444716796875 0.595423828125 0.47890625 0.6132724609375 0.483919921875 0.5661435546875 0.49013671875 0.5525068359375 0.49194140625 0.5530615234375 0.5127744140625 0.5683154296875 0.5114052734375 0.5639912109375 0.4948857421875
3 0.55240234375 0.7116123046875 0.6453984375 0.7277802734375 0.7295537109375 0.7419541015625 0.79444140625 0.7519208984375 0.8325361328125 0.7579013671875 0.8989794921875 0.7534716796875 0.8976513671875 0.72312890625 0.8429755859375 0.7245185546875 0.8308515625 0.724337890625 0.81441796875 0.7225322265625 0.781912109375 0.718919921875 0.7571728515625 0.7147666015625 0.7443515625 0.71368359375 0.722861328125 0.7111552734375 0.67919140625 0.7024873046875 0.66366015625 0.7026669921875 0.637640625 0.6977353515625 0.623224609375 0.6971728515625 0.5615966796875 0.6853037109375 0.551072265625 0.6853037109375 0.55240234375 0.7116123046875
3 1 0.723150390625 0.9516669921875 0.7248125 0.9470966796875 0.727720703125 0.9290224609375 0.728759765625 0.9157275390625 0.724396484375 0.9043017578125 0.7246044921875 0.9051328125 0.7514033203125 1 0.74537890625 1 0.723150390625
9 0.2750771484375 0.474169921875 0.2851865234375 0.4712353515625 0.2850234375 0.4497109375 0.2747509765625 0.4528095703125 0.2750771484375 0.474169921875
9 0 0.4537529296875 0.0231826171875 0.45653515625 0.0290546875 0.3743154296875 0 0.367515625 0 0.4537529296875