9 0.0470048828125 0.08715625 0.05337109375 0.0868623046875 0.06326171875 0.086568359375 0.0728583984375 0.0855888671875 0.07315234375 0.0850009765625 0.080203125 0.0848056640625 0.081671875 0.0833369140625 0.0853935546875 0.08304296875 0.085099609375 0.0687451171875 0.0476904296875 0.071193359375 0.0470048828125 0.08715625
9 0.1956396484375 0.0719306640625 0.215578125 0.0694658203125 0.224369140625 0.067857421875 0.237232421875 0.0672138671875 0.2370185546875 0.047810546875 0.1954248046875 0.0505986328125 0.1956396484375 0.0719306640625
9 0.320974609375 0.05730859375 0.32109375 0.0334794921875 0.3029833984375 0.0347900390625 0.2919033203125 0.0359814453125 0.2770107421875 0.0382451171875 0.2767724609375 0.062193359375 0.320974609375 0.05730859375
9 0.46584765625 0.04020703125 0.478736328125 0.0386650390625 0.4925048828125 0.03580078125 0.49228515625 0.0133291015625 0.4665087890625 0.014650390625 0.4444169921875 0.0173095703125 0.4450283203125 0.0422998046875 0.46584765625 0.04020703125
9 0.0434873046875 0.1774052734375 0.0420576171875 0.2280419921875 0.0993662109375 0.2236337890625 0.0999619140625 0.1750224609375 0.049326171875 0.1770478515625 0.0434873046875 0.1774052734375
9 0.15619140625 0.219013671875 0.2085166015625 0.21541015625 0.2089873046875 0.15885546875 0.1577587890625 0.1623017578125 0.15619140625 0.219013671875
9 0.40437109375 0.2009052734375 0.473505859375 0.1946025390625 0.4705517578125 0.142208984375 0.405552734375 0.1451640625 0.40437109375 0.2009052734375
9 0.5437255859375 0.1864150390625 0.60686328125 0.1816533203125 0.6058056640625 0.1497314453125 0.5437255859375 0.1537880859375 0.5437255859375 0.1864150390625
9 0.686166015625 0.1243564453125 0.686470703125 0.135923828125 0.7260458984375 0.132271484375 0.757705078125 0.12937890625 0.7572490234375 0.11674609375 0.7572490234375 0.1170498046875 0.6925595703125 0.1214638671875 0.686166015625 0.1243564453125
9 0.0869794921875 0.3622587890625 0.08885546875 0.3258046875 0.034041015625 0.326876953125 0.030958984375 0.362392578125 0.0869794921875 0.3622587890625
9 0.144712890625 0.3679755859375 0.192533203125 0.366564453125 0.1934736328125 0.3571572265625 0.196609375 0.3193720703125 0.148162109375 0.320783203125 0.144712890625 0.3679755859375
9 0.3329443359375 0.204404296875 0.332203125 0.1537666015625 0.302896484375 0.155435546875 0.279525390625 0.157662109375 0.27896875 0.208484375 0.3329443359375 0.204404296875
9 0.266169921875 0.3559443359375 0.3279365234375 0.3526064453125 0.3294208984375 0.30808984375 0.26709765625 0.3103154296875 0.266169921875 0.3559443359375
9 0.4698544921875 0.3533876953125 0.4727041015625 0.3469287109375 0.4725146484375 0.3022802734375 0.440595703125 0.3030400390625 0.3984169921875 0.30626953125 0.396896484375 0.3547177734375 0.4698544921875 0.3533876953125
9 0.5375078125 0.3489169921875 0.6160751953125 0.3451181640625 0.614099609375 0.2914736328125 0.5373564453125 0.2961845703125 0.5375078125 0.3489169921875
9 0.8204814453125 0.329751953125 0.811080078125 0.2283955078125 0.749853515625 0.232064453125 0.683744140625 0.2362236328125 0.6859482421875 0.33729296875 0.8204814453125 0.329751953125
9 0.6961943359375 0.5531025390625 0.8376806640625 0.551498046875 0.8291953125 0.4354658203125 0.693212890625 0.4370703125 0.6961943359375 0.5531025390625
9 0.7078056640625 0.7919716796875 0.8603896484375 0.7987587890625 0.8503447265625 0.661921875 0.7023759765625 0.6586640625 0.7078056640625 0.7919716796875
9 1 0.008134765625 0.95354296875 0.012955078125 0.961978515625 0.1042421875 1 0.1015302734375 1 0.008134765625
9 1 0.20185546875 0.9776455078125 0.20185546875 0.9909013671875 0.3148349609375 1 0.3148349609375 1 0.20185546875
9 0.538787109375 0.5467236328125 0.6183271484375 0.54637109375 0.6183271484375 0.4694775390625 0.537376953125 0.470005859375 0.538787109375 0.5467236328125
9 0.3914150390625 0.5539345703125 0.4668505859375 0.55375 0.4703642578125 0.5443203125 0.468884765625 0.4751708984375 0.466666015625 0.47480078125 0.3930791015625 0.4746162109375 0.3914150390625 0.5539345703125
9 0.3153525390625 0.553416015625 0.315189453125 0.5485244140625 0.320244140625 0.5465673828125 0.320244140625 0.478572265625 0.2579560546875 0.4780830078125 0.2558369140625 0.5532529296875 0.3153525390625 0.553416015625
9 0.12677734375 0.5532099609375 0.1743369140625 0.5535009765625 0.174482421875 0.548541015625 0.1787138671875 0.5479580078125 0.1804638671875 0.544748046875 0.1801728515625 0.52563671875 0.18133984375 0.5158623046875 0.1833818359375 0.50462890625 0.18308984375 0.4951455078125 0.1800263671875 0.4954375 0.179880859375 0.49208203125 0.1829443359375 0.49208203125 0.1825068359375 0.4774931640625 0.1296953125 0.4780771484375 0.12677734375 0.5532099609375
9 0.01582421875 0.4825302734375 0.0120185546875 0.52379296875 0.009814453125 0.553638671875 0.04598828125 0.5531806640625 0.048638671875 0.5245537109375 0.0526142578125 0.50387890625 0.05327734375 0.4980478515625 0.0489033203125 0.497650390625 0.0477109375 0.4960595703125 0.0491689453125 0.4935419921875 0.04969921875 0.4825419921875 0.01582421875 0.4825302734375
9 0.3939931640625 0.6704267578125 0.3813818359375 0.68057421875 0.3641328125 0.7028974609375 0.36036328125 0.7075361328125 0.3597958984375 0.79780859375 0.383951171875 0.798498046875 0.392462890625 0.796658203125 0.4140869140625 0.7968876953125 0.4150078125 0.7414462890625 0.4145478515625 0.6623095703125 0.414287109375 0.6624541015625 0.4046552734375 0.6625400390625 0.3939931640625 0.6704267578125
9 0.4851865234375 0.772068359375 0.4841884765625 0.6619443359375 0.431919921875 0.661544921875 0.4313212890625 0.7702734375 0.4851865234375 0.772068359375
9 0.194107421875 0.80403125 0.22846484375 0.804619140625 0.2296396484375 0.7652685546875 0.2522509765625 0.7643876953125 0.2537197265625 0.6683623046875 0.19998046875 0.6666005859375 0.194107421875 0.80403125
0 0.6283291015625 0.145390625 0.62801171875 0.1387099609375 0.619546875 0.143103515625 0.590015625 0.1458427734375 0.468412109375 0.1559296875 0.349275390625 0.1668291015625 0.2087099609375 0.179439453125 0.1317158203125 0.18484765625 0.1186337890625 0.1869462890625 0.0703720703125 0.1921767578125 0.0316201171875 0.19431640625 0 0.1976455078125 0.000318359375 0.230970703125 0.00541015625 0.2306279296875 0.1095517578125 0.2234794921875 0.17080078125 0.219615234375 0.2195029296875 0.215365234375 0.31471484375 0.208330078125 0.4753232421875 0.19366015625 0.55652734375 0.18562890625 0.6146494140625 0.18038671875 0.6149677734375 0.1727509765625 0.6261025390625 0.1721142578125 0.6283291015625 0.145390625
0 0 0.3736845703125 0.643767578125 0.3448203125 0.6414150390625 0.3348876953125 0.632171875 0.3344853515625 0.2173369140625 0.3569482421875 0.1237333984375 0.3614443359375 0 0.3628779296875 0 0.3736845703125
0 0 0.5544638671875 0.6491435546875 0.5548212890625 0.649271484375 0.54318359375 0.44641796875 0.544140625 0.340068359375 0.542576171875 0 0.5449443359375 0 0.5544638671875
8 0.852095703125 0.8291865234375 0.7803759765625 0.8257578125 0.6993974609375 0.8211875 0.653607421875 0.81994140625 0.6216201171875 0.8204736328125 0.57523828125 0.814076171875 0.5304560546875 0.8124775390625 0.46362890625 0.8063896484375 0.401390625 0.8005263671875 0.3448037109375 0.7952744140625 0.31913671875 0.79270703125 0.2913291015625 0.790568359375 0.2669453125 0.7858623046875 0.25710546875 0.7850068359375 0.24469921875 0.7854345703125 0.2348603515625 0.789712890625 0.2306474609375 0.8036533203125 0.228146484375 0.819771484375 0.230369140625 0.82894140625 0.2325927734375 0.83477734375 0.24405078125 0.83634375 0.2508095703125 0.8387841796875 0.251560546875 0.8417880859375 0.2506220703125 0.8481708984375 0.24423828125 0.853615234375 0.2431123046875 0.8874072265625 0.2607587890625 0.8909736328125 0.2846005859375 0.89641796875 0.316515625 0.9020498046875 0.327779296875 0.904302734375 0.327404296875 0.8680703125 0.324962890625 0.8676953125 0.3257138671875 0.8575576171875 0.3347255859375 0.8562431640625 0.3486171875 0.8560556640625 0.3602568359375 0.8560556640625 0.3747119140625 0.8575576171875 0.3807197265625 0.859623046875 0.3840986328125 0.86431640625 0.3808818359375 0.8731259765625 0.3771376953125 0.8817822265625 0.37596875 0.9147705078125 0.441080078125 0.918216796875 0.443876953125 0.913865234375 0.451958984375 0.906404296875 0.455533203125 0.8875986328125 0.4645478515625 0.8848017578125 0.4685888671875 0.8841796875 0.4766708984375 0.888998046875 0.4788466796875 0.899255859375 0.4808671875 0.911689453125 0.4838203125 0.916041015625 0.488171875 0.9216357421875 0.540583984375 0.9247919921875 0.5399423828125 0.88698046875 0.5375390625 0.8861787109375 0.53769921875 0.8719189453125 0.5482744140625 0.8717587890625 0.592703125 0.8763056640625 0.594583984375 0.886755859375 0.592494140625 0.89448828125 0.59312109375 0.93566015625 0.755880859375 0.9510302734375 0.756548828125 0.9337001953125 0.754587890625 0.9228291015625 0.7499541015625 0.921224609375 0.74870703125 0.9178388671875 0.7519150390625 0.9108876953125 0.76100390625 0.90251171875 0.7850634765625 0.8813037109375 0.792509765625 0.87419140625 0.8004736328125 0.86765625 0.7941435546875 0.86234765625 0.793939453125 0.8525458984375 0.8074169921875 0.8502998046875 0.8341806640625 0.848080078125 0.8492880859375 0.8428427734375 0.86278515625 0.840828125 0.8898466796875 0.838658203125 0.91444921875 0.8370712890625 0.9450029296875 0.8364755859375 0.9608759765625 0.835880859375 0.9608154296875 0.83365234375 0.912474609375 0.8305458984375 0.852095703125 0.8291865234375
1 1 0.8359375 0.97021484375 0.8359375 0.95966796875 0.83662109375 0.91767578125 0.8380859375 0.8921884765625 0.8387822265625 0.8763603515625 0.84061328125 0.8668427734375 0.84163671875 0.8547724609375 0.84329296875 0.8457783203125 0.845423828125 0.8361923828125 0.8485 0.8264033203125 0.849763671875 0.81705859375 0.850046875 0.8102626953125 0.8513212890625 0.7956796875 0.853869140625 0.795962890625 0.86165625 0.8019091796875 0.8670361328125 0.799513671875 0.8716240234375 0.7863876953125 0.882875 0.7647158203125 0.9007265625 0.7572841796875 0.9069638671875 0.752375 0.9112099609375 0.75078125 0.91552734375 0.75048828125 0.91962890625 0.7552734375 0.9224609375 0.7572265625 0.93330078125 0.756640625 0.95185546875 0.75625 0.96376953125 0.75439453125 0.96728515625 0.7533203125 0.971875 0.75380859375 0.981640625 0.75361328125 0.9857421875 0.7483046875 0.9938330078125 0.7489150390625 1 1 1 1 0.8359375
3 0 0.892728515625 0.0116171875 0.8869189453125 0.0547587890625 0.875779296875 0.0725283203125 0.8743291015625 0.19129296875 0.8836376953125 0.190322265625 0.8959375 0.18902734375 0.908560546875 0.19129296875 0.9192421875 0.2013232421875 0.9259931640625 0.2642431640625 0.9546416015625 0.4079501953125 0.984142578125 0.488845703125 0.9896015625 0.615068359375 0.992037109375 0.747021484375 1 0.74658984375 0.9894013671875 0.752640625 0.9853671875 0.751884765625 0.97200390625 0.7551572265625 0.9571748046875 0.75320703125 0.9264169921875 0.7504208984375 0.9240947265625 0.746009765625 0.9173623046875 0.7390654296875 0.905564453125 0.692900390625 0.9011279296875 0.63519140625 0.8979541015625 0.594140625 0.89541015625 0.59482421875 0.887890625 0.594140625 0.87685546875 0.58740234375 0.8755859375 0.54776171875 0.87200390625 0.5363916015625 0.8724052734375 0.5363916015625 0.88738671875 0.539201171875 0.88845703125 0.539216796875 0.8931015625 0.5264716796875 0.8912451171875 0.455052734375 0.88419140625 0.41462109375 0.8801328125 0.381423828125 0.877482421875 0.3809619140625 0.871248046875 0.3830400390625 0.8703251953125 0.383501953125 0.864783203125 0.380384765625 0.86005078125 0.373919921875 0.85797265625 0.358912109375 0.8564716796875 0.335015625 0.856818359375 0.3300517578125 0.8573955078125 0.3260107421875 0.8585498046875 0.325318359375 0.8674384765625 0.3279736328125 0.8674384765625 0.3283203125 0.8729794921875 0.32619921875 0.872509765625 0.3062021484375 0.8703720703125 0.284375 0.866861328125 0.265751953125 0.86350390625 0.2553720703125 0.860755859375 0.24311328125 0.8574345703125 0.243359375 0.85341796875 0.2497744140625 0.847966796875 0.2504765625 0.840541015625 0.2433515625 0.8369287109375 0.23212890625 0.83515625 0.2296875 0.82939453125 0.22783203125 0.82001953125 0.2291015625 0.80791015625 0.23028515625 0.8013623046875 0.2324658203125 0.7891845703125 0.2436650390625 0.7844248046875 0.270021484375 0.7855 0.303697265625 0.7906640625 0.3579599609375 0.795564453125 0.4374736328125 0.802833984375 0.526830078125 0.8112626953125 0.5780107421875 0.813658203125 0.6211328125 0.818884765625 0.6346357421875 0.818013671875 0.632232421875 0.79260546875 0.5236689453125 0.7824560546875 0.3425947265625 0.775345703125 0.302771484375 0.7713916015625 0.27409765625 0.7726015625 0.2739755859375 0.766619140625 0.22978515625 0.76572265625 0.22880859375 0.8046875 0.2268623046875 0.8246533203125 0.1148173828125 0.8179619140625 0.1170751953125 0.79451171875 0.120548828125 0.7641142578125 0.1189853515625 0.7590771484375 0.10734765625 0.7587294921875 0.0733017578125 0.7587294921875 0.0733017578125 0.7613349609375 0.0607958984375 0.760814453125 0.016328125 0.7590771484375 0 0.7590771484375 0 0.892728515625
6 0.703298828125 1 0.6986396484375 0.9980146484375 0.6188447265625 0.993646484375 0.5104248046875 0.991779296875 0.4083837890625 0.9854267578125 0.3822451171875 0.979962890625 0.26327734375 0.9556435546875 0.199724609375 0.9265078125 0.190751953125 0.919529296875 0.1875947265625 0.9085625 0.1905859375 0.8844697265625 0.10876953125 0.8777763671875 0.073046875 0.87490234375 0.05517578125 0.8763671875 0.01162109375 0.88759765625 0.0001953125 0.893359375 0 1 0.703298828125 1
2 0 0.0929833984375 0.00859375 0.0931640625 0.1086826171875 0.08151171875 0.14913671875 0.077486328125 0.1532578125 0.0757978515625 0.129654296875 0.0402255859375 0.123669921875 0.023603515625 0.117685546875 0.0242685546875 0.111037109375 0.0289228515625 0.042552734375 0.0369013671875 0.015314453125 0.0393798828125 0 0.0415673828125 0 0.0929833984375
9 0 0.0931640625 0.00830078125 0.09296875 0.00986328125 0.0798828125 0 0.08037109375 0 0.0931640625
2 0.327369140625 0 0.166271484375 0.0207841796875 0.1482216796875 0.017501953125 0.1422060546875 0.0251591796875 0.16749609375 0.0629765625 0.16749609375 0.0756865234375 0.348060546875 0.0532744140625 0.36558203125 0.05280078125 0.3811435546875 0.04977734375 0.3807802734375 0.04687109375 0.372787109375 0.0192568359375 0.3695166015625 0.0061767578125 0.3687900390625 0 0.327369140625 0
2 0.39806640625 0 0.405966796875 0.035330078125 0.407501953125 0.0471796875 0.4386630859375 0.043888671875 0.48979296875 0.03840234375 0.509103515625 0.0348916015625 0.5187587890625 0.0311611328125 0.530828125 0.0232607421875 0.5301640625 0 0.39806640625 0
9 0.138861328125 0.6523671875 0.128609375 0.6584248046875 0.1178916015625 0.669142578125 0.108572265625 0.67659765625 0.1011171875 0.68312109375 0.0950595703125 0.690111328125 0.092263671875 0.7492900390625 0.130939453125 0.7502216796875 0.138861328125 0.6523671875
4 0.4556572265625 0.9863798828125 0.465205078125 0.986708984375 0.4717900390625 0.986708984375 0.480349609375 0.984734375 0.47969140625 0.9778203125 0.4787041015625 0.9699189453125 0.4747529296875 0.965638671875 0.4747529296875 0.9593828125 0.4760703125 0.9508232421875 0.4760703125 0.93962890625 0.4760703125 0.9287646484375 0.47969140625 0.928435546875 0.48660546875 0.925142578125 0.4875927734375 0.919875 0.4800205078125 0.9129609375 0.47969140625 0.90473046875 0.478044921875 0.8965 0.4763994140625 0.8876103515625 0.4711318359375 0.8853056640625 0.466193359375 0.8846474609375 0.4599375 0.8859638671875 0.455986328125 0.88859765625 0.4526943359375 0.9080224609375 0.4444638671875 0.914607421875 0.44248828125 0.9188876953125 0.4438056640625 0.925142578125 0.4480849609375 0.9258017578125 0.4549990234375 0.925142578125 0.4556572265625 0.9340322265625 0.4556572265625 0.9432509765625 0.4566455078125 0.9547734375 0.455986328125 0.963333984375 0.45071875 0.967943359375 0.45071875 0.9817705078125 0.4556572265625 0.9863798828125