8 1 0.386822265625 0.9970146484375 0.3837685546875 0.9646162109375 0.383158203125 0.93344140625 0.386822265625 0.9047109375 0.3941513671875 0.8698681640625 0.40453515625 0.852140625 0.4198037109375 0.827078125 0.4478984375 0.80812890625 0.4809453125 0.7983486328125 0.5096513671875 0.7983486328125 0.5371357421875 0.7959033203125 0.5585126953125 0.7928466796875 0.5811103515625 0.78551171875 0.6006552734375 0.7732861328125 0.6134814453125 0.7653388671875 0.6288154296875 0.7635048828125 0.6453056640625 0.7677841796875 0.6648505859375 0.777564453125 0.68439453125 0.7885673828125 0.7008857421875 0.802015625 0.721041015625 0.82830078125 0.745470703125 0.8496953125 0.75646484375 0.87598046875 0.76318359375 0.906544921875 0.7637939453125 0.9283798828125 0.76558203125 0.9532509765625 0.7704873046875 0.9792822265625 0.7680498046875 0.99473828125 0.760734375 1 0.7517939453125 1 0.386822265625
8 0 0.814576171875 0.0246015625 0.802771484375 0.038630859375 0.7880166015625 0.0533984375 0.76145703125 0.067427734375 0.7245693359375 0.08071875 0.67797265625 0.0777646484375 0.66100390625 0.068904296875 0.641822265625 0.07598828125 0.6238935546875 0.08441015625 0.6182138671875 0.1072998046875 0.6041962890625 0.1191142578125 0.5960810546875 0.13905078125 0.570259765625 0.1456962890625 0.5466513671875 0.1427421875 0.5348466796875 0.1294521484375 0.5186162109375 0.10877734375 0.5119765625 0.0929267578125 0.4937861328125 0.070287109375 0.467546875 0.0512705078125 0.4557841796875 0.0277255859375 0.447640625 0 0.4521650390625 0 0.814576171875
8 0.2376357421875 0.69647265625 0.238234375 0.7173759765625 0.2454072265625 0.737083984375 0.253775390625 0.7508212890625 0.2645341796875 0.7585849609375 0.3045830078125 0.7639599609375 0.4803037109375 0.762765625 0.5651826171875 0.76216796875 0.62137109375 0.75679296875 0.663212890625 0.75141796875 0.680546875 0.746640625 0.6877197265625 0.721556640625 0.6865244140625 0.6970693359375 0.6841337890625 0.676763671875 0.6769609375 0.660041015625 0.666201171875 0.648693359375 0.64946484375 0.6421240234375 0.6333251953125 0.6337626953125 0.6088681640625 0.6313740234375 0.589142578125 0.643318359375 0.5724052734375 0.649291015625 0.563439453125 0.6415263671875 0.5419208984375 0.628984375 0.52159765625 0.623609375 0.482544921875 0.6233427734375 0.4676728515625 0.621056640625 0.4407890625 0.62562890625 0.4270615234375 0.6324873046875 0.419052734375 0.6473466796875 0.42076953125 0.6622060546875 0.4053251953125 0.64391796875 0.385876953125 0.6382021484375 0.3509853515625 0.6324873046875 0.323529296875 0.62734375 0.29092578125 0.6239150390625 0.2657578125 0.6279150390625 0.25374609375 0.6313447265625 0.24573828125 0.6427744140625 0.24058984375 0.6559189453125 0.2394462890625 0.667349609375 0.2408251953125 0.6793271484375 0.2376357421875 0.69647265625
6 1 0.8276025390625 0.154029296875 0.9275556640625 0 0.9395546875 0 1 1 1 1 0.8276025390625
9 0.9273134765625 0.1266015625 0.9494365234375 0.131841796875 0.9494365234375 0.081146484375 0.9277421875 0.076884765625 0.9273134765625 0.1266015625
9 0.920572265625 0.302396484375 0.9565888671875 0.308541015625 0.9565888671875 0.2264736328125 0.919623046875 0.2181298828125 0.920572265625 0.302396484375
9 0.8636650390625 0.2492763671875 0.89574609375 0.2561748046875 0.8953408203125 0.20383203125 0.8637626953125 0.1954619140625 0.8636650390625 0.2492763671875
9 0.777169921875 0.2631123046875 0.82183984375 0.2728505859375 0.82183984375 0.1827734375 0.776068359375 0.1717109375 0.777169921875 0.2631123046875
9 0.771427734375 0.44312890625 0.81961328125 0.450798828125 0.8217451171875 0.3493974609375 0.7718544921875 0.3413017578125 0.771427734375 0.44312890625
9 0.8560517578125 0.453013671875 0.901251953125 0.4572744140625 0.900826171875 0.3601328125 0.857107421875 0.3537255859375 0.8560517578125 0.453013671875
9 0.64451953125 0.4108857421875 0.6972373046875 0.4172060546875 0.6988193359375 0.3071201171875 0.6487373046875 0.2986923828125 0.64451953125 0.4108857421875
9 0.4821259765625 0.3859658203125 0.550658203125 0.3965009765625 0.5538212890625 0.2806201171875 0.4875830078125 0.2684443359375 0.4821259765625 0.3859658203125
9 0.300208984375 0.36635546875 0.38033984375 0.378470703125 0.386138671875 0.24626171875 0.30653515625 0.2283525390625 0.300208984375 0.36635546875
9 0.0731962890625 0.3257314453125 0.1723046875 0.34311328125 0.179685546875 0.2051103515625 0.07728125 0.1825888671875 0.0731962890625 0.3257314453125
9 0.0602109375 0.6019326171875 0.1554765625 0.6058291015625 0.1610478515625 0.4499697265625 0.068134765625 0.44309375 0.0602109375 0.6019326171875
9 0.2951630859375 0.6095654296875 0.3681455078125 0.6112353515625 0.3726025390625 0.4720751953125 0.2987216796875 0.4646484375 0.2951630859375 0.6095654296875
9 0.4833125 0.6123486328125 0.5440380859375 0.6145751953125 0.547380859375 0.4843212890625 0.4831904296875 0.4781826171875 0.4833125 0.6123486328125
9 0.7764755859375 0.6227451171875 0.8212666015625 0.623248046875 0.8182470703125 0.525697265625 0.77655859375 0.5238876953125 0.7764755859375 0.6227451171875
9 0.649755859375 0.2131396484375 0.7033828125 0.2285361328125 0.7018525390625 0.1240400390625 0.6490908203125 0.1064658203125 0.649755859375 0.2131396484375
9 0.4921142578125 0.1754189453125 0.55435546875 0.1912216796875 0.5563955078125 0.0821376953125 0.4934267578125 0.061939453125 0.4921142578125 0.1754189453125
9 0.307333984375 0.1291474609375 0.38641015625 0.14902734375 0.3904912109375 0.0307685546875 0.31702734375 0.006810546875 0.307333984375 0.1291474609375
9 0.1812626953125 0.0986083984375 0.1875390625 0.00014453125 0.084109375 0 0.0764375 0.07038671875 0.1812626953125 0.0986083984375
2 1 0.1631845703125 0.957814453125 0.1341962890625 0.9583623046875 0.110677734375 0.95891015625 0.083330078125 0.952888671875 0.077861328125 0.916759765625 0.06746875 0.9162119140625 0.049966796875 0.8817255859375 0.0712978515625 0.8237001953125 0.09645703125 0.8160361328125 0.081142578125 0.8237001953125 0.0707509765625 0.8280791015625 0.0559833984375 0.812751953125 0.03410546875 0.8242470703125 0.023166015625 0.8161064453125 0.0029228515625 0 0 0 0.676228515625 0.018046875 0.6770849609375 0.620021484375 0.6770849609375 1 0.6736572265625 1 0.1631845703125
3 0 0.826291015625 0.938333984375 0.784568359375 0.934439453125 0.6738564453125 0 0.678240234375 0 0.826291015625