6 1 0.508134765625 0.99812109375 0.5052470703125 0.959763671875 0.499060546875 0.9704873046875 0.4974111328125 0.9729619140625 0.4957607421875 0.9725498046875 0.4928740234375 0.9303369140625 0.470646484375 0.8922275390625 0.4668359375 0.894609375 0.461595703125 0.9008017578125 0.4625478515625 0.907470703125 0.4596904296875 0.907947265625 0.45683203125 0.857736328125 0.42996484375 0.81989453125 0.42722265625 0.8111201171875 0.42448046875 0.8111201171875 0.4200927734375 0.8187978515625 0.4211904296875 0.825927734375 0.41625390625 0.8270244140625 0.414060546875 0.764076171875 0.379998046875 0.7087080078125 0.37591796875 0.7087080078125 0.36659375 0.7168681640625 0.3689248046875 0.7273583984375 0.362513671875 0.7273583984375 0.3590166015625 0.6539228515625 0.316470703125 0.5445888671875 0.316265625 0.4790419921875 0.2834921875 0.4801337890625 0.2780302734375 0.4757646484375 0.2692900390625 0.4621083984375 0.2627353515625 0.45118359375 0.2692900390625 0.32609765625 0.2086591796875 0.275298828125 0.184625 0.2021044921875 0.341392578125 0.1381953125 0.4790419921875 0.1421669921875 0.48927734375 0.1655537109375 0.4942001953125 0.160630859375 0.53728125 0.0947783203125 0.952705078125 0.10893359375 0.9594755859375 0.2048486328125 0.953828125 0.2080498046875 0.970232421875 0.3072734375 0.9742333984375 0.3244775390625 0.782587890625 0.30807421875 0.7777861328125 0.3072734375 0.76618359375 0.3297958984375 0.7527412109375 1 0.6406337890625 1 0.508134765625
9 0.2447919921875 0.386216796875 0.265935546875 0.3732958984375 0.269224609375 0.32866015625 0.2501953125 0.342521484375 0.2447919921875 0.386216796875
9 0.2873134765625 0.3556767578125 0.3072822265625 0.342755859375 0.3103359375 0.296005859375 0.29201171875 0.3101015625 0.2873134765625 0.3556767578125
9 0.22834765625 0.5163662109375 0.2612373046875 0.499451171875 0.269126953125 0.4370205078125 0.2346904296875 0.4555205078125 0.22834765625 0.5163662109375
9 0.1866015625 0.4871826171875 0.1781337890625 0.5431953125 0.2041865234375 0.5298427734375 0.211025390625 0.472853515625 0.1866015625 0.4871826171875
9 0.2452197265625 0.6503359375 0.251732421875 0.57869140625 0.2126533203125 0.5926953125 0.2054892578125 0.661734375 0.2452197265625 0.6503359375
9 0.169341796875 0.6698759765625 0.18497265625 0.66531640625 0.1921376953125 0.60865234375 0.1758544921875 0.613537109375 0.169341796875 0.6698759765625
9 0.1488251953125 0.81479296875 0.162828125 0.813490234375 0.1699931640625 0.75194140625 0.1563154296875 0.75389453125 0.1488251953125 0.81479296875
9 0.1885546875 0.8180498046875 0.22828515625 0.81576953125 0.2361005859375 0.7310986328125 0.1970224609375 0.7389150390625 0.1885546875 0.8180498046875
9 0.3169638671875 0.7961201171875 0.3169638671875 0.779865234375 0.306716796875 0.7791591796875 0.306716796875 0.7650244140625 0.3219111328125 0.75725 0.31873046875 0.75477734375 0.271380859375 0.753009765625 0.2689072265625 0.8014208984375 0.3169638671875 0.7961201171875
9 0.3022744140625 0.9380234375 0.307947265625 0.88534765625 0.27998828125 0.883322265625 0.2767470703125 0.935591796875 0.3022744140625 0.9380234375
9 0.1451806640625 0.947107421875 0.1905205078125 0.9516875 0.2010546875 0.882990234375 0.15433984375 0.882990234375 0.1451806640625 0.947107421875
5 1 0.645072265625 0.6745400390625 0.699669921875 0.3306572265625 0.7558818359375 0.3268505859375 0.7571767578125 0.3076884765625 0.7659365234375 0.308783203125 0.77743359375 0.3279453125 0.7796240234375 0.325185546875 0.810716796875 0.307203125 0.99878515625 0.5402275390625 1 0.7088154296875 0.99878515625 0.7078525390625 0.9497724609375 0.687033203125 0.9485224609375 0.684837890625 0.8976328125 0.766509765625 0.8946357421875 0.7716044921875 1 0.9714287109375 1 1 0.9623056640625 1 0.645072265625
4 0.7703037109375 1 0.764041015625 0.901818359375 0.76219921875 0.8973974609375 0.6888896484375 0.899240234375 0.6859423828125 0.901818359375 0.6877841796875 0.9463935546875 0.70951953125 0.949708984375 0.710255859375 1 0.719833984375 1 0.7165185546875 0.9486044921875 0.7272021484375 0.9493408203125 0.7566728515625 0.9456572265625 0.7588837890625 1 0.7703037109375 1
5 0.7211767578125 1 0.7582353515625 0.9993212890625 0.754904296875 0.9476904296875 0.7295048828125 0.9514375 0.717845703125 0.9497724609375 0.7211767578125 1
1 1 0.96534765625 0.9926474609375 0.973310546875 0.98165234375 0.9869599609375 0.9752060546875 0.9998515625 1 1 1 0.96534765625
9 0.512712890625 0.6016689453125 0.5914150390625 0.61833203125 0.5924404296875 0.5475771484375 0.5160458984375 0.5260439453125 0.512712890625 0.6016689453125
9 0.5856416015625 0.460197265625 0.5877734375 0.3965869140625 0.5191884765625 0.37384375 0.5181220703125 0.434966796875 0.5856416015625 0.460197265625
9 0.6908291015625 0.40049609375 0.689052734375 0.368513671875 0.660267578125 0.3571416015625 0.660267578125 0.3869921875 0.6908291015625 0.40049609375
9 0.796455078125 0.4545732421875 0.79455078125 0.4333046875 0.7716953125 0.4256865234375 0.7726474609375 0.444732421875 0.796455078125 0.4545732421875
9 0.885021484375 0.4958408203125 0.881529296875 0.4672705078125 0.86280078125 0.4593349609375 0.863435546875 0.4850478515625 0.885021484375 0.4958408203125
9 0.9548984375 0.5225693359375 0.953423828125 0.4954384765625 0.93455078125 0.487181640625 0.9360244140625 0.51844140625 0.9445771484375 0.5228642578125 0.9548984375 0.5225693359375
9 0.7868369140625 0.537525390625 0.8175205078125 0.5479365234375 0.8183427734375 0.5260185546875 0.7868369140625 0.515333984375 0.7868369140625 0.537525390625
9 0.6586650390625 0.4902890625 0.7148857421875 0.50998046875 0.7148857421875 0.4871494140625 0.659806640625 0.4646044921875 0.6586650390625 0.4902890625
0 0.663548828125 0.4932861328125 0.83308203125 0.554537109375 0.8545927734375 0.5494326171875 0.85167578125 0.546880859375 0.7926123046875 0.5242763671875 0.7335498046875 0.501671875 0.659173828125 0.4735986328125 0.65005859375 0.4790673828125 0.65115234375 0.4947451171875 0.663548828125 0.4932861328125
1 0 0.9839033203125 0.0015224609375 0.98542578125 0.0060888671875 0.9910078125 0.0162373046875 0.9925302734375 0.0223271484375 0.9899931640625 0.02638671875 0.97984375 0.030953125 0.9686806640625 0.0319677734375 0.947369140625 0.0299384765625 0.9351904296875 0.0137001953125 0.911341796875 0 0.8915517578125 0 0.9839033203125
4 0.0327890625 0.95287109375 0.0324755859375 0.9605615234375 0.0350126953125 0.9641142578125 0.0304453125 0.9788291015625 0.0400869140625 0.97984375 0.0426240234375 0.96462109375 0.059876953125 0.9707109375 0.0553095703125 1 0.173033203125 0.9996337890625 0.1755703125 0.9767998046875 0.206529296875 0.970888671875 0.204123046875 0.95605078125 0.1110849609375 0.963669921875 0.0608916015625 0.9509208984375 0.0327890625 0.95287109375
8 0 0.888337890625 0.0134765625 0.90555859375 0.0321943359375 0.9355068359375 0.03406640625 0.947486328125 0.0613935546875 0.948609375 0.11080859375 0.9624599609375 0.192791015625 0.9545986328125 0.197658203125 0.94598828125 0.2002783203125 0.9433681640625 0.2028994140625 0.9332607421875 0.2028994140625 0.924650390625 0.2014013671875 0.91005078125 0.1969091796875 0.89619921875 0.195037109375 0.88534375 0.1935400390625 0.8789794921875 0.1890478515625 0.86924609375 0.188298828125 0.861384765625 0.183806640625 0.8572666015625 0.17407421875 0.865876953125 0.172576171875 0.8598876953125 0.175197265625 0.8542724609375 0.172576171875 0.84678515625 0.163591796875 0.845662109375 0.1576025390625 0.8535234375 0.154607421875 0.85127734375 0.1486181640625 0.850154296875 0.141130859375 0.8516513671875 0.138884765625 0.8509033203125 0.1336435546875 0.8460361328125 0.127654296875 0.8445390625 0.1190439453125 0.8505283203125 0.11043359375 0.8572666015625 0.1269052734375 0.7449609375 0.14674609375 0.624419921875 0.1594736328125 0.545056640625 0.1583505859375 0.54430859375 0.152361328125 0.547302734375 0.1504892578125 0.5529189453125 0.1463720703125 0.5529189453125 0.1448740234375 0.549923828125 0.1407568359375 0.5465546875 0.1306494140625 0.5525439453125 0.127654296875 0.5514208984375 0.1224130859375 0.5458056640625 0.120916015625 0.538318359375 0.11941796875 0.5345751953125 0.11530078125 0.533078125 0.111931640625 0.5401904296875 0.1033212890625 0.55329296875 0.0965830078125 0.5570361328125 0.091341796875 0.5648974609375 0.0883466796875 0.5671435546875 0.0816083984375 0.5682666015625 0.0782392578125 0.574630859375 0.0748701171875 0.5738818359375 0.0625166015625 0.5731337890625 0.0494140625 0.5731337890625 0.037435546875 0.57575390625 0.023583984375 0.578 0.016845703125 0.5761279296875 0.0097333984375 0.574630859375 0 0.5765029296875 0 0.6191787109375 0.0074873046875 0.6588603515625 0.005615234375 0.6599833984375 0.0018720703125 0.6637265625 0.0018720703125 0.67046484375 0.0041181640625 0.67982421875 0.0026201171875 0.68394140625 0 0.68843359375 0 0.888337890625
8 0.205388671875 0.9729580078125 0.1920810546875 0.9752177734375 0.17601171875 0.977728515625 0.173751953125 0.99982421875 0.3055712890625 1 0.30808203125 0.9757197265625 0.30255859375 0.977728515625 0.296783203125 0.977728515625 0.2910087890625 0.9787333984375 0.2842294921875 0.9772265625 0.2756923828125 0.977728515625 0.2656494140625 0.97998828125 0.2563583984375 0.97998828125 0.24480859375 0.9774775390625 0.2360205078125 0.973962890625 0.2146787109375 0.973962890625 0.2111630859375 0.9719541015625 0.205388671875 0.9729580078125
8 0.0006142578125 0 0.0006142578125 0.027626953125 0.005525390625 0.0368359375 0.0135068359375 0.0466591796875 0.0306962890625 0.0583232421875 0.0362216796875 0.0687607421875 0.042361328125 0.084109375 0.0491142578125 0.0927041015625 0.0577099609375 0.097001953125 0.0663046875 0.093318359375 0.0656904296875 0.0834951171875 0.05525390625 0.0742861328125 0.0503427734375 0.0675322265625 0.0583232421875 0.0656904296875 0.0589375 0.0601650390625 0.0466591796875 0.0509560546875 0.0214873046875 0.03315234375 0.0135068359375 0.0221015625 0.01841796875 0.0196455078125 0.0343798828125 0.0233291015625 0.0509560546875 0.0251708984375 0.0620068359375 0.02946875 0.0712158203125 0.0392919921875 0.0540263671875 0.04051953125 0.0558681640625 0.0515703125 0.0663046875 0.0577099609375 0.08042578125 0.060779296875 0.0810390625 0.0620068359375 0.08042578125 0.0730576171875 0.082880859375 0.08840625 0.086564453125 0.0982294921875 0.093318359375 0.1019130859375 0.09516015625 0.0890205078125 0.1074384765625 0.10252734375 0.1405908203125 0.119716796875 0.152869140625 0.12155859375 0.170673828125 0.1166474609375 0.17619921875 0.126470703125 0.17619921875 0.1387490234375 0.1694453125 0.1497998046875 0.1571669921875 0.155939453125 0.141818359375 0.14673046875 0.123400390625 0.133837890625 0.12155859375 0.13936328125 0.1295400390625 0.15102734375 0.141205078125 0.163306640625 0.15102734375 0.1700595703125 0.1547109375 0.1719013671875 0.14673046875 0.2142626953125 0.152255859375 0.2289970703125 0.15778125 0.2179462890625 0.163306640625 0.19830078125 0.166990234375 0.1847939453125 0.1811103515625 0.200755859375 0.185408203125 0.2032119140625 0.1884775390625 0.19523046875 0.1829521484375 0.178654296875 0.178041015625 0.16576171875 0.1866357421875 0.149185546875 0.189705078125 0.133837890625 0.189705078125 0.1209453125 0.189091796875 0.1062109375 0.197072265625 0.097615234375 0.200142578125 0.0945458984375 0.21733203125 0.1252421875 0.222244140625 0.137521484375 0.2283828125 0.155939453125 0.2345224609375 0.1645341796875 0.2468017578125 0.178654296875 0.25723828125 0.189705078125 0.2658330078125 0.1958447265625 0.231453125 0.2179462890625 0.230224609375 0.22469921875 0.2418896484375 0.2240859375 0.262763671875 0.2087373046875 0.2725869140625 0.197072265625 0.270130859375 0.189091796875 0.2566240234375 0.174357421875 0.248029296875 0.15778125 0.2375927734375 0.138134765625 0.2584658203125 0.152869140625 0.2633779296875 0.1553251953125 0.2805673828125 0.1534833984375 0.277498046875 0.144888671875 0.2670615234375 0.137521484375 0.2523271484375 0.133837890625 0.27933984375 0.122787109375 0.270130859375 0.1148056640625 0.248029296875 0.1105078125 0.236978515625 0.1000712890625 0.2363642578125 0.084109375 0.229611328125 0.0712158203125 0.2289970703125 0.0595517578125 0.22776953125 0.0491142578125 0.2142626953125 0.0288544921875 0.200142578125 0 0.1774267578125 0 0.178041015625 0.012892578125 0.1847939453125 0.0325380859375 0.189091796875 0.0527978515625 0.19093359375 0.0712158203125 0.1884775390625 0.0816533203125 0.1774267578125 0.09516015625 0.171287109375 0.0982294921875 0.1424326171875 0.09208984375 0.119103515625 0.0871787109375 0.104369140625 0.0742861328125 0.0982294921875 0.0540263671875 0.0914765625 0.03315234375 0.0834951171875 0.0208740234375 0.0724443359375 0.0030693359375 0.0663046875 0 0.0521845703125 0 0.0006142578125 0
8 0.3365498046875 0 0.3455703125 0.0083271484375 0.349734375 0.0235927734375 0.356673828125 0.041634765625 0.366388671875 0.0541259765625 0.379572265625 0.065228515625 0.385818359375 0.0742490234375 0.3872060546875 0.089515625 0.391369140625 0.1027001953125 0.3996962890625 0.113802734375 0.401083984375 0.1013115234375 0.3996962890625 0.082576171875 0.4094111328125 0.0832705078125 0.4114931640625 0.065228515625 0.4073291015625 0.0520439453125 0.3962265625 0.045798828125 0.4073291015625 0.0714736328125 0.376796875 0.045798828125 0.366388671875 0.0277568359375 0.3629189453125 0.0138779296875 0.3483466796875 0 0.3365498046875 0
8 0.3976142578125 0 0.395533203125 0.00971484375 0.3948388671875 0.0312265625 0.4017783203125 0.0256748046875 0.410798828125 0.0083271484375 0.424677734375 0.01734765625 0.43300390625 0.0305322265625 0.43716796875 0.053431640625 0.4336982421875 0.074943359375 0.4385556640625 0.082576171875 0.4454951171875 0.07771875 0.44896484375 0.05065625 0.44271875 0.0249814453125 0.480884765625 0.043716796875 0.5086416015625 0.0541259765625 0.5232138671875 0.0541259765625 0.556521484375 0.045798828125 0.566236328125 0.02914453125 0.5648486328125 0.0235927734375 0.5433369140625 0.0312265625 0.52251953125 0.0346962890625 0.500314453125 0.0305322265625 0.47602734375 0.0228994140625 0.4649248046875 0.0187353515625 0.4801904296875 0 0.451740234375 0.00971484375 0.434392578125 0.0062451171875 0.422595703125 0.00208203125 0.4045537109375 0 0.3976142578125 0