2 0.7628447265625 0.0005732421875 0.5228154296875 0 0.069158203125 0.145595703125 0.0709775390625 0.1546953125 0.143775390625 0.2051982421875 0.1101064453125 0.3985673828125 0.0892197265625 0.5113330078125 0.0004794921875 0.4815927734375 0 0.894845703125 0.006779296875 0.889001953125 0.01484375 0.8833916015625 0.0244287109375 0.8788330078125 0.0385712890625 0.8728720703125 0.0622978515625 0.8718203125 0.0812744140625 0.872052734375 0.089099609375 0.8706796875 0.106123046875 0.8591474609375 0.1157333984375 0.8526953125 0.1293251953125 0.84528125 0.14030859375 0.8366318359375 0.14895703125 0.83292578125 0.165431640625 0.82647265625 0.1797099609375 0.82262890625 0.185201171875 0.8215302734375 0.21465234375 0.819259765625 0.2581845703125 0.8179208984375 0.2768896484375 0.8178701171875 0.28408984375 0.818669921875 0.2964892578125 0.8204697265625 0.304888671875 0.82126953125 0.316015625 0.822265625 0.32548828125 0.8232421875 0.3314453125 0.82412109375 0.34384765625 0.82578125 0.35224609375 0.833203125 0.35751953125 0.83515625 0.3723271484375 0.8369912109375 0.37462109375 0.841923828125 0.375080078125 0.85155859375 0.3798974609375 0.8555732421875 0.3972177734375 0.8766787109375 0.39916796875 0.9042080078125 0.4002001953125 0.9403388671875 0.4033515625 0.9519775390625 0.5881240234375 0.973400390625 0.8179091796875 0.9934833984375 0.8296669921875 0.9879970703125 0.892763671875 0.9938759765625 0.9335224609375 0.9974033203125 0.94872265625 0.997205078125 0.9490556640625 0.9862470703125 0.9556962890625 0.97761328125 0.9513798828125 0.94208203125 0.9533720703125 0.925810546875 0.9550322265625 0.8839697265625 0.960677734375 0.8520908203125 0.964330078125 0.8378115234375 0.9725703125 0.8315830078125 0.9901328125 0.8268828125 1 0.826140625 0.999779296875 0.59412890625 0.9176015625 0.5960322265625 0.9140615234375 0.557912109375 0.919779296875 0.5573681640625 0.90916015625 0.384466796875 0.917873046875 0.377115234375 0.90916015625 0.28154296875 0.902353515625 0.2499580078125 0.90562109375 0.238521484375 0.901263671875 0.1922333984375 0.8996298828125 0.1704501953125 0.887921875 0.103740234375 0.87784765625 0.0394814453125 0.851435546875 0.0473779296875 0.841908203125 0.0495576171875 0.8313095703125 0.0002861328125 0.7628447265625 0.0005732421875
9 0.326130859375 0.1826435546875 0.32551171875 0.134318359375 0.3206787109375 0.1341943359375 0.2844970703125 0.1459658203125 0.2800361328125 0.19044921875 0.326130859375 0.1826435546875
9 0.362298828125 0.1699169921875 0.3999638671875 0.15876953125 0.4021591796875 0.1079296875 0.3552041015625 0.12279296875 0.3523330078125 0.170423828125 0.362298828125 0.1699169921875
9 0.2635009765625 0.323203125 0.3132001953125 0.314294921875 0.3136689453125 0.2695966796875 0.3133564453125 0.2622509765625 0.30851171875 0.2619384765625 0.2702216796875 0.2714716796875 0.266001953125 0.30819921875 0.2635009765625 0.323203125
9 0.3457890625 0.2541298828125 0.344517578125 0.2569267578125 0.341212890625 0.3071416015625 0.392572265625 0.297607421875 0.39409765625 0.244849609375 0.392572265625 0.2428154296875 0.3457890625 0.2541298828125
9 0.642400390625 0.0358427734375 0.592359375 0.0522919921875 0.5914931640625 0.0971396484375 0.5920126953125 0.103892578125 0.603267578125 0.103892578125 0.634955078125 0.092810546875 0.6526171875 0.0874423828125 0.6538291015625 0.0824208984375 0.6527900390625 0.0344580078125 0.642400390625 0.0358427734375
9 0.627533203125 0.1850712890625 0.5919833984375 0.19552734375 0.5897177734375 0.197095703125 0.588498046875 0.25390625 0.5952939453125 0.2528603515625 0.6062734375 0.2505947265625 0.654544921875 0.239791015625 0.6534990234375 0.1815859375 0.627533203125 0.1850712890625
9 0.613224609375 0.4131533203125 0.6434638671875 0.409109375 0.657353515625 0.4073515625 0.6550673828125 0.3410712890625 0.6420576171875 0.3408955078125 0.6079501953125 0.347400390625 0.587556640625 0.3519716796875 0.586853515625 0.4161416015625 0.613224609375 0.4131533203125
9 0.2929609375 0.45891796875 0.2988447265625 0.3990673828125 0.2925546875 0.398458984375 0.2479208984375 0.4061689453125 0.2408203125 0.46520703125 0.2929609375 0.45891796875
9 0.3822890625 0.4490380859375 0.383017578125 0.386416015625 0.331802734375 0.3951533203125 0.3250068359375 0.4541357421875 0.3822890625 0.4490380859375
9 0.226990234375 0.623283203125 0.2763134765625 0.6217470703125 0.2822861328125 0.550919921875 0.2804091796875 0.550578125 0.2730703125 0.5512607421875 0.2281845703125 0.55552734375 0.2196513671875 0.6234541015625 0.226990234375 0.623283203125
9 0.36479296875 0.6136376953125 0.3692529296875 0.5458515625 0.31618359375 0.549865234375 0.3088251953125 0.6167587890625 0.36479296875 0.6136376953125
9 0.585296875 0.599548828125 0.659060546875 0.5953115234375 0.6575205078125 0.5186591796875 0.6432685546875 0.5194296875 0.5860673828125 0.524244140625 0.584912109375 0.5625703125 0.585296875 0.599548828125
9 0.14379296875 0.8495087890625 0.1775810546875 0.849701171875 0.1862197265625 0.8377978515625 0.210025390625 0.8226318359375 0.2134814453125 0.767341796875 0.1522392578125 0.7669580078125 0.1460966796875 0.8232080078125 0.14379296875 0.8495087890625
9 0.294484375 0.8197158203125 0.307416015625 0.8210087890625 0.3234892578125 0.8228564453125 0.334943359375 0.8247041015625 0.3447353515625 0.8272900390625 0.3532333984375 0.8332021484375 0.3598837890625 0.835603515625 0.373185546875 0.83597265625 0.3766962890625 0.7709423828125 0.36967578125 0.7702041015625 0.298548828125 0.7692802734375 0.295408203125 0.806783203125 0.294484375 0.8197158203125
9 0.6389423828125 0.876525390625 0.682970703125 0.8778017578125 0.68084375 0.77570703125 0.6436220703125 0.776345703125 0.573431640625 0.77570703125 0.5732197265625 0.8712080078125 0.6389423828125 0.876525390625
1 0.2620361328125 1 0.2820732421875 0.998568359375 0.29794921875 0.991810546875 0.305435546875 0.986462890625 0.3157021484375 0.9817568359375 0.33559375 0.9800458984375 0.3381611328125 0.979404296875 0.3573857421875 0.973880859375 0.363982421875 0.968421875 0.37876953125 0.96364453125 0.3885517578125 0.960458984375 0.394693359375 0.958412109375 0.398333984375 0.9524970703125 0.39992578125 0.9379375 0.3996982421875 0.924515625 0.397423828125 0.893123046875 0.3962861328125 0.8767412109375 0.3901435546875 0.8685537109375 0.3794521484375 0.85626953125 0.3742197265625 0.852857421875 0.3728544921875 0.841482421875 0.371490234375 0.8369326171875 0.3570615234375 0.835771484375 0.35128125 0.833275390625 0.3469462890625 0.829072265625 0.3432685546875 0.8264443359375 0.3235625 0.8235546875 0.3130400390625 0.8222255859375 0.293765625 0.8202978515625 0.27641796875 0.81859765625 0.2246982421875 0.8192568359375 0.1857294921875 0.8221689453125 0.1735 0.8251044921875 0.1594765625 0.8295068359375 0.1409921875 0.8368388671875 0.1292548828125 0.8461044921875 0.1131533203125 0.8551162109375 0.088642578125 0.8720068359375 0.080916015625 0.87288671875 0.0510791015625 0.8724091796875 0.03866796875 0.8736025390625 0.0243466796875 0.8793310546875 0.007439453125 0.889064453125 0 0.895677734375 0 0.9049775390625 0 0.943830078125 0.0018603515625 0.9456904296875 0.0023515625 0.9487099609375 0.0026650390625 0.96046875 0.0072119140625 0.970033203125 0.0161484375 0.9800673828125 0.0206953125 0.9828896484375 0.0290048828125 0.9835166015625 0.0363740234375 0.981634765625 0.0460947265625 0.974736328125 0.0556591796875 0.9651728515625 0.06976953125 0.96046875 0.079490234375 0.9596845703125 0.0893681640625 0.9603125 0.098775390625 0.9636044921875 0.1793955078125 0.9701240234375 0.18891015625 0.97468359375 0.19921875 0.9830087890625 0.20377734375 0.9903427734375 0.208138671875 0.996884765625 0.2123017578125 1 0.244244140625 1 0.2620361328125 1
1 1 1 0.9997451171875 0.827837890625 0.991498046875 0.8284814453125 0.9813173828125 0.8313173828125 0.9693330078125 0.8366005859375 0.965595703125 0.839951171875 0.9618583984375 0.852708984375 0.958765625 0.8680439453125 0.9570908203125 0.878353515625 0.9561884765625 0.890080078125 0.9556728515625 0.903224609375 0.953740234375 0.933765625 0.9546416015625 0.9448486328125 0.9554150390625 0.954513671875 0.95863671875 0.9756474609375 0.9613427734375 0.9864716796875 0.964177734375 0.990982421875 0.9702353515625 0.99742578125 0.98492578125 1 1 1