9 0.3982685546875 0.8051640625 0.29821875 0.8042109375 0.2861494140625 0.9379287109375 0.390962890625 0.9303056640625 0.3982685546875 0.8051640625
9 0.323310546875 0.5231181640625 0.315052734375 0.627615234375 0.4084326171875 0.634919921875 0.410337890625 0.534552734375 0.323310546875 0.5231181640625
9 0.344908203125 0.284904296875 0.340779296875 0.364626953125 0.4249482421875 0.3805078125 0.422724609375 0.304279296875 0.344908203125 0.284904296875
9 0.3639775390625 0.06975390625 0.3603564453125 0.140232421875 0.4361455078125 0.16388671875 0.438076171875 0.09726953125 0.3639775390625 0.06975390625
9 0.496125 0.1148076171875 0.4939140625 0.1830576171875 0.5799169921875 0.2107880859375 0.57770703125 0.1436728515625 0.496125 0.1148076171875
9 0.4898955078125 0.3087734375 0.488890625 0.3960556640625 0.579314453125 0.415748046875 0.577505859375 0.33396484375 0.4898955078125 0.3087734375
9 0.573888671875 0.5499248046875 0.4816572265625 0.5382705078125 0.4764326171875 0.641029296875 0.5750947265625 0.646455078125 0.57408984375 0.5513837890625 0.573888671875 0.5499248046875
9 0.46803125 0.804458984375 0.464244140625 0.9297509765625 0.57501953125 0.9221767578125 0.5753349609375 0.8025654296875 0.46803125 0.804458984375
9 0.739193359375 0.89459765625 0.740044921875 0.923736328125 0.812294921875 0.916068359375 0.81161328125 0.8906787109375 0.739193359375 0.89459765625
9 0.730162109375 0.6788115234375 0.7335703125 0.7800888671875 0.804796875 0.778896484375 0.797810546875 0.682900390625 0.730162109375 0.6788115234375
9 0.7206201171875 0.46585546875 0.7250498046875 0.5534580078125 0.7903134765625 0.5621484375 0.7862236328125 0.477443359375 0.7206201171875 0.46585546875
9 0.714826171875 0.2765419921875 0.717041015625 0.3493193359375 0.7799189453125 0.366529296875 0.7765107421875 0.296154296875 0.714826171875 0.2765419921875
9 0.8828916015625 0.257384765625 0.8884033203125 0.313337890625 0.933833984375 0.32753515625 0.9288232421875 0.273251953125 0.8828916015625 0.257384765625
9 0.9733828125 0.3417060546875 1 0.34975390625 0.999953125 0.2977626953125 0.9672509765625 0.2858828125 0.9733828125 0.3417060546875
9 0.8974912109375 0.4167919921875 0.9033876953125 0.485984375 0.95336328125 0.4944453125 0.946876953125 0.428732421875 0.8974912109375 0.4167919921875
9 1 0.4425537109375 0.98623828125 0.439015625 0.9924296875 0.49892578125 1 0.4995146484375 1 0.4425537109375
9 0.91491015625 0.5977861328125 0.9223896484375 0.68005859375 0.9811025390625 0.6847333984375 0.967453125 0.6048916015625 0.91491015625 0.5977861328125
9 0.936587890625 0.804017578125 0.9457041015625 0.89048828125 0.997794921875 0.88814453125 0.9910224609375 0.8037578125 0.936587890625 0.804017578125
8 1 0.7576474609375 0.9981171875 0.756376953125 0.988322265625 0.75819140625 0.967525390625 0.7630888671875 0.954646484375 0.7703447265625 0.941767578125 0.77233984375 0.94031640625 0.76816796875 0.9439443359375 0.7643583984375 0.946484375 0.75982421875 0.9553720703125 0.7511171875 0.9626279296875 0.7454931640625 0.9606328125 0.7425908203125 0.9566416015625 0.7429541015625 0.949205078125 0.746763671875 0.9439443359375 0.748033203125 0.93451171875 0.7512978515625 0.930158203125 0.756376953125 0.9252607421875 0.7531123046875 0.92036328125 0.7547451171875 0.9168134765625 0.7529306640625 0.9137294921875 0.7529306640625 0.9101015625 0.7518427734375 0.903208984375 0.7427724609375 0.900306640625 0.740958984375 0.8975849609375 0.741865234375 0.8963154296875 0.74621875 0.9033896484375 0.75819140625 0.90139453125 0.7618193359375 0.897404296875 0.7647216796875 0.8934130859375 0.7630888671875 0.8950458984375 0.7605498046875 0.8964970703125 0.7560146484375 0.8943203125 0.7545634765625 0.8881533203125 0.752205078125 0.8847060546875 0.7511171875 0.88307421875 0.7489404296875 0.8808974609375 0.74331640625 0.881078125 0.738962890625 0.8821669921875 0.733703125 0.8774501953125 0.733703125 0.8821669921875 0.72916796875 0.8948642578125 0.7141123046875 0.895953125 0.7108466796875 0.8923251953125 0.7093955078125 0.887064453125 0.7122978515625 0.8752734375 0.72499609375 0.8778134765625 0.7170146484375 0.8837998046875 0.7070380859375 0.87980859375 0.7055869140625 0.8759990234375 0.70721875 0.8711015625 0.7130234375 0.8687431640625 0.7213681640625 0.8672919921875 0.730619140625 0.860943359375 0.732251953125 0.8594921875 0.7362421875 0.8562275390625 0.74331640625 0.84262890625 0.756376953125 0.833015625 0.7590986328125 0.8324716796875 0.7560146484375 0.8364619140625 0.7498466796875 0.8346484375 0.7453125 0.8322900390625 0.7453125 0.8266669921875 0.7469443359375 0.8275732421875 0.7295302734375 0.831201171875 0.718828125 0.82848046875 0.7162890625 0.825396484375 0.7170146484375 0.8206806640625 0.7239072265625 0.818322265625 0.7387822265625 0.8150576171875 0.7552890625 0.8087080078125 0.746763671875 0.803810546875 0.7309814453125 0.7985498046875 0.7006884765625 0.7941962890625 0.6997822265625 0.7914755859375 0.70177734375 0.7883916015625 0.710484375 0.7849453125 0.711572265625 0.783857421875 0.7153818359375 0.78621484375 0.7295302734375 0.78948046875 0.7413212890625 0.78530859375 0.7404140625 0.772248046875 0.7195537109375 0.7642666015625 0.710484375 0.760638671875 0.711935546875 0.7610009765625 0.7157451171875 0.763541015625 0.7204638671875 0.7811357421875 0.75130078125 0.7769638671875 0.754203125 0.7767822265625 0.758193359375 0.77206640625 0.758556640625 0.7657177734375 0.7576494140625 0.7557412109375 0.7326171875 0.7493916015625 0.7289892578125 0.74721484375 0.7333427734375 0.748666015625 0.73805859375 0.761908203125 0.7723427734375 0.755921875 0.7667197265625 0.750662109375 0.7661748046875 0.74467578125 0.7580126953125 0.73887109375 0.7409609375 0.7339736328125 0.7407802734375 0.732703125 0.745677734375 0.7308896484375 0.764361328125 0.7321591796875 0.7739755859375 0.734154296875 0.782916015625 0.7424990234375 0.7921669921875 0.73306640625 0.7850927734375 0.728349609375 0.7847294921875 0.7263544921875 0.7861806640625 0.725810546875 0.791078125 0.716740234375 0.7859990234375 0.7058564453125 0.782734375 0.698056640625 0.78146484375 0.697150390625 0.7847294921875 0.7005966796875 0.7885390625 0.7111171875 0.799966796875 0.7147451171875 0.806134765625 0.7134755859375 0.8084921875 0.69243359375 0.799966796875 0.68826171875 0.8025068359375 0.6889873046875 0.8054091796875 0.6944287109375 0.810125 0.702955078125 0.814296875 0.6975126953125 0.8162158203125 0.698419921875 0.8202060546875 0.7016845703125 0.82365234375 0.6986015625 0.8249228515625 0.6828193359375 0.816578125 0.6784658203125 0.8173037109375 0.6795546875 0.822564453125 0.683908203125 0.8307275390625 0.6900751953125 0.8381640625 0.71401953125 0.8481416015625 0.7259921875 0.852857421875 0.73560546875 0.857029296875 0.7220009765625 0.8579365234375 0.71275 0.8612021484375 0.702591796875 0.870453125 0.705130859375 0.874806640625 0.71238671875 0.87589453125 0.7163779296875 0.8769833984375 0.728349609375 0.8780712890625 0.7397783203125 0.8856904296875 0.7542900390625 0.88496484375 0.7684384765625 0.88006640625 0.7773271484375 0.87498828125 0.802541015625 0.8650107421875 0.8130615234375 0.8621083984375 0.81433203125 0.8646484375 0.817052734375 0.8740810546875 0.817234375 0.90204296875 0.81850390625 0.9149228515625 0.789662109375 0.915103515625 0.7769638671875 0.9145595703125 0.76789453125 0.9131083984375 0.763177734375 0.9147412109375 0.7584619140625 0.9192763671875 0.743224609375 0.92272265625 0.727080078125 0.922359375 0.709666015625 0.9250810546875 0.6995078125 0.9265322265625 0.69406640625 0.928708984375 0.67084765625 0.929615234375 0.6570390625 0.930927734375 0.6534111328125 0.9329228515625 0.6479697265625 0.9356435546875 0.6421650390625 0.9374580078125 0.60806640625 0.9387275390625 0.5940986328125 0.93981640625 0.590833984375 0.941267578125 0.571666015625 0.94235546875 0.5562470703125 0.943806640625 0.543912109375 0.94562109375 0.5186982421875 0.949611328125 0.5141630859375 0.950880859375 0.5087216796875 0.95396484375 0.4862880859375 0.955779296875 0.477400390625 0.958318359375 0.46107421875 0.9590439453125 0.4505537109375 0.9610390625 0.4458369140625 0.9632158203125 0.4400322265625 0.962671875 0.4260537109375 0.9644814453125 0.417890625 0.9662958984375 0.4117236328125 0.9686533203125 0.3923134765625 0.968291015625 0.3868720703125 0.9691982421875 0.374146484375 0.97228125 0.354193359375 0.972826171875 0.348388671875 0.9746396484375 0.330974609375 0.976634765625 0.3186396484375 0.9804443359375 0.2987587890625 0.9820771484375 0.2871494140625 0.9833466796875 0.268103515625 0.9877001953125 0.2526845703125 0.991509765625 0.24923828125 0.993142578125 0.24343359375 0.9936865234375 0.2378095703125 0.9936865234375 0.2336376953125 0.994412109375 0.2232978515625 0.9965888671875 0.2188125 0.997537109375 0.2149970703125 1 0.8776708984375 1 1 0.976634765625 1 0.8922802734375 0.9981171875 0.890103515625 0.9939453125 0.8832099609375 0.983787109375 0.878494140625 0.9729033203125 0.8759541015625 0.966373046875 0.8772236328125 0.9611123046875 0.882484375 0.9469638671875 0.882484375 0.9326337890625 0.883935546875 0.91975390625 0.884298828125 0.9092333984375 0.8850244140625 0.90397265625 0.8873818359375 0.9016142578125 0.8950009765625 0.8949033203125 0.901712890625 0.87404296875 0.90533984375 0.8510048828125 0.9060654296875 0.840484375 0.9076982421875 0.832865234375 0.9075166015625 0.8310517578125 0.88575 0.840484375 0.88865234375 0.8452001953125 0.8888330078125 0.850642578125 0.8893779296875 0.852275390625 0.8850244140625 0.85082421875 0.8799453125 0.85662890625 0.868154296875 0.857716796875 0.86216796875 0.850642578125 0.8641630859375 0.847376953125 0.868154296875 0.8441123046875 0.87794921875 0.839033203125 0.8799453125 0.8308701171875 0.87377734375 0.83014453125 0.8690615234375 0.83594921875 0.8661591796875 0.8422978515625 0.863982421875 0.847376953125 0.8587216796875 0.85662890625 0.847474609375 0.8959912109375 0.8454794921875 0.92555859375 0.8340517578125 0.9351728515625 0.8271591796875 0.9507734375 0.8135537109375 0.9594794921875 0.807205078125 0.97780078125 0.8126474609375 0.989228515625 0.813009765625 0.993763671875 0.80992578125 0.9932197265625 0.8024892578125 0.9823359375 0.80121875 0.9701826171875 0.798498046875 0.9687314453125 0.7954140625 0.973810546875 0.7908798828125 0.973265625 0.788521484375 0.9701826171875 0.788302734375 0.965103515625 0.7881220703125 0.965103515625 0.784130859375 0.9696376953125 0.7779638671875 0.979251953125 0.770888671875 0.988140625 0.767986328125 1 0.7659912109375 1 0.7576474609375
3 1 1 0.9998193359375 0.9769228515625 0.878212890625 1 1 1
2 0.1765009765625 0 0.0923662109375 0.371931640625 0.0880224609375 0.405220703125 0.090994140625 0.4079638671875 0.097853515625 0.410021484375 0.1364912109375 0.4157373046875 0.051212890625 0.9616123046875 0.0528134765625 0.9698427734375 0.0562421875 0.9737294921875 0.05235546875 1 0.876125 1 1 0.977517578125 1 0.228046875 0.516861328125 0.035318359375 0.4270341796875 0.00136328125 0.4103447265625 0 0.1765009765625 0