2 0 0.7509462890625 0.99975390625 0.8131484375 1 0.07109375 0.444333984375 0.2679677734375 0.4497392578125 0.094681640625 0.342427734375 0.139666015625 0.1365869140625 0.2393447265625 0 0.3048896484375 0 0.7509462890625
9 0.0459912109375 0.3852080078125 0.0457373046875 0.3112666015625 0.010671875 0.3275283203125 0.0091474609375 0.3976591796875 0.0459912109375 0.3852080078125
9 0.035296875 0.545015625 0.0386318359375 0.4602470703125 0.0033349609375 0.469974609375 0 0.5508515625 0.035296875 0.545015625
9 0 0.708224609375 0.026490234375 0.7088330078125 0.0301435546875 0.6174892578125 0 0.621142578125 0 0.708224609375
9 0.41153515625 0.6993515625 0.40852734375 0.5739150390625 0.31702734375 0.5794990234375 0.3161689453125 0.7027880859375 0.41153515625 0.6993515625
9 0.405861328125 0.4737939453125 0.4028330078125 0.3617275390625 0.3422568359375 0.377736328125 0.34528515625 0.486341796875 0.405861328125 0.4737939453125
9 0.4036982421875 0.249228515625 0.3998037109375 0.153171875 0.3366318359375 0.1787001953125 0.3379296875 0.27432421875 0.4036982421875 0.249228515625
9 0.61634765625 0.166232421875 0.6101552734375 0.0938330078125 0.52775390625 0.129556640625 0.5296591796875 0.1990986328125 0.61634765625 0.166232421875
9 0.6211787109375 0.5146064453125 0.6211787109375 0.3734970703125 0.5348349609375 0.391751953125 0.5412490234375 0.5249677734375 0.6211787109375 0.5146064453125
8 0.642150390625 0 0.518353515625 0.0036201171875 0.123796875 0 0.1122138671875 0.006515625 0.1028017578125 0.019546875 0.102078125 0.036921875 0.10859375 0.045609375 0.1136611328125 0.049953125 0.1440673828125 0.0398173828125 0.1332080078125 0.0550205078125 0.1288642578125 0.06515625 0.1274169921875 0.0818076171875 0.1303125 0.0904951171875 0.1440673828125 0.1037978515625 0.162890625 0.1035263671875 0.1552890625 0.1277783203125 0.1534794921875 0.1578232421875 0.156375 0.16940625 0.1730263671875 0.1788173828125 0.1998125 0.16940625 0.219359375 0.2092236328125 0.2273232421875 0.226322265625 0.24325 0.2374580078125 0.2613486328125 0.2352861328125 0.283728515625 0.228599609375 0.2874033203125 0.2359501953125 0.310189453125 0.2704970703125 0.2998994140625 0.292548828125 0.309455078125 0.305044921875 0.3337119140625 0.309455078125 0.327095703125 0.3491474609375 0.3432666015625 0.3770791015625 0.348412109375 0.3961904296875 0.3616435546875 0.4013359375 0.3895751953125 0.386634765625 0.399130859375 0.4116259765625 0.41015625 0.4241220703125 0.4277978515625 0.4344130859375 0.4476435546875 0.4344130859375 0.4704306640625 0.433677734375 0.471900390625 0.4527890625 0.4755751953125 0.4667548828125 0.4939521484375 0.4792509765625 0.502037109375 0.4770458984375 0.5137978515625 0.46528515625 0.5174736328125 0.44396875 0.5351142578125 0.4366181640625 0.546875 0.444703125 0.5630458984375 0.4498486328125 0.5726015625 0.4527890625 0.57701171875 0.476310546875 0.5880380859375 0.480720703125 0.597193359375 0.4730625 0.6030576171875 0.456447265625 0.599798828125 0.442498046875 0.5777470703125 0.4277978515625 0.61082421875 0.395455078125 0.6181748046875 0.5027724609375 0.6071494140625 0.514533203125 0.6012685546875 0.5240888671875 0.6012685546875 0.5387900390625 0.6115595703125 0.5564306640625 0.6078837890625 0.6652177734375 0.6079365234375 0.7976611328125 0.6851591796875 0.8004931640625 0.71249609375 0.8016484375 0.7390986328125 0.8038056640625 0.7741025390625 0.806357421875 0.8016484375 0.808837890625 0.8448154296875 0.8130654296875 0.8876083984375 0.8144462890625 0.9538681640625 0.81927734375 0.9783798828125 0.7916962890625 0.997927734375 0.7662841796875 1 0 0.82307421875 0 0.784046875 0 0.642150390625 0
8 0 0.7828564453125 0.1980263671875 0.800265625 0.1980263671875 0.7779599609375 0.199658203125 0.7529345703125 0.2926875 0.75619921875 0.2964951171875 0.76055078125 0.2975830078125 0.769255859375 0.283982421875 0.77850390625 0.2861591796875 0.795369140625 0.2954072265625 0.800265625 0.301935546875 0.7991767578125 0.3095517578125 0.788296875 0.3226083984375 0.773607421875 0.337296875 0.767623046875 0.366130859375 0.767623046875 0.3737470703125 0.757287109375 0.3819072265625 0.75021484375 0.384083984375 0.735525390625 0.3764677734375 0.72246875 0.386259765625 0.721380859375 0.3917001953125 0.71430859375 0.390068359375 0.69635546875 0.3824521484375 0.6805791015625 0.374291015625 0.6675224609375 0.3857158203125 0.65990625 0.396052734375 0.6653466796875 0.4085654296875 0.6696982421875 0.41509375 0.6675224609375 0.4178134765625 0.6544658203125 0.409109375 0.63814453125 0.392244140625 0.6234560546875 0.3878916015625 0.6093115234375 0.3955087890625 0.608767578125 0.3998603515625 0.59788671875 0.3949638671875 0.58591796875 0.385171875 0.5723173828125 0.3824521484375 0.5614365234375 0.3824521484375 0.5543642578125 0.3819072265625 0.544572265625 0.3644990234375 0.5298828125 0.34328125 0.526619140625 0.330224609375 0.5271630859375 0.3226083984375 0.510841796875 0.313904296875 0.502681640625 0.295951171875 0.4950654296875 0.2823505859375 0.5010498046875 0.26494140625 0.5043134765625 0.249708984375 0.5141064453125 0.241548828125 0.5260751953125 0.237740234375 0.540763671875 0.2312119140625 0.5472919921875 0.2219638671875 0.540763671875 0.2165234375 0.5271630859375 0.2089072265625 0.5179150390625 0.199658203125 0.5179150390625 0.193673828125 0.5211787109375 0.183337890625 0.538587890625 0.1730009765625 0.5418515625 0.155591796875 0.5511005859375 0.1349189453125 0.5641572265625 0.127302734375 0.57394921875 0.12240625 0.5837421875 0.1218623046875 0.5995185546875 0.1419912109375 0.608767578125 0.13056640625 0.613119140625 0.12240625 0.614751953125 0.1147900390625 0.6196474609375 0.1126142578125 0.625087890625 0.1120693359375 0.6327041015625 0.1196865234375 0.6473935546875 0.13056640625 0.649025390625 0.145255859375 0.641953125 0.161576171875 0.637056640625 0.1708251953125 0.6446728515625 0.1702802734375 0.665890625 0.1621201171875 0.6653466796875 0.153416015625 0.6664345703125 0.1441669921875 0.6702421875 0.1370947265625 0.6822109375 0.1349189453125 0.6909150390625 0.1370947265625 0.70233984375 0.1447119140625 0.7088681640625 0.1572236328125 0.715396484375 0.169736328125 0.7175732421875 0.1768095703125 0.7148525390625 0.1849697265625 0.7115888671875 0.191498046875 0.72627734375 0.1953056640625 0.73824609375 0.1953056640625 0.75021484375 0.19041015625 0.765447265625 0.18279296875 0.76653515625 0.159400390625 0.76653515625 0.1360068359375 0.77251953125 0.127302734375 0.7806796875 0.1098935546875 0.7806796875 0.092484375 0.7768720703125 0.0859560546875 0.771431640625 0.075076171875 0.764359375 0.06637109375 0.759462890625 0.0456982421875 0.76218359375 0.0255693359375 0.7589189453125 0.009248046875 0.7578310546875 0 0.761638671875 0 0.7828564453125
1 0.041091796875 1 0.040029296875 0.98621484375 0.0361328125 0.969919921875 0.0325908203125 0.957875 0.0301103515625 0.952916015625 0.0297568359375 0.9504365234375 0.0272763671875 0.9277646484375 0.0184208984375 0.915720703125 0.0102734375 0.90367578125 0.0060224609375 0.8990703125 0 0.8954697265625 0 0.922798828125 0 0.9647265625 0 1 0.041091796875 1
1 0.972396484375 0.9990126953125 0.8520595703125 0.97477734375 0.7267314453125 0.954759765625 0.65189453125 0.9461630859375 0.5906474609375 0.941234375 0.496978515625 0.941478515625 0.4345283203125 0.9462021484375 0.35843359375 0.953548828125 0.2944091796875 0.9614208984375 0.2372060546875 0.9719169921875 0.168458984375 0.9902841796875 0.1359208984375 0.99973046875 0.972396484375 0.9990126953125
9 0.3160849609375 0.141970703125 0.314076171875 0.1227734375 0.2799228515625 0.137505859375 0.2810390625 0.158265625 0.3160849609375 0.141970703125
3 1 0.8272626953125 0.932091796875 0.8207607421875 0.832951171875 0.8158857421875 0.3796552734375 0.7836259765625 0.372830078125 0.7678427734375 0.3681376953125 0.762296875 0.3510751953125 0.75803125 0.3280390625 0.7640029296875 0.3024443359375 0.7712548828125 0.2836748046875 0.7806396484375 0.276849609375 0.78533203125 0.20003125 0.7779013671875 0.199212890625 0.8011162109375 0.0004560546875 0.7842236328125 0 0.8937138671875 0.0082119140625 0.89964453125 0.0222763671875 0.9200712890625 0.0278857421875 0.927763671875 0.0286875 0.93048828125 0.2219501953125 0.9741826171875 0.237546875 0.970283203125 0.2612412109375 0.9663837890625 0.297533203125 0.9600849609375 0.351591796875 0.953751953125 0.3910986328125 0.9495087890625 0.474755859375 0.94127734375 0.518779296875 0.939693359375 0.600064453125 0.9403857421875 0.662298828125 0.9466083984375 0.83740625 0.972505859375 0.9351826171875 0.989328125 1 1 1 0.8272626953125
6 0.133986328125 1 0.22105859375 0.975412109375 0.176453125 0.9651357421875 0.02830078125 0.9311025390625 0.0306259765625 0.9529345703125 0.035173828125 0.9633447265625 0.0407333984375 0.987603515625 0.04133984375 1 0.133986328125 1
9 0.120669921875 0.349240234375 0.1236748046875 0.31466015625 0.099076171875 0.307625 0.0986328125 0.3502431640625 0.120669921875 0.349240234375
9 0.093123046875 0.4675146484375 0.094125 0.5331669921875 0.116162109375 0.529158203125 0.118666015625 0.4650087890625 0.100134765625 0.45949609375 0.093123046875 0.4675146484375
9 0.096427734375 0.698302734375 0.1104189453125 0.6991259765625 0.1112421875 0.621162109375 0.096427734375 0.6197900390625 0.08874609375 0.6255546875 0.0865166015625 0.62853515625 0.08408203125 0.6941845703125 0.096427734375 0.698302734375