2 1 0.2871005859375 0.865111328125 0.0059951171875 0.858283203125 0.003201171875 0.621173828125 0.011271484375 0.6118623046875 0.0094091796875 0.48551953125 0.1102587890625 0.466896484375 0.0959814453125 0.4619306640625 0.0885322265625 0.451998046875 0.0888427734375 0.3664375 0.159224609375 0.3664375 0.165431640625 0.3692314453125 0.1725703125 0.392509765625 0.1865380859375 0.3342783203125 0.231853515625 0.248302734375 0.22409375 0.1533271484375 0.3057236328125 0.15144140625 0.3083759765625 0.1508828125 0.3134091796875 0.1542373046875 0.3173232421875 0.180333984375 0.3204921875 0.1428671875 0.3495712890625 0.1615078125 0.3655205078125 0.1237255859375 0.3658935546875 0.09296875 0.3938544921875 0.077310546875 0.401869140625 0.09222265625 0.410630859375 0.0605419921875 0.4143017578125 0.0236337890625 0.447109375 0.0294130859375 0.451955078125 0.014126953125 0.4532607421875 0 0.4685458984375 0 1 0.06114453125 1 0.0661767578125 0.9849541015625 0.075125 0.963890625 0.10092578125 0.933146484375 0.1152783203125 0.91021875 0.1520732421875 0.87326171875 0.1694091796875 0.8635693359375 0.21843359375 0.856298828125 0.286287109375 0.8495888671875 0.404375 0.842318359375 0.4622041015625 0.8441826171875 0.492669921875 0.84809765625 0.497703125 0.85070703125 0.504599609375 0.8648740234375 0.5154111328125 0.90459375 0.5217490234375 0.9529052734375 0.5308828125 0.9620390625 0.543931640625 1 1 1 1 0.2871005859375
9 0.415197265625 0.3422421875 0.4192734375 0.289744140625 0.3815087890625 0.3150634765625 0.3759296875 0.365416015625 0.415197265625 0.3422421875
9 0.3606953125 0.495232421875 0.353400390625 0.5636806640625 0.4003916015625 0.5447978515625 0.4044677734375 0.470126953125 0.3606953125 0.495232421875
9 0.3278662109375 0.702140625 0.3184248046875 0.79906640625 0.3804365234375 0.787693359375 0.388375 0.685189453125 0.3278662109375 0.702140625
9 0.2569736328125 0.8095888671875 0.2677685546875 0.72701953125 0.258423828125 0.7304833984375 0.2487568359375 0.80975 0.2569736328125 0.8095888671875
9 0.2706630859375 0.5236767578125 0.260232421875 0.6014345703125 0.2830380859375 0.5917109375 0.2932919921875 0.5130693359375 0.2706630859375 0.5236767578125
9 0.292255859375 0.373234375 0.2831220703125 0.42437890625 0.3068681640625 0.4164638671875 0.3117392578125 0.35923046875 0.292255859375 0.373234375
9 0.2133720703125 0.3410615234375 0.2071025390625 0.3832763671875 0.2252841796875 0.3738720703125 0.2317626953125 0.3255966796875 0.2133720703125 0.3410615234375
9 0.1891298828125 0.477318359375 0.1767998046875 0.548791015625 0.1958173828125 0.53938671875 0.2091923828125 0.463525390625 0.1891298828125 0.477318359375
9 0.1661162109375 0.730576171875 0.18184765625 0.6416953125 0.158625 0.651169921875 0.1449541015625 0.7350703125 0.1661162109375 0.730576171875
9 0.107392578125 0.666876953125 0.1166435546875 0.617404296875 0.1033701171875 0.62303515625 0.093314453125 0.6678828125 0.107392578125 0.666876953125
9 0.1287099609375 0.4824599609375 0.1212685546875 0.52408984375 0.136150390625 0.517654296875 0.143591796875 0.47421484375 0.1287099609375 0.4824599609375
9 0.068796875 0.557302734375 0.0771142578125 0.5191787109375 0.062904296875 0.5261103515625 0.0551064453125 0.564234375 0.068796875 0.557302734375
9 0.0503642578125 0.690431640625 0.0577705078125 0.645548828125 0.047994140625 0.651177734375 0.0388095703125 0.69546875 0.0503642578125 0.690431640625
9 0.0743984375 0.8460205078125 0.0818388671875 0.8058984375 0.0645673828125 0.811212890625 0.0579248046875 0.8465517578125 0.0743984375 0.8460205078125
9 0 0.8567001953125 0.010822265625 0.8558173828125 0.017447265625 0.799056640625 0.0037548828125 0.7999404296875 0 0.81473828125 0 0.8567001953125
9 0.8224443359375 0.778185546875 0.8112998046875 0.6540068359375 0.736474609375 0.63108203125 0.7472998046875 0.7676787109375 0.8224443359375 0.778185546875
9 0.7242587890625 0.3952509765625 0.7288857421875 0.4874658203125 0.76236328125 0.50107421875 0.7569189453125 0.414302734375 0.7242587890625 0.3952509765625
9 0.713099609375 0.1888896484375 0.7177265625 0.259927734375 0.767806640625 0.2980322265625 0.7650849609375 0.2288994140625 0.713099609375 0.1888896484375
9 0.805740234375 0.113802734375 0.8118212890625 0.1639716796875 0.827892578125 0.1785224609375 0.825720703125 0.13356640625 0.805740234375 0.113802734375
9 0.87294140625 0.1771923828125 0.8798125 0.22872265625 0.9096455078125 0.2534931640625 0.9024130859375 0.205759765625 0.87294140625 0.1771923828125
9 0.8406396484375 0.2702958984375 0.847990234375 0.3527568359375 0.911091796875 0.3932578125 0.9016904296875 0.3238271484375 0.8406396484375 0.2702958984375
9 0.9375751953125 0.585833984375 0.9245302734375 0.497173828125 0.86002734375 0.460453125 0.8708994140625 0.5556357421875 0.9375751953125 0.585833984375
9 0.8861181640625 0.6793056640625 0.8991640625 0.803498046875 0.9704306640625 0.809537109375 0.9530361328125 0.6995986328125 0.8861181640625 0.6793056640625
9 0.831666015625 0.95966015625 0.86188671875 0.9460302734375 0.86158984375 0.909587890625 0.8132958984375 0.9107734375 0.8183330078125 0.9883994140625 0.831666015625 0.95966015625
1 0.5406240234375 1 0.542765625 0.9990517578125 0.5308203125 0.9632177734375 0.5250869140625 0.957005859375 0.52150390625 0.9534228515625 0.514576171875 0.9050283203125 0.503826171875 0.8644169921875 0.4968974609375 0.8507998046875 0.491642578125 0.8484111328125 0.460521484375 0.844828125 0.3998427734375 0.8429169921875 0.24925 0.8529501953125 0.1696982421875 0.8644169921875 0.152240234375 0.87387109375 0.1152119140625 0.911138671875 0.1013564453125 0.9345498046875 0.0762724609375 0.9634560546875 0.0676728515625 0.9823291015625 0.06324609375 1 0.5406240234375 1
8 1 0.8243740234375 0.997716796875 0.82259375 0.987291015625 0.8243740234375 0.974068359375 0.823611328125 0.963896484375 0.8243740234375 0.956267578125 0.81725390625 0.9486552734375 0.810642578125 0.9384833984375 0.8157275390625 0.9308544921875 0.813693359375 0.9209375 0.8203056640625 0.9166142578125 0.8246279296875 0.909240234375 0.824119140625 0.890677734375 0.8243740234375 0.888134765625 0.819796875 0.8812685546875 0.8182705078125 0.8733857421875 0.82005078125 0.8538056640625 0.825390625 0.84795703125 0.8322568359375 0.8454140625 0.8414111328125 0.8436337890625 0.8528544921875 0.8391181640625 0.8634189453125 0.8386103515625 0.87079296875 0.8411533203125 0.8814736328125 0.8480185546875 0.885287109375 0.85412109375 0.890373046875 0.8490361328125 0.9048681640625 0.8495439453125 0.9183447265625 0.850052734375 0.926482421875 0.857427734375 0.9272451171875 0.8599697265625 0.937162109375 0.8495439453125 0.9440283203125 0.8279296875 0.9589189453125 0.82258984375 0.972650390625 0.815978515625 0.988162109375 0.808095703125 0.9823134765625 0.7704921875 0.98155078125 0.7114970703125 0.981296875 0.6881025390625 0.9838388671875 0.682890625 0.9862744140625 0.6831455078125 0.9928857421875 0.6836533203125 1 1 1 1 0.8243740234375