9 0.581517578125 0.5334033203125 0.581517578125 0.5745478515625 0.63110546875 0.5778984375 0.63030078125 0.5376923828125 0.581517578125 0.5334033203125
9 0.6293544921875 0.6857080078125 0.6312900390625 0.7097978515625 0.6587548828125 0.708576171875 0.658 0.6856787109375 0.6293544921875 0.6857080078125
9 0.8101787109375 0.6920224609375 0.8140234375 0.73303125 0.836578125 0.73354296875 0.8329892578125 0.6935595703125 0.8101787109375 0.6920224609375
9 0.8592802734375 0.6996396484375 0.863029296875 0.734919921875 0.88353515625 0.734478515625 0.8808896484375 0.699419921875 0.8592802734375 0.6996396484375
9 0.8807265625 0.5604267578125 0.8871953125 0.623349609375 0.9301240234375 0.62491796875 0.92287109375 0.5641513671875 0.8807265625 0.5604267578125
9 0.501568359375 0.5738662109375 0.5018916015625 0.5564375 0.497373046875 0.5622470703125 0.496404296875 0.57644921875 0.501568359375 0.5738662109375
9 0.3536572265625 0.5015302734375 0.352564453125 0.523201171875 0.373689453125 0.52301953125 0.37441796875 0.5029873046875 0.3536572265625 0.5015302734375
4 0.320578125 0.5522021484375 0.3225673828125 0.505876953125 0.292158203125 0.505876953125 0.2881796875 0.5522021484375 0.320578125 0.5522021484375
8 1 0.3896708984375 0.9948759765625 0.3875361328125 0.9867666015625 0.3875361328125 0.9795107421875 0.3905244140625 0.9688408203125 0.389244140625 0.962439453125 0.3875361328125 0.9521962890625 0.3883896484375 0.94366015625 0.3956455078125 0.938111328125 0.389244140625 0.928294921875 0.386255859375 0.9210390625 0.390951171875 0.9142109375 0.3858291015625 0.90780859375 0.3849755859375 0.904728515625 0.3914501953125 0.8997353515625 0.3859580078125 0.88975 0.388953125 0.8787646484375 0.3949453125 0.871275390625 0.4039326171875 0.87027734375 0.4189111328125 0.8722744140625 0.4423779296875 0.87526953125 0.4553603515625 0.879212890625 0.459794921875 0.8868955078125 0.4640625 0.9342705078125 0.482841796875 1 0.5061875 1 0.3896708984375
8 1 0.753826171875 0.99836328125 0.747740234375 0.9892333984375 0.7438271484375 0.979017578125 0.7431748046875 0.9718447265625 0.7425234375 0.9644541015625 0.7468701171875 0.9564111328125 0.7520869140625 0.95293359375 0.75665234375 0.9531513671875 0.7638251953125 0.9592373046875 0.76882421875 0.9837998046875 0.767302734375 1 0.76643359375 1 0.753826171875
8 0.9574560546875 0.787072265625 0.9531826171875 0.777224609375 0.9490947265625 0.772765625 0.9420341796875 0.7722080078125 0.9390615234375 0.776853515625 0.93553125 0.78428515625 0.9290283203125 0.7876298828125 0.9336728515625 0.77573828125 0.9321865234375 0.77406640625 0.92735546875 0.7761103515625 0.9280986328125 0.767005859375 0.9251259765625 0.766076171875 0.9212236328125 0.7735087890625 0.91453515625 0.76979296875 0.9128623046875 0.7735087890625 0.917322265625 0.78688671875 0.8743671875 0.78948828125 0.8700927734375 0.7865146484375 0.8725087890625 0.7792685546875 0.8691640625 0.7762958984375 0.861732421875 0.7770390625 0.8587587890625 0.779826171875 0.85337109375 0.7735087890625 0.845009765625 0.7705361328125 0.8372060546875 0.7718359375 0.838134765625 0.7675625 0.8331181640625 0.76291796875 0.82252734375 0.7653330078125 0.819740234375 0.7694208984375 0.818625 0.7761103515625 0.8208544921875 0.781498046875 0.8167666015625 0.7822412109375 0.8137939453125 0.7809404296875 0.8082197265625 0.7818701171875 0.80450390625 0.7837275390625 0.7973359375 0.790689453125 0.7883154296875 0.7918759765625 0.781431640625 0.7890283203125 0.7800078125 0.7800078125 0.775498046875 0.780482421875 0.77169921875 0.7873662109375 0.771322265625 0.77709375 0.767353515625 0.77709375 0.7641064453125 0.787015625 0.7599580078125 0.79008203125 0.755267578125 0.79206640625 0.75364453125 0.796755859375 0.7489541015625 0.7960341796875 0.7549072265625 0.7852119140625 0.7543662109375 0.781603515625 0.753283203125 0.77709375 0.7491513671875 0.7769140625 0.746265625 0.770419921875 0.7430185546875 0.768796875 0.7385087890625 0.764287109375 0.7323759765625 0.769337890625 0.7228154296875 0.7751103515625 0.720470703125 0.7807021484375 0.7233564453125 0.7871953125 0.7238974609375 0.790623046875 0.7186669921875 0.7884580078125 0.7132548828125 0.786654296875 0.7074833984375 0.7877373046875 0.6995458984375 0.7938701171875 0.6990048828125 0.79008203125 0.7017109375 0.7868349609375 0.70477734375 0.784490234375 0.7036953125 0.7783564453125 0.7036953125 0.7729453125 0.6990048828125 0.77384765625 0.696298828125 0.7778154296875 0.691609375 0.7758310546875 0.68872265625 0.7707802734375 0.68457421875 0.7733056640625 0.6807861328125 0.779078125 0.6795234375 0.783587890625 0.677900390625 0.7767333984375 0.6696298828125 0.7756513671875 0.6652998046875 0.7736669921875 0.660791015625 0.7725849609375 0.6555595703125 0.774388671875 0.6530341796875 0.776373046875 0.6526728515625 0.7792587890625 0.6488857421875 0.7852119140625 0.65123046875 0.79224609375 0.65123046875 0.797837890625 0.632109375 0.7991005859375 0.6384228515625 0.7904423828125 0.6414892578125 0.7843095703125 0.63914453125 0.7788984375 0.6337333984375 0.7756513671875 0.6303056640625 0.7776357421875 0.6238115234375 0.7733056640625 0.6187607421875 0.771322265625 0.613349609375 0.7706005859375 0.60685546875 0.774388671875 0.6028876953125 0.779619140625 0.60270703125 0.783587890625 0.603248046875 0.789541015625 0.6117265625 0.7960341796875 0.6120869140625 0.79928125 0.6079384765625 0.7989208984375 0.6057734375 0.7951328125 0.600181640625 0.7940498046875 0.586802734375 0.79621484375 0.57814453125 0.7989208984375 0.5718310546875 0.801265625 0.5653369140625 0.7944111328125 0.56515625 0.78412890625 0.567140625 0.7706005859375 0.5644345703125 0.7680751953125 0.5583017578125 0.7729453125 0.555595703125 0.77384765625 0.5611875 0.7664599609375 0.5552353515625 0.7455361328125 0.55090625 0.745896484375 0.545494140625 0.75130859375 0.5469375 0.7426494140625 0.5436904296875 0.7309248046875 0.5386396484375 0.7249716796875 0.53160546875 0.7244306640625 0.5283583984375 0.72912109375 0.529080078125 0.7238896484375 0.5326875 0.7199208984375 0.5309228515625 0.7072587890625 0.5258125 0.7021474609375 0.5232568359375 0.701828125 0.5123955078125 0.7088564453125 0.5146318359375 0.7008701171875 0.514951171875 0.6941611328125 0.5107978515625 0.6877724609375 0.50408984375 0.68298046875 0.4986591796875 0.679466796875 0.494505859375 0.670841796875 0.49414453125 0.66559765625 0.4975576171875 0.6640224609375 0.49676953125 0.65955859375 0.4928310546875 0.656408203125 0.48337890625 0.6566708984375 0.47733984375 0.6650732421875 0.4739267578125 0.6774130859375 0.4623984375 0.686193359375 0.45581640625 0.68413671875 0.45951953125 0.6746748046875 0.451703125 0.66973828125 0.443474609375 0.673029296875 0.440595703125 0.68043359375 0.4278427734375 0.679611328125 0.419203125 0.6709716796875 0.409330078125 0.6734404296875 0.406861328125 0.6820791015625 0.3827109375 0.686865234375 0.370625 0.6821650390625 0.3632392578125 0.6761220703125 0.350970703125 0.6625791015625 0.3365380859375 0.659955078125 0.3260419921875 0.665203125 0.32144921875 0.681603515625 0.3194814453125 0.69931640625 0.29848828125 0.7012841796875 0.2814326171875 0.703908203125 0.272904296875 0.7078447265625 0.2696240234375 0.716373046875 0.2688544921875 0.759908203125 0.2822685546875 0.828142578125 0.307345703125 0.87596484375 0.3300908203125 0.939533203125 0.594810546875 0.920287109375 1 0.888794921875 0.9992626953125 0.785771484375 0.9814248046875 0.7880009765625 0.9574560546875 0.787072265625
8 0.027681640625 1 0.0540615234375 0.82831640625 0.062583984375 0.826693359375 0.0995146484375 0.7775869140625 0.10276171875 0.7633818359375 0.1076318359375 0.7613525390625 0.1096611328125 0.752830078125 0.11453125 0.749583984375 0.1194013671875 0.7426845703125 0.1214306640625 0.7272626953125 0.14131640625 0.68951953125 0.1461865234375 0.6858671875 0.1530859375 0.66598046875 0.162419921875 0.6505595703125 0.17987109375 0.6728798828125 0.23425390625 0.675720703125 0.243470703125 0.7000712890625 0.2653857421875 0.706564453125 0.2759375 0.7037236328125 0.31855078125 0.6980419921875 0.3197685546875 0.68180859375 0.3258564453125 0.6631396484375 0.3384365234375 0.65867578125 0.351423828125 0.661111328125 0.366439453125 0.676533203125 0.367251953125 0.58603125 0.351423828125 0.5775078125 0.34208984375 0.5775078125 0.32626171875 0.583595703125 0.3270732421875 0.579943359375 0.31939453125 0.571826171875 0.3011318359375 0.569796875 0.286521484375 0.5726376953125 0.2861162109375 0.554375 0.28895703125 0.5095439453125 0.282869140625 0.5095439453125 0.2743466796875 0.50305078125 0.2568955078125 0.5002099609375 0.2479677734375 0.506486328125 0.2325458984375 0.518255859375 0.2228056640625 0.5312421875 0.2073837890625 0.536923828125 0.190337890625 0.54341796875 0.179380859375 0.5551875 0.167205078125 0.5633037109375 0.15746484375 0.5592451171875 0.15827734375 0.5515341796875 0.1615234375 0.5466640625 0.1708583984375 0.5470703125 0.1858740234375 0.540982421875 0.18830859375 0.5304306640625 0.182626953125 0.5137919921875 0.1777568359375 0.5052685546875 0.16598828125 0.4926875 0.1509716796875 0.483353515625 0.1452900390625 0.4809189453125 0.133115234375 0.4768603515625 0.10389453125 0.4821357421875 0.0998359375 0.463873046875 0.092125 0.4553505859375 0.0836025390625 0.4395234375 0.075486328125 0.43140625 0.066962890625 0.43140625 0.059658203125 0.4366826171875 0.052353515625 0.4456103515625 0.0524375 0.4549453125 0.04148046875 0.491470703125 0.015912109375 0.4902529296875 0 0.4922822265625 0 1 0.027681640625 1
2 0.2960185546875 0.5040498046875 0.2911044921875 0.505220703125 0.2871259765625 0.5538935546875 0.287828125 0.571912109375 0.3021025390625 0.569337890625 0.32012109375 0.571677734375 0.327609375 0.579400390625 0.327609375 0.5822080078125 0.3425859375 0.576826171875 0.3526484375 0.5772939453125 0.367908203125 0.586650390625 0.366919921875 0.6774658203125 0.3702822265625 0.680828125 0.3817548828125 0.6859716796875 0.4056884765625 0.680630859375 0.4086552734375 0.6723232421875 0.419732421875 0.67054296875 0.4286328125 0.6788505859375 0.44010546875 0.67924609375 0.442875 0.672125 0.4525673828125 0.6689599609375 0.460478515625 0.67430078125 0.4565224609375 0.68419140625 0.4626689453125 0.6856474609375 0.4733916015625 0.677357421875 0.4769287109375 0.665087890625 0.483560546875 0.656134765625 0.4935087890625 0.6565771484375 0.49715625 0.66000390625 0.497708984375 0.664314453125 0.494392578125 0.6663037109375 0.4949453125 0.6712783203125 0.498814453125 0.6791259765625 0.5110029296875 0.6873603515625 0.515203125 0.6938818359375 0.5153134765625 0.700513671875 0.5131025390625 0.707919921875 0.52382421875 0.7013984375 0.5261455078125 0.7018408203125 0.5311201171875 0.706814453125 0.5332197265625 0.7199130859375 0.529572265625 0.724224609375 0.5289091796875 0.72709765625 0.5318935546875 0.72411328125 0.5387470703125 0.7243349609375 0.544052734375 0.730193359375 0.5474794921875 0.7425732421875 0.5458212890625 0.7506416015625 0.5511845703125 0.745181640625 0.5555361328125 0.745181640625 0.561876953125 0.7659140625 0.5580224609375 0.7726279296875 0.5643642578125 0.76740625 0.56776171875 0.768970703125 0.5663642578125 0.7934228515625 0.5743076171875 0.80149609375 0.6967900390625 0.798669921875 0.905689453125 0.7915068359375 0.9523134765625 0.788017578125 0.9515205078125 0.769462890625 0.957546875 0.7681943359375 0.952630859375 0.7640712890625 0.951353515625 0.7562841796875 0.9547802734375 0.7525712890625 0.971345703125 0.740576171875 0.98733984375 0.743146484375 0.9946953125 0.7446865234375 0.9869365234375 0.6707236328125 0.96705078125 0.5231748046875 0.999703125 0.52440234375 1 0.511015625 0.90344921875 0.469150390625 0.8694921875 0.45574609375 0.6406455078125 0.4199228515625 0.6401298828125 0.4059912109375 0.6187158203125 0.4028955078125 0.609685546875 0.4137314453125 0.609685546875 0.4191494140625 0.4367861328125 0.3954140625 0.4192431640625 0.4638759765625 0.4071171875 0.4618115234375 0.406859375 0.45639453125 0.393958984375 0.4553623046875 0.3929267578125 0.460521484375 0.313642578125 0.4553779296875 0.300310546875 0.49607421875 0.2960185546875 0.5040498046875
2 0 0.491734375 0.0190078125 0.4889189453125 0.040126953125 0.490326171875 0.0520947265625 0.4533671875 0.0503349609375 0.445623046875 0.0137275390625 0.3421376953125 0.021119140625 0.304474609375 0.0024638671875 0.3006025390625 0 0.302341796875 0 0.491734375
4 0.8158623046875 1 1 0.9742197265625 0.9998994140625 0.88969140625 0.329287109375 0.9402724609375 0.3066435546875 0.8773310546875 0.2814609375 0.8299228515625 0.2686083984375 0.7669482421875 0.267001953125 0.7078271484375 0.24226171875 0.7001162109375 0.2335869140625 0.6773037109375 0.18025 0.6740908203125 0.1625791015625 0.6522421875 0.152939453125 0.668951171875 0.1468349609375 0.6875869140625 0.1423369140625 0.6898359375 0.123244140625 0.7271796875 0.1207451171875 0.743986328125 0.11180078125 0.7533369140625 0.1105810546875 0.7614677734375 0.103669921875 0.7639072265625 0.10123046875 0.7781357421875 0.0639814453125 0.8270966796875 0.05488671875 0.8297724609375 0.0318828125 1 0.8158623046875 1
6 1 0.9752314453125 0.8159189453125 1 1 1 1 0.9752314453125