9 0.0646171875 0.0790068359375 0.062716796875 0.1615439453125 0.1338505859375 0.154484375 0.1341220703125 0.0741201171875 0.0646171875 0.0790068359375
9 0.0596201171875 0.248095703125 0.058658203125 0.341130859375 0.0846220703125 0.338005859375 0.0961611328125 0.335361328125 0.12885546875 0.3336787109375 0.1293369140625 0.3139658203125 0.1300576171875 0.239921875 0.100728515625 0.24256640625 0.0596201171875 0.248095703125
9 0.21871875 0.053833984375 0.223025390625 0.140890625 0.261478515625 0.13596875 0.289779296875 0.1335078125 0.2876259765625 0.0689072265625 0.2857802734375 0.0455283203125 0.281166015625 0.043990234375 0.2522490234375 0.0479892578125 0.21871875 0.053833984375
9 0.3832841796875 0.119453125 0.3951376953125 0.1176298828125 0.433435546875 0.1124619140625 0.459271484375 0.109119140625 0.452888671875 0.025228515625 0.425533203125 0.02431640625 0.381763671875 0.031306640625 0.3832841796875 0.119453125
9 0.5545 0.0962490234375 0.5554853515625 0.0965771484375 0.6215126953125 0.088037109375 0.62775390625 0.0837666015625 0.629068359375 0.0702978515625 0.6228271484375 0.00328515625 0.6175712890625 0 0.5449736328125 0.0006572265625 0.5420166015625 0.00361328125 0.5436591796875 0.0095263671875 0.5489150390625 0.0617568359375 0.5545 0.0962490234375
9 0.790087890625 0.0620673828125 0.798484375 0.0573212890625 0.7911826171875 0.000365234375 0.7218125 0 0.7305751953125 0.0679091796875 0.790087890625 0.0620673828125
9 0.224599609375 0.31966015625 0.2935556640625 0.3127646484375 0.2940478515625 0.30340625 0.2915859375 0.251197265625 0.289615234375 0.2162265625 0.278287109375 0.2147490234375 0.22213671875 0.22213671875 0.2226298828125 0.262033203125 0.224599609375 0.31966015625
9 0.056203125 0.4310126953125 0.0532255859375 0.509919921875 0.05248046875 0.532251953125 0.1142666015625 0.525552734375 0.1298994140625 0.5210859375 0.126921875 0.422080078125 0.0900732421875 0.4250576171875 0.056203125 0.4310126953125
9 0.048966796875 0.6269365234375 0.048966796875 0.6311044921875 0.0461025390625 0.7006484375 0.04792578125 0.743625 0.1247138671875 0.735244140625 0.124501953125 0.6196435546875 0.0849111328125 0.620685546875 0.048966796875 0.6269365234375
9 0.2425439453125 0.7218271484375 0.3009228515625 0.7173115234375 0.2993095703125 0.6005556640625 0.223837890625 0.609263671875 0.2254501953125 0.725052734375 0.2425439453125 0.7218271484375
9 0.2224423828125 0.4069609375 0.2224423828125 0.5121279296875 0.295421875 0.5019296875 0.292552734375 0.4015439453125 0.2224423828125 0.4069609375
9 0.3961865234375 0.3008779296875 0.4154970703125 0.2998388671875 0.468447265625 0.2944404296875 0.462009765625 0.1966396484375 0.4522509765625 0.1956015625 0.4445673828125 0.1958095703125 0.389333984375 0.20473828125 0.390580078125 0.2271640625 0.3961865234375 0.3008779296875
9 0.56823828125 0.2778603515625 0.6035849609375 0.2771240234375 0.6497314453125 0.2702509765625 0.6411396484375 0.1823759765625 0.6374580078125 0.178939453125 0.6313212890625 0.177466796875 0.564556640625 0.1870400390625 0.5611201171875 0.1894951171875 0.56823828125 0.2778603515625
9 0.749701171875 0.157169921875 0.7594462890625 0.1612568359375 0.7742197265625 0.1662861328125 0.790251953125 0.163142578125 0.8047109375 0.15685546875 0.811626953125 0.14208203125 0.80408203125 0.13013671875 0.782392578125 0.1269931640625 0.7600751953125 0.131080078125 0.7481298828125 0.14208203125 0.749701171875 0.157169921875
9 0.9550908203125 0.2196767578125 0.97174609375 0.217953125 0.9996005859375 0.21393359375 0.9998876953125 0.1065361328125 0.9691611328125 0.112853515625 0.940732421875 0.1211806640625 0.928958984375 0.1286474609375 0.9441787109375 0.217666015625 0.9550908203125 0.2196767578125
9 0.3999814453125 0.3879091796875 0.398103515625 0.3895185546875 0.4010546875 0.452560546875 0.405078125 0.49360546875 0.4565849609375 0.4871669921875 0.4855576171875 0.4852890625 0.480728515625 0.4182236328125 0.47455859375 0.3828125 0.4673154296875 0.379861328125 0.3999814453125 0.3879091796875
9 0.44452734375 0.5836875 0.4261787109375 0.58559375 0.4111669921875 0.589048828125 0.4085458984375 0.590716796875 0.4104521484375 0.648025390625 0.4144794921875 0.7056572265625 0.4643447265625 0.70180859375 0.49016015625 0.699564453125 0.4868232421875 0.585474609375 0.4830107421875 0.581423828125 0.44452734375 0.5836875
9 0.7751015625 0.2509365234375 0.763853515625 0.2531865234375 0.7542412109375 0.255435546875 0.7628310546875 0.3282421875 0.767943359375 0.3513525390625 0.8438173828125 0.3441943359375 0.8556796875 0.341740234375 0.8526123046875 0.3304921875 0.8419775390625 0.25400390625 0.8403408203125 0.248482421875 0.830115234375 0.2460283203125 0.7751015625 0.2509365234375
9 0.57690234375 0.373595703125 0.5756376953125 0.376125 0.5846298828125 0.4746171875 0.6634521484375 0.467169921875 0.6621875 0.46014453125 0.6583935546875 0.39818359375 0.654740234375 0.3657275390625 0.583646484375 0.37134765625 0.57690234375 0.373595703125
9 0.5934638671875 0.5771328125 0.6048798828125 0.6898642578125 0.6703623046875 0.6849482421875 0.68605859375 0.6822529296875 0.67908203125 0.604720703125 0.6743251953125 0.5695224609375 0.5975859375 0.5766572265625 0.5934638671875 0.5771328125
9 0.9727080078125 0.3141201171875 0.961943359375 0.319177734375 0.9610361328125 0.320474609375 0.9706328125 0.3730009765625 0.9833427734375 0.4273427734375 1 0.4263056640625 0.9996845703125 0.30724609375 0.9884013671875 0.3099697265625 0.9727080078125 0.3141201171875
9 0.8201845703125 0.44801171875 0.7832158203125 0.4521025390625 0.78131640625 0.454294921875 0.78131640625 0.45736328125 0.7855537109375 0.495208984375 0.7938828125 0.5586259765625 0.84341796875 0.55643359375 0.878494140625 0.552318359375 0.85919921875 0.444796875 0.8463408203125 0.444796875 0.8201845703125 0.44801171875
9 0.823384765625 0.66435546875 0.812609375 0.6729013671875 0.809822265625 0.688693359375 0.818369140625 0.751115234375 0.8207841796875 0.7578037109375 0.8783759765625 0.75557421875 0.9097734375 0.7526015625 0.91014453125 0.747400390625 0.9064296875 0.7020693359375 0.90252734375 0.6833056640625 0.8982548828125 0.6725302734375 0.8871083984375 0.6621259765625 0.8739169921875 0.6541376953125 0.8670439453125 0.65209375 0.8609130859375 0.6513505859375 0.8443779296875 0.6526513671875 0.832302734375 0.6576669921875 0.823384765625 0.66435546875
9 0.0366064453125 0.968923828125 0.115591796875 0.967109375 0.1208681640625 0.9657900390625 0.120208984375 0.8356884765625 0.1099853515625 0.8353583984375 0.055404296875 0.838986328125 0.0420478515625 0.8411298828125 0.04105859375 0.8587734375 0.0366064453125 0.968923828125
9 0.2301171875 0.8255322265625 0.224810546875 0.827154296875 0.224220703125 0.8292177734375 0.2249580078125 0.894228515625 0.225400390625 0.9599765625 0.3052998046875 0.9536376953125 0.308501953125 0.9506455078125 0.30604296875 0.8372451171875 0.3044150390625 0.82287890625 0.258568359375 0.824353515625 0.2301171875 0.8255322265625
9 0.4127763671875 0.8069990234375 0.41357421875 0.82954296875 0.4183623046875 0.928896484375 0.41876171875 0.9418642578125 0.50614453125 0.9390712890625 0.5065439453125 0.934681640625 0.50055859375 0.8345302734375 0.4995615234375 0.7996171875 0.4329267578125 0.805203125 0.4127763671875 0.8069990234375
9 0.6124990234375 0.7906376953125 0.619875 0.8823515625 0.6269296875 0.9233994140625 0.6541875 0.9219560546875 0.711251953125 0.9155556640625 0.701171875 0.8091015625 0.69846484375 0.7849697265625 0.6628115234375 0.787015625 0.6124990234375 0.7906376953125
2 0.25506640625 0 0 0.0364482421875 0 0.9714248046875 0.26726953125 0.9651728515625 0.4040546875 0.956287109375 0.4156318359375 0.9595302734375 0.4267451171875 1 1 0.9997451171875 1 0 0.25506640625 0
8 0.15684375 0.8019033203125 0.1477109375 0.8081357421875 0.140318359375 0.814369140625 0.1359697265625 0.8214716796875 0.1313310546875 0.8304599609375 0.129591796875 0.8340830078125 0.1291572265625 0.8391572265625 0.1330703125 0.85075390625 0.130171875 0.8545224609375 0.1287216796875 0.856841796875 0.1300263671875 0.861625 0.134955078125 0.8624951171875 0.1391591796875 0.864958984375 0.1413330078125 0.86698828125 0.139013671875 0.8724970703125 0.1378544921875 0.8738017578125 0.1327802734375 0.876845703125 0.131765625 0.8801796875 0.1366943359375 0.882064453125 0.1365498046875 0.8880078125 0.13423046875 0.892935546875 0.13031640625 0.8984443359375 0.126982421875 0.9025029296875 0.1278525390625 0.9043876953125 0.13423046875 0.9062724609375 0.1313310546875 0.90931640625 0.1279970703125 0.9149697265625 0.1288671875 0.915404296875 0.1245185546875 0.9256962890625 0.124373046875 0.9291748046875 0.126837890625 0.93076953125 0.1311865234375 0.9309150390625 0.1327802734375 0.9322197265625 0.133505859375 0.9416416015625 0.13162109375 0.95062890625 0.126982421875 0.9583115234375 0.1239384765625 0.963384765625 0.1207490234375 0.965994140625 0.1135009765625 0.9683134765625 0.1158203125 0.969763671875 0.142927734375 0.9683134765625 0.1704697265625 0.96657421875 0.1727890625 0.9443955078125 0.1719189453125 0.9322197265625 0.178732421875 0.93990234375 0.1890244140625 0.9377275390625 0.1958369140625 0.9338134765625 0.196126953125 0.9271455078125 0.1904736328125 0.92265234375 0.188734375 0.920623046875 0.1910537109375 0.9146796875 0.194677734375 0.912650390625 0.193373046875 0.90018359375 0.1897490234375 0.8890224609375 0.188154296875 0.8858330078125 0.1838056640625 0.8797451171875 0.1791669921875 0.8672783203125 0.1796015625 0.8613349609375 0.184095703125 0.8566962890625 0.1952568359375 0.8548125 0.202794921875 0.8482890625 0.2049697265625 0.83901171875 0.2023603515625 0.827705078125 0.1969970703125 0.8220517578125 0.196126953125 0.8172685546875 0.1971416015625 0.8127744140625 0.193953125 0.8081357421875 0.19018359375 0.8061064453125 0.186849609375 0.8040771484375 0.18496484375 0.8017578125 0.182791015625 0.7992939453125 0.17423828125 0.798279296875 0.1638017578125 0.7988583984375 0.15684375 0.8019033203125
8 0.412009765625 0.7185390625 0.405123046875 0.7212265625 0.402603515625 0.72408203125 0.397060546875 0.72508984375 0.395044921875 0.724921875 0.3886630859375 0.72021875 0.3853037109375 0.7198828125 0.3795927734375 0.72139453125 0.3755615234375 0.71937890625 0.37035546875 0.71635546875 0.36531640625 0.71467578125 0.36229296875 0.71837109375 0.35758984375 0.720890625 0.35053515625 0.72105859375 0.3471767578125 0.72408203125 0.3404580078125 0.72508984375 0.3313876953125 0.72576171875 0.3300439453125 0.72643359375 0.3215927734375 0.7306171875 0.316962890625 0.7364931640625 0.3153603515625 0.7416572265625 0.318921875 0.7477119140625 0.3198115234375 0.752875 0.3153603515625 0.7551904296875 0.3101962890625 0.7539443359375 0.3020048828125 0.7583955078125 0.2996904296875 0.7598203125 0.2947041015625 0.7646279296875 0.284732421875 0.7721064453125 0.28152734375 0.7783388671875 0.275294921875 0.7799423828125 0.276541015625 0.7822568359375 0.2820615234375 0.7852841796875 0.2783212890625 0.7886669921875 0.277609375 0.7895576171875 0.27547265625 0.7934755859375 0.2724453125 0.7945439453125 0.2697744140625 0.7957900390625 0.2690625 0.80148828125 0.2690625 0.8070087890625 0.2658564453125 0.8105693359375 0.2633642578125 0.813775390625 0.2626513671875 0.81787109375 0.26603515625 0.8182265625 0.270130859375 0.820185546875 0.277787109375 0.8344306640625 0.28152734375 0.8381708984375 0.28669140625 0.8394169921875 0.302361328125 0.8381708984375 0.3034296875 0.84956640625 0.3034296875 0.854375 0.302361328125 0.86203125 0.297375 0.86167578125 0.2916767578125 0.858826171875 0.2879375 0.853662109375 0.2843759765625 0.850279296875 0.277609375 0.84618359375 0.2749384765625 0.8458271484375 0.2740478515625 0.8468955078125 0.2736923828125 0.8518818359375 0.277431640625 0.855443359375 0.2831298828125 0.86078515625 0.2831298828125 0.8622099609375 0.2843759765625 0.86683984375 0.2893623046875 0.8704013671875 0.294169921875 0.873072265625 0.297552734375 0.8768115234375 0.2979091796875 0.8789482421875 0.2936357421875 0.8819755859375 0.288828125 0.884646484375 0.2907861328125 0.885892578125 0.2959501953125 0.8892763671875 0.2998681640625 0.892125 0.3068125 0.8967548828125 0.307525390625 0.9040556640625 0.3059228515625 0.909576171875 0.300224609375 0.911712890625 0.2936357421875 0.9163427734375 0.292923828125 0.918123046875 0.2914990234375 0.9223974609375 0.292033203125 0.9264921875 0.2936357421875 0.9334375 0.295416015625 0.9384228515625 0.297197265625 0.94501171875 0.29951171875 0.9475048828125 0.3034296875 0.9487509765625 0.306833984375 0.953486328125 0.303814453125 0.9581318359375 0.3307587890625 0.957203125 0.350501953125 0.956505859375 0.3679228515625 0.956041015625 0.381626953125 0.9551123046875 0.4006728515625 0.9544150390625 0.4164677734375 0.953951171875 0.4225068359375 0.9588291015625 0.422986328125 0.965869140625 0.4244755859375 0.9792734375 0.427703125 0.989947265625 0.4316748046875 0.9966494140625 0.4371357421875 0.9986357421875 0.441603515625 0.9986357421875 0.451533203125 0.9996279296875 0.4527744140625 0.9988837890625 0.4448310546875 0.9916845703125 0.4401142578125 0.9812587890625 0.4396181640625 0.966861328125 0.43912109375 0.9542021484375 0.4346533203125 0.947251953125 0.427951171875 0.9410458984375 0.42497265625 0.9385634765625 0.423234375 0.929875 0.419759765625 0.918953125 0.4177734375 0.9067900390625 0.4185185546875 0.8707958984375 0.4192626953125 0.8496962890625 0.4165322265625 0.837037109375 0.4192626953125 0.826859375 0.4210009765625 0.81866796875 0.40958203125 0.8154404296875 0.407099609375 0.804021484375 0.404865234375 0.7995537109375 0.3976669921875 0.7943408203125 0.39096484375 0.797568359375 0.3852548828125 0.7940927734375 0.387986328125 0.777708984375 0.3956806640625 0.7685244140625 0.4026318359375 0.7553681640625 0.4061064453125 0.748169921875 0.4068515625 0.745935546875 0.408986328125 0.7386943359375 0.413521484375 0.72811328125 0.412009765625 0.7185390625
8 0.724130859375 0.9213037109375 0.7246806640625 0.918185546875 0.7230302734375 0.9068134765625 0.7184443359375 0.9071806640625 0.7127587890625 0.9125 0.7092734375 0.906447265625 0.70523828125 0.8989267578125 0.699736328125 0.8926904296875 0.694966796875 0.890123046875 0.687263671875 0.88810546875 0.682677734375 0.8917734375 0.6762587890625 0.89617578125 0.671306640625 0.902044921875 0.6681884765625 0.910482421875 0.66910546875 0.9156181640625 0.6740576171875 0.9229541015625 0.6694716796875 0.92423828125 0.6650703125 0.922220703125 0.6608515625 0.92038671875 0.650396484375 0.9211201171875 0.6553486328125 0.9258896484375 0.655166015625 0.9277236328125 0.6498466796875 0.93230859375 0.64837890625 0.9354267578125 0.6481953125 0.9416630859375 0.650763671875 0.947166015625 0.6577333984375 0.959087890625 0.6614013671875 0.96495703125 0.66525390625 0.9699091796875 0.6692890625 0.9719267578125 0.674791015625 0.975228515625 0.6779091796875 0.9777958984375 0.6907490234375 0.9766953125 0.7039541015625 0.9763291015625 0.7087236328125 0.9695419921875 0.7081728515625 0.9636728515625 0.7144091796875 0.9634892578125 0.719544921875 0.9612890625 0.7219296875 0.95725390625 0.723396484375 0.950466796875 0.723763671875 0.94844921875 0.7228466796875 0.94459765625 0.7210126953125 0.930658203125 0.724130859375 0.9213037109375
8 0.5778759765625 0.940728515625 0.569724609375 0.941830078125 0.5649873046875 0.945244140625 0.5630048828125 0.947447265625 0.5622333984375 0.9514130859375 0.5611318359375 0.9558193359375 0.5599208984375 0.9596748046875 0.5599208984375 0.96088671875 0.5610224609375 0.97190234375 0.5627841796875 0.9792822265625 0.5654287109375 0.982697265625 0.568072265625 0.984900390625 0.5678515625 0.99183984375 0.5634453125 0.99228125 0.5599208984375 0.9932724609375 0.558158203125 0.9969072265625 0.5582685546875 0.999220703125 0.615548828125 0.9996611328125 0.616099609375 0.9921708984375 0.6120244140625 0.9825869140625 0.6112529296875 0.9747666015625 0.6126845703125 0.965623046875 0.6132353515625 0.961216796875 0.6115830078125 0.955158203125 0.6070673828125 0.950421875 0.602880859375 0.9472275390625 0.6004580078125 0.9444736328125 0.596162109375 0.943482421875 0.592857421875 0.9411689453125 0.583603515625 0.940837890625 0.5778759765625 0.940728515625