2 1 0.26837890625 0.91228125 0.2593017578125 0.901806640625 0.2238369140625 0.8947138671875 0.2172451171875 0.8855654296875 0.2200244140625 0.885568359375 0.2258388671875 0.900404296875 0.2586796875 0.4849423828125 0.211880859375 0.48224609375 0.1890361328125 0.49026171875 0.17041796875 0.3685556640625 0.151875 0.3505546875 0.2003642578125 0.297490234375 0.1940595703125 0.2964697265625 0.169107421875 0.3031748046875 0.152236328125 0.1852568359375 0.1348154296875 0.182630859375 0.1456640625 0.1782001953125 0.180751953125 0 0.1593759765625 0 0.9868017578125 0.147642578125 0.9827841796875 0.5569755859375 0.9656142578125 0.6661201171875 0.957859375 0.678447265625 0.93655078125 0.6947578125 0.915869140625 0.7110458984375 0.906216796875 0.75487890625 0.89484375 0.7905703125 0.891306640625 0.8367998046875 0.8842666015625 0.901193359375 0.8771650390625 0.95778515625 0.8685791015625 0.9772978515625 0.8704453125 0.98006640625 0.8633916015625 1 0.8607001953125 1 0.26837890625
9 0.2396298828125 0.1896298828125 0.2397216796875 0.1660029296875 0.19795703125 0.160705078125 0.197203125 0.185275390625 0.2396298828125 0.1896298828125
9 0.285658203125 0.1949384765625 0.2855615234375 0.1718056640625 0.2461904296875 0.16783203125 0.2471806640625 0.191419921875 0.285658203125 0.1949384765625
9 0.4210419921875 0.208130859375 0.4203466796875 0.1895517578125 0.388494140625 0.1858505859375 0.3894296875 0.20455078125 0.4210419921875 0.208130859375
9 0.4670703125 0.2126572265625 0.466236328125 0.194109375 0.4314921875 0.1911328125 0.431318359375 0.1914482421875 0.432177734375 0.209357421875 0.4670703125 0.2126572265625
9 0.0562021484375 0.2640703125 0.057255859375 0.2554443359375 0.03815234375 0.2545126953125 0.0363837890625 0.2649580078125 0.0562021484375 0.2640703125
9 0.3156083984375 0.3018935546875 0.31449609375 0.2443818359375 0.1930126953125 0.2314072265625 0.192482421875 0.290240234375 0.3156083984375 0.3018935546875
9 0.3209619140625 0.4237763671875 0.3198701171875 0.3587900390625 0.1902744140625 0.347904296875 0.188306640625 0.41464453125 0.3209619140625 0.4237763671875
9 0.3247802734375 0.5579599609375 0.3228505859375 0.4843212890625 0.1856943359375 0.4780166015625 0.184306640625 0.5536474609375 0.3247802734375 0.5579599609375
9 0.33060546875 0.71436328125 0.32834375 0.6267880859375 0.1813017578125 0.625322265625 0.1800224609375 0.71673046875 0.33060546875 0.71436328125
9 0.33630859375 0.893833984375 0.332900390625 0.794392578125 0.1736484375 0.7949716796875 0.1720869140625 0.8973544921875 0.33630859375 0.893833984375
9 0.5783515625 0.890970703125 0.5669326171875 0.793521484375 0.418654296875 0.7934111328125 0.426888671875 0.8938603515625 0.5783515625 0.890970703125
9 0.554865234375 0.7198427734375 0.5430546875 0.6329052734375 0.406806640625 0.6305244140625 0.4125322265625 0.71755078125 0.554865234375 0.7198427734375
9 0.5330166015625 0.56879296875 0.524935546875 0.4949267578125 0.39675 0.4907490234375 0.401103515625 0.5618447265625 0.5330166015625 0.56879296875
9 0.51783203125 0.4369052734375 0.5100869140625 0.3731259765625 0.387728515625 0.3621005859375 0.39180078125 0.4281826171875 0.51783203125 0.4369052734375
9 0.5036826171875 0.3194833984375 0.4958818359375 0.2618935546875 0.3817998046875 0.249849609375 0.3845537109375 0.3086162109375 0.5036826171875 0.3194833984375
9 0.6098955078125 0.3164921875 0.6067021484375 0.3053603515625 0.58982421875 0.3054306640625 0.5923486328125 0.3155380859375 0.6098955078125 0.3164921875
9 0.6336806640625 0.3217138671875 0.628611328125 0.30187109375 0.6221591796875 0.3069892578125 0.6249970703125 0.3194736328125 0.6336806640625 0.3217138671875
9 0.62688671875 0.4244873046875 0.6249599609375 0.4075478515625 0.608369140625 0.40772265625 0.61073046875 0.4247685546875 0.62688671875 0.4244873046875
9 0.6551748046875 0.4347353515625 0.6491474609375 0.40765625 0.64316796875 0.412890625 0.6462900390625 0.43605859375 0.6551748046875 0.4347353515625
9 0.650701171875 0.5529296875 0.645123046875 0.5212451171875 0.626974609375 0.5216875 0.6322099609375 0.5524921875 0.650701171875 0.5529296875
9 0.680533203125 0.568494140625 0.671861328125 0.5256357421875 0.66366015625 0.5318056640625 0.6699892578125 0.56693359375 0.680533203125 0.568494140625
9 0.67475390625 0.6872451171875 0.6705732421875 0.6526357421875 0.651751953125 0.6530751953125 0.65570703125 0.6873857421875 0.67475390625 0.6872451171875
9 0.708203125 0.7058642578125 0.69712109375 0.657544921875 0.68572265625 0.6630517578125 0.6964111328125 0.7076513671875 0.708203125 0.7058642578125
9 0.6982783203125 0.8363701171875 0.6909765625 0.80047265625 0.67471484375 0.8004404296875 0.6822509765625 0.8372568359375 0.6982783203125 0.8363701171875
9 0.7394658203125 0.8706796875 0.725939453125 0.79854296875 0.705650390625 0.8036142578125 0.720841796875 0.8744580078125 0.7394658203125 0.8706796875
9 0.000611328125 0.6763759765625 0.01348046875 0.6763857421875 0.015349609375 0.6419736328125 0 0.6411298828125 0.000611328125 0.6763759765625
9 0.116220703125 0.670443359375 0.11580078125 0.639833984375 0.0809189453125 0.6375732421875 0.08209375 0.6702412109375 0.116220703125 0.670443359375
9 0.1298330078125 0.5231376953125 0.1309921875 0.49051171875 0.09437109375 0.488205078125 0.0923447265625 0.5195166015625 0.1298330078125 0.5231376953125
9 0.0301806640625 0.5231103515625 0.033 0.4928037109375 0.0091357421875 0.492638671875 0.005287109375 0.5232724609375 0.0301806640625 0.5231103515625
9 0.0436640625 0.391666015625 0.0459892578125 0.36208203125 0.0234443359375 0.35938671875 0.021140625 0.3893388671875 0.0436640625 0.391666015625
9 0.1421982421875 0.3929580078125 0.142279296875 0.3597021484375 0.103162109375 0.3577080078125 0.101921875 0.3906044921875 0.1421982421875 0.3929580078125
9 0.111544921875 0.2706298828125 0.1441064453125 0.2806376953125 0.1435068359375 0.2650517578125 0.1113056640625 0.26135546875 0.111544921875 0.2706298828125
9 0.73151953125 0.3407255859375 0.715439453125 0.284677734375 0.669779296875 0.28101953125 0.68080078125 0.335556640625 0.73151953125 0.3407255859375
9 0.760384765625 0.45428125 0.744650390625 0.3925234375 0.6933935546875 0.38921875 0.691455078125 0.3893984375 0.7042158203125 0.4516259765625 0.760384765625 0.45428125
9 0.788548828125 0.579736328125 0.77144921875 0.5102841796875 0.716759765625 0.5081396484375 0.73073828125 0.5781181640625 0.788548828125 0.579736328125
9 0.8162919921875 0.7174599609375 0.8029140625 0.64401953125 0.7442890625 0.643822265625 0.7607412109375 0.7207998046875 0.8162919921875 0.7174599609375
9 0.9849150390625 0.7852255859375 0.8380556640625 0.29153515625 0.7946943359375 0.288185546875 0.933806640625 0.7882548828125 0.9849150390625 0.7852255859375
9 0.96837109375 0.3619755859375 0.9479794921875 0.3066787109375 0.9023642578125 0.303666015625 0.919951171875 0.359255859375 0.96837109375 0.3619755859375
9 0.9997216796875 0.47011328125 0.9993642578125 0.4545185546875 0.9842197265625 0.4093603515625 0.93638671875 0.4072578125 0.9554814453125 0.4666123046875 0.9997216796875 0.47011328125
9 0.997009765625 0.59094921875 0.9996904296875 0.590041015625 1 0.523732421875 0.9741259765625 0.5248837890625 0.997009765625 0.59094921875
0 0.0277568359375 0.265771484375 0.050984375 0.2635908203125 0.069255859375 0.2625556640625 0.09421875 0.2639873046875 0.126166015625 0.27408203125 0.146595703125 0.2831630859375 0.14807421875 0.27659765625 0.1429423828125 0.27383984375 0.1164521484375 0.263369140625 0.0933798828125 0.2570537109375 0.0680810546875 0.2544931640625 0.0466982421875 0.2553798828125 0.02943359375 0.2578916015625 0.0180224609375 0.2611953125 0.0128037109375 0.2625712890625 0.0127861328125 0.2696435546875 0.0277568359375 0.265771484375
0 0 0.3992421875 0.0177275390625 0.39498828125 0.045984375 0.39296484375 0.0784267578125 0.3932294921875 0.1134482421875 0.40048046875 0.1322783203125 0.4060302734375 0.1450009765625 0.4115703125 0.144451171875 0.40106640625 0.1382255859375 0.3975146484375 0.1205439453125 0.3909169921875 0.0889658203125 0.384041015625 0.0634365234375 0.38328515625 0.0343349609375 0.3833544921875 0.0095947265625 0.3869345703125 0 0.3894609375 0 0.3992421875
0 0 0.5421923828125 0.0334345703125 0.5404326171875 0.0725400390625 0.5408017578125 0.110064453125 0.5465029296875 0.1353671875 0.552435546875 0.134857421875 0.5415283203125 0.130126953125 0.5376904296875 0.1036201171875 0.5314873046875 0.07088671875 0.5272890625 0.03126953125 0.52715625 0 0.529896484375 0 0.5421923828125
0 0 0.70976171875 0.0410869140625 0.7092900390625 0.091404296875 0.709103515625 0.0933623046875 0.6904970703125 0.0105791015625 0.6927470703125 0 0.693595703125 0 0.70976171875
8 0 1 0.0548232421875 0.9991171875 0.0999150390625 0.99477734375 0.127029296875 0.9904775390625 0.125435546875 0.980431640625 0.131505859375 0.96292578125 0.1412060546875 0.94299609375 0.1439013671875 0.913083984375 0.151431640625 0.90128125 0.1663271484375 0.891525390625 0.167134765625 0.883201171875 0.1599375 0.87516796875 0.146546875 0.863107421875 0.1436552734375 0.8509638671875 0.1520107421875 0.8343037109375 0.169744140625 0.8186865234375 0.1742265625 0.80394921875 0.1948818359375 0.7982490234375 0.2178720703125 0.7877470703125 0.223642578125 0.77700390625 0.236021484375 0.763513671875 0.2511025390625 0.750609375 0.2564619140625 0.7386455078125 0.253376953125 0.72604296875 0.2506171875 0.7098896484375 0.2618916015625 0.6937978515625 0.273052734375 0.669822265625 0.27502734375 0.6564052734375 0.267953125 0.651826171875 0.2624970703125 0.6572099609375 0.2516171875 0.665501953125 0.24083984375 0.673712890625 0.2351416015625 0.67808203125 0.23226953125 0.6722587890625 0.2415341796875 0.656107421875 0.238591796875 0.64571875 0.22807421875 0.6224189453125 0.2219951171875 0.6139052734375 0.246400390625 0.5885615234375 0.24681640625 0.577580078125 0.245587890625 0.5613427734375 0.2416552734375 0.5460234375 0.2523388671875 0.515888671875 0.247462890625 0.508267578125 0.241509765625 0.5037587890625 0.2539296875 0.4636025390625 0.2506279296875 0.450796875 0.2447607421875 0.4508154296875 0.240703125 0.46022265625 0.225552734375 0.506255859375 0.213341796875 0.52866796875 0.2058740234375 0.5275595703125 0.2032421875 0.5212001953125 0.21734375 0.4838818359375 0.212099609375 0.4779296875 0.203765625 0.479373046875 0.192509765625 0.493541015625 0.1867509765625 0.4969453125 0.1812119140625 0.4948876953125 0.185396484375 0.4727333984375 0.192466796875 0.452642578125 0.1914560546875 0.440013671875 0.17829296875 0.4190078125 0.1704765625 0.4144482421875 0.16484375 0.41769921875 0.162568359375 0.4332783203125 0.16095703125 0.460298828125 0.156474609375 0.4844375 0.1473623046875 0.50027734375 0.1373623046875 0.5057099609375 0.1275068359375 0.482654296875 0.1250791015625 0.4523671875 0.1229765625 0.43796484375 0.113703125 0.4362880859375 0.1083544921875 0.441326171875 0.1024716796875 0.4536728515625 0.1024228515625 0.4624716796875 0.1070419921875 0.483625 0.11251953125 0.5166728515625 0.1080458984375 0.5243017578125 0.097591796875 0.5252861328125 0.0943681640625 0.501828125 0.085529296875 0.4892470703125 0.080529296875 0.4768759765625 0.0772138671875 0.464150390625 0.071931640625 0.459775390625 0.0647802734375 0.461146484375 0.060751953125 0.472251953125 0.0622431640625 0.486025390625 0.0704970703125 0.5215595703125 0.07425 0.540125 0.0784130859375 0.561375 0.0734208984375 0.5669443359375 0.056248046875 0.5437763671875 0.0517255859375 0.5248544921875 0.046154296875 0.5167392578125 0.0354482421875 0.5131162109375 0.0256787109375 0.5222578125 0.016572265625 0.505275390625 0.0096591796875 0.487115234375 0.0039833984375 0.4844970703125 0 0.4879755859375 0 0.523734375 0 0.5956904296875 0 1
8 0.958314453125 0.956568359375 0.952869140625 0.94537109375 0.969517578125 0.9370439453125 0.98436328125 0.934595703125 0.995958984375 0.9255322265625 0.9940419921875 0.9155703125 0.982509765625 0.9141689453125 0.9704130859375 0.912896484375 0.975279296875 0.88572265625 0.982111328125 0.8653046875 0.9998271484375 0.863296875 1 0.6058837890625 0.997876953125 0.5749921875 0.9678115234375 0.557728515625 0.9311005859375 0.5507666015625 0.8941552734375 0.54581640625 0.859814453125 0.5451533203125 0.82621875 0.552947265625 0.7911357421875 0.544873046875 0.76208984375 0.547712890625 0.74884765625 0.5545 0.7289033203125 0.5685498046875 0.700873046875 0.5800908203125 0.678130859375 0.5865810546875 0.6609697265625 0.6070654296875 0.659296875 0.6208525390625 0.642189453125 0.6529892578125 0.634169921875 0.6746787109375 0.6291767578125 0.69841015625 0.6153505859375 0.701548828125 0.61114453125 0.7079287109375 0.628369140625 0.7318076171875 0.6268828125 0.7566806640625 0.6349140625 0.7981162109375 0.6485693359375 0.8145810546875 0.6711240234375 0.82671875 0.6843603515625 0.85227734375 0.6921357421875 0.8774853515625 0.7061552734375 0.8946318359375 0.720548828125 0.8968232421875 0.736951171875 0.90426171875 0.7615322265625 0.9014580078125 0.8095849609375 0.8998359375 0.8492197265625 0.95760546875 0.872884765625 0.9617451171875 0.9294755859375 0.961703125 0.958314453125 0.956568359375
0 0.7614140625 0.886158203125 0.7581748046875 0.869556640625 0.751212890625 0.86851953125 0.68573046875 0.8703154296875 0.6225498046875 0.873873046875 0.6219599609375 0.873783203125 0.6259052734375 0.890349609375 0.7614140625 0.886158203125
0 0.6661181640625 0.71679296875 0.72550390625 0.7185263671875 0.72268359375 0.70737109375 0.6640595703125 0.7025166015625 0.61616796875 0.7043603515625 0.5950576171875 0.705859375 0.599583984375 0.7205576171875 0.6661181640625 0.71679296875
0 0.59214453125 0.5678515625 0.619642578125 0.565609375 0.640927734375 0.5652568359375 0.6645087890625 0.56598046875 0.67615625 0.56802734375 0.695802734375 0.57153125 0.6971171875 0.565208984375 0.671138671875 0.55511328125 0.6463515625 0.55298828125 0.620609375 0.5526650390625 0.589455078125 0.556083984375 0.5741123046875 0.558205078125 0.576623046875 0.570521484375 0.59214453125 0.5678515625
0 0.577298828125 0.4366572265625 0.6025390625 0.4341279296875 0.617689453125 0.43309765625 0.6412578125 0.4349921875 0.658416015625 0.43960546875 0.6684794921875 0.443052734375 0.6680439453125 0.434763671875 0.655623046875 0.4296513671875 0.6420908203125 0.4256123046875 0.621052734375 0.42385546875 0.5995693359375 0.424005859375 0.573625 0.42582421875 0.55542578125 0.4300244140625 0.556263671875 0.440021484375 0.577298828125 0.4366572265625
0 0.5572568359375 0.318904296875 0.588509765625 0.3160244140625 0.6097587890625 0.317025390625 0.6293076171875 0.3207255859375 0.6477705078125 0.3287802734375 0.64816796875 0.3243330078125 0.63771875 0.3178994140625 0.625873046875 0.3127490234375 0.6082744140625 0.3089873046875 0.587568359375 0.308822265625 0.570275390625 0.3091943359375 0.5465625 0.3131103515625 0.539232421875 0.3146953125 0.5414833984375 0.3216865234375 0.5572568359375 0.318904296875
4 0.839263671875 0.9564677734375 0.8701005859375 0.9638798828125 0.8814453125 0.970369140625 0.943205078125 0.9731572265625 0.999259765625 0.97762109375 1 0.945041015625 0.99996875 0.8652451171875 0.983720703125 0.86678125 0.98266015625 0.872318359375 0.9583291015625 0.870326171875 0.939724609375 0.8729541015625 0.875716796875 0.8818916015625 0.8256474609375 0.8869892578125 0.7820380859375 0.892884765625 0.7553251953125 0.8955439453125 0.7151904296875 0.9065107421875 0.6964951171875 0.91776953125 0.6873251953125 0.9289033203125 0.6680029296875 0.957998046875 0.839263671875 0.9564677734375
1 1 1 0.9998798828125 0.98054296875 0.87640234375 0.9699892578125 0.8609912109375 0.9624599609375 0.8409638671875 0.9581982421875 0.8204482421875 0.9575322265625 0.6491796875 0.9590595703125 0.5346220703125 0.9679765625 0.43052734375 0.9805185546875 0.3814814453125 0.9914814453125 0.3649306640625 1 1 1
4 0.1321787109375 1 0.3646328125 0.999513671875 0.3733681640625 0.993654296875 0.3839482421875 0.989447265625 0.412515625 0.9833935546875 0.4304423828125 0.979888671875 0.52491015625 0.9682822265625 0.127267578125 0.9840498046875 0.1277314453125 0.9909248046875 0.057015625 1 0.1321787109375 1