2 0.584146484375 0 0.444041015625 0.14575390625 0.3311826171875 0.1160966796875 0.292076171875 0.155203125 0.2896318359375 0.22975 0.209388671875 0.2657412109375 0.2070732421875 0.286451171875 0.2209052734375 0.2846669921875 0.2695390625 0.2877900390625 0.2650771484375 0.3154541015625 0.238306640625 0.328392578125 0.2400908203125 0.36096484375 0.2338447265625 0.380150390625 0.2432138671875 0.4225380859375 0.2601689453125 0.4162919921875 0.26329296875 0.44083203125 0.25570703125 0.467603515625 0.256556640625 0.4903583984375 0.2217548828125 0.5010673828125 0.174458984375 0.5073134765625 0.1499189453125 0.5202529296875 0.094591796875 0.487681640625 0.0624658203125 0.4912509765625 0.038818359375 0.5153447265625 0 0.5178203125 0 0.6881875 0.0177080078125 0.691240234375 0.121111328125 0.6985927734375 0.12809375 0.6809833984375 0.14023828125 0.6645888671875 0.1575439453125 0.64030078125 0.15997265625 0.6339248046875 0.1666787109375 0.626638671875 0.20037890625 0.62269140625 0.2371142578125 0.61844140625 0.269888671875 0.6206494140625 0.28605078125 0.622958984375 0.30059765625 0.6259599609375 0.3169912109375 0.6345029296875 0.3297197265625 0.646509765625 0.336185546875 0.6497421875 0.3389560546875 0.6532060546875 0.3391865234375 0.6573623046875 0.3431123046875 0.6635966796875 0.3500390625 0.67721875 0.3514248046875 0.6896875 0.3520859375 0.70340234375 0.3925205078125 0.70340234375 0.411896484375 0.6772880859375 0.4135810546875 0.5189169921875 0.642015625 0.5155478515625 0.9419091796875 0.5104931640625 0.957072265625 0.6831845703125 0.7615283203125 0.68402734375 0.522287109375 0.678130859375 0.5211708984375 0.7087919921875 0.6262841796875 0.7108134765625 1 0.714123046875 1 0.4695068359375 1 0.001443359375 0.8877255859375 0 0.775095703125 0 0.584146484375 0
9 0.3776123046875 0.2281484375 0.3742236328125 0.187865234375 0.30457421875 0.1946416015625 0.3015625 0.237560546875 0.3776123046875 0.2281484375
9 0.6100234375 0.4359921875 0.607091796875 0.336703125 0.550669921875 0.3407333984375 0.5528681640625 0.438923828125 0.6100234375 0.4359921875
9 0.5023623046875 0.44211328125 0.5010615234375 0.344587890625 0.449482421875 0.3484892578125 0.448615234375 0.4442802734375 0.5023623046875 0.44211328125
9 0.359763671875 0.48839453125 0.3617734375 0.350384765625 0.30348828125 0.357083984375 0.3021484375 0.489064453125 0.359763671875 0.48839453125
9 0.1312099609375 0.6286416015625 0.1357041015625 0.5356259765625 0.072794921875 0.533828125 0.0700986328125 0.6286416015625 0.1312099609375 0.6286416015625
9 0.219732421875 0.6214521484375 0.2228779296875 0.53203125 0.1756962890625 0.53427734375 0.1738984375 0.6259453125 0.219732421875 0.6214521484375
5 0.866033203125 0.6861015625 0.9581806640625 0.68686328125 0.9406796875 0.511095703125 0.41552734375 0.5231416015625 0.4126142578125 0.6800009765625 0.866033203125 0.6861015625
1 0.290619140625 0.6249931640625 0.27023828125 0.621595703125 0.23966796875 0.620140625 0.203009765625 0.6242646484375 0.16904296875 0.6283896484375 0.1639482421875 0.6315439453125 0.16006640625 0.6405205078125 0.1411416015625 0.66623828125 0.1268271484375 0.6875888671875 0.12100390625 0.706755859375 0.1234306640625 0.724224609375 0.1275546875 0.7385390625 0.13410546875 0.74290625 0.1401708984375 0.7412080078125 0.1411416015625 0.73150390625 0.19771484375 0.732958984375 0.2464814453125 0.73611328125 0.2515771484375 0.7421787109375 0.257884765625 0.7499423828125 0.26783203125 0.7509130859375 0.27195703125 0.75115625 0.27656640625 0.742421875 0.27755859375 0.7312607421875 0.29696875 0.7256806640625 0.32972265625 0.717673828125 0.3389423828125 0.724224609375 0.344279296875 0.723982421875 0.3467060546875 0.720828125 0.3488896484375 0.711123046875 0.350587890625 0.6941396484375 0.3491318359375 0.678369140625 0.3435517578125 0.6655107421875 0.3362734375 0.6577470703125 0.3382138671875 0.6545927734375 0.3357880859375 0.6504677734375 0.3280244140625 0.647556640625 0.318076171875 0.6371240234375 0.3018212890625 0.627904296875 0.290619140625 0.6249931640625
8 0 0.5154658203125 0.036408203125 0.5139208984375 0.0630146484375 0.48871484375 0.0945224609375 0.4852138671875 0.1176279296875 0.4992177734375 0.149134765625 0.5181220703125 0.1757412109375 0.5069189453125 0.206548828125 0.50341796875 0.2534599609375 0.490115234375 0.2534599609375 0.4663095703125 0.261861328125 0.4404033203125 0.25766015625 0.4193984375 0.241556640625 0.4271005859375 0.235955078125 0.4025947265625 0.2310546875 0.3787890625 0.23735546875 0.3605849609375 0.2352548828125 0.325576171875 0.26326171875 0.3129736328125 0.267462890625 0.2898681640625 0.24855859375 0.2884677734375 0.22265234375 0.2870673828125 0.2051484375 0.28916796875 0.20794921875 0.2660625 0.221251953125 0.25766015625 0.2198515625 0.22825390625 0.192544921875 0.2289541015625 0.169439453125 0.2310546875 0.1512353515625 0.2163505859375 0.131630859375 0.224052734375 0.1050244140625 0.225453125 0.0833193359375 0.2247529296875 0.0728173828125 0.2289541015625 0.0553134765625 0.215650390625 0.05811328125 0.2002470703125 0.07771875 0.18484375 0.0833193359375 0.173640625 0.0728935546875 0.1596201171875 0.072361328125 0.14259375 0.0936435546875 0.1138623046875 0.0920478515625 0.0957724609375 0.0819384765625 0.0963046875 0.0681044921875 0.1170546875 0.054802734375 0.1314208984375 0.034583984375 0.15004296875 0 0.1516396484375 0 0.5154658203125
6 1 0.7192470703125 0.903859375 0.7192470703125 0.7076552734375 0.7142802734375 0.5147578125 0.7127900390625 0.4874384765625 0.721234375 0.466576171875 0.716267578125 0.4377666015625 0.7108037109375 0.4144208984375 0.71825390625 0.401009765625 0.7152734375 0.3970361328125 0.7048427734375 0.3503447265625 0.7048427734375 0.34915625 0.7154755859375 0.34694921875 0.7235673828125 0.3420458984375 0.727 0.33738671875 0.7255283203125 0.3290498046875 0.7208701171875 0.28001171875 0.732884765625 0.2790302734375 0.7395048828125 0.27682421875 0.74710546875 0.2711845703125 0.7527451171875 0.2618671875 0.7539716796875 0.2552470703125 0.7505380859375 0.244703125 0.7390146484375 0.143876953125 0.734845703125 0.1424052734375 0.7429375 0.136765625 0.744408203125 0.1301455078125 0.74391796875 0.12622265625 0.7395048828125 0.1215634765625 0.7257744140625 0.1202060546875 0.7112998046875 0.0352666015625 0.722724609375 0 0.7281884765625 0 1 1 1 1 0.7192470703125