9 0.067431640625 0.3536259765625 0.1290771484375 0.3536259765625 0.1339609375 0.2835810546875 0.0729599609375 0.283818359375 0.067431640625 0.3536259765625
9 0.05783203125 0.4942587890625 0.1248662109375 0.4935859375 0.127392578125 0.420677734375 0.063052734375 0.422025390625 0.05783203125 0.4942587890625
9 0.176236328125 0.4930693359375 0.233501953125 0.492900390625 0.234849609375 0.4228671875 0.1780888671875 0.4216884765625 0.176236328125 0.4930693359375
9 0.23880859375 0.3530205078125 0.239890625 0.2841767578125 0.183802734375 0.28309375 0.1818544921875 0.3532373046875 0.23880859375 0.3530205078125
9 0.227546875 0.64083203125 0.2284130859375 0.56679296875 0.1695107421875 0.566142578125 0.1690771484375 0.63975 0.227546875 0.64083203125
9 0.1203525390625 0.5636220703125 0.054302734375 0.5634052734375 0.0502060546875 0.6387080078125 0.1158046875 0.63939453125 0.1203525390625 0.5636220703125
9 0.4522998046875 0.6457275390625 0.517259765625 0.64732421875 0.5175263671875 0.5715654296875 0.452521484375 0.5699111328125 0.4522998046875 0.6457275390625
9 0.3386181640625 0.6438642578125 0.4027802734375 0.6454609375 0.4043779296875 0.569607421875 0.3402158203125 0.56854296875 0.3386181640625 0.6438642578125
9 0.404111328125 0.4965283203125 0.405708984375 0.42519921875 0.3436767578125 0.424400390625 0.3423193359375 0.4965419921875 0.404111328125 0.4965283203125
9 0.4541630859375 0.497859375 0.515396484375 0.498923828125 0.5167275390625 0.425998046875 0.4540185546875 0.424072265625 0.4541630859375 0.497859375
9 0.4565595703125 0.3554853515625 0.51805859375 0.356017578125 0.518591796875 0.2854873046875 0.4568251953125 0.2846884765625 0.4565595703125 0.3554853515625
9 0.34660546875 0.283357421875 0.343943359375 0.3536220703125 0.4059755859375 0.353888671875 0.4062412109375 0.28415625 0.34660546875 0.283357421875
8 1 0.0220810546875 0.989095703125 0.02698828125 0.9817333984375 0.0386416015625 0.9725302734375 0.0545888671875 0.9676220703125 0.0613359375 0.969462890625 0.076056640625 0.9670087890625 0.099365234375 0.94798828125 0.12083203125 0.9351044921875 0.1392333984375 0.9277412109375 0.158248046875 0.924673828125 0.186462890625 0.9265146484375 0.1968896484375 0.91117578125 0.222037109375 0.90197265625 0.247185546875 0.906880859375 0.2582265625 0.9044267578125 0.276626953125 0.9105625 0.2833740234375 0.90197265625 0.2919609375 0.8958369140625 0.2974814453125 0.8958369140625 0.31894921875 0.8989052734375 0.3207890625 0.8860205078125 0.3369130859375 0.871294921875 0.3473408203125 0.8688408203125 0.369421875 0.8633193359375 0.3804619140625 0.8535029296875 0.3902763671875 0.8547294921875 0.4068369140625 0.84798046875 0.4240107421875 0.8442998046875 0.4516123046875 0.8473671875 0.497396484375 0.8553427734375 0.526837890625 0.86638671875 0.5372646484375 0.87436328125 0.5617998046875 0.9179248046875 0.584494140625 0.9498291015625 0.60289453125 0.9600478515625 0.6100126953125 0.9634736328125 0.618990234375 0.9621005859375 0.6216904296875 0.9498291015625 0.6474521484375 0.9504423828125 0.668306640625 0.9455341796875 0.6799599609375 0.9271279296875 0.6768935546875 0.9124033203125 0.667693359375 0.90197265625 0.6640126953125 0.88356640625 0.666466796875 0.8584111328125 0.6799599609375 0.8541162109375 0.6787333984375 0.83877734375 0.6891611328125 0.8326416015625 0.700201171875 0.8347236328125 0.73114453125 1 0.7348486328125 1 0.0220810546875
2 0 0.7141708984375 0.503318359375 0.71834375 0.5276640625 0.7232119140625 0.835400390625 0.730513671875 0.83418359375 0.6953740234375 0.8200244140625 0.2301953125 0.53475390625 0.2319599609375 0 0.22962890625 0 0.7141708984375
6 1 0.770439453125 0.6317451171875 0.7578974609375 0.1436494140625 0.7401298828125 0.14443359375 0.7171357421875 0 0.71661328125 0 1 1 1 1 0.770439453125