9 0.294447265625 0.06588671875 0.32829296875 0.0775927734375 0.3257265625 0.0397490234375 0.2925224609375 0.02649609375 0.294447265625 0.06588671875
9 0.20401953125 0 0.2044345703125 0.0434306640625 0.2534990234375 0.064421875 0.2515791015625 0.014333984375 0.2149892578125 0 0.20401953125 0
9 0.1786552734375 0.213560546875 0.252875 0.233720703125 0.2530830078125 0.233720703125 0.2483017578125 0.1593154296875 0.178240234375 0.134998046875 0.1786552734375 0.213560546875
9 0.3046416015625 0.2137685546875 0.3401923828125 0.22312109375 0.33915234375 0.184462890625 0.3012099609375 0.171669921875 0.3046416015625 0.2137685546875
9 0.1869716796875 0.4170634765625 0.268259765625 0.4293251953125 0.2566171875 0.3216806640625 0.183853515625 0.3044306640625 0.1869716796875 0.4170634765625
9 0.316076171875 0.380484375 0.3557841796875 0.386095703125 0.35225 0.3360068359375 0.3135810546875 0.326654296875 0.316076171875 0.380484375
9 0.192509765625 0.63701171875 0.2720009765625 0.6355302734375 0.266595703125 0.50287109375 0.1890498046875 0.4939345703125 0.192509765625 0.63701171875
9 0.32841015625 0.55701953125 0.3697578125 0.5612822265625 0.364009765625 0.5012265625 0.3245166015625 0.49548046875 0.32841015625 0.55701953125
9 0.182861328125 0.819951171875 0.2726015625 0.813265625 0.268892578125 0.7003955078125 0.1808408203125 0.7005625 0.182861328125 0.819951171875
9 0.4052822265625 0.75999609375 0.4436884765625 0.7580380859375 0.4385009765625 0.7128759765625 0.4011484375 0.713443359375 0.4052822265625 0.75999609375
9 0.358171875 0.759669921875 0.38254296875 0.758908203125 0.3791708984375 0.7137705078125 0.3558876953125 0.7132265625 0.358171875 0.759669921875
9 0.541296875 0.7887080078125 0.5967958984375 0.7857353515625 0.5850439453125 0.7010888671875 0.531955078125 0.70076953125 0.541296875 0.7887080078125
9 0.4907431640625 0.639544921875 0.5409248046875 0.6412802734375 0.5272646484375 0.533888671875 0.4798828125 0.52809375 0.4907431640625 0.639544921875
9 0.679236328125 0.622708984375 0.718384765625 0.623921875 0.704908203125 0.546830078125 0.6660478515625 0.5422861328125 0.679236328125 0.622708984375
9 0.7098603515625 0.7917080078125 0.7490673828125 0.7895400390625 0.732806640625 0.7022802734375 0.695947265625 0.7022802734375 0.7098603515625 0.7917080078125
9 0.83048046875 0.6338232421875 0.857998046875 0.634462890625 0.843439453125 0.5631171875 0.8167216796875 0.5616767578125 0.83048046875 0.6338232421875
9 0.79983203125 0.494564453125 0.8283310546875 0.4986357421875 0.8143720703125 0.4362158203125 0.7862607421875 0.4309814453125 0.79983203125 0.494564453125
9 0.77249609375 0.3681982421875 0.79983203125 0.3747890625 0.78936328125 0.3197353515625 0.762220703125 0.31159375 0.77249609375 0.3681982421875
9 0.7469765625 0.2505 0.78433984375 0.2627783203125 0.7748681640625 0.2057744140625 0.7361015625 0.189287109375 0.7469765625 0.2505
9 0.6074296875 0.196607421875 0.642669921875 0.208931640625 0.6346845703125 0.156857421875 0.60014453125 0.141984375 0.6074296875 0.196607421875
9 0.628955078125 0.3263525390625 0.664890625 0.3357255859375 0.6562109375 0.2756669921875 0.6195810546875 0.262822265625 0.628955078125 0.3263525390625
9 0.652 0.46801953125 0.690583984375 0.4752333984375 0.6804306640625 0.4054921875 0.6407001953125 0.39622265625 0.652 0.46801953125
9 0.4704462890625 0.4621064453125 0.52058203125 0.469533203125 0.506740234375 0.37923046875 0.4604873046875 0.3692724609375 0.4704462890625 0.4621064453125
9 0.452046875 0.290369140625 0.4923916015625 0.3016787109375 0.4903662109375 0.238888671875 0.447033203125 0.2248037109375 0.452046875 0.290369140625
9 0.4326337890625 0.1357998046875 0.4748359375 0.149978515625 0.4723037109375 0.112337890625 0.4299326171875 0.093771484375 0.4326337890625 0.1357998046875
0 0.55725390625 0.1808603515625 0.5545380859375 0.1495322265625 0.5656298828125 0.1420458984375 0.5661845703125 0.135392578125 0.561470703125 0.133173828125 0.5534296875 0.1370556640625 0.22291015625 0.00003125 0.1682939453125 0 0.15212109375 0.0077197265625 0.154197265625 0.0590673828125 0.174400390625 0.032669921875 0.55725390625 0.1808603515625
0 0.584908203125 0.28380859375 0.5851484375 0.2739814453125 0.4303037109375 0.224609375 0.1668369140625 0.146470703125 0.16204296875 0.1474296875 0.1428671875 0.17451171875 0.143826171875 0.183859375 0.1505380859375 0.18721484375 0.155091796875 0.192966796875 0.1562900390625 0.1965615234375 0.1572490234375 0.2347822265625 0.176904296875 0.213451171875 0.576998046875 0.325271484375 0.5724443359375 0.290279296875 0.584908203125 0.28380859375
0 0.6105185546875 0.43570703125 0.6105185546875 0.4272470703125 0.388841796875 0.3820703125 0.17668359375 0.33805859375 0.148931640625 0.3631005859375 0.149439453125 0.3737607421875 0.159931640625 0.377990234375 0.1629775390625 0.43092578125 0.1849755859375 0.4163740234375 0.6025654296875 0.483759765625 0.5973193359375 0.441966796875 0.6105185546875 0.43570703125
0 0.6378798828125 0.6070849609375 0.6373076171875 0.5973701171875 0.4929072265625 0.5871630859375 0.2217060546875 0.562400390625 0.1762490234375 0.5614482421875 0.151673828125 0.57497265625 0.1520546875 0.5864013671875 0.159484375 0.588115234375 0.1663427734375 0.597068359375 0.1663427734375 0.651736328125 0.19244140625 0.6441171875 0.6026201171875 0.6580693359375 0.6021875 0.6581630859375 0.6300693359375 0.66080078125 0.625306640625 0.61089453125 0.6378798828125 0.6070849609375
9 0.840056640625 0.276455078125 0.856490234375 0.2735009765625 0.8551982421875 0.2579912109375 0.8365478515625 0.2509755859375 0.840056640625 0.276455078125
9 0.863876953125 0.38647265625 0.8732939453125 0.3837041015625 0.871078125 0.3611787109375 0.8607373046875 0.358962890625 0.863876953125 0.38647265625
9 0.8975712890625 0.5173017578125 0.9092509765625 0.51493359375 0.8993076171875 0.465376953125 0.8854169921875 0.4650615234375 0.8975712890625 0.5173017578125
0 1 0.510546875 0.924392578125 0.4967529296875 0.89151953125 0.5020361328125 0.904140625 0.5522216796875 0.9364267578125 0.5445908203125 1 0.55515625 1 0.510546875
0 1 0.4075703125 0.897095703125 0.37616796875 0.8642490234375 0.3850078125 0.8630478515625 0.3899609375 0.875962890625 0.43222265625 0.905607421875 0.4216572265625 1 0.4463095703125 1 0.4075703125
0 1 0.31420703125 0.8618974609375 0.264736328125 0.835763671875 0.27640625 0.8474345703125 0.3197890625 0.876359375 0.3086259765625 1 0.3535302734375 1 0.31420703125
9 0.9239501953125 0.6258544921875 0.93605078125 0.6245732421875 0.928220703125 0.581015625 0.9151240234375 0.5805888671875 0.9239501953125 0.6258544921875
0 1 0.630955078125 0.95309765625 0.62816796875 0.927306640625 0.631884765625 0.9400859375 0.671611328125 0.9672705078125 0.6695205078125 1 0.6706826171875 1 0.630955078125
8 0.3501943359375 1 0.6239248046875 0.9472314453125 0.622513671875 0.9138994140625 0.620162109375 0.903552734375 0.6220439453125 0.8894443359375 0.6140478515625 0.8339521484375 0.6196923828125 0.8292490234375 0.6394453125 0.8278388671875 0.63568359375 0.7864541015625 0.5895908203125 0.7845732421875 0.5073759765625 0.788083984375 0 0.8328212890625 0 1 0.3501943359375 1
8 1 0.7021298828125 0.9856064453125 0.7009609375 0.9809326171875 0.7018369140625 0.9809326171875 0.68927734375 0.9768427734375 0.6848955078125 0.9753818359375 0.6705830078125 0.9809326171875 0.6551025390625 0.9753818359375 0.6445869140625 0.98034765625 0.6250166015625 0.9876513671875 0.6188828125 0.9856064453125 0.608951171875 0.9826845703125 0.6083671875 0.98034765625 0.5908408203125 0.9794716796875 0.587919921875 0.9753818359375 0.5844150390625 0.9718759765625 0.586751953125 0.9636962890625 0.5867216796875 0.960775390625 0.5802958984375 0.9616513671875 0.57854296875 0.96544921875 0.575330078125 0.96019140625 0.5721171875 0.952595703125 0.5683203125 0.9461689453125 0.55371484375 0.9397421875 0.54466015625 0.9315625 0.5411552734375 0.92075390625 0.5513779296875 0.89241796875 0.5560517578125 0.887744140625 0.553130859375 0.882193359375 0.5417392578125 0.863263671875 0.537208984375 0.84100390625 0.51340625 0.832240234375 0.5020146484375 0.834869140625 0.4967568359375 0.836330078125 0.48974609375 0.8272734375 0.4920830078125 0.8176337890625 0.495587890625 0.8021513671875 0.495587890625 0.7980615234375 0.5011376953125 0.8001064453125 0.51077734375 0.79338671875 0.5210009765625 0.798353515625 0.5370654296875 0.7989375 0.549333984375 0.7913427734375 0.5575126953125 0.784623046875 0.57065625 0.7802412109375 0.5691962890625 0.7586240234375 0.56043359375 0.75833203125 0.56802734375 0.76505078125 0.5861376953125 0.7554111328125 0.5972373046875 0.749568359375 0.5986982421875 0.7464638671875 0.6180595703125 0.737115234375 0.6195205078125 0.7298125 0.6101728515625 0.719587890625 0.6049150390625 0.71082421875 0.6022861328125 0.7070263671875 0.6002421875 0.703658203125 0.6001884765625 0.699568359375 0.5917177734375 0.6975234375 0.5908408203125 0.69197265625 0.5896728515625 0.6884677734375 0.596390625 0.6761982421875 0.59901953125 0.6747373046875 0.612748046875 0.6686025390625 0.6188828125 0.6566259765625 0.6209267578125 0.6539970703125 0.6223876953125 0.652244140625 0.628521484375 0.6431875 0.62910546875 0.635884765625 0.6288134765625 0.644064453125 0.6407890625 0.660130859375 0.6568544921875 0.646109375 0.6530576171875 0.654873046875 0.66065234375 0.65691796875 0.66444921875 0.656333984375 0.667078125 0.6557490234375 0.669123046875 0.6423115234375 0.6711669921875 0.6396826171875 0.672919921875 0.6329638671875 0.67350390625 0.627705078125 0.6810986328125 0.6201103515625 0.68548046875 0.6268291015625 0.68927734375 0.6350087890625 0.6916142578125 0.6309189453125 0.6968720703125 0.633255859375 0.7038818359375 0.6361767578125 0.7143974609375 0.6446484375 0.7152734375 0.6645126953125 0.7313388671875 0.6840859375 0.7392255859375 0.68671484375 0.7412705078125 0.70307421875 0.7573359375 0.6957705078125 0.76230078125 0.6864228515625 0.7611328125 0.672400390625 0.764345703125 0.6691875 0.761716796875 0.6706474609375 0.752078125 0.6612998046875 0.748572265625 0.658962890625 0.75178515625 0.6531201171875 0.755875 0.646693359375 0.75178515625 0.642603515625 0.752078125 0.634423828125 0.7549990234375 0.635884765625 0.7611328125 0.638513671875 0.76755859375 0.6370537109375 0.7777822265625 0.64727734375 0.7874208984375 0.644064453125 0.7932626953125 0.646109375 0.7988125 0.6580859375 0.803486328125 0.6592548828125 0.809876953125 0.665681640625 0.815134765625 0.6686025390625 0.8206845703125 0.6756142578125 0.8206845703125 0.6814560546875 0.8192236328125 0.6896357421875 0.8192236328125 0.701029296875 0.820392578125 0.7065791015625 0.817763671875 0.7322861328125 0.81834765625 0.7410498046875 0.8206845703125 0.7451396484375 0.826234375 0.7407578125 0.8291552734375 0.7579931640625 0.9205810546875 0.9368212890625 0.8883291015625 0.9400341796875 0.8766455078125 0.944416015625 0.8766455078125 0.9528876953125 0.8804423828125 0.95055078125 0.8804423828125 1 0.880734375 1 0.7838798828125 1 0.7021298828125
3 1 0.7915380859375 0.7462978515625 0.81979296875 0.7442158203125 0.8255986328125 0.740232421875 0.8206005859375 0.7323427734375 0.8189599609375 0.7059033203125 0.8188818359375 0.7022314453125 0.8207568359375 0.698138671875 0.8211650390625 0.6945 0.8236240234375 0.6946962890625 0.8266728515625 0.6404501953125 0.8314921875 0.64030859375 0.828443359375 0.6202431640625 0.830115234375 0.6153251953125 0.8344423828125 0.623095703125 0.8888466796875 0.621029296875 0.9040908203125 0.623193359375 0.9129423828125 0.6248662109375 0.9479716796875 0.35442578125 1 0.5259638671875 1 0.730001953125 0.9570673828125 0.9443642578125 0.904435546875 0.9800908203125 0.90778515625 1 0.913345703125 1 0.7915380859375
6 1 0.91580078125 0.98194921875 0.910091796875 0.9453134765625 0.90562109375 0.5286572265625 1 1 1 1 0.91580078125
2 0 0 0 0.831912109375 0.4742138671875 0.7903046875 0.50603125 0.787400390625 0.5607958984375 0.7851025390625 0.5900498046875 0.783943359375 0.6358046875 0.7859052734375 0.64008984375 0.827578125 0.64125 0.8306103515625 0.6369775390625 0.8312236328125 0.64241796875 0.872208984375 0.644736328125 0.87194140625 0.6470556640625 0.8653427734375 0.656025390625 0.935126953125 0.711341796875 0.9268037109375 0.695767578125 0.826384765625 0.6944384765625 0.8237685546875 0.7401201171875 0.81802734375 1 0.7902763671875 1 0.7014501953125 1 0.2628935546875 0.9988828125 0.2410068359375 1 0.2132099609375 0.955619140625 0.2173818359375 0.9590322265625 0.1950078125 0.92869140625 0.1828720703125 0.882421875 0.1866650390625 0.8543564453125 0.174529296875 0.857390625 0.141158203125 0.8115 0.127126953125 0.7747119140625 0.1377451171875 0.772056640625 0.1210595703125 0.776607421875 0.0952724609375 0.705306640625 0.0687275390625 0.65676171875 0.082 0.6431083984375 0.0770703125 0.6434873046875 0.056212890625 0.6503134765625 0.037630859375 0.579392578125 0.0004677734375 0.531984375 0.0175322265625 0.489666015625 0 0 0