2 0 0 0 0.8253232421875 0.0940087890625 0.827392578125 0.2178759765625 0.8230830078125 0.23928125 0.8221611328125 0.2466279296875 0.818177734375 0.2692177734375 0.814751953125 0.2811357421875 0.8177373046875 0.2855908203125 0.824951171875 0.286974609375 0.8580576171875 0.325447265625 0.8600673828125 0.326408203125 0.865744140625 0.32671875 0.8693037109375 0.3232265625 0.873984375 0.324650390625 0.889279296875 0.3826123046875 0.8868330078125 0.3897373046875 0.884775390625 0.3938759765625 0.8647626953125 0.404857421875 0.8581650390625 0.427466796875 0.8622333984375 0.426978515625 0.8716025390625 0.535654296875 0.8858251953125 0.537142578125 0.893013671875 0.562818359375 0.8883623046875 0.5905107421875 0.8825810546875 0.590060546875 0.8713359375 0.587365234375 0.85928125 0.5795625 0.8445146484375 0.5743017578125 0.804611328125 0.5609501953125 0.7702626953125 0.5615390625 0.76256640625 0.571517578125 0.7586162109375 0.706306640625 0.75851171875 0.7811533203125 0.7613017578125 0.9063837890625 0.76265234375 0.9995009765625 0.7623349609375 1 0.4461884765625 0.9998232421875 0.4201796875 0.999072265625 0.4112529296875 0.9731787109375 0.3997802734375 0.945478515625 0.4070380859375 0.9480634765625 0.4216669921875 0.919916015625 0.413623046875 0.8560361328125 0.4253056640625 0.82642578125 0.414513671875 0.8238251953125 0.397380859375 0.8238701171875 0.383208984375 0.831958984375 0.3776962890625 0.7644296875 0.3469267578125 0.7439599609375 0.3536796875 0.7455615234375 0.34919921875 0.753419921875 0.341671875 0.7005908203125 0.317134765625 0.703671875 0.3158974609375 0.639603515625 0.2792841796875 0.636169921875 0.274984375 0.6370283203125 0.2565546875 0.439623046875 0 0 0
9 0.241923828125 0.0547666015625 0.2433046875 0.035990234375 0.1640986328125 0 0.1640625 0.018642578125 0.241923828125 0.0547666015625
9 0.3129873046875 0.0866982421875 0.313658203125 0.0643515625 0.2672275390625 0.04345703125 0.265912109375 0.0640576171875 0.3129873046875 0.0866982421875
9 0.3510478515625 0.099490234375 0.351548828125 0.085158203125 0.3191162109375 0.0694013671875 0.319349609375 0.091271484375 0.3510478515625 0.099490234375
9 0.39631640625 0.129478515625 0.3976484375 0.1070556640625 0.358546875 0.088765625 0.357158203125 0.1009501953125 0.39631640625 0.129478515625
9 0.4701689453125 0.1695400390625 0.468396484375 0.15173828125 0.414251953125 0.1251259765625 0.4142734375 0.13984375 0.4701689453125 0.1695400390625
9 0.1869638671875 0.22848046875 0.190185546875 0.14458203125 0.085431640625 0.1008232421875 0.07907421875 0.188841796875 0.1869638671875 0.22848046875
9 0.4572275390625 0.2883837890625 0.45769921875 0.293787109375 0.4560078125 0.3007646484375 0.4504853515625 0.30972265625 0.4512666015625 0.335576171875 0.5246689453125 0.36201171875 0.5222578125 0.2814091796875 0.4511328125 0.2537880859375 0.451041015625 0.284615234375 0.4572275390625 0.2883837890625
9 0.6998125 0.3477763671875 0.6999443359375 0.329376953125 0.6810029296875 0.32241796875 0.680701171875 0.3406494140625 0.6998125 0.3477763671875
9 0.7323642578125 0.3618056640625 0.7318505859375 0.34317578125 0.7133046875 0.33625 0.71308203125 0.354068359375 0.7323642578125 0.3618056640625
9 0.788751953125 0.385474609375 0.7884609375 0.367841796875 0.7705009765625 0.3599755859375 0.771181640625 0.37818359375 0.788751953125 0.385474609375
9 0.814884765625 0.3963681640625 0.8139921875 0.3789921875 0.7981533203125 0.3723642578125 0.799037109375 0.389560546875 0.814884765625 0.3963681640625
9 0.9817275390625 0.51438671875 0.978599609375 0.4867333984375 0.9563662109375 0.4899677734375 0.958025390625 0.5069697265625 0.9817275390625 0.51438671875
9 0.943923828125 0.5944677734375 0.937693359375 0.5472919921875 0.918091796875 0.5403349609375 0.9231103515625 0.591396484375 0.943923828125 0.5944677734375
9 0.961603515625 0.692005859375 0.955662109375 0.641423828125 0.929259765625 0.638921875 0.9358037109375 0.6906220703125 0.961603515625 0.692005859375
9 0.178009765625 0.4021513671875 0.18253125 0.3063330078125 0.070939453125 0.2725224609375 0.063646484375 0.3734248046875 0.178009765625 0.4021513671875
9 0.1698603515625 0.59165234375 0.1747763671875 0.48513671875 0.0547177734375 0.4625400390625 0.0455771484375 0.5755537109375 0.1698603515625 0.59165234375
9 0.3417080078125 0.4266083984375 0.3426953125 0.3927841796875 0.2735927734375 0.379111328125 0.273802734375 0.4211474609375 0.3417080078125 0.4266083984375
9 0.5194296875 0.4847158203125 0.517658203125 0.41140625 0.4549072265625 0.3936220703125 0.4560400390625 0.472380859375 0.5194296875 0.4847158203125
9 0.6295498046875 0.5207119140625 0.623521484375 0.4489228515625 0.5714140625 0.4368359375 0.5745703125 0.50723828125 0.6295498046875 0.5207119140625
9 0.6259345703125 0.650708984375 0.6236982421875 0.5787177734375 0.578013671875 0.5746201171875 0.580265625 0.647408203125 0.6259345703125 0.650708984375
9 0.5278037109375 0.8017236328125 0.527359375 0.71483203125 0.456865234375 0.712994140625 0.4573134765625 0.8030537109375 0.5278037109375 0.8017236328125
9 0.977455078125 0.791916015625 0.96958984375 0.7389453125 0.94243359375 0.73984375 0.9493642578125 0.7927666015625 0.977455078125 0.791916015625
9 0.8573974609375 0.6410595703125 0.8395751953125 0.6381298828125 0.844587890625 0.67906640625 0.8619658203125 0.6801083984375 0.8573974609375 0.6410595703125
0 0.2757685546875 0.2355302734375 0.27075 0.2432197265625 0.27008203125 0.2734345703125 0.431013671875 0.3299638671875 0.429626953125 0.309341796875 0.430833984375 0.299876953125 0.4382216796875 0.295205078125 0.4380263671875 0.2855615234375 0.4350791015625 0.2802744140625 0.4343271484375 0.27664453125 0.4269453125 0.2794169921875 0.279310546875 0.2208134765625 0.2781298828125 0.2296767578125 0.2757685546875 0.2355302734375
0 0.2721943359375 0.421615234375 0.312751953125 0.42339453125 0.3566806640625 0.4303486328125 0.3798056640625 0.4387197265625 0.3898359375 0.444572265625 0.3898193359375 0.439654296875 0.3827783203125 0.4344931640625 0.36062890625 0.4243134765625 0.3413916015625 0.4196630859375 0.3000439453125 0.4138984375 0.2741123046875 0.41315234375 0.272599609375 0.4194677734375 0.2721943359375 0.421615234375
9 0.297109375 0.6060859375 0.2974150390625 0.5355947265625 0.2685693359375 0.5327177734375 0.2683662109375 0.6041953125 0.297109375 0.6060859375
0 0.274681640625 0.6035869140625 0.3574541015625 0.6141591796875 0.39501953125 0.618287109375 0.394310546875 0.611021484375 0.3900791015625 0.6070595703125 0.3475029296875 0.6028798828125 0.3001171875 0.5973779296875 0.26914453125 0.5931240234375 0.2705 0.5988916015625 0.274681640625 0.6035869140625
0 0.806873046875 0.6750458984375 0.9120546875 0.6881220703125 0.90878515625 0.6818408203125 0.898162109375 0.6801923828125 0.84038671875 0.672263671875 0.7978974609375 0.666583984375 0.729330078125 0.657845703125 0.6815703125 0.6513203125 0.6490029296875 0.648458984375 0.6493916015625 0.6562490234375 0.806873046875 0.6750458984375
0 0.667673828125 0.5301904296875 0.749197265625 0.5503955078125 0.8101455078125 0.564623046875 0.865259765625 0.5777978515625 0.8934404296875 0.583580078125 0.8919853515625 0.5792001953125 0.8529208984375 0.570056640625 0.7612734375 0.5484658203125 0.658791015625 0.5247373046875 0.639607421875 0.52069921875 0.6405888671875 0.5260849609375 0.667673828125 0.5301904296875
7 0.6794716796875 0.82828125 0.670125 0.6958740234375 0.6694990234375 0.6904033203125 0.6685146484375 0.6836962890625 0.6599423828125 0.56988671875 0.6549814453125 0.5073291015625 0.6637314453125 0.49946484375 0.66884765625 0.5034951171875 0.6806015625 0.5078466796875 0.6899658203125 0.5075888671875 0.696685546875 0.503529296875 0.700869140625 0.4974375 0.701955078125 0.4902646484375 0.7002158203125 0.484279296875 0.6936015625 0.4784814453125 0.68337890625 0.4763310546875 0.6729013671875 0.4790390625 0.66748828125 0.484314453125 0.6617783203125 0.4945947265625 0.65166796875 0.5014228515625 0.6491787109375 0.5060673828125 0.6608896484375 0.6853525390625 0.6597470703125 0.691177734375 0.660625 0.6957578125 0.6715341796875 0.8274775390625 0.6794716796875 0.82828125
1 0.414798828125 1 0.4168095703125 0.9846181640625 0.4168818359375 0.966501953125 0.411638671875 0.9561728515625 0.4106865234375 0.9420546875 0.407384765625 0.93499609375 0.3788984375 0.9176103515625 0.327263671875 0.902134765625 0.27723828125 0.89189453125 0.2382998046875 0.887748046875 0.2278125 0.8802099609375 0.19771484375 0.859916015625 0.1662001953125 0.8465703125 0.117951171875 0.83459375 0.0837998046875 0.8295390625 0.0322294921875 0.828767578125 0.0000927734375 0.8301025390625 0.0000927734375 1 0.414798828125 1
1 0.6139052734375 0.936478515625 0.61798046875 0.9412587890625 0.6253955078125 0.9489052734375 0.6323154296875 0.952359375 0.6409296875 0.95384765625 0.6501455078125 0.95362109375 0.6533232421875 0.9511826171875 0.6560302734375 0.9452080078125 0.706046875 0.9578681640625 0.7209794921875 0.9621748046875 0.7500888671875 0.964046875 0.7522236328125 0.974201171875 0.7543564453125 0.9800849609375 0.757509765625 0.98234375 0.769296875 0.9857822265625 0.7818369140625 0.9840888671875 0.7917578125 0.9812001953125 0.7968017578125 0.97604296875 0.8014404296875 0.966646484375 0.8023251953125 0.9542568359375 0.89040625 0.9329296875 0.8906796875 0.940876953125 0.8942578125 0.94806640625 0.8980615234375 0.9523447265625 0.906623046875 0.952826171875 0.9178876953125 0.94940625 0.92159765625 0.9443505859375 0.923716796875 0.9372255859375 0.924583984375 0.92486328125 0.940154296875 0.9148779296875 0.941357421875 0.9107587890625 0.940193359375 0.901419921875 0.9372041015625 0.8965751953125 0.9355888671875 0.8726435546875 0.9324248046875 0.8457275390625 0.92676953125 0.8251044921875 0.919169921875 0.8101982421875 0.9131337890625 0.7911572265625 0.9045859375 0.7813984375 0.8967724609375 0.7778564453125 0.8786748046875 0.7780517578125 0.87861328125 0.77495703125 0.8780341796875 0.7702705078125 0.853638671875 0.7677802734375 0.797046875 0.76374609375 0.77562890625 0.76409765625 0.7678505859375 0.7665361328125 0.711296875 0.76374609375 0.7089150390625 0.7659970703125 0.7086630859375 0.770498046875 0.696181640625 0.771427734375 0.6853525390625 0.7742158203125 0.6813486328125 0.7784541015625 0.675818359375 0.7827783203125 0.6682548828125 0.7897197265625 0.6487705078125 0.813337890625 0.645021484375 0.811337890625 0.6405322265625 0.810962890625 0.6367216796875 0.813814453125 0.6344658203125 0.8203037109375 0.6348603515625 0.8264453125 0.6356767578125 0.8308935546875 0.6187919921875 0.84343359375 0.6059677734375 0.8583671875 0.603984375 0.86742578125 0.600357421875 0.88316015625 0.5988017578125 0.91044921875 0.6001083984375 0.9208642578125 0.604546875 0.9299970703125 0.6092275390625 0.9348408203125 0.6139052734375 0.936478515625
1 1 0.8071513671875 0.9854443359375 0.8052763671875 0.955515625 0.8046669921875 0.9363955078125 0.804287109375 0.91933203125 0.80644140625 0.92023828125 0.8097646484375 0.928609375 0.8284951171875 0.9333525390625 0.8443818359375 0.935822265625 0.8645302734375 0.9381484375 0.896189453125 0.9411044921875 0.9019287109375 0.9415146484375 0.914310546875 0.931072265625 0.9237607421875 0.9338466796875 0.9268955078125 0.9417451171875 0.9286650390625 0.9523935546875 0.9291142578125 0.96132421875 0.9250556640625 0.965984375 0.9199189453125 0.9678974609375 0.915447265625 0.9684970703125 0.9100185546875 1 0.9108896484375 1 0.8071513671875
8 0.4423818359375 0.9958544921875 0.4562294921875 0.999818359375 0.51010546875 0.9998193359375 0.5399091796875 0.9945986328125 0.5520927734375 0.9909326171875 0.55993359375 0.9885322265625 0.56413671875 0.990326171875 0.5735302734375 0.988443359375 0.57903125 0.985716796875 0.58810546875 0.9818876953125 0.6051416015625 0.97690625 0.6045849609375 0.9739326171875 0.602982421875 0.9723896484375 0.6007109375 0.97286328125 0.5933916015625 0.973734375 0.5907744140625 0.96642578125 0.5884697265625 0.9623896484375 0.5853505859375 0.959310546875 0.579546875 0.9578134765625 0.5754580078125 0.9579873046875 0.5727060546875 0.9586591796875 0.568025390625 0.9585595703125 0.5583955078125 0.9559248046875 0.5537763671875 0.95359375 0.554134765625 0.9484111328125 0.550869140625 0.945474609375 0.5434921875 0.9431181640625 0.5408125 0.9342119140625 0.5380927734375 0.9223203125 0.5292138671875 0.8349892578125 0.5254423828125 0.789134765625 0.525509765625 0.7796435546875 0.52939453125 0.768068359375 0.5291005859375 0.7639296875 0.5247294921875 0.7493349609375 0.52415234375 0.7363330078125 0.5255458984375 0.7302158203125 0.53057421875 0.724013671875 0.5319306640625 0.715783203125 0.5245390625 0.6966904296875 0.529009765625 0.6682705078125 0.53041015625 0.6553203125 0.5342255859375 0.66040234375 0.5383857421875 0.66263671875 0.5400390625 0.6598232421875 0.534755859375 0.654728515625 0.538564453125 0.651591796875 0.550353515625 0.6506279296875 0.5544580078125 0.648396484375 0.55726171875 0.6436328125 0.5557568359375 0.640955078125 0.5534990234375 0.6413125 0.549341796875 0.6454990234375 0.54167578125 0.64690625 0.53940234375 0.6463974609375 0.540861328125 0.643486328125 0.540611328125 0.6418671875 0.5399951171875 0.6409169921875 0.538615234375 0.6409814453125 0.5376943359375 0.6388203125 0.5405859375 0.6348974609375 0.540763671875 0.6333125 0.540482421875 0.632318359375 0.538994140625 0.631986328125 0.5357783203125 0.634107421875 0.53546875 0.6321201171875 0.536921875 0.6303798828125 0.5433916015625 0.623671875 0.5443837890625 0.62064453125 0.5441259765625 0.618845703125 0.543095703125 0.6176416015625 0.542255859375 0.6179697265625 0.541625 0.62138671875 0.537349609375 0.6253447265625 0.5329833984375 0.630306640625 0.5313125 0.632462890625 0.53090234375 0.6270263671875 0.530560546875 0.6152626953125 0.537068359375 0.6164013671875 0.5405966796875 0.61519140625 0.5442158203125 0.61263671875 0.547966796875 0.610568359375 0.5548662109375 0.615716796875 0.559134765625 0.6179638671875 0.562845703125 0.61826171875 0.56798828125 0.618693359375 0.5733017578125 0.6179169921875 0.5772822265625 0.6167939453125 0.57851171875 0.6138701171875 0.5780927734375 0.610009765625 0.57662109375 0.6091279296875 0.5753564453125 0.6096064453125 0.5726328125 0.61391796875 0.569322265625 0.616544921875 0.563234375 0.6163232421875 0.5566845703125 0.6129453125 0.5514375 0.608451171875 0.554115234375 0.6074140625 0.5584091796875 0.60612109375 0.55872265625 0.6038603515625 0.55794921875 0.6025244140625 0.55446484375 0.602822265625 0.55141796875 0.6024375 0.551447265625 0.599685546875 0.5486435546875 0.598564453125 0.5518701171875 0.5967158203125 0.5536279296875 0.5962734375 0.563490234375 0.6006162109375 0.5739765625 0.6038720703125 0.578662109375 0.6049619140625 0.583970703125 0.6054306640625 0.5892890625 0.606490234375 0.5970390625 0.60684375 0.6006171875 0.607359375 0.602873046875 0.6077724609375 0.606087890625 0.6092646484375 0.6073603515625 0.6075625 0.60748046875 0.605763671875 0.6094892578125 0.603365234375 0.6135556640625 0.6042646484375 0.617876953125 0.6039208984375 0.6222890625 0.6033154296875 0.6275927734375 0.603302734375 0.6299423828125 0.602208984375 0.6309775390625 0.5998359375 0.6303330078125 0.5965732421875 0.62911328125 0.5943916015625 0.6276572265625 0.5931708984375 0.623443359375 0.59452734375 0.6182939453125 0.5939658203125 0.6132666015625 0.5888193359375 0.612171875 0.5859599609375 0.613552734375 0.582638671875 0.6135498046875 0.5800673828125 0.6202412109375 0.5763154296875 0.620791015625 0.573546875 0.619609375 0.5711845703125 0.6225576171875 0.564669921875 0.6276865234375 0.559953125 0.63370703125 0.5572080078125 0.6417333984375 0.55673046875 0.644583984375 0.553560546875 0.644705078125 0.5504443359375 0.6507705078125 0.546392578125 0.6693076171875 0.5363251953125 0.6785546875 0.5276044921875 0.683294921875 0.51958203125 0.6838671875 0.5142607421875 0.6815595703125 0.51328515625 0.6781103515625 0.5149951171875 0.6711728515625 0.524005859375 0.6692548828125 0.5165400390625 0.6653681640625 0.51403125 0.662654296875 0.51508203125 0.65963671875 0.5191103515625 0.6619931640625 0.5239228515625 0.6572724609375 0.530796875 0.6493779296875 0.53441796875 0.6381376953125 0.5340390625 0.640197265625 0.523076171875 0.63721484375 0.51978125 0.633505859375 0.5217041015625 0.634068359375 0.512310546875 0.6372685546875 0.502923828125 0.6391552734375 0.4975615234375 0.6439443359375 0.4886552734375 0.6520205078125 0.4824521484375 0.6543193359375 0.47647265625 0.6516142578125 0.4761796875 0.6444912109375 0.4820166015625 0.6367275390625 0.48647265625 0.6313359375 0.4884130859375 0.634037109375 0.4818955078125 0.6499423828125 0.4634931640625 0.6648544921875 0.4459892578125 0.671619140625 0.436662109375 0.670017578125 0.433755859375 0.6646953125 0.434279296875 0.6585517578125 0.443513671875 0.650994140625 0.450263671875 0.6558046875 0.4326416015625 0.6542177734375 0.4252822265625 0.651703125 0.4216923828125 0.6485439453125 0.4200361328125 0.6451103515625 0.421345703125 0.6435263671875 0.428619140625 0.6434248046875 0.4364365234375 0.63977734375 0.444517578125 0.628853515625 0.4572041015625 0.6255361328125 0.4595 0.626689453125 0.446263671875 0.6296064453125 0.4294892578125 0.6330927734375 0.4210947265625 0.632072265625 0.4165986328125 0.626458984375 0.41541796875 0.622212890625 0.41784375 0.62232421875 0.4257626953125 0.6231806640625 0.4333876953125 0.6207060546875 0.4431025390625 0.61678515625 0.4464892578125 0.61275390625 0.4567158203125 0.6099091796875 0.459123046875 0.607171875 0.450681640625 0.6040107421875 0.448970703125 0.6029287109375 0.43372265625 0.606328125 0.4173251953125 0.6020546875 0.4152041015625 0.598720703125 0.4214853515625 0.5993427734375 0.436255859375 0.5952919921875 0.4461435546875 0.587203125 0.458669921875 0.58380078125 0.4545576171875 0.581078125 0.4550283203125 0.5787001953125 0.4620966796875 0.57584375 0.4664404296875 0.5694482421875 0.46053125 0.566359375 0.460193359375 0.563509765625 0.4631953125 0.562865234375 0.471515625 0.558560546875 0.474564453125 0.552365234375 0.4756904296875 0.56098046875 0.455484375 0.563072265625 0.4460927734375 0.560396484375 0.4420849609375 0.556251953125 0.4417802734375 0.553833984375 0.4463173828125 0.556146484375 0.454552734375 0.5521025390625 0.45788671875 0.5488720703125 0.458685546875 0.5462705078125 0.4660927734375 0.540583984375 0.4724677734375 0.5402158203125 0.46399609375 0.5363740234375 0.4623359375 0.5326015625 0.466890625 0.5294384765625 0.471064453125 0.53059765625 0.4601337890625 0.5323125 0.4476806640625 0.53084375 0.4395634765625 0.53417578125 0.4164609375 0.533603515625 0.3998984375 0.5308974609375 0.38569921875 0.5256552734375 0.38418359375 0.522158203125 0.3864423828125 0.524513671875 0.3924775390625 0.52776953125 0.4051875 0.5273662109375 0.4251494140625 0.5222744140625 0.4477919921875 0.5143564453125 0.4458251953125 0.5049990234375 0.443861328125 0.503431640625 0.4446728515625 0.488658203125 0.410966796875 0.4810009765625 0.3994453125 0.4763046875 0.3992080078125 0.4780537109375 0.4073623046875 0.4861201171875 0.4185869140625 0.4899462890625 0.43229296875 0.491236328125 0.43727734375 0.490103515625 0.446259765625 0.4889033203125 0.4573291015625 0.478560546875 0.458349609375 0.4693564453125 0.446294921875 0.4653466796875 0.434037109375 0.46144140625 0.4234287109375 0.4577490234375 0.4247392578125 0.457337890625 0.432326171875 0.4633134765625 0.451705078125 0.4573505859375 0.4468359375 0.45489453125 0.4505927734375 0.454986328125 0.4551962890625 0.456021484375 0.465029296875 0.4553681640625 0.4700625 0.4519423828125 0.4729677734375 0.4464013671875 0.47147265625 0.4328583984375 0.4618359375 0.42638671875 0.453013671875 0.4261171875 0.4476083984375 0.426244140625 0.4382802734375 0.42386328125 0.4365419921875 0.42169921875 0.437626953125 0.4193037109375 0.4423681640625 0.4170009765625 0.4447333984375 0.4182412109375 0.44817578125 0.4215732421875 0.4518603515625 0.4256591796875 0.460892578125 0.4299755859375 0.4658515625 0.4393095703125 0.4726533203125 0.4487451171875 0.477662109375 0.4484013671875 0.48323828125 0.447607421875 0.4862470703125 0.447650390625 0.490169921875 0.4497294921875 0.49696484375 0.4448779296875 0.49329296875 0.4424189453125 0.4880693359375 0.438296875 0.486232421875 0.4378017578125 0.4821103515625 0.437978515625 0.4762548828125 0.43585546875 0.4751669921875 0.43206640625 0.475744140625 0.432138671875 0.4794052734375 0.4319560546875 0.4825185546875 0.4211591796875 0.4679384765625 0.419609375 0.4605595703125 0.418064453125 0.451818359375 0.4153642578125 0.4506396484375 0.4127470703125 0.45254296875 0.41096875 0.4552705078125 0.4096923828125 0.4586962890625 0.4150869140625 0.46462109375 0.41777734375 0.47264453125 0.4225986328125 0.4801474609375 0.4331826171875 0.4925205078125 0.4303134765625 0.492705078125 0.43101953125 0.5004853515625 0.431447265625 0.504140625 0.4330263671875 0.5093251953125 0.432603515625 0.5131123046875 0.429052734375 0.5163837890625 0.42802734375 0.520240234375 0.424712890625 0.516671875 0.4239267578125 0.5125068359375 0.4225029296875 0.5109052734375 0.4194345703125 0.4971162109375 0.417513671875 0.4956884765625 0.4148701171875 0.495255859375 0.413482421875 0.4979736328125 0.4174130859375 0.512404296875 0.4209384765625 0.5193583984375 0.4219462890625 0.5226318359375 0.4208984375 0.525359375 0.421947265625 0.5300859375 0.421943359375 0.53258984375 0.4231181640625 0.53790234375 0.4269404296875 0.5441845703125 0.4210205078125 0.539751953125 0.420267578125 0.5355 0.4188388671875 0.5348505859375 0.4155654296875 0.5341396484375 0.408314453125 0.5257373046875 0.4079521484375 0.521330078125 0.406087890625 0.5190517578125 0.403927734375 0.512 0.4015009765625 0.5118017578125 0.400103515625 0.513177734375 0.3996572265625 0.517673828125 0.401962890625 0.5248486328125 0.4128037109375 0.53783984375 0.412529296875 0.543119140625 0.4086044921875 0.5353193359375 0.40548046875 0.53169921875 0.403171875 0.53069140625 0.399951171875 0.5313310546875 0.398732421875 0.5338251953125 0.3997529296875 0.5370087890625 0.4021875 0.543779296875 0.4005302734375 0.55049609375 0.3965537109375 0.5377265625 0.3939072265625 0.5265537109375 0.39207421875 0.5244482421875 0.390568359375 0.5240576171875 0.3889443359375 0.5261767578125 0.3881767578125 0.5295087890625 0.391818359375 0.5420546875 0.3920029296875 0.5461650390625 0.38876171875 0.544640625 0.3823623046875 0.5347138671875 0.37870703125 0.528685546875 0.3771455078125 0.5181435546875 0.378783203125 0.509330078125 0.3797392578125 0.5035859375 0.37763671875 0.5016796875 0.37538671875 0.501853515625 0.374140625 0.504443359375 0.3731181640625 0.5123369140625 0.3695078125 0.5143330078125 0.3701328125 0.5160517578125 0.3730390625 0.51701953125 0.3721767578125 0.52176171875 0.372376953125 0.5246630859375 0.373427734375 0.52846875 0.3709326171875 0.5333037109375 0.37081640625 0.53763671875 0.37357421875 0.541666015625 0.36629296875 0.5339697265625 0.3620361328125 0.5252109375 0.3592822265625 0.5236083984375 0.357255859375 0.525462890625 0.3577109375 0.5303818359375 0.359669921875 0.5345595703125 0.3628671875 0.540076171875 0.3620390625 0.5432646484375 0.3628232421875 0.5552197265625 0.3499638671875 0.5440771484375 0.3499208984375 0.5388203125 0.3495576171875 0.5339814453125 0.347578125 0.530724609375 0.3478466796875 0.5244404296875 0.3494228515625 0.5171796875 0.3479501953125 0.515724609375 0.3457294921875 0.514541015625 0.342095703125 0.5155439453125 0.3394130859375 0.5192978515625 0.3412626953125 0.5249052734375 0.3361826171875 0.5320673828125 0.335544921875 0.535763671875 0.337451171875 0.5404765625 0.3381064453125 0.5460361328125 0.341357421875 0.5568056640625 0.3442392578125 0.5658095703125 0.33530078125 0.563365234375 0.32680078125 0.5579833984375 0.323125 0.5506220703125 0.31944140625 0.5474951171875 0.3185439453125 0.5432099609375 0.32019921875 0.538333984375 0.31809765625 0.5368037109375 0.3164228515625 0.529763671875 0.315048828125 0.5287890625 0.312076171875 0.5290771484375 0.3105703125 0.534212890625 0.3107060546875 0.53896875 0.30576171875 0.5396318359375 0.305638671875 0.5421943359375 0.308015625 0.543904296875 0.3125361328125 0.5449873046875 0.3146259765625 0.55035546875 0.31369921875 0.553322265625 0.3155478515625 0.55545703125 0.3190078125 0.5578740234375 0.3172861328125 0.5626005859375 0.3181806640625 0.56466796875 0.318671875 0.568615234375 0.31851953125 0.57651171875 0.3199501953125 0.5774814453125 0.3216259765625 0.5751728515625 0.322296875 0.57218359375 0.326291015625 0.5771396484375 0.3325341796875 0.581126953125 0.3335322265625 0.5834697265625 0.3329775390625 0.586482421875 0.33506640625 0.5886611328125 0.33941015625 0.591828125 0.338509765625 0.5951435546875 0.3389609375 0.5988154296875 0.3419951171875 0.5996884765625 0.3467978515625 0.5988583984375 0.3460830078125 0.6020556640625 0.3447373046875 0.60676953125 0.3466298828125 0.609302734375 0.349140625 0.61029296875 0.356509765625 0.60860546875 0.362306640625 0.6095029296875 0.35590234375 0.614890625 0.3472470703125 0.616576171875 0.33536328125 0.614517578125 0.32698046875 0.608974609375 0.32176171875 0.60072265625 0.3207822265625 0.595849609375 0.318490234375 0.5902001953125 0.3170869140625 0.58948046875 0.3146435546875 0.590810546875 0.3149033203125 0.595595703125 0.32035546875 0.606744140625 0.3272841796875 0.6175302734375 0.332208984375 0.623880859375 0.3332275390625 0.6282080078125 0.3348720703125 0.6302236328125 0.336404296875 0.62955078125 0.340560546875 0.625931640625 0.3558154296875 0.622181640625 0.3638525390625 0.61628125 0.3728115234375 0.6160205078125 0.3812421875 0.6170146484375 0.39153125 0.6171572265625 0.3991044921875 0.6207158203125 0.4009072265625 0.6247880859375 0.4005302734375 0.6270859375 0.395736328125 0.6263525390625 0.3936650390625 0.625783203125 0.3920068359375 0.6274150390625 0.39298828125 0.6309638671875 0.395681640625 0.6332431640625 0.4007763671875 0.6319453125 0.39986328125 0.635103515625 0.4016796875 0.6368935546875 0.4041953125 0.6388251953125 0.404021484375 0.64284375 0.40488671875 0.6445263671875 0.406603515625 0.646375 0.4028759765625 0.64686328125 0.3969189453125 0.6420029296875 0.3936240234375 0.6387431640625 0.3912021484375 0.6335234375 0.3887373046875 0.6331181640625 0.387060546875 0.63402734375 0.386798828125 0.638205078125 0.3858193359375 0.6422529296875 0.3876796875 0.6441689453125 0.389888671875 0.64341015625 0.396056640625 0.64902734375 0.396724609375 0.6514384765625 0.398708984375 0.6527744140625 0.401953125 0.6526162109375 0.4087138671875 0.652314453125 0.4139990234375 0.6513427734375 0.4180771484375 0.6522255859375 0.420076171875 0.650216796875 0.4222978515625 0.6473134765625 0.426283203125 0.6457626953125 0.428546875 0.6491865234375 0.4269296875 0.653978515625 0.4239423828125 0.65624609375 0.421376953125 0.6597255859375 0.417455078125 0.66151953125 0.415642578125 0.6634072265625 0.4130224609375 0.6644267578125 0.4112685546875 0.667095703125 0.41323828125 0.6707099609375 0.41965625 0.6783046875 0.4133076171875 0.6795224609375 0.4097578125 0.67610546875 0.4054892578125 0.672291015625 0.40134765625 0.672953125 0.4019912109375 0.6766513671875 0.40520703125 0.680220703125 0.4122158203125 0.6845517578125 0.417650390625 0.6844453125 0.4245361328125 0.683369140625 0.4311611328125 0.678880859375 0.43812890625 0.68490234375 0.44217578125 0.687533203125 0.446181640625 0.6884189453125 0.446853515625 0.6953916015625 0.4575009765625 0.706755859375 0.460181640625 0.720830078125 0.465794921875 0.7447529296875 0.4705498046875 0.7571689453125 0.479849609375 0.7706806640625 0.4864169921875 0.7836162109375 0.48859375 0.7879814453125 0.4890615234375 0.80609765625 0.489853515625 0.807720703125 0.4454462890625 0.807828125 0.4363984375 0.80809765625 0.431396484375 0.8107587890625 0.42928515625 0.8180087890625 0.42639453125 0.82716015625 0.427779296875 0.8306904296875 0.4271064453125 0.836140625 0.427486328125 0.8450859375 0.4308857421875 0.8495126953125 0.431630859375 0.8538818359375 0.431486328125 0.86318359375 0.4317666015625 0.874173828125 0.4342275390625 0.875857421875 0.463248046875 0.877984375 0.4941103515625 0.88150390625 0.4942724609375 0.92466796875 0.489189453125 0.9311923828125 0.4894697265625 0.934376953125 0.49045703125 0.9371806640625 0.494025390625 0.9432607421875 0.495193359375 0.957181640625 0.41748046875 0.9722119140625 0.4177685546875 0.9882353515625 0.4423818359375 0.9958544921875
8 0.5978603515625 0.9007998046875 0.5993046875 0.8818603515625 0.6005361328125 0.8751494140625 0.60358984375 0.861138671875 0.605671875 0.855966796875 0.6311376953125 0.8313662109375 0.6337607421875 0.83084375 0.6339384765625 0.817802734375 0.6354208984375 0.8132890625 0.6410068359375 0.809548828125 0.6459853515625 0.8102158203125 0.6490830078125 0.81137109375 0.6673505859375 0.789771484375 0.68010546875 0.77752734375 0.6852568359375 0.7729560546875 0.6988076171875 0.7696650390625 0.7081103515625 0.76971875 0.708283203125 0.765451171875 0.7114169921875 0.762802734375 0.76744921875 0.7655009765625 0.772126953125 0.7636328125 0.676564453125 0.7595146484375 0.57214453125 0.7601650390625 0.5626884765625 0.7634716796875 0.5613876953125 0.770291015625 0.5681181640625 0.786017578125 0.575615234375 0.804595703125 0.57875 0.826189453125 0.5818525390625 0.844693359375 0.5891171875 0.859318359375 0.5912841796875 0.8703310546875 0.591662109375 0.88375390625 0.5510224609375 0.892068359375 0.538052734375 0.8951171875 0.5438857421875 0.8964453125 0.5611904296875 0.8985712890625 0.5978603515625 0.9007998046875
8 1 0.7640478515625 0.926693359375 0.762416015625 0.9037705078125 0.7642294921875 0.81144921875 0.7625888671875 0.800650390625 0.7628984375 0.8784609375 0.7690703125 0.880298828125 0.774880859375 0.881791015625 0.77491015625 0.8961796875 0.775908203125 0.9014453125 0.7774189453125 0.9069599609375 0.7814287109375 0.91431640625 0.790873046875 0.91843359375 0.8052958984375 0.937251953125 0.8032451171875 0.9438837890625 0.8032578125 0.9515068359375 0.8037666015625 1 0.80464453125 1 0.7640478515625
8 0.09510546875 0.8302470703125 0.1105185546875 0.832166015625 0.1365224609375 0.837998046875 0.154123046875 0.8425224609375 0.170841796875 0.847583984375 0.196478515625 0.8582587890625 0.2096025390625 0.8667568359375 0.2247158203125 0.8770498046875 0.240685546875 0.8884189453125 0.285509765625 0.89233984375 0.2845791015625 0.8844296875 0.2825439453125 0.8738740234375 0.2864833984375 0.8646806640625 0.284748046875 0.8254287109375 0.2805224609375 0.8185576171875 0.2685732421875 0.816140625 0.2472685546875 0.8189716796875 0.2413330078125 0.8229521484375 0.202267578125 0.8271845703125 0.0970498046875 0.829099609375 0.09510546875 0.8302470703125
3 0.405982421875 0.860251953125 0.3958154296875 0.865111328125 0.3933330078125 0.875724609375 0.3922216796875 0.8855556640625 0.39207421875 0.89173046875 0.4954755859375 0.905470703125 0.4941591796875 0.859955078125 0.4214931640625 0.8522919921875 0.413640625 0.8522314453125 0.41090234375 0.8552978515625 0.4094296875 0.8600830078125 0.405982421875 0.860251953125
3 0.2819140625 0.892064453125 0.323771484375 0.90028515625 0.3223232421875 0.8737685546875 0.325548828125 0.869744140625 0.326037109375 0.865595703125 0.32500390625 0.8612890625 0.315328125 0.8601318359375 0.2923173828125 0.8588505859375 0.28709375 0.85991796875 0.2875908203125 0.864576171875 0.286255859375 0.8686767578125 0.2829677734375 0.8745224609375 0.284169921875 0.8782451171875 0.285736328125 0.8876552734375 0.2619580078125 0.8892490234375 0.2819140625 0.892064453125
6 0.385388671875 0.8879892578125 0.3246201171875 0.891388671875 0.3262080078125 0.90045703125 0.381294921875 0.916642578125 0.3917265625 0.9237607421875 0.4083095703125 0.9324638671875 0.4120693359375 0.9385615234375 0.41370703125 0.95509375 0.41875 0.9664052734375 0.4934677734375 0.953796875 0.4929013671875 0.943828125 0.4881806640625 0.935302734375 0.4881259765625 0.931486328125 0.4931953125 0.9238115234375 0.4931484375 0.905873046875 0.3915419921875 0.8920166015625 0.3914453125 0.886482421875 0.385388671875 0.8879892578125
6 1 0.9132333984375 0.9711328125 0.9121669921875 0.967404296875 0.9228671875 0.9586025390625 0.9296396484375 0.9499501953125 0.930982421875 0.9303388671875 0.9279150390625 0.926890625 0.92761328125 0.9252021484375 0.9411552734375 0.921203125 0.94916796875 0.90994140625 0.9543544921875 0.8965341796875 0.9544052734375 0.8896572265625 0.9428720703125 0.887982421875 0.93641796875 0.8040966796875 0.9565498046875 0.80300390625 0.968849609375 0.7968642578125 0.9806259765625 0.7861904296875 0.9859794921875 0.771369140625 0.9873046875 0.757380859375 0.9849833984375 0.75223046875 0.98010546875 0.748220703125 0.9671865234375 0.714314453125 0.9628720703125 0.6573330078125 0.9476201171875 0.6534912109375 0.9529853515625 0.648982421875 0.955828125 0.6382177734375 0.95482421875 0.6277763671875 0.951552734375 0.6204482421875 0.9460517578125 0.6141904296875 0.9382587890625 0.60735546875 0.934919921875 0.600955078125 0.9244697265625 0.598791015625 0.921451171875 0.5966025390625 0.902458984375 0.5378720703125 0.8973818359375 0.537591796875 0.8998173828125 0.5395869140625 0.9234541015625 0.5443818359375 0.94265234375 0.554509765625 0.9468115234375 0.55509765625 0.9495263671875 0.554919921875 0.95353515625 0.56746484375 0.9569853515625 0.5798740234375 0.9557646484375 0.5864365234375 0.9590732421875 0.5901591796875 0.9633505859375 0.593974609375 0.9720625 0.60391015625 0.9717060546875 0.6063935546875 0.97698828125 0.60312109375 0.980572265625 0.5621533203125 0.992630859375 0.557259765625 0.9913740234375 0.518544921875 0.99983203125 0.95103125 1 1 1 1 0.9132333984375