2 0.3762373046875 0.996865234375 0.7593515625 0.9993798828125 0.739865234375 0.90676171875 0.7341240234375 0.88441015625 0.734806640625 0.8690126953125 0.7770556640625 0.8623837890625 0.7899619140625 0.8758154296875 0.7902060546875 0.90356640625 0.821607421875 0.998205078125 0.909150390625 1 0.868763671875 0.8839775390625 0.867966796875 0.8583837890625 0.8867216796875 0.8549267578125 0.859576171875 0.7695478515625 0.86196875 0.765357421875 0.8541181640625 0.7405322265625 0.8768046875 0.730203125 0.8803623046875 0.7262490234375 0.88055078125 0.715796875 0.8715634765625 0.706478515625 0.8657333984375 0.6847470703125 0.8685048828125 0.681845703125 0.863029296875 0.670181640625 0.849732421875 0.6646533203125 0.82184375 0.5767734375 0.8224111328125 0.567490234375 0.8121962890625 0.53468359375 0.8148681640625 0.526630859375 0.805755859375 0.513701171875 0.8064482421875 0.507720703125 0.8033388671875 0.49598046875 0.7895517578125 0.48561328125 0.7675625 0.4197724609375 0.770125 0.403654296875 0.7728994140625 0.3809599609375 0.7688359375 0.36758984375 0.7464150390625 0.3539091796875 0.7411845703125 0.34576171875 0.7262431640625 0.3260380859375 0.7374345703125 0.3018125 0.7327607421875 0.2749970703125 0.7044951171875 0.252326171875 0.6837900390625 0.22243359375 0.621255859375 0.200119140625 0.5009326171875 0.1650107421875 0.4803232421875 0.1357724609375 0.4414990234375 0.099642578125 0.4157685546875 0.092505859375 0.379701171875 0.1024443359375 0.3669375 0.1183359375 0.3358466796875 0.11249609375 0.3266494140625 0.10123828125 0.2884482421875 0.0542109375 0.2558974609375 0.0334111328125 0.1072587890625 0.0011044921875 0.079521484375 0.0019580078125 0.0032158203125 0.002896484375 0.0001904296875 0.99484375 0.3762373046875 0.996865234375
9 0.3263330078125 0.23386328125 0.3149404296875 0.145759765625 0.241046875 0.1216201171875 0.2370625 0.1209560546875 0.2453564453125 0.2125234375 0.3263330078125 0.23386328125
9 0 0.1273291015625 0.099322265625 0.15513671875 0.102587890625 0.09315234375 0 0.0627451171875 0 0.1273291015625
9 0 0.3599501953125 0.1198896484375 0.381177734375 0.116314453125 0.2567001953125 0.0008310546875 0.231095703125 0 0.3599501953125
9 0 0.6684677734375 0.1343076171875 0.6737080078125 0.127994140625 0.4769677734375 0 0.461802734375 0 0.6684677734375
9 0 1 0.1213681640625 0.9944248046875 0.1137236328125 0.8025673828125 0.102185546875 0.7823310546875 0.0800107421875 0.7713349609375 0.0583681640625 0.7657958984375 0.0278291015625 0.7637109375 0.0108818359375 0.7643154296875 0 0.7724560546875 0 1
9 0.4387890625 0.945201171875 0.41621484375 0.78912109375 0.403619140625 0.7703935546875 0.3868193359375 0.761056640625 0.356189453125 0.7576748046875 0.3290966796875 0.7613330078125 0.3109248046875 0.7675439453125 0.30214453125 0.7781904296875 0.30155078125 0.7939443359375 0.32093359375 0.959818359375 0.4387890625 0.945201171875
9 0.3942041015625 0.6554892578125 0.371154296875 0.5081416015625 0.2686572265625 0.4952744140625 0.2865830078125 0.65120703125 0.3942041015625 0.6554892578125
9 0.359509765625 0.4286572265625 0.3423154296875 0.312578125 0.247693359375 0.2892265625 0.2602421875 0.4117197265625 0.359509765625 0.4286572265625
9 0.5443525390625 0.56453125 0.5141103515625 0.425697265625 0.4388447265625 0.412498046875 0.464455078125 0.5577001953125 0.5443525390625 0.56453125
9 0.499451171875 0.3706416015625 0.485521484375 0.3175390625 0.4754970703125 0.29927734375 0.463171875 0.2863515625 0.4514873046875 0.281626953125 0.4408486328125 0.2780830078125 0.4289580078125 0.27826953125 0.4208564453125 0.2852841796875 0.4174375 0.2988759765625 0.42741796875 0.3570048828125 0.499451171875 0.3706416015625
9 0.40541796875 0.149755859375 0.40486328125 0.1568828125 0.4065947265625 0.1696640625 0.4115341796875 0.1809365234375 0.4155078125 0.1873359375 0.4216240234375 0.1946875 0.433107421875 0.2029130859375 0.4430263671875 0.2041552734375 0.447634765625 0.199583984375 0.4476650390625 0.19058984375 0.4445546875 0.178150390625 0.4379375 0.1657490234375 0.43056640625 0.1587705078125 0.423822265625 0.151892578125 0.419349609375 0.1489638671875 0.4110595703125 0.14755078125 0.40541796875 0.149755859375
9 0.6168251953125 0.31405078125 0.5946435546875 0.23711328125 0.5371787109375 0.2192705078125 0.55735546875 0.300431640625 0.6168251953125 0.31405078125
9 0.707056640625 0.3292294921875 0.692921875 0.2938681640625 0.678783203125 0.2912080078125 0.6635712890625 0.2916923828125 0.6739501953125 0.3287939453125 0.707056640625 0.3292294921875
9 0.667828125 0.48038671875 0.6368603515625 0.380216796875 0.569984375 0.365259765625 0.5972666015625 0.4703603515625 0.667828125 0.48038671875
9 0.59303125 0.7822880859375 0.5606689453125 0.62629296875 0.4748857421875 0.626505859375 0.50626953125 0.7844892578125 0.59303125 0.7822880859375
9 0.721875 0.66254296875 0.68584375 0.546087890625 0.612611328125 0.538484375 0.6464453125 0.669599609375 0.721875 0.66254296875
9 0.792888671875 0.905322265625 0.7559365234375 0.7705595703125 0.7386005859375 0.75670703125 0.7221416015625 0.749958984375 0.7017177734375 0.752728515625 0.685951171875 0.7626328125 0.67945703125 0.7753076171875 0.6807431640625 0.788076171875 0.715591796875 0.9169814453125 0.792888671875 0.905322265625
0 0 0.675126953125 0.0931875 0.6786376953125 0.186974609375 0.6839072265625 0.1848251953125 0.6029833984375 0.090994140625 0.59256640625 0.0370703125 0.5888466796875 0 0.5873642578125 0 0.675126953125
0 0.175388671875 0.3998779296875 0.170255859375 0.3415380859375 0.1635888671875 0.337087890625 0.134095703125 0.33072265625 0.06401953125 0.308478515625 0.03088671875 0.300498046875 0.0011611328125 0.295916015625 0 0.3611025390625 0.175388671875 0.3998779296875
0 0.1496357421875 0.177939453125 0.155822265625 0.175611328125 0.1552666015625 0.1335068359375 0.1487939453125 0.1267734375 0.104615234375 0.111408203125 0.065130859375 0.0937666015625 0.040755859375 0.0846083984375 0.0002177734375 0.0744990234375 0 0.127970703125 0.1496357421875 0.177939453125
3 1 0.88453515625 0.8797822265625 0.89826171875 0.8401298828125 0.8851943359375 0.8262333984375 0.88637890625 0.796849609375 0.9048623046875 0.7443955078125 0.918205078125 0 0.97875 0 1 1 1 1 0.88453515625
8 0 0.936244140625 0.0279033203125 0.9521884765625 0.038091796875 0.961234375 0.0465498046875 0.9913681640625 0.2102392578125 0.9936787109375 0.2095029296875 0.9841064453125 0.1990244140625 0.96771875 0.1884130859375 0.9580126953125 0.186298828125 0.9406728515625 0.19269140625 0.91040625 0.20358203125 0.885150390625 0.214478515625 0.864392578125 0.2319970703125 0.8546982421875 0.2609912109375 0.8530849609375 0.28811328125 0.849564453125 0.3101240234375 0.8462177734375 0.3308955078125 0.836779296875 0.3330888671875 0.8282900390625 0.3175107421875 0.822720703125 0.2988046875 0.818771484375 0.2900224609375 0.7961591796875 0.2894169921875 0.7806630859375 0.2928291015625 0.758595703125 0.286013671875 0.751615234375 0.2687216796875 0.755845703125 0.25069140625 0.7575751953125 0.236630859375 0.763564453125 0.2216630859375 0.78050390625 0.2096708984375 0.7897265625 0.1990732421875 0.7792255859375 0.1976982421875 0.755439453125 0.2040908203125 0.7326328125 0.2009658203125 0.711548828125 0.2103955078125 0.6984052734375 0.2112822265625 0.686248046875 0.2204697265625 0.664478515625 0.2187626953125 0.656341796875 0.19755078125 0.65491796875 0.1805458984375 0.6578359375 0.15188671875 0.6649755859375 0.1079482421875 0.672814453125 0.0953505859375 0.690265625 0.093279296875 0.7078662109375 0.099072265625 0.73892578125 0.112587890625 0.7653603515625 0.1105048828125 0.7840556640625 0.090205078125 0.7843173828125 0.0678818359375 0.770455078125 0.050814453125 0.7629228515625 0.0408818359375 0.7701796875 0.035361328125 0.7781005859375 0.03619921875 0.7815869140625 0.043435546875 0.8041376953125 0.0366884765625 0.8135615234375 0.0205498046875 0.80941015625 0.0106689453125 0.809578125 0.0016875 0.817388671875 0.001037109375 0.85045703125 0.00669140625 0.8655380859375 0.008642578125 0.8738486328125 0.0152255859375 0.886287109375 0.030037109375 0.874064453125 0.0590908203125 0.853630859375 0.072828125 0.8676572265625 0.0977763671875 0.8972001953125 0.10000390625 0.915125 0.087775390625 0.9429462890625 0.0924013671875 0.956447265625 0.0915517578125 0.983685546875 0.0668818359375 0.98677734375 0.0644150390625 0.964501953125 0.05580078125 0.9385673828125 0.0433818359375 0.926552734375 0.027638671875 0.9237255859375 0.0172939453125 0.9133291015625 0.0069296875 0.9142646484375 0 0.9176171875 0 0.936244140625
8 0.3902939453125 0.990072265625 0.53112890625 0.99541015625 0.59478515625 0.9962998046875 0.687244140625 0.9986572265625 0.745025390625 1 0.725203125 0.9098349609375 0.736142578125 0.8852275390625 0.7414453125 0.8685341796875 0.7606953125 0.8488544921875 0.782353515625 0.83833203125 0.8294130859375 0.8093720703125 0.8394169921875 0.798603515625 0.8487119140625 0.782783203125 0.8642265625 0.79183203125 0.8823984375 0.856447265625 0.8949990234375 0.85690234375 0.913677734375 0.870140625 0.9225732421875 0.89103125 0.93853515625 0.9309501953125 0.96126953125 0.988251953125 0.9814423828125 0.981296875 0.998982421875 0.9750673828125 1 0.8149296875 0.9960830078125 0.803365234375 0.9776416015625 0.7991845703125 0.966970703125 0.784861328125 0.9404150390625 0.7745107421875 0.9031591796875 0.7640751953125 0.8751806640625 0.76142578125 0.8631923828125 0.74703515625 0.8624345703125 0.7267197265625 0.84690234375 0.71818359375 0.8552646484375 0.698623046875 0.8615888671875 0.68565234375 0.861408203125 0.6746259765625 0.8472890625 0.6656767578125 0.845455078125 0.653349609375 0.8387802734375 0.642958984375 0.8178251953125 0.6315673828125 0.8153173828125 0.6190927734375 0.817173828125 0.604677734375 0.808970703125 0.598009765625 0.7934169921875 0.5972861328125 0.778982421875 0.6033955078125 0.7679189453125 0.5985439453125 0.7628828125 0.5867216796875 0.756162109375 0.5872333984375 0.7517001953125 0.6014208984375 0.7450732421875 0.6217294921875 0.7307265625 0.62044140625 0.7357001953125 0.5991962890625 0.7392158203125 0.5884375 0.7326552734375 0.5821806640625 0.7204609375 0.582390625 0.7035556640625 0.5980732421875 0.68259765625 0.600552734375 0.6756845703125 0.5935556640625 0.6704306640625 0.578119140625 0.66386328125 0.567390625 0.6582021484375 0.5622138671875 0.643345703125 0.579126953125 0.626494140625 0.5936484375 0.6134189453125 0.5839033203125 0.5961728515625 0.58808984375 0.591205078125 0.574103515625 0.587072265625 0.5578515625 0.5876787109375 0.5375087890625 0.5902861328125 0.521576171875 0.57911328125 0.5183681640625 0.5718251953125 0.526345703125 0.5640224609375 0.5484287109375 0.540427734375 0.513708984375 0.5275859375 0.4912177734375 0.5221962890625 0.4948564453125 0.519533203125 0.5037099609375 0.528744140625 0.525365234375 0.5392353515625 0.556810546875 0.5553779296875 0.59235546875 0.533798828125 0.5828427734375 0.519267578125 0.5790380859375 0.5017734375 0.58792578125 0.49107421875 0.59595703125 0.4671435546875 0.5726416015625 0.46094140625 0.5747373046875 0.45949609375 0.5821962890625 0.4726171875 0.6072421875 0.462216796875 0.6262744140625 0.4561279296875 0.64301953125 0.4543876953125 0.660791015625 0.4385595703125 0.6788359375 0.4203837890625 0.6882099609375 0.4168740234375 0.7215859375 0.4284677734375 0.7498466796875 0.452376953125 0.79296875 0.4748662109375 0.8242314453125 0.50812109375 0.8528046875 0.5343251953125 0.87282421875 0.5770849609375 0.870658203125 0.605015625 0.8652939453125 0.6241259765625 0.873634765625 0.6435380859375 0.8853134765625 0.64348828125 0.90483984375 0.6472890625 0.92521875 0.6157783203125 0.930603515625 0.566193359375 0.94013671875 0.5300009765625 0.93849609375 0.517291015625 0.92269140625 0.504138671875 0.9125908203125 0.4985234375 0.8966943359375 0.4884423828125 0.874810546875 0.4540458984375 0.8707314453125 0.442564453125 0.8702607421875 0.4295 0.873603515625 0.4089287109375 0.868298828125 0.4009248046875 0.8703662109375 0.391693359375 0.8852333984375 0.39021484375 0.900537109375 0.3959453125 0.9209970703125 0.3890810546875 0.9203544921875 0.3748701171875 0.917583984375 0.366447265625 0.9343017578125 0.356572265625 0.924419921875 0.3467451171875 0.911244140625 0.3431591796875 0.9027802734375 0.3479765625 0.8833896484375 0.349884765625 0.86828515625 0.3452021484375 0.8596181640625 0.3314677734375 0.869130859375 0.318427734375 0.882388671875 0.3123857421875 0.9040830078125 0.3048828125 0.9150126953125 0.29346484375 0.895919921875 0.2809384765625 0.8979091796875 0.2733779296875 0.9098505859375 0.26640234375 0.9197685546875 0.2678330078125 0.936822265625 0.253947265625 0.9418828125 0.24883203125 0.9573525390625 0.2444609375 0.9776962890625 0.2472724609375 0.9897431640625 0.297041015625 0.9907138671875 0.3902939453125 0.990072265625
7 1 0.7580517578125 0.9494375 0.6242529296875 0.9498818359375 0.6116083984375 0.9524384765625 0.6028974609375 0.95852734375 0.5935712890625 0.9864482421875 0.5820302734375 0.99948046875 0.5779658203125 1 0.574513671875 0.998326171875 0.56402734375 0.9957060546875 0.5707119140625 0.9607607421875 0.58389453125 0.947888671875 0.594498046875 0.941900390625 0.605275390625 0.9407724609375 0.6187197265625 0.9423818359375 0.629595703125 0.999677734375 0.77982421875 1 0.7580517578125
0 0.7448125 0.4733291015625 0.7258154296875 0.475955078125 0.728904296875 0.4870732421875 0.748982421875 0.485220703125 0.77925390625 0.4866103515625 0.77462109375 0.47441015625 0.760720703125 0.4734833984375 0.7448125 0.4733291015625