9 0.702025390625 0.28461328125 0.702154296875 0.2177216796875 0.6402978515625 0.245298828125 0.638146484375 0.309794921875 0.702025390625 0.28461328125
9 0.7040869140625 0.487501953125 0.7033134765625 0.4095126953125 0.637849609375 0.43002734375 0.6355302734375 0.503609375 0.7040869140625 0.487501953125
9 0.7056845703125 0.7214619140625 0.703626953125 0.6204814453125 0.6300576171875 0.6328291015625 0.6254267578125 0.7276357421875 0.7056845703125 0.7214619140625
9 0.85471484375 0.7121181640625 0.849818359375 0.59994921875 0.75705859375 0.6138857421875 0.757634765625 0.7196083984375 0.85471484375 0.7121181640625
9 1 0.5800029296875 0.913298828125 0.59322265625 0.9186376953125 0.7090009765625 1 0.702255859375 1 0.5800029296875
9 0.98580078125 0.418431640625 0.9790556640625 0.32102734375 0.899248046875 0.3456484375 0.903181640625 0.4372587890625 0.98580078125 0.418431640625
9 0.841056640625 0.4536318359375 0.8368447265625 0.365421875 0.7537919921875 0.39093359375 0.7526220703125 0.473986328125 0.841056640625 0.4536318359375
0 0.734140625 0.4655634765625 0.7547275390625 0.4711787109375 0.754259765625 0.4676689453125 0.7484111328125 0.4648623046875 0.8246796875 0.4440400390625 0.840587890625 0.44661328125 0.840822265625 0.441701171875 0.83123046875 0.439361328125 0.8389501953125 0.40590625 0.83778125 0.393974609375 0.8242119140625 0.4374892578125 0.739287109375 0.4590126953125 0.7547275390625 0.4147958984375 0.7507509765625 0.41245703125 0.7332041015625 0.4618203125 0.734140625 0.4655634765625
9 0.83048828125 0.2339580078125 0.827419921875 0.162109375 0.7514794921875 0.1956044921875 0.753013671875 0.2638740234375 0.83048828125 0.2339580078125
9 0.9640498046875 0.18103125 0.9577744140625 0.1059638671875 0.8853623046875 0.136859375 0.886810546875 0.2102373046875 0.9640498046875 0.18103125
9 1 0.884763671875 0.93560546875 0.882974609375 0.943015625 1 1 1 1 0.884763671875
9 0.87195703125 1 0.86628125 0.8811025390625 0.763791015625 0.878580078125 0.763791015625 0.9996767578125 0.87195703125 1
9 0.707490234375 0.991806640625 0.705408203125 0.8751640625 0.6283408203125 0.87481640625 0.627298828125 0.981044921875 0.707490234375 0.991806640625
9 0.495220703125 0.8509560546875 0.5024072265625 0.7529580078125 0.45112109375 0.755244140625 0.444587890625 0.8493232421875 0.495220703125 0.8509560546875
9 0.5089404296875 0.63437890625 0.514494140625 0.5497734375 0.46516796875 0.5621865234375 0.4596142578125 0.6428720703125 0.5089404296875 0.63437890625
9 0.52105859375 0.4413369140625 0.5241611328125 0.37115625 0.4776171875 0.38738671875 0.4736611328125 0.45471484375 0.52105859375 0.4413369140625
9 0.387693359375 0.4049697265625 0.3928349609375 0.349849609375 0.35725390625 0.3656865234375 0.3525234375 0.4179267578125 0.387693359375 0.4049697265625
9 0.3215654296875 0.4278974609375 0.3272158203125 0.3773857421875 0.304099609375 0.387830078125 0.303072265625 0.388857421875 0.30050390625 0.43474609375 0.3215654296875 0.4278974609375
9 0.3020703125 0.58392578125 0.308201171875 0.5217880859375 0.28384375 0.5302392578125 0.277546875 0.588068359375 0.3020703125 0.58392578125
9 0.3721396484375 0.5665439453125 0.3779453125 0.501083984375 0.338427734375 0.51204296875 0.328689453125 0.576095703125 0.3721396484375 0.5665439453125
9 0.352478515625 0.7506865234375 0.360005859375 0.6729638671875 0.32330859375 0.6772919921875 0.31483984375 0.751626953125 0.352478515625 0.7506865234375
9 0.2801845703125 0.753755859375 0.2884306640625 0.6828330078125 0.2651337890625 0.68695703125 0.2577119140625 0.7547861328125 0.2801845703125 0.753755859375
9 0.2610859375 0.9374189453125 0.2706611328125 0.863689453125 0.2432119140625 0.8617744140625 0.23140234375 0.936142578125 0.2610859375 0.9374189453125
9 0.0270185546875 0.8521220703125 0.020705078125 0.8907421875 0.0574150390625 0.8903017578125 0.064169921875 0.85153515625 0.0270185546875 0.8521220703125
9 0.132390625 0.886865234375 0.1373173828125 0.8569775390625 0.126541015625 0.8537451171875 0.11283984375 0.8536142578125 0.108068359375 0.88701953125 0.132390625 0.886865234375
9 0.0450908203125 0.75627734375 0.0373515625 0.794974609375 0.0735244140625 0.79615234375 0.0804228515625 0.7579599609375 0.0450908203125 0.75627734375
9 0.1283935546875 0.76494140625 0.1247802734375 0.797595703125 0.148263671875 0.7971787109375 0.1524326171875 0.765498046875 0.1283935546875 0.76494140625
9 0.141953125 0.68038671875 0.136591796875 0.7129794921875 0.162966796875 0.7151240234375 0.1687568359375 0.6827451171875 0.141953125 0.68038671875
8 0.325072265625 0.9080068359375 0.3423330078125 0.904345703125 0.3480869140625 0.914283203125 0.3603779296875 0.9187294921875 0.371884765625 0.919775390625 0.3941142578125 0.9158525390625 0.3993447265625 0.9077451171875 0.3977763671875 0.89676171875 0.3951611328125 0.888654296875 0.39646875 0.877205078125 0.404052734375 0.87511328125 0.404052734375 0.867529296875 0.41163671875 0.8602060546875 0.4134677734375 0.8520986328125 0.4181748046875 0.8452998046875 0.4218359375 0.83876171875 0.4181748046875 0.8317001953125 0.409544921875 0.827515625 0.4027451171875 0.827515625 0.3975146484375 0.8337919921875 0.39019140625 0.8337919921875 0.377638671875 0.8337919921875 0.367701171875 0.836146484375 0.3635166015625 0.8340537109375 0.3745 0.8267314453125 0.37476171875 0.819669921875 0.3713623046875 0.814701171875 0.3635166015625 0.8215009765625 0.36534765625 0.8107783203125 0.35985546875 0.809021484375 0.3533173828125 0.8239287109375 0.346779296875 0.8231435546875 0.3452099609375 0.814775390625 0.343640625 0.809021484375 0.335794921875 0.8134677734375 0.3316103515625 0.8186982421875 0.3295185546875 0.8111142578125 0.32794921875 0.799083984375 0.3237646484375 0.7959453125 0.320626953125 0.7996064453125 0.319841796875 0.8176513671875 0.31251953125 0.814775390625 0.315134765625 0.8006533203125 0.3161806640625 0.7917607421875 0.31199609375 0.7909765625 0.30702734375 0.8027451171875 0.3012744140625 0.7954228515625 0.29656640625 0.7969912109375 0.2989208984375 0.81163671875 0.29212109375 0.8137294921875 0.3033662109375 0.8218359375 0.3065048828125 0.8317744140625 0.3023203125 0.829943359375 0.294998046875 0.822359375 0.291859375 0.8179130859375 0.2821826171875 0.8001298828125 0.27616796875 0.80169921875 0.2751220703125 0.8074521484375 0.280875 0.82157421875 0.2693681640625 0.812421875 0.2612607421875 0.8048369140625 0.2565537109375 0.80666796875 0.25576953125 0.8100673828125 0.247400390625 0.7975146484375 0.23903125 0.794115234375 0.2358935546875 0.7998681640625 0.24478515625 0.812421875 0.250015625 0.8218359375 0.242431640625 0.8186982421875 0.240078125 0.8231435546875 0.241908203125 0.829943359375 0.2222939453125 0.819220703125 0.221248046875 0.824189453125 0.2311865234375 0.8362197265625 0.23903125 0.8464189453125 0.231470703125 0.8541328125 0.22336328125 0.861716796875 0.221009765625 0.8656396484375 0.2249326171875 0.8742705078125 0.2163017578125 0.877408203125 0.2081953125 0.8682548828125 0.20296484375 0.8559638671875 0.1964267578125 0.83844140625 0.19145703125 0.83948828125 0.189626953125 0.8504716796875 0.1966875 0.8761005859375 0.19250390625 0.882638671875 0.1932880859375 0.8899619140625 0.20244140625 0.9004228515625 0.2063642578125 0.914806640625 0.2092412109375 0.9176826171875 0.2202490234375 0.915876953125 0.237248046875 0.9237216796875 0.2440478515625 0.9299990234375 0.24483203125 0.935751953125 0.252677734375 0.9373212890625 0.26078515625 0.9352294921875 0.2822294921875 0.9224140625 0.2932138671875 0.9237216796875 0.29766015625 0.931044921875 0.3039365234375 0.930259765625 0.3039365234375 0.9428134765625 0.3169658203125 0.9414814453125 0.3193193359375 0.9234365234375 0.325072265625 0.9080068359375
8 1 0.910515625 0.993927734375 0.9112744140625 0.9893779296875 0.91373828125 0.9874814453125 0.9180986328125 0.9891884765625 0.9215107421875 0.987861328125 0.92511328125 0.9836904296875 0.9326962890625 0.979140625 0.947482421875 0.97591796875 0.9495673828125 0.96947265625 0.951462890625 0.96625 0.95449609375 0.966439453125 0.956771484375 0.9677666015625 0.9624580078125 0.9747802734375 0.9683349609375 0.9706103515625 0.976296875 0.9719365234375 0.982552734375 0.9755390625 0.9865341796875 0.9768662109375 0.9927900390625 0.9780029296875 0.9967705078125 0.9829326171875 0.9967705078125 0.987671875 0.9937373046875 0.9912734375 0.987861328125 0.9924111328125 0.9827421875 0.9990458984375 0.9829326171875 1 0.979330078125 1 0.910515625
8 0.8971328125 1 0.8966171875 0.9959169921875 0.9046923828125 0.9866396484375 0.90572265625 0.981486328125 0.9041767578125 0.97633203125 0.9036611328125 0.9732392578125 0.90641015625 0.9661962890625 0.9120791015625 0.95983984375 0.9131103515625 0.955373046875 0.9088154296875 0.9512490234375 0.90520703125 0.954169921875 0.8974765625 0.962759765625 0.8959306640625 0.9557568359375 0.8942119140625 0.9531806640625 0.8899169921875 0.9536953125 0.88940234375 0.9605673828125 0.88802734375 0.967783203125 0.8854501953125 0.9662373046875 0.884763671875 0.9561005859375 0.883904296875 0.950259765625 0.88046875 0.9485419921875 0.8751630859375 0.935580078125 0.8739609375 0.919603515625 0.869666015625 0.9130751953125 0.86502734375 0.91444921875 0.861076171875 0.9237265625 0.868291015625 0.9391884765625 0.8758505859375 0.9599755859375 0.8705244140625 0.962896484375 0.8657138671875 0.9572275390625 0.8614189453125 0.9580859375 0.8621064453125 0.9689130859375 0.83162890625 0.99330859375 0.8254443359375 0.99382421875 0.81250390625 0.975716796875 0.8040419921875 0.970595703125 0.7973623046875 0.9661416015625 0.7897919921875 0.9663642578125 0.782666015625 0.969482421875 0.777322265625 0.9650283203125 0.768416015625 0.9645830078125 0.766857421875 0.973267578125 0.764185546875 0.979279296875 0.763962890625 0.986404296875 0.773314453125 0.990189453125 0.779103515625 0.9990966796875 0.785337890625 1 0.7978076171875 1 0.8499111328125 1 0.8479072265625 0.9944208984375 0.8505791015625 0.990857421875 0.871064453125 0.976607421875 0.876408203125 0.981951171875 0.879302734375 0.990857421875 0.877298828125 0.9988740234375 0.885759765625 1 0.8971328125 1
8 0.6680908203125 1 0.662044921875 0.9983583984375 0.6543359375 0.9963935546875 0.6439072265625 0.9956376953125 0.636349609375 0.993521484375 0.63060546875 0.990044921875 0.62319921875 0.9914052734375 0.6098974609375 0.9894404296875 0.600677734375 0.9892890625 0.5899453125 0.98777734375 0.5873759765625 0.988080078125 0.61276953125 1 0.6680908203125 1
8 0 0.980806640625 0.0623681640625 0.969861328125 0.11428515625 0.96200390625 0.173779296875 0.953865234375 0.1749013671875 0.9319765625 0.17174609375 0.9316953125 0.165572265625 0.9316953125 0.1669755859375 0.9050361328125 0.17539453125 0.864625 0.188865234375 0.8463837890625 0.1961611328125 0.8242138671875 0.19840625 0.7904248046875 0.2034580078125 0.7497333984375 0.2183310546875 0.6868720703125 0.206263671875 0.68546875 0.191390625 0.6832236328125 0.1793232421875 0.6860302734375 0.17876171875 0.6905205078125 0.18605859375 0.6966943359375 0.200931640625 0.7020263671875 0.1911103515625 0.70511328125 0.178201171875 0.706796875 0.1644501953125 0.712970703125 0.1571533203125 0.719986328125 0.1579951171875 0.723634765625 0.1627666015625 0.7267216796875 0.146208984375 0.727001953125 0.1313349609375 0.7275634765625 0.1304931640625 0.7320537109375 0.1361064453125 0.735982421875 0.12600390625 0.739630859375 0.1167421875 0.7452431640625 0.1198291015625 0.7497333984375 0.1386318359375 0.75450390625 0.1361064453125 0.759275390625 0.1246005859375 0.760677734375 0.1184267578125 0.7682548828125 0.120390625 0.7741484375 0.1173037109375 0.7811640625 0.117865234375 0.7842509765625 0.13273828125 0.7826806640625 0.1456474609375 0.7809970703125 0.1523828125 0.787451171875 0.1394736328125 0.79194140625 0.123197265625 0.7925029296875 0.1226357421875 0.7975537109375 0.12600390625 0.8028857421875 0.12235546875 0.8090595703125 0.1130947265625 0.807095703125 0.0990625 0.8042890625 0.08699609375 0.808779296875 0.0839091796875 0.8200048828125 0.0889599609375 0.8261787109375 0.0996240234375 0.8225302734375 0.089521484375 0.8357197265625 0.094853515625 0.83796484375 0.1066396484375 0.83431640625 0.1136552734375 0.831791015625 0.117865234375 0.833474609375 0.1057978515625 0.8438583984375 0.1066396484375 0.847787109375 0.1189873046875 0.8469453125 0.128529296875 0.8365615234375 0.134421875 0.824494140625 0.155189453125 0.8323525390625 0.1678173828125 0.8472255859375 0.1571533203125 0.9322568359375 0.1246005859375 0.9314150390625 0.0926767578125 0.9330986328125 0.08594140625 0.9316953125 0.0733134765625 0.9316953125 0.0463720703125 0.93001171875 0.0270087890625 0.931134765625 0.017748046875 0.9339404296875 0 0.937869140625 0 0.980806640625
1 0.6117802734375 1 0.6044775390625 0.9967294921875 0.582125 0.984923828125 0.53080859375 0.9644755859375 0.4861552734375 0.951197265625 0.4350673828125 0.944068359375 0.37556640625 0.939955078125 0.2993388671875 0.942970703125 0.1984169921875 0.9503740234375 0.17593359375 0.952568359375 0.12273828125 0.961068359375 0.0461318359375 0.9730400390625 0 0.9810546875 0 1 0.6117802734375 1
8 0.7957998046875 0.7060517578125 0.79597265625 0.7095107421875 0.7983935546875 0.71227734375 0.7992587890625 0.7162548828125 0.8111904296875 0.7150439453125 0.8122275390625 0.7115859375 0.81274609375 0.710029296875 0.8122275390625 0.7051875 0.810671875 0.702248046875 0.810498046875 0.6937744140625 0.814994140625 0.69048828125 0.8175888671875 0.6859921875 0.818107421875 0.681150390625 0.8148212890625 0.679767578125 0.811017578125 0.68011328125 0.808423828125 0.6832255859375 0.802716796875 0.6825341796875 0.7947626953125 0.683052734375 0.789228515625 0.6821884765625 0.78819140625 0.6866845703125 0.79009375 0.6911806640625 0.7940703125 0.6961953125 0.7954541015625 0.7013828125 0.79718359375 0.7041494140625 0.7957998046875 0.7060517578125
2 0.9550380859375 0 0.8947900390625 0.0287314453125 0.5611923828125 0.1990224609375 0.252734375 0.35721875 0.207427734375 0.3824921875 0.1997216796875 0.387732421875 0.2012626953125 0.3914306640625 0.20896875 0.39512890625 0.2518095703125 0.41115625 0.2552001953125 0.41762890625 0.2165234375 0.6565537109375 0.0330126953125 0.5929853515625 0.0197529296875 0.5918154296875 0 0.5964951171875 0 1 1 1 1 0 0.9550380859375 0