9 0.5981865234375 0.88331640625 0.591138671875 0.7435537109375 0.4213974609375 0.754712890625 0.4214052734375 0.8830234375 0.5981865234375 0.88331640625
9 0.581154296875 0.5884873046875 0.57528125 0.4854140625 0.426984375 0.5092001953125 0.42522265625 0.606107421875 0.581154296875 0.5884873046875
9 0.566177734375 0.3556181640625 0.563828125 0.2710654296875 0.427865234375 0.3098076171875 0.427572265625 0.3888017578125 0.566177734375 0.3556181640625
9 0.5572841796875 0.16662109375 0.5536328125 0.1028935546875 0.43215234375 0.14405078125 0.4308251953125 0.2067822265625 0.5572841796875 0.16662109375
9 0.294576171875 0.2534384765625 0.29971875 0.1938583984375 0.2385009765625 0.215896484375 0.2304208984375 0.2736845703125 0.294576171875 0.2534384765625
9 0.1913466796875 0.2229111328125 0.193087890625 0.2065849609375 0.1430205078125 0.225087890625 0.14084375 0.2414140625 0.1913466796875 0.2229111328125
9 0.17088671875 0.363681640625 0.1785546875 0.3045283203125 0.126193359375 0.3211796875 0.116115234375 0.379017578125 0.17088671875 0.363681640625
9 0.27933984375 0.423412109375 0.285501953125 0.350935546875 0.217720703125 0.3691279296875 0.2115595703125 0.43984375 0.27933984375 0.423412109375
9 0.261734375 0.63115625 0.26877734375 0.536966796875 0.1960078125 0.55046484375 0.18603125 0.639958984375 0.261734375 0.63115625
9 0.2470634765625 0.7649453125 0.166943359375 0.7709287109375 0.151626953125 0.8847607421875 0.2369501953125 0.884216796875 0.2470634765625 0.7649453125
9 0.1445693359375 0.540087890625 0.15526953125 0.467068359375 0.0984072265625 0.47923828125 0.0851884765625 0.55141796875 0.1445693359375 0.540087890625
9 0.1106748046875 0.75520703125 0.12525 0.656884765625 0.06299609375 0.6647900390625 0.0471845703125 0.7594072265625 0.1106748046875 0.75520703125
9 0.827796875 0 0.745078125 0.028794921875 0.7562587890625 0.0965087890625 0.8707646484375 0.05983984375 0.8541171875 0 0.827796875 0
9 0.7783994140625 0.2148515625 0.795109375 0.300025390625 0.92043359375 0.2703740234375 0.89745703125 0.18375390625 0.7783994140625 0.2148515625
9 0.985681640625 0.533791015625 0.9543505859375 0.4118603515625 0.815533203125 0.437240234375 0.8382763671875 0.552125 0.985681640625 0.533791015625
9 1 0.722890625 0.86688671875 0.7283447265625 0.8959765625 0.87888671875 1 0.8781591796875 1 0.722890625
9 0.045146484375 0.334912109375 0.05727734375 0.2770205078125 0.009828125 0.2936044921875 0 0.3496533203125 0.045146484375 0.334912109375
9 0 0.49215625 0.0127451171875 0.4883173828125 0.0257978515625 0.419830078125 0 0.426279296875 0 0.49215625
8 0.60011328125 1 0.6030361328125 0.99971484375 0.603271484375 0.9935830078125 0.60044140625 0.987451171875 0.60044140625 0.9747158203125 0.60162109375 0.968583984375 0.601384765625 0.963630859375 0.5936025390625 0.9603291015625 0.5794521484375 0.9549052734375 0.57143359375 0.950896484375 0.56883984375 0.947830078125 0.5655380859375 0.9492451171875 0.5608212890625 0.945 0.5551611328125 0.94240625 0.5457275390625 0.943349609375 0.5400673828125 0.9386328125 0.5325205078125 0.9336796875 0.5303984375 0.928962890625 0.5202568359375 0.928255859375 0.507521484375 0.9277841796875 0.50469140625 0.9221240234375 0.496673828125 0.922359375 0.489126953125 0.926369140625 0.4851171875 0.925189453125 0.479693359375 0.92542578125 0.4780419921875 0.92919921875 0.4697880859375 0.92919921875 0.453279296875 0.930142578125 0.4377138671875 0.9315576171875 0.4348837890625 0.9284912109375 0.428751953125 0.92919921875 0.42403515625 0.92801953125 0.4195546875 0.9287275390625 0.41578125 0.9325009765625 0.4096904296875 0.9350947265625 0.40355859375 0.935802734375 0.3964833984375 0.93933984375 0.39483203125 0.9475947265625 0.3905869140625 0.951603515625 0.390115234375 0.95820703125 0.397662109375 0.96834765625 0.4068603515625 0.9740078125 0.4118125 0.97707421875 0.410869140625 0.9860361328125 0.406388671875 0.9940546875 0.40992578125 0.9990068359375 0.413935546875 1 0.60011328125 1
4 0.1074794921875 1 0.1101767578125 0.9803896484375 0.1159873046875 0.990556640625 0.1207587890625 0.9909716796875 0.30222265625 1 0.407916015625 0.9990634765625 0.405841796875 0.9934609375 0.41040625 0.9849541015625 0.4110283203125 0.9776923828125 0.39650390625 0.9679404296875 0.39090234375 0.960677734375 0.3892421875 0.9525859375 0.3940146484375 0.946568359375 0.39650390625 0.9384765625 0.4048037109375 0.9345341796875 0.4118583984375 0.933912109375 0.4187060546875 0.928517578125 0.4251376953125 0.9264423828125 0.4315703125 0.9281025390625 0.43696484375 0.9291396484375 0.44069921875 0.930384765625 0.4508662109375 0.9295546875 0.43177734375 0.9104658203125 0.4089541015625 0.89594140625 0.393439453125 0.8932333984375 0 0.8914365234375 0 0.9011376953125 0.0152998046875 0.90508984375 0 1 0.0054609375 1 0.0207509765625 0.92042578125 0.03548046875 0.9264423828125 0.076771484375 0.9554912109375 0.10229296875 0.9884814453125 0.1010478515625 1 0.1074794921875 1
2 1 0.0002900390625 0.505302734375 0 0.3533935546875 0.06038671875 0.024439453125 0.1967177734375 0.021875 0.19814453125 0.01337890625 0.2021484375 0.00908203125 0.20341796875 0.0064453125 0.2017578125 0.001953125 0.19833984375 0 0.1974609375 0 0.1997763671875 0 1 1 1 1 0.0002900390625