1 0.41015625 1 0.426869140625 0.9978359375 0.4304833984375 0.991060546875 0.4304833984375 0.96395703125 0.42144921875 0.9454375 0.402025390625 0.9300791015625 0.335279296875 0.91341015625 0.31896875 0.9018115234375 0.2830849609375 0.877888671875 0.2501005859375 0.8688271484375 0.19246875 0.86665234375 0.1225126953125 0.8717265625 0.099677734375 0.8771640625 0.077205078125 0.9018115234375 0.0619814453125 0.91522265625 0.0456708984375 0.9674169921875 0.0438583984375 0.9761162109375 0.0467578125 0.9822783203125 0.066693359375 0.99496484375 0.0794404296875 1 0.41015625 1
9 0.0752666015625 0.9131728515625 0.097697265625 0.8159736328125 0.045359375 0.81398046875 0.02891015625 0.9106806640625 0.0752666015625 0.9131728515625
9 0.2493505859375 0.8669599609375 0.2860283203125 0.876720703125 0.3046630859375 0.891509765625 0.349328125 0.8935810546875 0.3537646484375 0.8063232421875 0.2126728515625 0.80484375 0.2039638671875 0.8677099609375 0.2493505859375 0.8669599609375
9 0.623388671875 0.6701650390625 0.624263671875 0.5547548828125 0.5604384765625 0.5543173828125 0.558251953125 0.6727880859375 0.623388671875 0.6701650390625
9 0.7957939453125 0.6671484375 0.7890224609375 0.54662890625 0.7190576171875 0.55069140625 0.7230947265625 0.6695322265625 0.7957939453125 0.6671484375
9 0.999201171875 0.657806640625 0.98928515625 0.5166005859375 0.911037109375 0.522189453125 0.9213427734375 0.659322265625 0.999201171875 0.657806640625
5 1 0.790853515625 0.7563466796875 0.782662109375 0.4535595703125 0.7758564453125 0.4483984375 0.8986923828125 0.4380595703125 0.9016259765625 0.4365576171875 0.9920771484375 0.4829384765625 0.99774609375 0.6027685546875 1 1 1 1 0.790853515625
0 0.152564453125 0.71613671875 0.2127236328125 0.7132490234375 0.3994580078125 0.71132421875 0.479349609375 0.71373046875 0.4807939453125 0.68581640625 0.411490234375 0.65068359375 0.393201171875 0.649720703125 0.2955029296875 0.6511650390625 0.1559326171875 0.651646484375 0.150158203125 0.7108427734375 0.152564453125 0.71613671875
9 0.3393896484375 0.652671875 0.3904677734375 0.6523876953125 0.395576171875 0.5652705078125 0.342794921875 0.566689453125 0.3393896484375 0.652671875
9 0.1184658203125 0.6479404296875 0.1293251953125 0.57225390625 0.0733828125 0.5732412109375 0.0627880859375 0.648228515625 0.1184658203125 0.6479404296875
9 0 0.648224609375 0.0291650390625 0.6496142578125 0.0416640625 0.5760068359375 0 0.5784375 0 0.648224609375
9 0.0530322265625 0.505841796875 0.0655615234375 0.4140556640625 0.01515234375 0.416095703125 0.001748046875 0.50758984375 0.0530322265625 0.505841796875
9 0.1496064453125 0.4054248046875 0.097130859375 0.4059296875 0.091580078125 0.46925390625 0.141533203125 0.4672353515625 0.1496064453125 0.4054248046875
9 0.3080400390625 0.46357421875 0.310564453125 0.39540234375 0.261833984375 0.3996943359375 0.2560263671875 0.4655947265625 0.3080400390625 0.46357421875
9 0.40644921875 0.4545986328125 0.4077001953125 0.3867529296875 0.3551748046875 0.3911298828125 0.350484375 0.4599130859375 0.40644921875 0.4545986328125
9 0.623552734375 0.3584443359375 0.5612275390625 0.364828125 0.558884765625 0.4691025390625 0.62446484375 0.466068359375 0.623552734375 0.3584443359375
9 0.713732421875 0.45926171875 0.7853662109375 0.4537734375 0.7820517578125 0.349962890625 0.7122890625 0.35556640625 0.713732421875 0.45926171875
9 0.969869140625 0.297099609375 0.8934892578125 0.312841796875 0.9025927734375 0.43214453125 0.9816552734375 0.42183203125 0.969869140625 0.297099609375
9 0.949953125 0.130060546875 0.8918408203125 0.1466630859375 0.89661328125 0.22926953125 0.9560888671875 0.216798828125 0.949953125 0.130060546875
9 1 0.1330576171875 0.982912109375 0.129755859375 0.98885546875 0.214279296875 1 0.2165908203125 1 0.1330576171875
9 0.7779033203125 0.26331640625 0.7754931640625 0.1782978515625 0.7118154296875 0.18655859375 0.713880859375 0.270201171875 0.7779033203125 0.26331640625
9 0.5665546875 0.2881650390625 0.6255634765625 0.2812861328125 0.6255634765625 0.2001943359375 0.5669169921875 0.207435546875 0.5665546875 0.2881650390625
9 0.358953125 0.3198173828125 0.4128173828125 0.3185546875 0.41618359375 0.231447265625 0.3640029296875 0.2369169921875 0.358953125 0.3198173828125
9 0.3164296875 0.3209052734375 0.3213525390625 0.232734375 0.2627216796875 0.2394482421875 0.2569033203125 0.327619140625 0.3164296875 0.3209052734375
9 0.055439453125 0.33144140625 0.1344111328125 0.3230654296875 0.1403935546875 0.2664296875 0.060625 0.276001953125 0.055439453125 0.33144140625
9 0.5637587890625 0.130296875 0.6188017578125 0.12040625 0.61794140625 0.0636435546875 0.5637587890625 0.0739638671875 0.5637587890625 0.130296875
9 0.5211826171875 0.1375791015625 0.520373046875 0.081333984375 0.468578125 0.09144921875 0.4665546875 0.1464814453125 0.5211826171875 0.1375791015625
9 0.426345703125 0.1520810546875 0.427970703125 0.098462890625 0.3805263671875 0.1075615234375 0.3789013671875 0.1608544921875 0.426345703125 0.1520810546875
0 0.1787890625 0.5196494140625 0.2591279296875 0.515005859375 0.4230556640625 0.50594140625 0.43838671875 0.51169140625 0.4417412109375 0.470966796875 0.439345703125 0.462822265625 0.41922265625 0.4465322265625 0.2454619140625 0.4599384765625 0.193150390625 0.463158203125 0.1770546875 0.463962890625 0.1698115234375 0.51546875 0.177859375 0.5207001953125 0.1787890625 0.5196494140625
0 0.4249052734375 0.32616796875 0.44265625 0.32672265625 0.4439365234375 0.297716796875 0.4432109375 0.287337890625 0.4115927734375 0.272361328125 0.3968583984375 0.274671875 0.2168408203125 0.293373046875 0.2097548828125 0.2962080078125 0.202314453125 0.3040029296875 0.2041318359375 0.34447265625 0.4249052734375 0.32616796875
2 0.4260244140625 0 0.3464501953125 0.070181640625 0.335310546875 0.089119140625 0.2629013671875 0.1125126953125 0.264015625 0.13590625 0.221375 0.1804208984375 0.2003447265625 0.17820703125 0.1970234375 0.14721484375 0.1693515625 0.146107421875 0.159390625 0.1527490234375 0.154962890625 0.185955078125 0.13719921875 0.193291015625 0.0042587890625 0.2115400390625 0 0.9547744140625 0.045275390625 0.959396484375 0.06061328125 0.91311328125 0.0985458984375 0.875181640625 0.144947265625 0.868134765625 0.198451171875 0.865697265625 0.250296875 0.867841796875 0.285361328125 0.8775576171875 0.30748828125 0.893798828125 0.33739453125 0.9136328125 0.4018369140625 0.928490234375 0.42211328125 0.9442900390625 0.4318564453125 0.9635126953125 0.4313291015625 0.986685546875 0.4354814453125 0.984833984375 0.4359521484375 0.901759765625 0.445767578125 0.8968515625 0.45212890625 0.7743212890625 0.999357421875 0.787814453125 1 0 0.8875078125 0 0.8285234375 0.03429296875 0.670134765625 0.0728408203125 0.676046875 0.0401044921875 0.6359423828125 0 0.4260244140625 0
6 0.06326171875 1 0.0629287109375 0.9968759765625 0.0579345703125 0.991548828125 0.04628125 0.984556640625 0.04228515625 0.976232421875 0.04494921875 0.960916015625 0 0.9569208984375 0.000666015625 1 0.06326171875 1