9 0.1063974609375 0.186978515625 0.10991796875 0.114220703125 0.0629775390625 0.1271298828125 0.057892578125 0.1932373046875 0.1063974609375 0.186978515625
9 0.10275 0.400251953125 0.1023203125 0.2837451171875 0.046861328125 0.2923427734375 0.0429912109375 0.4045517578125 0.10275 0.400251953125
9 0.0821142578125 0.6324072265625 0.091142578125 0.495693359375 0.0309541015625 0.5042919921875 0.02278515625 0.63756640625 0.0821142578125 0.6324072265625
9 0.0424755859375 0.889240234375 0.0417421875 0.8677880859375 0.0571201171875 0.8617470703125 0.0724990234375 0.8628447265625 0.07744140625 0.7584912109375 0.0724990234375 0.7529990234375 0.0642607421875 0.751900390625 0.0516279296875 0.749703125 0.04009375 0.7486044921875 0.02636328125 0.751900390625 0.015927734375 0.7562939453125 0.004943359375 0.7606875 0 0.8906103515625 0.0424755859375 0.889240234375
9 0.353525390625 0.851869140625 0.3511591796875 0.756744140625 0.342640625 0.7534306640625 0.3279697265625 0.7486982421875 0.3099853515625 0.7468056640625 0.2929482421875 0.7501181640625 0.2806435546875 0.753904296875 0.28158984375 0.8542353515625 0.353525390625 0.851869140625
9 0.5651513671875 0.8490361328125 0.558044921875 0.7674990234375 0.552060546875 0.7622626953125 0.541587890625 0.757400390625 0.531115234375 0.7540341796875 0.519146484375 0.7547822265625 0.49894921875 0.7581484375 0.493712890625 0.76263671875 0.5000712890625 0.84941015625 0.5651513671875 0.8490361328125
9 0.7584736328125 0.8445146484375 0.74584765625 0.7664228515625 0.7318193359375 0.762681640625 0.7098408203125 0.7608115234375 0.69441015625 0.761279296875 0.68458984375 0.7636171875 0.674302734375 0.7701640625 0.6841220703125 0.844982421875 0.7584736328125 0.8445146484375
9 0.4758203125 0.5273232421875 0.4858134765625 0.653388671875 0.544234375 0.658384765625 0.5311669921875 0.5327041015625 0.4758203125 0.5273232421875
9 0.685673828125 0.667609375 0.6706845703125 0.54923046875 0.6245625 0.549615234375 0.636861328125 0.667609375 0.685673828125 0.667609375
9 0.7460166015625 0.6672255859375 0.7241083984375 0.5573017578125 0.685673828125 0.553458984375 0.7068125 0.669916015625 0.7460166015625 0.6672255859375
9 0.521490234375 0.44425 0.51189453125 0.33438671875 0.4605615234375 0.322873046875 0.4682373046875 0.4370537109375 0.521490234375 0.44425
9 0.66109765625 0.473994140625 0.6433466796875 0.369408203125 0.6088046875 0.3665302734375 0.622255859375 0.4718349609375 0.66109765625 0.473994140625
9 0.71015625 0.4724267578125 0.69271484375 0.378775390625 0.66200390625 0.3746044921875 0.680203125 0.4705302734375 0.71015625 0.4724267578125
9 0.3444296875 0.4185595703125 0.3374990234375 0.313392578125 0.27873828125 0.29983203125 0.279943359375 0.41162890625 0.3444296875 0.4185595703125
9 0.3320751953125 0.1979794921875 0.3317734375 0.1452451171875 0.2832587890625 0.135 0.2811494140625 0.134095703125 0.2826552734375 0.186830078125 0.3320751953125 0.1979794921875
9 0.5005341796875 0.2390498046875 0.495548828125 0.1872021484375 0.452673828125 0.1764833984375 0.4551669921875 0.23057421875 0.5005341796875 0.2390498046875
9 0.625654296875 0.2691474609375 0.6188369140625 0.221427734375 0.589296875 0.2136015625 0.5948515625 0.263087890625 0.625654296875 0.2691474609375
9 0.6705966796875 0.2794990234375 0.6630224609375 0.23228515625 0.634744140625 0.226982421875 0.641560546875 0.2736923828125 0.6705966796875 0.2794990234375
0 0 0.4185791015625 0.0553544921875 0.4103779296875 0.106609375 0.4055947265625 0.140779296875 0.4045693359375 0.1636728515625 0.4185791015625 0.1691396484375 0.38030859375 0.1469296875 0.36219921875 0.1421455078125 0.355365234375 0.13975390625 0.35365625 0.140779296875 0.34921484375 0.1366787109375 0.348873046875 0.1353125 0.34921484375 0.133603515625 0.3522900390625 0.119935546875 0.35297265625 0.11959375 0.34921484375 0.060822265625 0.353314453125 0.0232353515625 0.35946484375 0 0.3645908203125 0 0.4185791015625
0 0.1064541015625 0.676744140625 0.1408544921875 0.6756240234375 0.1619033203125 0.6821533203125 0.1619033203125 0.61955078125 0.12884375 0.60197265625 0.1296884765625 0.596904296875 0.12588671875 0.59605859375 0.1229296875 0.5994384765625 0.124619140625 0.6007060546875 0.1060322265625 0.60197265625 0.104341796875 0.6007060546875 0.0198544921875 0.6053525390625 0.0004228515625 0.60788671875 0 0.682658203125 0.1064541015625 0.676744140625
0 0.8122578125 0.707908203125 0.8001533203125 0.650724609375 0.6674208984375 0.64070703125 0.63528125 0.6498896484375 0.6440458984375 0.7070732421875 0.8122578125 0.707908203125
0 0.63528125 0.473748046875 0.76968359375 0.4958701171875 0.762587890625 0.4466162109375 0.702482421875 0.439103515625 0.6469677734375 0.427833984375 0.64070703125 0.4290859375 0.6344462890625 0.430755859375 0.6327763671875 0.4282509765625 0.6315244140625 0.4261640625 0.6298544921875 0.4261640625 0.6286025390625 0.4286689453125 0.6286025390625 0.4299208984375 0.6014716796875 0.4487041015625 0.6068974609375 0.4912783203125 0.63528125 0.473748046875
9 0.345294921875 0.64180859375 0.3433818359375 0.5122041015625 0.2802529296875 0.50646484375 0.2816884765625 0.6384609375 0.345294921875 0.64180859375
0 0.00054296875 0.2094931640625 0.029849609375 0.2013525390625 0.0971484375 0.1883271484375 0.13351171875 0.18561328125 0.1396162109375 0.1432333984375 0.1351396484375 0.1383955078125 0.057529296875 0.14979296875 0.0010859375 0.1617333984375 0.00054296875 0.2094931640625
3 0.0243642578125 1 0.0395244140625 0.89336328125 0.000541015625 0.8939052734375 0.0010830078125 1 0.0243642578125 1
8 1 0.83434375 0.9977607421875 0.2059970703125 0.996609375 0.1703212890625 0.996609375 0.15305859375 0.9839501953125 0.1496064453125 0.96438671875 0.15651171875 0.95287890625 0.1657177734375 0.93791796875 0.1691708984375 0.943671875 0.15651171875 0.9563310546875 0.146154296875 0.954029296875 0.13004296875 0.943671875 0.1219873046875 0.9298623046875 0.1173837890625 0.918353515625 0.1127802734375 0.9102978515625 0.109328125 0.88498046875 0.1127802734375 0.8780751953125 0.11508203125 0.85505859375 0.1173837890625 0.848154296875 0.1024228515625 0.83434375 0.1024228515625 0.8251376953125 0.110478515625 0.8159306640625 0.119685546875 0.7986689453125 0.1208359375 0.7779541015625 0.13004296875 0.7722001953125 0.136947265625 0.7583896484375 0.140400390625 0.7250166015625 0.14155078125 0.7135078125 0.15651171875 0.703150390625 0.1818291015625 0.697396484375 0.2071474609375 0.698546875 0.22095703125 0.7054521484375 0.240521484375 0.7100556640625 0.2497275390625 0.7100556640625 0.2658388671875 0.718111328125 0.27734765625 0.72846875 0.2854033203125 0.7480322265625 0.2957607421875 0.797517578125 0.308419921875 0.7986689453125 0.319927734375 0.7572392578125 0.3486982421875 0.753787109375 0.367111328125 0.7687470703125 0.4476689453125 0.7848583984375 0.482193359375 0.7952158203125 0.50751171875 0.7986689453125 0.523623046875 0.811328125 0.5362822265625 0.8262880859375 0.540884765625 0.8470029296875 0.5512421875 0.8055732421875 0.5523935546875 0.797517578125 0.5592978515625 0.7952158203125 0.570806640625 0.807875 0.5800126953125 0.827439453125 0.5846162109375 0.848154296875 0.5846162109375 0.8516064453125 0.6007275390625 0.859662109375 0.6156884765625 0.8734716796875 0.62834765625 0.865416015625 0.6571181640625 0.8562099609375 0.676681640625 0.853908203125 0.69279296875 0.85505859375 0.7112060546875 0.8619638671875 0.729619140625 0.8688681640625 0.7434296875 0.886130859375 0.7733505859375 0.85851171875 0.78716015625 0.8573603515625 0.7940654296875 0.8573603515625 0.818232421875 0.8631142578125 0.8412490234375 0.6694794921875 0.8473603515625 0.3728203125 0.85396875 0.226505859375 0.8560791015625 0.2061064453125 0.849044921875 0.20540234375 0.8377900390625 0.2117333984375 0.80824609375 0.2194716796875 0.7794052734375 0.2342431640625 0.7568955078125 0.249015625 0.7357919921875 0.2694150390625 0.7175029296875 0.2785595703125 0.7041376953125 0.2722294921875 0.68514453125 0.2785595703125 0.671076171875 0.2870009765625 0.6563037109375 0.3003662109375 0.6556005859375 0.3221728515625 0.6548974609375 0.3397587890625 0.662634765625 0.36437890625 0.671076171875 0.3847783203125 0.6731865234375 0.4023642578125 0.671076171875 0.412916015625 0.6689658203125 0.422763671875 0.670373046875 0.43542578125 0.6598212890625 0.439646484375 0.6520830078125 0.45230859375 0.6429384765625 0.475521484375 0.6295732421875 0.4811494140625 0.6225390625 0.4825556640625 0.617615234375 0.4818525390625 0.608470703125 0.47200390625 0.6070634765625 0.4635634765625 0.61339453125 0.457232421875 0.626056640625 0.4466806640625 0.6330908203125 0.41713671875 0.644345703125 0.3918125 0.6563037109375 0.38126171875 0.6520830078125 0.3798544921875 0.6464560546875 0.386185546875 0.6337939453125 0.3847783203125 0.6239462890625 0.386888671875 0.6112841796875 0.396033203125 0.60425 0.412212890625 0.59651171875 0.42628125 0.59651171875 0.430501953125 0.59651171875 0.4375361328125 0.5803330078125 0.441052734375 0.5655615234375 0.4368330078125 0.556416015625 0.4248740234375 0.555009765625 0.412212890625 0.5669677734375 0.4072880859375 0.5803330078125 0.3967373046875 0.5845537109375 0.3897021484375 0.583146484375 0.3889990234375 0.56978125 0.3974404296875 0.56063671875 0.4101025390625 0.5536025390625 0.422763671875 0.5493818359375 0.4241708984375 0.5360166015625 0.41854296875 0.5268720703125 0.4192470703125 0.511396484375 0.4192470703125 0.501548828125 0.42628125 0.492404296875 0.432333984375 0.467810546875 0.4293271484375 0.4611962890625 0.422712890625 0.4636015625 0.41730078125 0.4690126953125 0.4106865234375 0.4828427734375 0.4058759765625 0.499078125 0.404673828125 0.50809765625 0.3938505859375 0.5135087890625 0.3854326171875 0.5219267578125 0.38182421875 0.529142578125 0.369197265625 0.5369599609375 0.3439423828125 0.5369599609375 0.315681640625 0.537560546875 0.3012509765625 0.547181640625 0.270583984375 0.54176953125 0.2471337890625 0.5501884765625 0.24112109375 0.538162109375 0.24112109375 0.521326171875 0.2477353515625 0.511705078125 0.27599609375 0.5056923828125 0.298845703125 0.4960712890625 0.31087109375 0.484646484375 0.316884765625 0.47201953125 0.33011328125 0.4642021484375 0.343341796875 0.4509736328125 0.3487529296875 0.440751953125 0.3577724609375 0.4287255859375 0.360779296875 0.4167001953125 0.3583740234375 0.4100859375 0.360177734375 0.4022685546875 0.369197265625 0.396255859375 0.3716025390625 0.387236328125 0.36558984375 0.3728046875 0.3553671875 0.3667919921875 0.3439423828125 0.3673935546875 0.3397333984375 0.3728046875 0.3355244140625 0.387837890625 0.3204921875 0.395654296875 0.306060546875 0.4064775390625 0.2922314453125 0.39926171875 0.27659765625 0.3896416015625 0.2777998046875 0.3794189453125 0.280205078125 0.3703994140625 0.280806640625 0.361380859375 0.288623046875 0.351759765625 0.2916298828125 0.3391328125 0.2922314453125 0.3277080078125 0.2856171875 0.3174853515625 0.2820087890625 0.31087109375 0.2838125 0.2952373046875 0.2687802734375 0.3084658203125 0.2549501953125 0.34694921875 0.235072265625 0.361904296875 0.229759765625 0.369208984375 0.228431640625 0.3844814453125 0.230423828125 0.3917861328125 0.215814453125 0.3917861328125 0.205189453125 0.3951064453125 0.1819482421875 0.3990908203125 0.1726513671875 0.3897939453125 0.15737890625 0.3937783203125 0.15007421875 0.4037392578125 0.15007421875 0.4097158203125 0.14210546875 0.41967578125 0.1208564453125 0.4183486328125 0.1162080078125 0.3964345703125 0.1055830078125 0.3851455078125 0.0929658203125 0.373857421875 0.084998046875 0.374521484375 0.082341796875 0.3838173828125 0.079021484375 0.4024111328125 0.081677734375 0.4137001953125 0.067068359375 0.4170205078125 0.0517958984375 0.4030751953125 0.0405068359375 0.3990908203125 0.0292177734375 0.3984267578125 0.0258974609375 0.4050673828125 0.0252333984375 0.4137001953125 0.0272255859375 0.42100390625 0.0305458984375 0.42498828125 0.0152734375 0.42764453125 0.0112890625 0.43030078125 0.00796875 0.43959765625 0.0112890625 0.44424609375 0.009296875 0.45553515625 0.011953125 0.4601826171875 0.0185927734375 0.4641669921875 0.0411708984375 0.4708076171875 0.057771484375 0.4814326171875 0.083669921875 0.4887373046875 0.089646484375 0.494712890625 0.1062470703125 0.515962890625 0.1175361328125 0.519947265625 0.13745703125 0.524595703125 0.16401953125 0.527251953125 0.16003515625 0.5418603515625 0.16003515625 0.5471728515625 0.1660107421875 0.5531494140625 0.1753076171875 0.5531494140625 0.1872607421875 0.5485009765625 0.1958935546875 0.5577978515625 0.215150390625 0.5770546875 0.215150390625 0.5856875 0.204525390625 0.584359375 0.1939013671875 0.5757265625 0.1859326171875 0.5757265625 0.1305400390625 0.581185546875 0.0715126953125 0.574375 0.0578916015625 0.56075390625 0.042 0.5596181640625 0.0034052734375 0.5017265625 0 0.513078125 0.01702734375 0.54940234375 0.006810546875 0.5459970703125 0.012486328125 0.5630234375 0.0227021484375 0.5857265625 0.0590263671875 0.5959423828125 0.146431640625 0.5959423828125 0.196376953125 0.6016181640625 0.1850263671875 0.6311318359375 0.1804853515625 0.6447529296875 0.1566474609375 0.6515634765625 0.1180537109375 0.6458876953125 0.1078369140625 0.6322666015625 0.0942158203125 0.617509765625 0.079458984375 0.62205078125 0.073783203125 0.640212890625 0.08059375 0.6504287109375 0.048810546875 0.6436181640625 0 0.636806640625 0 0.6583740234375 0 0.6742666015625 0.0147568359375 0.6810771484375 0.0329189453125 0.69696875 0.073783203125 0.7049150390625 0.1010263671875 0.720806640625 0.123728515625 0.745779296875 0.13962109375 0.7866435546875 0.1384853515625 0.860427734375 0.1180537109375 0.84794140625 0.098755859375 0.8388603515625 0.0828642578125 0.84794140625 0.0760537109375 0.8638330078125 0.04426953125 0.868373046875 0.0288798828125 0.981916015625 0.0264736328125 0.9987626953125 0.3350068359375 1 0.890734375 0.9989111328125 1 0.9874033203125 1 0.83434375
2 0 0.891556640625 0.0414794921875 0.8905576171875 0.042978515625 0.868068359375 0.0564716796875 0.8640703125 0.0750068359375 0.8608623046875 0.1926640625 0.8481162109375 0.3401025390625 0.854138671875 0.457611328125 0.8499970703125 0.580814453125 0.8484443359375 0.8438232421875 0.841373046875 0.824923828125 0.7465263671875 0.8294736328125 0.742326171875 0.8294736328125 0.7360263671875 0.8287734375 0.727626953125 0.83997265625 0.722376953125 0.8392734375 0.7157265625 0.84172265625 0.71327734375 0.841373046875 0.70977734375 0.8287734375 0.707677734375 0.8270234375 0.704177734375 0.823173828125 0.7003271484375 0.8245732421875 0.6996279296875 0.827373046875 0.6968271484375 0.8277236328125 0.69402734375 0.829123046875 0.689828125 0.8287734375 0.688427734375 0.8203740234375 0.6870283203125 0.8172236328125 0.6674287109375 0.8200234375 0.6639287109375 0.8200234375 0.661478515625 0.8147734375 0.6600791015625 0.814423828125 0.657279296875 0.80707421875 0.6513291015625 0.80532421875 0.6474794921875 0.785724609375 0.534783203125 0.790625 0.5284833984375 0.787474609375 0.5141337890625 0.7941240234375 0.5074833984375 0.7951748046875 0.506083984375 0.7972744140625 0.502583984375 0.7955244140625 0.50118359375 0.783625 0.49943359375 0.7759248046875 0.4661845703125 0.779775390625 0.459884765625 0.776625 0.4584853515625 0.7685751953125 0.45603515625 0.7500263671875 0.361888671875 0.752826171875 0.3576884765625 0.75667578125 0.3519140625 0.756326171875 0.3503388671875 0.7472255859375 0.347888671875 0.7902744140625 0.3212900390625 0.790974609375 0.31883984375 0.789224609375 0.314990234375 0.7930439453125 0.3093466796875 0.73874609375 0.2953984375 0.696404296875 0.2465810546875 0.67155078125 0.2160849609375 0.677173828125 0.2128720703125 0.68239453125 0.205642578125 0.6840009765625 0.200822265625 0.681892578125 0.1982119140625 0.6739599609375 0.1911826171875 0.6627138671875 0.1781298828125 0.64905859375 0.1678876953125 0.6225498046875 0.15704296875 0.60407421875 0.1566416015625 0.592828125 0.159453125 0.5802490234375 0.1565244140625 0.4905234375 0.1312275390625 0.4834091796875 0.12608984375 0.4739228515625 0.123322265625 0.4573212890625 0.1237177734375 0.42092578125 0.113306640625 0.3327421875 0.0881845703125 0.323 0.08151953125 0.3122333984375 0.0779306640625 0.293263671875 0.0748544921875 0.263927734375 0.069162109375 0.181251953125 0.046505859375 0.148658203125 0.0453125 0.122822265625 0.049685546875 0.1156669921875 0.0457099609375 0.1077177734375 0.0421328125 0.0973828125 0.0417353515625 0.075521484375 0.046505859375 0.0532626953125 0.0584296875 0.0298115234375 0.0830732421875 0.0290166015625 0.0890361328125 0.039748046875 0.101357421875 0.044517578125 0.1073203125 0.0182841796875 0.1574033203125 0 0.162837890625 0 0.891556640625