9 0.3156416015625 0.296853515625 0.3137626953125 0.1791142578125 0.22483203125 0.18287109375 0.2204482421875 0.296853515625 0.3156416015625 0.296853515625
9 0.3094794921875 0.05013671875 0.308568359375 0.0191435546875 0.2338193359375 0.023701171875 0.23388671875 0.0530625 0.3094794921875 0.05013671875
9 0.021783203125 0.29787109375 0.002533203125 0.3996943359375 0.03698046875 0.364740234375 0.0542041015625 0.255318359375 0.021783203125 0.29787109375
9 0.0005068359375 0.488853515625 0 0.577505859375 0.01773046875 0.47213671875 0.0005068359375 0.488853515625
9 0.32132421875 0.9709072265625 0.3174716796875 0.7181630859375 0.191099609375 0.722015625 0.1749169921875 0.9724482421875 0.32132421875 0.9709072265625
9 0.5462783203125 0.3838818359375 0.5334150390625 0.29022265625 0.5012578125 0.26530078125 0.51412109375 0.35775390625 0.5462783203125 0.3838818359375
9 0.59411328125 0.6363203125 0.5675830078125 0.498845703125 0.5277880859375 0.46708984375 0.54708203125 0.60657421875 0.59411328125 0.6363203125
9 0.641947265625 0.9888486328125 0.608986328125 0.781029296875 0.5691904296875 0.764548828125 0.5989365234375 0.9800048828125 0.641947265625 0.9888486328125
9 0.789919921875 0.9995322265625 0.7471005859375 0.836001953125 0.7144755859375 0.82417578125 0.7507705078125 1 0.789919921875 0.9995322265625
9 0.7225634765625 0.7156904296875 0.689234375 0.592544921875 0.662599609375 0.5724775390625 0.689599609375 0.6961669921875 0.7225634765625 0.7156904296875
9 0.6680458984375 0.4769560546875 0.64806640625 0.397548828125 0.6255244140625 0.37910546875 0.647041015625 0.4820791015625 0.6680458984375 0.4769560546875
9 0.8708662109375 0.9999833984375 0.83790625 0.875962890625 0.8148017578125 0.8671279296875 0.8487802734375 1 0.8708662109375 0.9999833984375
9 0.92645703125 1 0.9010517578125 0.9213212890625 0.886615234375 0.9173115234375 0.9088896484375 1 0.92645703125 1
9 0.9667255859375 0.999697265625 0.945375 0.9364560546875 0.93510546875 0.935916015625 0.953482421875 1 0.9667255859375 0.999697265625
9 1 0.9999677734375 0.9848330078125 0.9480771484375 0.97564453125 0.9451044921875 0.991048828125 0.9999677734375 1 0.9999677734375
9 0.9234833984375 0.852134765625 0.8924033203125 0.7618671875 0.8799716796875 0.755921875 0.9067275390625 0.846458984375 0.9234833984375 0.852134765625
9 0.812314453125 0.77128125 0.7781806640625 0.6539912109375 0.7592978515625 0.646001953125 0.7865322265625 0.7589345703125 0.812314453125 0.77128125
9 0.8602724609375 0.7991171875 0.8615029296875 0.8065048828125 0.8582197265625 0.8097880859375 0.859041015625 0.8159453125 0.8754580078125 0.824564453125 0.847548828125 0.727291015625 0.831130859375 0.7207236328125 0.853705078125 0.7974755859375 0.8602724609375 0.7991171875
9 0.8287646484375 0.654591796875 0.8019462890625 0.572119140625 0.788681640625 0.56462109375 0.8094443359375 0.64248046875 0.8287646484375 0.654591796875
9 0.8731728515625 0.6946748046875 0.8489501953125 0.61796875 0.8351083984375 0.607587890625 0.8573125 0.6822744140625 0.8731728515625 0.6946748046875
9 0.9169970703125 0.726763671875 0.89301171875 0.6548095703125 0.8818408203125 0.6515244140625 0.9038544921875 0.7274208984375 0.9169970703125 0.726763671875
0 0.951421875 0.734919921875 1 0.7772548828125 0.998267578125 0.7595732421875 0.9888779296875 0.736345703125 0.9361962890625 0.6847861328125 0.888291015625 0.6951845703125 0.901330078125 0.745111328125 0.951421875 0.734919921875
9 0.9628212890625 0.87439453125 0.9353486328125 0.790689453125 0.925046875 0.78940234375 0.9512314453125 0.8701025390625 0.9628212890625 0.87439453125
9 0.99115234375 0.8907060546875 0.964109375 0.814298828125 0.9550947265625 0.813869140625 0.9782744140625 0.8864140625 0.99115234375 0.8907060546875
9 0.9998837890625 0.8553134765625 0.993279296875 0.837333984375 0.9808037109375 0.8354990234375 1 0.8923740234375 0.9998837890625 0.8553134765625
9 0.3151298828125 0.5887236328125 0.3134599609375 0.4021640625 0.212169921875 0.4081572265625 0.2049775390625 0.592158203125 0.3151298828125 0.5887236328125
0 0.0783837890625 0.51391796875 0.0765537109375 0.5270322265625 0.07380859375 0.5322177734375 0.0707587890625 0.5343525390625 0.067708984375 0.5322177734375 0.0646591796875 0.531912109375 0.06221875 0.5340478515625 0.0619140625 0.5361826171875 0.063744140625 0.538927734375 0.0649638671875 0.5407578125 0.0509345703125 0.5618017578125 0.047884765625 0.5715615234375 0.047884765625 0.57644140625 0.051849609375 0.58406640625 0.05825390625 0.5907763671875 0.059779296875 0.5926064453125 0.0588642578125 0.596876953125 0.061609375 0.601451171875 0.06526953125 0.6029765625 0.0689287109375 0.6038916015625 0.076859375 0.6041962890625 0.0896689453125 0.5984013671875 0.1229130859375 0.59565625 0.4102177734375 0.5923115234375 0.415275390625 0.5998984375 0.415275390625 0.6125439453125 0.41578125 0.6256953125 0.41881640625 0.626201171875 0.4279208984375 0.6130498046875 0.4269091796875 0.59686328125 0.4274150390625 0.583712890625 0.4319677734375 0.573595703125 0.436013671875 0.5660087890625 0.437025390625 0.556904296875 0.4334853515625 0.5477998046875 0.4304501953125 0.5412236328125 0.4243798828125 0.533130859375 0.4228623046875 0.527060546875 0.4264033203125 0.5250380859375 0.422357421875 0.5214970703125 0.415275390625 0.5199794921875 0.4137578125 0.5184619140625 0.4178046875 0.4871015625 0.072837890625 0.4977236328125 0.0722841796875 0.5017177734375 0.076859375 0.508123046875 0.0783837890625 0.51391796875
0 0.615984375 0.4711298828125 0.615984375 0.4790986328125 0.618328125 0.484724609375 0.622078125 0.490818359375 0.6248916015625 0.494099609375 0.6272353515625 0.494568359375 0.695677734375 0.4692548828125 0.7819345703125 0.5494169921875 0.7861533203125 0.5470732421875 0.7889658203125 0.541916015625 0.792248046875 0.537228515625 0.791310546875 0.5306650390625 0.7861533203125 0.5250400390625 0.7777158203125 0.5151953125 0.7805283203125 0.5128515625 0.7764326171875 0.513 0.77162109375 0.5091015625 0.76693359375 0.4969130859375 0.76974609375 0.490818359375 0.688177734375 0.4036240234375 0.610828125 0.436439453125 0.615046875 0.4462841796875 0.615984375 0.4711298828125
8 0.5156630859375 0.0314072265625 0.5054375 0.04528515625 0.50178515625 0.062814453125 0.50470703125 0.0774228515625 0.4995947265625 0.100794921875 0.50178515625 0.1139423828125 0.5112802734375 0.12928125 0.502515625 0.146080078125 0.50762890625 0.1541142578125 0.5163935546875 0.1577666015625 0.5339228515625 0.1599580078125 0.5331923828125 0.1840615234375 0.5339228515625 0.1979384765625 0.5412275390625 0.2052431640625 0.523697265625 0.2037822265625 0.5127412109375 0.20889453125 0.5010546875 0.2183896484375 0.4995947265625 0.228615234375 0.488638671875 0.233728515625 0.4718388671875 0.25637109375 0.4784130859375 0.2658662109375 0.487908203125 0.271708984375 0.50032421875 0.276822265625 0.5098203125 0.298734375 0.523697265625 0.3001943359375 0.55072265625 0.29654296875 0.564599609375 0.292890625 0.5762861328125 0.2943515625 0.5960068359375 0.2958125 0.612076171875 0.29362109375 0.6274140625 0.2841259765625 0.650056640625 0.29069921875 0.6734296875 0.29216015625 0.723521484375 0.3200029296875 0.7226943359375 0.343982421875 0.71938671875 0.372923828125 0.726001953125 0.391115234375 0.7392314453125 0.40269140625 0.75825 0.4159208984375 0.7780947265625 0.42336328125 0.783056640625 0.439900390625 0.7913251953125 0.453130859375 0.811169921875 0.4671875 0.811169921875 0.487033203125 0.820265625 0.5019169921875 0.831015625 0.5134931640625 0.855822265625 0.5267236328125 0.872359375 0.539126953125 0.8888974609375 0.5457412109375 0.9137041015625 0.5498759765625 0.9330263671875 0.5453115234375 0.94 0.55507421875 0.93768359375 0.5763359375 0.933548828125 0.5912197265625 0.933548828125 0.6019697265625 0.931068359375 0.61271875 0.8516875 0.62346875 0.9277607421875 0.624294921875 0.931068359375 0.6276025390625 0.9327216796875 0.6342177734375 0.8070361328125 0.6565439453125 0.8988193359375 0.6524091796875 0.8979931640625 0.6598515625 0.9079150390625 0.6706005859375 0.910396484375 0.6755615234375 0.9054345703125 0.6805234375 0.9029541015625 0.6937529296875 0.8979931640625 0.7160791015625 0.9070888671875 0.7226943359375 0.9261064453125 0.7160791015625 0.9500869140625 0.7210400390625 0.985642578125 0.7326162109375 1 0.733443359375 0.99969921875 0 0.525896484375 0.0008271484375 0.5185849609375 0.020451171875 0.5156630859375 0.0314072265625
6 1 0.6742158203125 0.9856572265625 0.6686083984375 0.9852265625 0.6569609375 0.9748740234375 0.646177734375 0.95805078125 0.6556669921875 0.9501318359375 0.6443232421875 0.9260107421875 0.618158203125 0.9137451171875 0.612025390625 0.9186513671875 0.604666015625 0.8834912109375 0.562556640625 0.876703125 0.55746484375 0.8642705078125 0.542224609375 0.867078125 0.539818359375 0.845822265625 0.5133486328125 0.8382021484375 0.5157548828125 0.82576953125 0.4993115234375 0.8270869140625 0.4898544921875 0.8090068359375 0.470138671875 0.8163818359375 0.462763671875 0.7137626953125 0.3399736328125 0.7146767578125 0.333576171875 0.685431640625 0.2942783203125 0.66989453125 0.288794921875 0.509220703125 0.0744111328125 0.4760498046875 0.048412109375 0.4249482421875 0.0421357421875 0.387294921875 0 0.1524072265625 0.0035859375 0.119236328125 0.053791015625 0.06723828125 0.062755859375 0 0.175716796875 0 1 1 0.999892578125 1 0.6742158203125