9 0.161720703125 0.2717744140625 0.166341796875 0.212546875 0.106693359375 0.2129677734375 0.09829296875 0.2700947265625 0.161720703125 0.2717744140625
9 0.1452080078125 0.398359375 0.15259765625 0.3334658203125 0.0867392578125 0.334107421875 0.0787080078125 0.3980380859375 0.1452080078125 0.398359375
9 0.1283359375 0.5452646484375 0.13787890625 0.4669462890625 0.0671279296875 0.467392578125 0.056599609375 0.544935546875 0.1283359375 0.5452646484375
9 0.1074755859375 0.7194775390625 0.1181875 0.6287841796875 0.0417763671875 0.629498046875 0.028921875 0.720548828125 0.1074755859375 0.7194775390625
9 0.4204970703125 0.7209404296875 0.419375 0.625068359375 0.341890625 0.625068359375 0.342650390625 0.7206279296875 0.4204970703125 0.7209404296875
9 0.4165791015625 0.545986328125 0.413783203125 0.468501953125 0.3438876953125 0.468501953125 0.342689453125 0.5463857421875 0.4165791015625 0.545986328125
9 0.410587890625 0.3990048828125 0.408990234375 0.3335029296875 0.3438876953125 0.3323046875 0.3446865234375 0.3990048828125 0.410587890625 0.3990048828125
9 0.4069931640625 0.2707958984375 0.404197265625 0.2128828125 0.3454853515625 0.21448046875 0.3438876953125 0.271994140625 0.4069931640625 0.2707958984375
9 0.318982421875 0.1590537109375 0.3186904296875 0.140083984375 0.28191796875 0.1392080078125 0.281626953125 0.1593447265625 0.318982421875 0.1590537109375
9 0.369470703125 0.15963671875 0.369470703125 0.138916015625 0.330947265625 0.1395 0.33065625 0.140083984375 0.330072265625 0.1599287109375 0.369470703125 0.15963671875
9 0.4196669921875 0.15963671875 0.4187919921875 0.1392080078125 0.3808525390625 0.1386240234375 0.3808525390625 0.1599287109375 0.4196669921875 0.15963671875
9 0.4669765625 0.15893359375 0.46647265625 0.1395390625 0.43070703125 0.14004296875 0.4312099609375 0.158681640625 0.4669765625 0.15893359375
0 0.7581083984375 0.224564453125 0.8331337890625 0.2249501953125 0.830638671875 0.2178193359375 0.7044384765625 0.2171064453125 0.591072265625 0.2163935546875 0.5909072265625 0.21967578125 0.592537109375 0.223912109375 0.7581083984375 0.224564453125
0 0.60709765625 0.356607421875 0.874439453125 0.3597958984375 0.868974609375 0.3493203125 0.61165234375 0.3479541015625 0.5948017578125 0.3771025390625 0.5952568359375 0.388943359375 0.60709765625 0.356607421875
0 0.6294150390625 0.512822265625 0.921349609375 0.5141884765625 0.9149736328125 0.499615234375 0.6298701171875 0.5014365234375 0.614384765625 0.53012890625 0.6139296875 0.53923828125 0.6294150390625 0.512822265625
0 0.6594736328125 0.6995517578125 0.9746357421875 0.702740234375 0.9696259765625 0.6863447265625 0.66083984375 0.6840673828125 0.6376123046875 0.7086611328125 0.6394345703125 0.7195908203125 0.6594736328125 0.6995517578125
9 1 0.832287109375 0.9895478515625 0.8334365234375 0.995755859375 0.8591875 1 0.8584970703125 1 0.832287109375
9 0.9913876953125 0.858037109375 0.9863291015625 0.8311376953125 0.97046484375 0.8318271484375 0.976212890625 0.858267578125 0.9913876953125 0.858037109375
9 0.9391591796875 0.853142578125 0.9342216796875 0.8253369140625 0.9103134765625 0.8261171875 0.9155107421875 0.8539228515625 0.9391591796875 0.853142578125
9 0.9500732421875 0.897580078125 0.9459150390625 0.87315234375 0.92148828125 0.8726328125 0.9243466796875 0.8986201171875 0.9500732421875 0.897580078125
9 0.9654052734375 0.81780078125 0.962287109375 0.79597265625 0.9495537109375 0.79701171875 0.95215234375 0.81728125 0.9654052734375 0.81780078125
9 0.906416015625 0.8157216796875 0.937859375 0.816501953125 0.937080078125 0.80246875 0.906416015625 0.8157216796875
9 1 0.8744521484375 0.9848955078125 0.8757509765625 0.9893134765625 0.901478515625 1 0.9001787109375 1 0.8744521484375
9 0.964931640625 0.9447880859375 0.9620068359375 0.9204208984375 0.9363408203125 0.9213955078125 0.9399140625 0.9470625 0.964931640625 0.9447880859375
9 0.9805263671875 0.989623046875 0.97565234375 0.96785546875 0.95680859375 0.9694794921875 0.9603828125 0.9909228515625 0.9805263671875 0.989623046875
9 0.4312294921875 0.9313095703125 0.428123046875 0.8158662109375 0.34322265625 0.8158662109375 0.342705078125 0.9318271484375 0.4312294921875 0.9313095703125
9 0.082640625 0.9039140625 0.0947802734375 0.8166044921875 0.0140068359375 0.8161376953125 0.0028017578125 0.90298046875 0.082640625 0.9039140625
4 0.2677939453125 1 0.27525 0.94131640625 0.2671728515625 0.904037109375 0.2634443359375 0.9021728515625 0 0.9071435546875 0 1 0.2677939453125 1
8 0.3987431640625 0 0.39094140625 0.0017333984375 0.3935419921875 0.0208037109375 0.395275390625 0.0303388671875 0.384873046875 0.04767578125 0.375337890625 0.061544921875 0.3744716796875 0.0754140625 0.375337890625 0.10401953125 0.3796728515625 0.1352255859375 0.39180859375 0.156896484375 0.3831396484375 0.18203515625 0.3831396484375 0.1933037109375 0.3831396484375 0.2080400390625 0.3874736328125 0.223642578125 0.384873046875 0.2297109375 0.3805390625 0.242712890625 0.3796728515625 0.2557158203125 0.3883408203125 0.27738671875 0.385740234375 0.286921875 0.384873046875 0.309458984375 0.385740234375 0.3319970703125 0.377072265625 0.3423984375 0.3701376953125 0.3640693359375 0.377072265625 0.385740234375 0.415212890625 0.442951171875 0.396142578125 0.461154296875 0.39180859375 0.4750244140625 0.395275390625 0.4975615234375 0.404810546875 0.5227001953125 0.4186796875 0.5513056640625 0.423880859375 0.5738427734375 0.42994921875 0.5989814453125 0.42994921875 0.614583984375 0.4316826171875 0.6414560546875 0.434283203125 0.661392578125 0.434283203125 0.67699609375 0.434283203125 0.69606640625 0.44901953125 0.742875 0.4594208984375 0.7550107421875 0.472423828125 0.794884765625 0.4784912109375 0.862498046875 0.4585546875 0.8650986328125 0.4542197265625 0.8581640625 0.443818359375 0.8451611328125 0.4386171875 0.8373603515625 0.443818359375 0.8208896484375 0.4403505859375 0.8078876953125 0.4256142578125 0.7922841796875 0.40914453125 0.795751953125 0.39180859375 0.800953125 0.3874736328125 0.814822265625 0.3640693359375 0.81915625 0.358001953125 0.815689453125 0.3458662109375 0.7992197265625 0.33459765625 0.785349609375 0.3111923828125 0.7801494140625 0.3042578125 0.7706142578125 0.299056640625 0.7654130859375 0.279986328125 0.7628125 0.2782529296875 0.7515439453125 0.260916015625 0.7610791015625 0.23751171875 0.766279296875 0.2219091796875 0.766279296875 0.2253759765625 0.7558779296875 0.2297109375 0.739408203125 0.234044921875 0.7272724609375 0.222775390625 0.7255380859375 0.190703125 0.742875 0.1889697265625 0.7324736328125 0.186369140625 0.71426953125 0.20110546875 0.6787294921875 0.18203515625 0.6787294921875 0.148228515625 0.6735283203125 0.1265576171875 0.6683271484375 0.1109541015625 0.651857421875 0.1022861328125 0.6492568359375 0.099685546875 0.6700615234375 0.091017578125 0.682197265625 0.0892841796875 0.7038681640625 0.081482421875 0.6977998046875 0.0693466796875 0.6795966796875 0.0693466796875 0.7021337890625 0.061544921875 0.7238046875 0.0416083984375 0.7272724609375 0.052876953125 0.7064677734375 0.0537431640625 0.6553251953125 0.0312060546875 0.6787294921875 0.0251376953125 0.6882646484375 0.0190703125 0.6882646484375 0.01040234375 0.6839306640625 0.01040234375 0.6683271484375 0.0069345703125 0.6405888671875 0 0.663126953125 0 1 0.290646484375 0.99991015625 0.3828291015625 1 0.4045185546875 0.9868955078125 0.438138671875 0.9814736328125 0.4446455078125 0.9608681640625 0.4424765625 0.9402626953125 0.4294619140625 0.930501953125 0.4413916015625 0.9131494140625 0.4446455078125 0.8827841796875 0.4739267578125 0.897966796875 0.4945322265625 0.9988251953125 0.6008134765625 1 0.6127431640625 0.959783203125 0.63985546875 0.9413466796875 0.6615458984375 0.9196572265625 0.656123046875 0.9033896484375 0.6951650390625 0.9001357421875 0.717939453125 0.8838681640625 0.68106640625 0.8882060546875 0.701671875 0.877361328125 0.712517578125 0.8676005859375 0.709263671875 0.8459111328125 0.69709765625 0.83294921875 0.6792587890625 0.8521611328125 0.65455859375 0.872744140625 0.6161357421875 0.8823505859375 0.57496875 0.8754892578125 0.5886904296875 0.863138671875 0.60378515625 0.826087890625 0.63671875 0.7986435546875 0.6471337890625 0.752625 0.67816015625 0.745533203125 0.701208984375 0.729576171875 0.7118466796875 0.7198251953125 0.7180517578125 0.7065283203125 0.70830078125 0.702095703125 0.7091875 0.69234375 0.7038681640625 0.687025390625 0.6905712890625 0.685251953125 0.6746142578125 0.6746142578125 0.6301865234375 0.681330078125 0.65705859375 0.663126953125 0.6691943359375 0.648390625 0.670927734375 0.6371220703125 0.6605263671875 0.6215185546875 0.65792578125 0.6163173828125 0.642322265625 0.6085166015625 0.632787109375 0.6128505859375 0.623251953125 0.614583984375 0.61025 0.6067822265625 0.605048828125 0.595513671875 0.624986328125 0.5877119140625 0.634521484375 0.575576171875 0.6319208984375 0.5712421875 0.6163173828125 0.5643076171875 0.614583984375 0.53396875 0.5989814453125 0.5547724609375 0.5903125 0.566908203125 0.5833779296875 0.5686416015625 0.567775390625 0.5695087890625 0.5651748046875 0.5599736328125 0.5634404296875 0.54350390625 0.5556396484375 0.5270341796875 0.539169921875 0.539169921875 0.528767578125 0.5409033203125 0.5331015625 0.4932275390625 0.5252998046875 0.4689560546875 0.5227001953125 0.4464189453125 0.527900390625 0.415212890625 0.52443359375 0.3831396484375 0.5261669921875 0.35280078125 0.527900390625 0.3415322265625 0.5331015625 0.3215947265625 0.5365693359375 0.300791015625 0.5322353515625 0.2834541015625 0.52356640625 0.280853515625 0.5122978515625 0.27565234375 0.5036298828125 0.2652509765625 0.510564453125 0.2461806640625 0.5261669921875 0.222775390625 0.539169921875 0.2071728515625 0.54263671875 0.1872353515625 0.539169921875 0.1785673828125 0.5331015625 0.170765625 0.5313681640625 0.1638310546875 0.53396875 0.1499619140625 0.5305009765625 0.1334921875 0.5218330078125 0.1256904296875 0.520099609375 0.110087890625 0.5122978515625 0.0927509765625 0.5122978515625 0.0780146484375 0.5122978515625 0.0632783203125 0.5131650390625 0.0546103515625 0.50623046875 0.024271484375 0.5079638671875 0.01040234375 0.50536328125 0 0.3987431640625 0
8 0.85409375 0.35821484375 0.854333984375 0.3558125 0.855294921875 0.3514873046875 0.858658203125 0.3469228515625 0.86226171875 0.3430791015625 0.863703125 0.33875390625 0.86178125 0.33202734375 0.858177734375 0.326982421875 0.8533720703125 0.3200146484375 0.8507294921875 0.3132880859375 0.8483271484375 0.30776171875 0.8430419921875 0.30583984375 0.8416005859375 0.3034375 0.83895703125 0.302716796875 0.836314453125 0.304638671875 0.83415234375 0.308482421875 0.8327109375 0.3147294921875 0.830548828125 0.3214560546875 0.82838671875 0.3243388671875 0.8257431640625 0.3243388671875 0.8240615234375 0.326982421875 0.8243017578125 0.330345703125 0.8257431640625 0.335630859375 0.82790625 0.3411572265625 0.831029296875 0.3457216796875 0.835833984375 0.3507666015625 0.8399189453125 0.3548515625 0.8420810546875 0.357494140625 0.85409375 0.35821484375
8 0.7999990234375 0 0.7979404296875 0.0069990234375 0.8008232421875 0.0247041015625 0.8045283203125 0.0378798828125 0.8107041015625 0.0465263671875 0.818115234375 0.05187890625 0.8304677734375 0.0592900390625 0.83787890625 0.06423046875 0.8452900390625 0.0782294921875 0.848583984375 0.093875 0.848171875 0.11116796875 0.8448779296875 0.123931640625 0.84199609375 0.1334013671875 0.84611328125 0.1441064453125 0.8601123046875 0.1597529296875 0.8675234375 0.1638701171875 0.8708173828125 0.1786923828125 0.87658203125 0.18857421875 0.8860517578125 0.199279296875 0.891404296875 0.20380859375 0.8844052734375 0.2128662109375 0.889345703125 0.2281005859375 0.89593359375 0.23551171875 0.90416796875 0.237982421875 0.9177548828125 0.2392177734375 0.9284599609375 0.2486875 0.9350478515625 0.2598046875 0.9408125 0.2663916015625 0.9399892578125 0.273802734375 0.94287109375 0.2857431640625 0.95398828125 0.2972724609375 0.9568701171875 0.3055068359375 0.9568701171875 0.3199169921875 0.97457421875 0.34462109375 0.9799267578125 0.3536796875 0.9844560546875 0.3631494140625 0.9931025390625 0.3804423828125 0.99392578125 0.39444140625 0.992279296875 0.41091015625 0.99392578125 0.4207919921875 1 0.4253212890625 0.9996904296875 0 0.7999990234375 0
8 1 0.6819375 0.9977958984375 0.6726865234375 0.9865625 0.6654169921875 0.9759892578125 0.6634345703125 0.9673994140625 0.672025390625 0.964095703125 0.6713642578125 0.9555048828125 0.66211328125 0.9515400390625 0.651541015625 0.9422890625 0.64559375 0.9290732421875 0.64559375 0.9151962890625 0.6508798828125 0.9059453125 0.6469150390625 0.8900869140625 0.6376640625 0.874888671875 0.635681640625 0.85871875 0.641513671875 0.846474609375 0.651541015625 0.8359013671875 0.6634345703125 0.8418486328125 0.6991181640625 0.97466796875 0.704404296875 0.98722265625 0.705064453125 0.9911875 0.7077080078125 0.9839189453125 0.716298828125 0.9984560546875 0.7790732421875 0.87753125 0.825990234375 0.89735546875 0.89735546875 0.9112314453125 0.898015625 0.9218046875 0.907267578125 0.9185009765625 0.9218046875 0.9085888671875 0.9270908203125 0.9224658203125 1 1 0.9984560546875 1 0.6819375
0 0 0.270880859375 0.00965625 0.270880859375 0.0106728515625 0.26275 0 0.26275 0 0.270880859375
0 0 0.2725986328125 0.0133623046875 0.2688564453125 0.0235185546875 0.2127333984375 0.0165693359375 0.19937109375 0.0117587890625 0.194025390625 0.0069482421875 0.1934912109375 0 0.1961640625 0 0.2725986328125
2 1 1 0.999826171875 0.7774619140625 0.9840576171875 0.7134296875 0.9926591796875 0.71199609375 0.989626953125 0.702439453125 0.8448388671875 0.7005283203125 0.8348037109375 0.6613447265625 0.9413642578125 0.5767646484375 0.927029296875 0.528501953125 0.93371875 0.522767578125 0.932763671875 0.5151220703125 0.803556640625 0.51151953125 0.89001953125 0.4171962890625 0.8954609375 0.4153828125 0.8809501953125 0.37003515625 0.8851826171875 0.3664072265625 0.88397265625 0.3591513671875 0.7932783203125 0.35612890625 0.8017431640625 0.3440361328125 0.8410439453125 0.2847822265625 0.85011328125 0.2745029296875 0.8537412109375 0.272689453125 0.8495087890625 0.269666015625 0.840439453125 0.2364111328125 0.8452763671875 0.2279462890625 0.844208984375 0.2258427734375 0.832470703125 0.2234951171875 0.73880078125 0.223794921875 0.769697265625 0.1614365234375 0.484583984375 0.15705859375 0.4858603515625 0.12960546875 0.4909677734375 0.117474609375 0.2592109375 0.1161982421875 0.2617646484375 0.141736328125 0.2624033203125 0.1602509765625 0.006384765625 0.1602509765625 0 0.1545048828125 0 0.1922685546875 0.010525390625 0.1922685546875 0.02526171875 0.206302734375 0.0161396484375 0.2722626953125 0.0007021484375 0.2736669921875 0 0.9023974609375 0.2647109375 0.9006162109375 0.2673349609375 0.9002412109375 0.277083984375 0.9381103515625 0.2702314453125 1 0.7905283203125 1 1 1