9 0.4383525390625 0.7021884765625 0.44694140625 0.814869140625 0.512556640625 0.8100595703125 0.499845703125 0.7049375 0.4383525390625 0.7021884765625
9 0.42137109375 0.4880615234375 0.4240859375 0.5393759765625 0.484359375 0.5541357421875 0.478658203125 0.5054375 0.42137109375 0.4880615234375
9 0.215130859375 0.1969091796875 0.1322529296875 0.1501806640625 0.1322529296875 0.2456962890625 0.215130859375 0.1969091796875
9 0.2304140625 0.49344921875 0.355970703125 0.52299609375 0.3542314453125 0.4652333984375 0.13028125 0.391056640625 0.1301953125 0.522544921875 0.2304140625 0.49344921875
9 0.127240234375 0.7262939453125 0.3402431640625 0.7279560546875 0.3432900390625 0.8304462890625 0.3671123046875 0.829615234375 0.3770849609375 0.8437421875 0.36960546875 0.697396484375 0.363978515625 0.6966552734375 0.1266865234375 0.6819736328125 0.127240234375 0.7262939453125
9 0.5814072265625 0.71286328125 0.5909169921875 0.803740234375 0.6344541015625 0.799513671875 0.6240986328125 0.7147646484375 0.5814072265625 0.71286328125
9 0.5623837890625 0.5332431640625 0.570466796875 0.6089658203125 0.6104541015625 0.616623046875 0.6000322265625 0.544091796875 0.5623837890625 0.5332431640625
9 0.5400498046875 0.3622314453125 0.547919921875 0.436251953125 0.5942890625 0.455607421875 0.58535546875 0.387330078125 0.5400498046875 0.3622314453125
9 0.6238232421875 0.413482421875 0.630033203125 0.4770810546875 0.6936171875 0.459666015625 0.6919970703125 0.44790625 0.6238232421875 0.413482421875
9 0.674177734375 0.632462890625 0.672421875 0.622203125 0.7067119140625 0.617748046875 0.7104912109375 0.608703125 0.7168369140625 0.608568359375 0.7214267578125 0.6146435546875 0.7149462890625 0.58021875 0.642857421875 0.5557841796875 0.6533876953125 0.634892578125 0.674177734375 0.632462890625
9 0.6870546875 0.7172724609375 0.6689306640625 0.718765625 0.6866279296875 0.818552734375 0.6907353515625 0.8205224609375 0.69323828125 0.8417939453125 0.70240625 0.8398740234375 0.6989951171875 0.794884765625 0.7294853515625 0.7895546875 0.737587890625 0.7793203125 0.7388671875 0.7701513671875 0.74179296875 0.7688720703125 0.7345439453125 0.72132421875 0.6870546875 0.7172724609375
9 0.46664453125 0.3245390625 0.4685654296875 0.4011123046875 0.47888671875 0.404953125 0.4702451171875 0.32621875 0.46664453125 0.3245390625
9 0.75278125 0.737216796875 0.75893359375 0.7730537109375 0.775259765625 0.77290625 0.7762890625 0.780701171875 0.7957041015625 0.7798193359375 0.7876220703125 0.7347900390625 0.75278125 0.737216796875
9 0.7252744140625 0.572173828125 0.7293720703125 0.6055126953125 0.7639189453125 0.6011396484375 0.7594921875 0.5662998046875 0.7252744140625 0.572173828125
9 0.7967666015625 0.5623095703125 0.803234375 0.600099609375 0.8595224609375 0.5919287109375 0.8541884765625 0.554025390625 0.7967666015625 0.5623095703125
9 0.82196484375 0.645099609375 0.825884765625 0.685841796875 0.8801669921875 0.6822783203125 0.8730400390625 0.6408232421875 0.82196484375 0.645099609375
9 0.8321796875 0.7335966796875 0.8368125 0.7751650390625 0.876841796875 0.776234375 0.878623046875 0.7705322265625 0.896203125 0.76898828125 0.8903828125 0.7309833984375 0.8321796875 0.7335966796875
9 0.9381162109375 0.7708720703125 0.9390263671875 0.7673837890625 0.9993740234375 0.761470703125 0.991640625 0.72235546875 0.9235595703125 0.7268994140625 0.932203125 0.7710234375 0.9381162109375 0.7708720703125
9 0.980419921875 0.6686748046875 0.9728388671875 0.6295556640625 0.90642578125 0.63637890625 0.91309765625 0.67428515625 0.980419921875 0.6686748046875
9 0.9585859375 0.576333984375 0.9520654296875 0.539185546875 0.886259765625 0.5463125 0.8938408203125 0.587099609375 0.9585859375 0.576333984375
0 0.1214365234375 0.35121484375 0.229986328125 0.2976337890625 0.4648916015625 0.400875 0.4710986328125 0.3976083984375 0.468158203125 0.312009765625 0.2264111328125 0.1757705078125 0.11925 0.242419921875 0.1214365234375 0.35121484375
0 0.1204560546875 0.6364345703125 0.235458984375 0.6096435546875 0.494107421875 0.647869140625 0.49835546875 0.63094921875 0.4901875 0.5440439453125 0.23633203125 0.47478125 0.1181689453125 0.513263671875 0.1158828125 0.63480078125 0.1204560546875 0.6364345703125
0 0.7518515625 0.685689453125 0.82619921875 0.6926279296875 0.817052734375 0.62909375 0.7404091796875 0.6126923828125 0.649890625 0.625447265625 0.6588798828125 0.6919970703125 0.7518515625 0.685689453125
0 0.721412109375 0.5127724609375 0.7942744140625 0.5460947265625 0.797755859375 0.5331640625 0.7910419921875 0.4913857421875 0.713703125 0.448263671875 0.62641796875 0.46925390625 0.634873046875 0.53092578125 0.721412109375 0.5127724609375
8 0.32265234375 1 0.3485302734375 0.994384765625 0.3655986328125 0.9740126953125 0.3556884765625 0.9574951171875 0.35623828125 0.9437294921875 0.362294921875 0.9283125 0.3678017578125 0.9150986328125 0.3496318359375 0.90463671875 0.3479794921875 0.8809609375 0.3489072265625 0.8395732421875 0.347078125 0.8226533203125 0.3458671875 0.774736328125 0.344462890625 0.7401025390625 0.3486748046875 0.721849609375 0.34305859375 0.7101494140625 0.33323046875 0.707341796875 0.319658203125 0.7106171875 0.3074892578125 0.71342578125 0.3014052734375 0.7059375 0.3037451171875 0.6909609375 0.2911083984375 0.6862802734375 0.2789404296875 0.6904931640625 0.2812802734375 0.699853515625 0.2761318359375 0.7017255859375 0.25834765625 0.71342578125 0.254134765625 0.696109375 0.24337109375 0.6928330078125 0.2312021484375 0.694705078125 0.230265625 0.7054697265625 0.2171611328125 0.6989169921875 0.2054609375 0.7050009765625 0.191419921875 0.7078095703125 0.18065625 0.707341796875 0.16801953125 0.707341796875 0.1581904296875 0.707341796875 0.15304296875 0.7162333984375 0.13806640625 0.7212197265625 0.1184091796875 0.72402734375 0.0758193359375 0.73432421875 0.0510146484375 0.72917578125 0.041185546875 0.735728515625 0.023869140625 0.7399404296875 0.0084248046875 0.7418125 0.0018720703125 0.7450888671875 0.0032763671875 0.755384765625 0.010296875 0.7586611328125 0.01263671875 0.7652138671875 0.006083984375 0.7727021484375 0.011232421875 0.7867421875 0.0121689453125 0.8073349609375 0.0079560546875 0.8438408203125 0.0121689453125 0.870986328125 0.007658203125 0.88261328125 0 0.8842646484375 0 0.8974794921875 0.0060068359375 0.901333984375 0 0.9101435546875 0 0.91840234375 0.0049052734375 0.923908203125 0.00215234375 0.9294140625 0.0016015625 0.9398759765625 0.009310546875 0.9514384765625 0.0065576171875 0.9806201171875 0.0049052734375 1 0.32265234375 1
8 1 0.89552734375 0.7781943359375 0.88955859375 0.6886416015625 0.89552734375 0.63448828125 0.896970703125 0.61787109375 0.901125 0.6106953125 0.904146484375 0.61166796875 0.907787109375 0.616189453125 0.9088505859375 0.6183173828125 0.9144365234375 0.612998046875 0.922681640625 0.6136220703125 0.94450390625 0.60750390625 0.9479619140625 0.5920771484375 0.95008984375 0.580107421875 0.9453017578125 0.57798046875 0.951685546875 0.56946875 0.95594140625 0.5527119140625 0.9567392578125 0.5513818359375 0.960728515625 0.53781640625 0.9652509765625 0.52584765625 0.9623251953125 0.5178681640625 0.963654296875 0.51441015625 0.9697724609375 0.406953125 0.9987646484375 1 1 1 0.90331640625 1 0.89552734375
8 0.372220703125 0.9847080078125 0.37445703125 0.9847080078125 0.3824453125 0.9831103515625 0.3949052734375 0.9786376953125 0.4089638671875 0.9792763671875 0.4131171875 0.987583984375 0.4220634765625 0.99141796875 0.4287734375 0.98502734375 0.432607421875 0.9834306640625 0.43931640625 0.986625 0.492673828125 0.9748037109375 0.4952294921875 0.96521875 0.5012998046875 0.958828125 0.5143994140625 0.9578701171875 0.51951171875 0.9540361328125 0.523345703125 0.941255859375 0.520470703125 0.9329482421875 0.542515625 0.9342265625 0.5524208984375 0.93262890625 0.5530595703125 0.9252802734375 0.5613671875 0.918890625 0.571271484375 0.9185712890625 0.5802177734375 0.9224052734375 0.5862880859375 0.9156953125 0.6013046875 0.9128203125 0.6086533203125 0.9160146484375 0.616001953125 0.916654296875 0.616640625 0.910263671875 0.6108896484375 0.9070693359375 0.6080146484375 0.8974833984375 0.599068359375 0.8942890625 0.594275390625 0.89269140625 0.586607421875 0.893330078125 0.585009765625 0.899720703125 0.5763837890625 0.90483203125 0.5715908203125 0.9006787109375 0.5709521484375 0.885662109375 0.56871484375 0.870326171875 0.562005859375 0.86169921875 0.5530595703125 0.8601015625 0.5476279296875 0.8636162109375 0.543474609375 0.871923828125 0.5415576171875 0.8776748046875 0.5444326171875 0.885662109375 0.5463505859375 0.8971640625 0.5444326171875 0.90802734375 0.53804296875 0.915056640625 0.5316533203125 0.915056640625 0.520470703125 0.9192099609375 0.5179140625 0.908986328125 0.5198310546875 0.9000400390625 0.5236650390625 0.8834931640625 0.5175947265625 0.881576171875 0.5086484375 0.8841318359375 0.5012998046875 0.883173828125 0.503537109375 0.872310546875 0.501939453125 0.86368359375 0.4984248046875 0.858251953125 0.4933125 0.8592109375 0.48883984375 0.8643232421875 0.489478515625 0.8735888671875 0.4977861328125 0.9067490234375 0.495548828125 0.909625 0.4901171875 0.91729296875 0.474966796875 0.9085146484375 0.4668037109375 0.9079091796875 0.458943359375 0.9100263671875 0.4556171875 0.9127470703125 0.4553154296875 0.918189453125 0.4616640625 0.92091015625 0.4616640625 0.9287705078125 0.4550126953125 0.93391015625 0.4637802734375 0.9366318359375 0.46317578125 0.943283203125 0.4565244140625 0.9478173828125 0.4480595703125 0.9553759765625 0.432640625 0.9599111328125 0.4196396484375 0.9574921875 0.4135927734375 0.9496318359375 0.407244140625 0.9447939453125 0.4021044921875 0.944189453125 0.393638671875 0.94600390625 0.385173828125 0.9496318359375 0.3724755859375 0.95446875 0.3685458984375 0.9617255859375 0.3685458984375 0.972306640625 0.370056640625 0.98107421875 0.372220703125 0.9847080078125
8 0.6572373046875 0.805814453125 0.661822265625 0.8045634765625 0.6749501953125 0.805814453125 0.6830771484375 0.80623046875 0.6870361328125 0.808314453125 0.6903701171875 0.8066474609375 0.696205078125 0.80373046875 0.6984970703125 0.7991455078125 0.6976640625 0.7924775390625 0.695580078125 0.788935546875 0.6932880859375 0.7837255859375 0.6905791015625 0.7770576171875 0.686203125 0.774556640625 0.6784921875 0.773931640625 0.6693232421875 0.778515625 0.6620302734375 0.7831005859375 0.6555703125 0.7837255859375 0.650986328125 0.7828916015625 0.6457763671875 0.7887265625 0.6451513671875 0.7958115234375 0.6484853515625 0.7985205078125 0.6545283203125 0.79351953125 0.6526533203125 0.7993544921875 0.6532783203125 0.8047724609375 0.6572373046875 0.805814453125
8 0.6764248046875 0.6197685546875 0.68529296875 0.618537109375 0.687755859375 0.614349609375 0.6855390625 0.60400390625 0.68159765625 0.595875 0.675193359375 0.5847900390625 0.6707587890625 0.5788779296875 0.66533984375 0.58035546875 0.6606591796875 0.584296875 0.658935546875 0.590701171875 0.6641083984375 0.5934111328125 0.667556640625 0.6012939453125 0.6687880859375 0.6054814453125 0.667310546875 0.6121328125 0.6655859375 0.61705859375 0.6700205078125 0.6192763671875 0.6764248046875 0.6197685546875
8 0.13243359375 0.49101171875 0.1301103515625 0.4840419921875 0.11733203125 0.4770712890625 0.125076171875 0.4724248046875 0.139404296875 0.4755224609375 0.1494716796875 0.4801689453125 0.1471484375 0.503015625 0.15295703125 0.501466796875 0.1568291015625 0.476296875 0.16457421875 0.4666162109375 0.1742548828125 0.4639052734375 0.176578125 0.4832666015625 0.17619140625 0.4933349609375 0.22343359375 0.4782333984375 0.2400849609375 0.4735859375 0.2470546875 0.457322265625 0.2377607421875 0.4460927734375 0.2331142578125 0.436798828125 0.2180126953125 0.427505859375 0.2195615234375 0.4491904296875 0.2110419921875 0.4596455078125 0.2094931640625 0.44105859375 0.20019921875 0.43215234375 0.192841796875 0.439509765625 0.180451171875 0.43215234375 0.1727060546875 0.4271181640625 0.1614765625 0.424794921875 0.1521826171875 0.4325390625 0.139791015625 0.436798828125 0.124689453125 0.42595703125 0.1064892578125 0.40853125 0.0995185546875 0.398076171875 0.0906123046875 0.398462890625 0.0793828125 0.399625 0.0592470703125 0.40001171875 0.063119140625 0.4096923828125 0.0731875 0.41162890625 0.080931640625 0.418986328125 0.0917744140625 0.4182119140625 0.1037783203125 0.4255693359375 0.095646484375 0.4267314453125 0.0882890625 0.427892578125 0.0848037109375 0.43486328125 0.098744140625 0.44105859375 0.1115234375 0.4449306640625 0.098357421875 0.45267578125 0.09680859375 0.4654541015625 0.0921611328125 0.4735859375 0.092935546875 0.4824921875 0.0995185546875 0.4917861328125 0.107650390625 0.501080078125 0.113458984375 0.5049521484375 0.1258505859375 0.5003056640625 0.13243359375 0.49101171875
3 0.6263056640625 0.8684326171875 0.5708955078125 0.880521484375 0.5417705078125 0.8881484375 0.52300390625 0.891732421875 0.5188740234375 0.9082509765625 0.52064453125 0.9159208984375 0.5365732421875 0.914150390625 0.543357421875 0.9076611328125 0.577576171875 0.90353125 0.5837705078125 0.8996962890625 0.5858349609375 0.8926171875 0.5940947265625 0.891732421875 0.60884375 0.8961572265625 0.609728515625 0.903236328125 0.6336220703125 0.8961572265625 0.7789404296875 0.8865732421875 1 0.891796875 0.99966015625 0.850796875 0.72704296875 0.8471767578125 0.6263056640625 0.8684326171875