2 0.0753056640625 0.91208203125 0.0853427734375 0.9056630859375 0.124197265625 0.88183984375 0.168712890625 0.8512734375 0.2050986328125 0.8351416015625 0.222162109375 0.8330244140625 0.296517578125 0.8313984375 0.36587109375 0.8360146484375 0.3826591796875 0.8408017578125 0.4958642578125 0.90841015625 0.8189560546875 0.899478515625 0.8192626953125 0.8838935546875 0.8167431640625 0.8604306640625 0.8044248046875 0.8503134765625 0.8077626953125 0.8426328125 0.8343935546875 0.83307421875 0.87977734375 0.8373056640625 0.90265234375 0.8427578125 0.907484375 0.8538837890625 0.891458984375 0.87109375 0.892509765625 0.8957001953125 1 0.8954658203125 0.9949462890625 0.0785380859375 0.9551650390625 0.0376884765625 0.93604296875 0.0356513671875 0.913935546875 0.0535927734375 0.8976376953125 0.0827041015625 0.858509765625 0.083560546875 0.843125 0 0.787171875 0.0050791015625 0.7797958984375 0.0518017578125 0.704025390625 0.0385244140625 0.4438623046875 0.0040693359375 0.0036220703125 0 0.004875 0.1044326171875 0 0.921140625 0.0753056640625 0.91208203125
9 0.2689365234375 0.2128447265625 0.2775654296875 0.1084443359375 0.1852490234375 0.0989306640625 0.1744072265625 0.1998994140625 0.2689365234375 0.2128447265625
9 0.5059404296875 0.244734375 0.506453125 0.1422119140625 0.4254169921875 0.13256640625 0.424220703125 0.2372724609375 0.5059404296875 0.244734375
9 0.26099609375 0.4616259765625 0.2689638671875 0.313896484375 0.162107421875 0.3055546875 0.15039453125 0.455958984375 0.26099609375 0.4616259765625
9 0.514576171875 0.4722412109375 0.5086357421875 0.3415947265625 0.4198466796875 0.33237890625 0.420087890625 0.4704736328125 0.514576171875 0.4722412109375
9 0.246509765625 0.747537109375 0.254298828125 0.57085546875 0.138349609375 0.564134765625 0.1226201171875 0.7518701171875 0.246509765625 0.747537109375
9 0.5199658203125 0.73891796875 0.5190751953125 0.57248046875 0.4178720703125 0.571181640625 0.412810546875 0.7380859375 0.5199658203125 0.73891796875
9 0.43387890625 0.87506640625 0.48843359375 0.869626953125 0.4862373046875 0.8386357421875 0.431533203125 0.8439853515625 0.43387890625 0.87506640625
9 0.6643017578125 0.77572265625 0.7331630859375 0.77249609375 0.7270830078125 0.67484765625 0.6580087890625 0.67846875 0.6643017578125 0.77572265625
9 0.734083984375 0.5691015625 0.7268642578125 0.448119140625 0.647322265625 0.4452724609375 0.6533623046875 0.566552734375 0.734083984375 0.5691015625
9 0.750689453125 0.3396240234375 0.7473154296875 0.2581279296875 0.678560546875 0.253255859375 0.680197265625 0.33473046875 0.750689453125 0.3396240234375
9 0.8851396484375 0.350181640625 0.8770595703125 0.275447265625 0.81462109375 0.2678056640625 0.8207265625 0.344880859375 0.8851396484375 0.350181640625
9 0.945017578125 0.5702197265625 0.93134375 0.4580009765625 0.8640908203125 0.45476171875 0.876158203125 0.5703427734375 0.945017578125 0.5702197265625
9 0.952783203125 0.7643720703125 0.943646484375 0.6836923828125 0.8885126953125 0.6840224609375 0.8972900390625 0.7671875 0.952783203125 0.7643720703125
1 0.76544921875 1 0.7606220703125 0.9816259765625 0.7398828125 0.9575263671875 0.6834560546875 0.9322529296875 0.610474609375 0.9149326171875 0.55097265625 0.91192578125 0.498234375 0.90980078125 0.4808740234375 0.9017060546875 0.3771416015625 0.840447265625 0.35551953125 0.836580078125 0.294345703125 0.8330400390625 0.2098876953125 0.8365576171875 0.17041796875 0.8529345703125 0.1401064453125 0.8741748046875 0.0769423828125 0.9137041015625 0.036900390625 0.9173388671875 0 0.9230849609375 0 1 0.76544921875 1
8 0.5624833984375 0.896591796875 0.5892060546875 0.894923828125 0.6052109375 0.88136328125 0.6398486328125 0.877521484375 0.6510771484375 0.873677734375 0.6507138671875 0.8653857421875 0.644453125 0.854615234375 0.6300927734375 0.855109375 0.6082958984375 0.8569677734375 0.5990625 0.8640107421875 0.5989228515625 0.87358203125 0.573431640625 0.8834970703125 0.556833984375 0.8801220703125 0.54125 0.8810888671875 0.5309248046875 0.86068359375 0.5195625 0.8410986328125 0.52411328125 0.8270439453125 0.5328857421875 0.820765625 0.5497431640625 0.8406044921875 0.5595888671875 0.843990234375 0.56156640625 0.8393359375 0.55665234375 0.825705078125 0.5511845703125 0.8102392578125 0.5321455078125 0.7920654296875 0.5347685546875 0.7607919921875 0.5493662109375 0.755193359375 0.582939453125 0.743056640625 0.6064580078125 0.7305068359375 0.61174609375 0.7221005859375 0.62367578125 0.709744140625 0.6294443359375 0.706013671875 0.6301044921875 0.6991025390625 0.6273271484375 0.6883017578125 0.6261923828125 0.6700966796875 0.6303251953125 0.6542451171875 0.6344208984375 0.6477353515625 0.6313896484375 0.6372734375 0.6219521484375 0.6195634765625 0.6326357421875 0.5952548828125 0.63653515625 0.5787822265625 0.6316689453125 0.5730966796875 0.61996875 0.5738173828125 0.6222451171875 0.5558447265625 0.6266591796875 0.5462646484375 0.6500458984375 0.5424462890625 0.6563740234375 0.537931640625 0.64830859375 0.5315224609375 0.6287099609375 0.5223779296875 0.6327724609375 0.5109990234375 0.628841796875 0.499466796875 0.6394267578125 0.4961474609375 0.6403046875 0.488744140625 0.61642578125 0.488310546875 0.615498046875 0.480552734375 0.629388671875 0.460119140625 0.6233740234375 0.457685546875 0.6121455078125 0.471875 0.60099609375 0.4617724609375 0.5941171875 0.4433505859375 0.6019375 0.427333984375 0.59555078125 0.421517578125 0.582828125 0.4317705078125 0.5780478515625 0.42715234375 0.564849609375 0.4100205078125 0.540171875 0.413392578125 0.5330234375 0.4052236328125 0.524708984375 0.399865234375 0.5164140625 0.405279296875 0.4953828125 0.412697265625 0.4590244140625 0.420052734375 0.4274794921875 0.4246513671875 0.4020283203125 0.4308681640625 0.37978125 0.4325751953125 0.372296875 0.4452001953125 0.3791884765625 0.45385546875 0.3720927734375 0.4702939453125 0.34987109375 0.476462890625 0.334884765625 0.4877578125 0.3244248046875 0.495228515625 0.3263359375 0.5065576171875 0.3251318359375 0.5262705078125 0.3156748046875 0.542650390625 0.28912890625 0.561818359375 0.265931640625 0.59236328125 0.2577373046875 0.61884765625 0.262087890625 0.6417265625 0.2745029296875 0.6635654296875 0.27521875 0.6926708984375 0.29676953125 0.7143671875 0.311615234375 0.729177734375 0.3289423828125 0.7174404296875 0.3598896484375 0.6967216796875 0.3739658203125 0.697201171875 0.396130859375 0.716314453125 0.4077724609375 0.7338359375 0.420666015625 0.747125 0.430921875 0.7534765625 0.428453125 0.75802734375 0.4237958984375 0.7647412109375 0.427654296875 0.767138671875 0.4360244140625 0.7675947265625 0.449259765625 0.76275 0.453837890625 0.7762294921875 0.457486328125 0.7937548828125 0.453828125 0.8109228515625 0.455091796875 0.821904296875 0.465330078125 0.8362490234375 0.476130859375 0.85856640625 0.48060546875 0.8768740234375 0.4893623046875 0.899970703125 0.5624833984375 0.896591796875
3 0.0750341796875 0.9075771484375 0.1716064453125 0.845611328125 0.2036240234375 0.8303896484375 0.291146484375 0.8272275390625 0.36604296875 0.831634765625 0.383908203125 0.83840234375 0.4952099609375 0.904955078125 0.5339794921875 0.9092568359375 0.6005068359375 0.91164453125 0.618349609375 0.915078125 0.6481923828125 0.922146484375 0.6833857421875 0.9310361328125 0.70683984375 0.94162890625 0.74082421875 0.9561142578125 0.7453173828125 0.9610302734375 0.9058583984375 0.9521220703125 0.999966796875 0.951029296875 0.999966796875 0.9085166015625 0.999966796875 0.77978515625 0.94074609375 0.78331640625 0.9383115234375 0.7426826171875 0.88583984375 0.7451962890625 0.7159248046875 0.7537392578125 0.00296484375 0.776298828125 0.0020029296875 0.7883447265625 0.0020888671875 0.9182138671875 0.0750341796875 0.9075771484375
6 1 0.9515654296875 0.9140126953125 0.952931640625 0.7477255859375 0.961986328125 0.7620458984375 0.98134375 0.76643359375 1 1 1 1 0.9515654296875
4 0.9066767578125 0.9999345703125 0.910783203125 0.99747265625 0.90801171875 0.9882431640625 0.9067177734375 0.98247265625 0.9023427734375 0.97634375 0.89155859375 0.9730419921875 0.8883642578125 0.87433203125 0.903064453125 0.853423828125 0.90221875 0.845775390625 0.8862119140625 0.8401416015625 0.8357666015625 0.83423046875 0.8091455078125 0.84499609375 0.808158203125 0.851869140625 0.819029296875 0.8640078125 0.82066796875 0.9024833984375 0.8257265625 0.9982294921875 0.9066767578125 0.9999345703125